2017-03-19 20:44:17.766019 +0000 > starting log
2017-03-19 20:44:17.768507 +0000 build-fedora3: > starting build with log
2017-03-19 20:44:17.768547 +0000 build-fedora3: >> make args: update-repo-current
2017-03-19 20:44:17.768571 +0000 build-fedora3: >> MAKEFLAGS=
2017-03-19 20:44:17.768594 +0000 build-fedora3: >> COMPONENTS=core-admin-linux
2017-03-19 20:44:17.768613 +0000 build-fedora3: >> DISTS_VM=
2017-03-19 20:44:17.768631 +0000 build-fedora3: >> DIST_DOM0=
2017-03-19 20:44:17.768668 +0000 build-fedora3: >> qubes-builder 40cc697c8e7a4acd45400b621b9374a51b2f13d2
2017-03-19 20:44:17.768687 +0000 build-fedora3:  M Makefile
2017-03-19 20:44:17.768707 +0000 build-fedora3: ?? .Makefile.generic.swp
2017-03-19 20:44:17.768726 +0000 build-fedora3: ?? .Makefile.swp
2017-03-19 20:44:17.768759 +0000 build-fedora3: 11a4e7bf3b010d9c7a98c98fdb306cda56a3749d6c53fff06e18439d77c7545ede3566435b447fb85163d58dfe6b78b4aa9d6cf99b06550bc46e07709620f711  Makefile
2017-03-19 20:44:17.768795 +0000 build-fedora3: a22542cee3a330c51c6c42e2ee352f86a24ebef3adfc69f6f225dd4ca9566b9a2b6e97001c24f55c86fce67d72c4f42ab1f61e7bb7c503df7d07b053ea8d2b33  .Makefile.generic.swp
2017-03-19 20:44:17.768819 +0000 build-fedora3: f66776b080371f6166812faea9c4d1ac343484d9027555266da18e312e355c5a629cdffeba8165cdc2bab97d57a058164a42073ddcd01d95d19ccc3b30f3d531  .Makefile.swp
2017-03-19 20:44:17.768835 +0000 build-fedora3: >> qubes-builder/qubes-src/core-admin-linux eb12a8cfc62e5ea2d4be523eee28cb63fdcf59d3
2017-03-19 20:44:17.768848 +0000 build-fedora3: !! pkgs/fc23/core-dom0-linux.spec.list
2017-03-19 20:44:17.768860 +0000 build-fedora3: !! pkgs/fc23/core-dom0-vaio-fixes.spec.list
2017-03-19 20:44:17.768873 +0000 build-fedora3: !! pkgs/fc23/x86_64/qubes-core-dom0-linux-3.2.11-1.fc23.x86_64.rpm
2017-03-19 20:44:17.768895 +0000 build-fedora3: !! pkgs/fc23/x86_64/qubes-core-dom0-linux-3.2.12-1.fc23.x86_64.rpm
2017-03-19 20:44:17.768931 +0000 build-fedora3: !! pkgs/fc23/x86_64/qubes-core-dom0-linux-debuginfo-3.2.11-1.fc23.x86_64.rpm
2017-03-19 20:44:17.768958 +0000 build-fedora3: !! pkgs/fc23/x86_64/qubes-core-dom0-linux-debuginfo-3.2.12-1.fc23.x86_64.rpm
2017-03-19 20:44:17.768977 +0000 build-fedora3: !! pkgs/fc23/x86_64/qubes-core-dom0-linux-kernel-install-3.2.11-1.fc23.x86_64.rpm
2017-03-19 20:44:17.768992 +0000 build-fedora3: !! pkgs/fc23/x86_64/qubes-core-dom0-linux-kernel-install-3.2.12-1.fc23.x86_64.rpm
2017-03-19 20:44:17.769006 +0000 build-fedora3: !! pkgs/fc23/x86_64/qubes-core-dom0-vaio-fixes-1.6.1-1.fc23.x86_64.rpm
2017-03-19 20:44:17.769026 +0000 build-fedora3: 88f4daff3cd909e2a604dc2d47725e717077e365cfb642b0d2d965d8d0aaa64f72c6a46c5c3213722d26f23801f8d27cf5bcac5d44d79f00231572ef78f5081e  pkgs/fc23/core-dom0-linux.spec.list
2017-03-19 20:44:17.769046 +0000 build-fedora3: 066e87f4e2cbd4ad7e7eae416de1b52a43ea1c4a009aebfb9f9af5a8d45831375be51c9b7017d48d15efa17bfcd85914807406a9df6a1ab536fe9c16d7118e49  pkgs/fc23/core-dom0-vaio-fixes.spec.list
2017-03-19 20:44:17.769073 +0000 build-fedora3: 065e034697aa308a252acc5a67cdec86ef16cb2d4c349ae5af3a7718be07a889be128c5250c50c343d4aba3556ce0b6281f9d171a4e37088d700a994e85dcbb1  pkgs/fc23/x86_64/qubes-core-dom0-linux-3.2.11-1.fc23.x86_64.rpm
2017-03-19 20:44:17.769114 +0000 build-fedora3: 15f781f6f93e64a8b8d3732771e67a2891cfe65d1da1c467f8ce31328714a1a32bb53092123b70991de62e8c792d7f99b33ac5f1b72de3424504fb9097f39f52  pkgs/fc23/x86_64/qubes-core-dom0-linux-3.2.12-1.fc23.x86_64.rpm
2017-03-19 20:44:17.769154 +0000 build-fedora3: 5522296e1cbfb8961c02f47c1eaf24d1b3cb2f2c76581be6d292ac5f658dd1a4bb3a8dc7d7db605b41a79fe92b45e4a5f035b66c18d89f0e820bd0aacb560f3b  pkgs/fc23/x86_64/qubes-core-dom0-linux-debuginfo-3.2.11-1.fc23.x86_64.rpm
2017-03-19 20:44:17.769194 +0000 build-fedora3: 40dbf988fca31e1ac681c2c459ceb8d0e5e298c144d9f22f2ed58efa4e07b71df929fd5d3995039a91f1e4f404829566b91e4755c0ae950741657d22038040b9  pkgs/fc23/x86_64/qubes-core-dom0-linux-debuginfo-3.2.12-1.fc23.x86_64.rpm
2017-03-19 20:44:17.769233 +0000 build-fedora3: 904c30f8a5bf40936df9f610b2eefbcdac7da22cb67ef7ed1e78ceccb59fdf0ebd9f98c35e3ba89c52047f93f8b6fee80cf9dfa3d2b35e96157c30d6b7590095  pkgs/fc23/x86_64/qubes-core-dom0-linux-kernel-install-3.2.11-1.fc23.x86_64.rpm
2017-03-19 20:44:17.769284 +0000 build-fedora3: efcc3deac10097cbbc26bd39bae87eee759730be34495d1e813b7f33c3282292a99eb1729ffb86fa9e13102eb44642eeeaef9257b82d6ac86b63bbeef9808335  pkgs/fc23/x86_64/qubes-core-dom0-linux-kernel-install-3.2.12-1.fc23.x86_64.rpm
2017-03-19 20:44:17.769323 +0000 build-fedora3: 19411540a488f4c21dc77ce40606179f0c34fef65654a2e1366ed64e64f82c5f920309d81875deaff638191e3c3cbcfb04c0b97000c8f1e4fa3f92ea2835ebee  pkgs/fc23/x86_64/qubes-core-dom0-vaio-fixes-1.6.1-1.fc23.x86_64.rpm
2017-03-19 20:44:17.769352 +0000 build-fedora3: ================================================================================
2017-03-19 20:44:17.769379 +0000 build-fedora3:                            B U I L D   I N F O                                  
2017-03-19 20:44:17.769407 +0000 build-fedora3: Items in red indicate it was automatically generated by configuration file(s)
2017-03-19 20:44:17.769433 +0000 build-fedora3: Items in white indicate it was automatically removed by configuration file(s)
2017-03-19 20:44:17.769459 +0000 build-fedora3: ================================================================================
2017-03-19 20:44:17.769478 +0000 build-fedora3: DISTS_VM:
2017-03-19 20:44:17.769509 +0000 build-fedora3:      fc23, fc24, fc25,
2017-03-19 20:44:17.769529 +0000 build-fedora3: DISTS_ALL:
2017-03-19 20:44:17.771576 +0000 build-fedora3:      fc23, fc24, fc25,
2017-03-19 20:44:17.771842 +0000 build-fedora3: DIST_DOM0:
2017-03-19 20:44:17.774000 +0000 build-fedora3:      fc23,
2017-03-19 20:44:17.774260 +0000 build-fedora3: BUILDER_PLUGINS:
2017-03-19 20:44:17.776519 +0000 build-fedora3:      builder-fedora, mgmt-salt, builder-github,
2017-03-19 20:44:17.776740 +0000 build-fedora3: COMPONENTS:
2017-03-19 20:44:17.779941 +0000 build-fedora3:      core-admin-linux,
2017-03-19 20:44:17.779991 +0000 build-fedora3: GIT_REPOS:
2017-03-19 20:44:17.782766 +0000 build-fedora3:      qubes-src/core-admin-linux,
2017-03-19 20:44:17.783086 +0000 build-fedora3: TEMPLATE:
2017-03-19 20:44:17.785174 +0000 build-fedora3:     
2017-03-19 20:44:17.785433 +0000 build-fedora3: TEMPLATE_FLAVOR_DIR:
2017-03-19 20:44:17.787729 +0000 build-fedora3:     
2017-03-19 20:44:17.787999 +0000 build-fedora3: TEMPLATE_ALIAS:
2017-03-19 20:44:17.790372 +0000 build-fedora3:      jessie:jessie+standard, jessie+gnome:jessie+gnome+standard, jessie+minimal:jessie+minimal+no-recommends,
2017-03-19 20:44:17.790606 +0000 build-fedora3: TEMPLATE_LABEL:
2017-03-19 20:44:17.792781 +0000 build-fedora3:      fc23:fedora-23, fc24:fedora-24, fc25:fedora-25, fc20:fedora-20 fc21:fedora-21 fc22:fedora-22
2017-03-19 20:44:17.792843 +0000 build-fedora3:      fc20+minimal:fedora-20-minimal fc21+minimal:fedora-21-minimal fc23+minimal:fedora-23-minimal wheezy:debian-7
2017-03-19 20:44:17.792876 +0000 build-fedora3:      wheezy+standard:debian-7 jessie:debian-8 jessie+standard:debian-8
2017-03-19 20:44:17.793741 +0000 build-fedora3: > running make
2017-03-19 20:44:17.811018 +0000 build-fedora3: Makefile:699: target 'internal-update-repo-current.vm.fc23.core-admin-linux' does not exist
2017-03-19 20:44:17.811073 +0000 build-fedora3: repo_base_var="LINUX_REPO_fc23_BASEDIR"; \
2017-03-19 20:44:17.811097 +0000 build-fedora3: if [ -n "${!repo_base_var}" ]; then \
2017-03-19 20:44:17.811120 +0000 build-fedora3: .repo_basedir="${!repo_base_var}"; \
2017-03-19 20:44:17.811139 +0000 build-fedora3: else \
2017-03-19 20:44:17.811163 +0000 build-fedora3: .repo_basedir="qubes-src/linux-yum/r3.2"; \
2017-03-19 20:44:17.811182 +0000 build-fedora3: fi; \
2017-03-19 20:44:17.811207 +0000 build-fedora3: if [ -r qubes-src/core-admin-linux/Makefile.builder ]; then \
2017-03-19 20:44:17.811231 +0000 build-fedora3: .echo -n "Updating qubes-src/core-admin-linux... "; \
2017-03-19 20:44:17.811251 +0000 build-fedora3: .if [ "0" -eq 1 ]; then \
2017-03-19 20:44:17.811279 +0000 build-fedora3: ..vtag=`git -C qubes-src/core-admin-linux tag --points-at HEAD --list v*`; \
2017-03-19 20:44:17.811294 +0000 build-fedora3: ..if [ -z "$vtag" ]; then \
2017-03-19 20:44:17.811318 +0000 build-fedora3: ...echo "no version tag"; \
2017-03-19 20:44:17.811332 +0000 build-fedora3: ...exit 0; \
2017-03-19 20:44:17.811350 +0000 build-fedora3: ..fi; \
2017-03-19 20:44:17.811368 +0000 build-fedora3: .fi; \
2017-03-19 20:44:17.811379 +0000 build-fedora3: .set -x; \
2017-03-19 20:44:17.811399 +0000 build-fedora3: .component_packages=$(MAKEFLAGS= make -s -f Makefile.generic DIST=fc23 PACKAGE_SET=vm COMPONENT=`basename qubes-src/core-admin-linux` get-var GET_VAR=PACKAGE_LIST); \
2017-03-19 20:44:17.811412 +0000 build-fedora3: .if [ -z "$component_packages" ]; then \
2017-03-19 20:44:17.811427 +0000 build-fedora3: ..echo "no packages."; \
2017-03-19 20:44:17.811447 +0000 build-fedora3: ..exit 0; \
2017-03-19 20:44:17.811467 +0000 build-fedora3: .fi; \
2017-03-19 20:44:17.811490 +0000 build-fedora3: .make -s -f Makefile.generic DIST=fc23 PACKAGE_SET=vm \
2017-03-19 20:44:17.811514 +0000 build-fedora3: ..COMPONENT=`basename qubes-src/core-admin-linux` \
2017-03-19 20:44:17.811535 +0000 build-fedora3: ..SNAPSHOT_REPO=current-testing \
2017-03-19 20:44:17.811555 +0000 build-fedora3: ..TARGET_REPO=current \
2017-03-19 20:44:17.811579 +0000 build-fedora3: ..UPDATE_REPO=/home/user/builder-r3.2/$repo_basedir/current/vm/fc23 \
2017-03-19 20:44:17.811604 +0000 build-fedora3: ..SNAPSHOT_FILE=/home/user/builder-r3.2/repo-latest-snapshot/current-testing-vm-fc23-`basename qubes-src/core-admin-linux` \
2017-03-19 20:44:17.811616 +0000 build-fedora3: ..BUILD_LOG_URL= \
2017-03-19 20:44:17.811630 +0000 build-fedora3: ..update-repo-from-snapshot || exit 1; \
2017-03-19 20:44:17.811665 +0000 build-fedora3: elif make -C qubes-src/core-admin-linux -n update-repo-current >/dev/null 2>/dev/null; then \
2017-03-19 20:44:17.811682 +0000 build-fedora3: .echo "Updating qubes-src/core-admin-linux... "; \
2017-03-19 20:44:17.811696 +0000 build-fedora3: .make -s -C qubes-src/core-admin-linux update-repo-current || exit 1; \
2017-03-19 20:44:17.811706 +0000 build-fedora3: else \
2017-03-19 20:44:17.811720 +0000 build-fedora3: .echo -n "Updating qubes-src/core-admin-linux... skipping."; \
2017-03-19 20:44:17.811730 +0000 build-fedora3: fi; \
2017-03-19 20:44:17.811739 +0000 build-fedora3: echo
2017-03-19 20:44:17.814256 +0000 build-fedora3: Updating qubes-src/core-admin-linux... +++ basename qubes-src/core-admin-linux
2017-03-19 20:44:17.815838 +0000 build-fedora3: ++ MAKEFLAGS=
2017-03-19 20:44:17.815876 +0000 build-fedora3: ++ make -s -f Makefile.generic DIST=fc23 PACKAGE_SET=vm COMPONENT=core-admin-linux get-var GET_VAR=PACKAGE_LIST
2017-03-19 20:44:17.831976 +0000 build-fedora3: + component_packages=
2017-03-19 20:44:17.832036 +0000 build-fedora3: + '[' -z '' ']'
2017-03-19 20:44:17.832864 +0000 build-fedora3: + echo 'no packages.'
2017-03-19 20:44:17.832896 +0000 build-fedora3: no packages.
2017-03-19 20:44:17.832924 +0000 build-fedora3: + exit 0
2017-03-19 20:44:17.832968 +0000 build-fedora3: Makefile:678: update target 'internal-update-repo-current.vm.fc23' due to: internal-update-repo-current.vm.fc23.core-admin-linux
2017-03-19 20:44:17.832995 +0000 build-fedora3: true
2017-03-19 20:44:17.835305 +0000 build-fedora3: Makefile:699: target 'internal-update-repo-current.vm.fc24.core-admin-linux' does not exist
2017-03-19 20:44:17.835364 +0000 build-fedora3: repo_base_var="LINUX_REPO_fc24_BASEDIR"; \
2017-03-19 20:44:17.835398 +0000 build-fedora3: if [ -n "${!repo_base_var}" ]; then \
2017-03-19 20:44:17.835431 +0000 build-fedora3: .repo_basedir="${!repo_base_var}"; \
2017-03-19 20:44:17.835458 +0000 build-fedora3: else \
2017-03-19 20:44:17.835486 +0000 build-fedora3: .repo_basedir="qubes-src/linux-yum/r3.2"; \
2017-03-19 20:44:17.835509 +0000 build-fedora3: fi; \
2017-03-19 20:44:17.835538 +0000 build-fedora3: if [ -r qubes-src/core-admin-linux/Makefile.builder ]; then \
2017-03-19 20:44:17.835565 +0000 build-fedora3: .echo -n "Updating qubes-src/core-admin-linux... "; \
2017-03-19 20:44:17.835590 +0000 build-fedora3: .if [ "0" -eq 1 ]; then \
2017-03-19 20:44:17.835624 +0000 build-fedora3: ..vtag=`git -C qubes-src/core-admin-linux tag --points-at HEAD --list v*`; \
2017-03-19 20:44:17.835688 +0000 build-fedora3: ..if [ -z "$vtag" ]; then \
2017-03-19 20:44:17.835718 +0000 build-fedora3: ...echo "no version tag"; \
2017-03-19 20:44:17.835740 +0000 build-fedora3: ...exit 0; \
2017-03-19 20:44:17.835762 +0000 build-fedora3: ..fi; \
2017-03-19 20:44:17.835786 +0000 build-fedora3: .fi; \
2017-03-19 20:44:17.835810 +0000 build-fedora3: .set -x; \
2017-03-19 20:44:17.835856 +0000 build-fedora3: .component_packages=$(MAKEFLAGS= make -s -f Makefile.generic DIST=fc24 PACKAGE_SET=vm COMPONENT=`basename qubes-src/core-admin-linux` get-var GET_VAR=PACKAGE_LIST); \
2017-03-19 20:44:17.835886 +0000 build-fedora3: .if [ -z "$component_packages" ]; then \
2017-03-19 20:44:17.835911 +0000 build-fedora3: ..echo "no packages."; \
2017-03-19 20:44:17.835934 +0000 build-fedora3: ..exit 0; \
2017-03-19 20:44:17.835956 +0000 build-fedora3: .fi; \
2017-03-19 20:44:17.835985 +0000 build-fedora3: .make -s -f Makefile.generic DIST=fc24 PACKAGE_SET=vm \
2017-03-19 20:44:17.836014 +0000 build-fedora3: ..COMPONENT=`basename qubes-src/core-admin-linux` \
2017-03-19 20:44:17.836040 +0000 build-fedora3: ..SNAPSHOT_REPO=current-testing \
2017-03-19 20:44:17.836068 +0000 build-fedora3: ..TARGET_REPO=current \
2017-03-19 20:44:17.836101 +0000 build-fedora3: ..UPDATE_REPO=/home/user/builder-r3.2/$repo_basedir/current/vm/fc24 \
2017-03-19 20:44:17.836131 +0000 build-fedora3: ..SNAPSHOT_FILE=/home/user/builder-r3.2/repo-latest-snapshot/current-testing-vm-fc24-`basename qubes-src/core-admin-linux` \
2017-03-19 20:44:17.836147 +0000 build-fedora3: ..BUILD_LOG_URL= \
2017-03-19 20:44:17.836162 +0000 build-fedora3: ..update-repo-from-snapshot || exit 1; \
2017-03-19 20:44:17.836188 +0000 build-fedora3: elif make -C qubes-src/core-admin-linux -n update-repo-current >/dev/null 2>/dev/null; then \
2017-03-19 20:44:17.836220 +0000 build-fedora3: .echo "Updating qubes-src/core-admin-linux... "; \
2017-03-19 20:44:17.836254 +0000 build-fedora3: .make -s -C qubes-src/core-admin-linux update-repo-current || exit 1; \
2017-03-19 20:44:17.836278 +0000 build-fedora3: else \
2017-03-19 20:44:17.836309 +0000 build-fedora3: .echo -n "Updating qubes-src/core-admin-linux... skipping."; \
2017-03-19 20:44:17.836331 +0000 build-fedora3: fi; \
2017-03-19 20:44:17.836353 +0000 build-fedora3: echo
2017-03-19 20:44:17.839481 +0000 build-fedora3: Updating qubes-src/core-admin-linux... +++ basename qubes-src/core-admin-linux
2017-03-19 20:44:17.841470 +0000 build-fedora3: ++ MAKEFLAGS=
2017-03-19 20:44:17.841528 +0000 build-fedora3: ++ make -s -f Makefile.generic DIST=fc24 PACKAGE_SET=vm COMPONENT=core-admin-linux get-var GET_VAR=PACKAGE_LIST
2017-03-19 20:44:17.855878 +0000 build-fedora3: + component_packages=
2017-03-19 20:44:17.855935 +0000 build-fedora3: + '[' -z '' ']'
2017-03-19 20:44:17.855963 +0000 build-fedora3: + echo 'no packages.'
2017-03-19 20:44:17.855987 +0000 build-fedora3: no packages.
2017-03-19 20:44:17.856009 +0000 build-fedora3: + exit 0
2017-03-19 20:44:17.856516 +0000 build-fedora3: Makefile:678: update target 'internal-update-repo-current.vm.fc24' due to: internal-update-repo-current.vm.fc24.core-admin-linux
2017-03-19 20:44:17.856545 +0000 build-fedora3: true
2017-03-19 20:44:17.858354 +0000 build-fedora3: Makefile:699: target 'internal-update-repo-current.vm.fc25.core-admin-linux' does not exist
2017-03-19 20:44:17.858389 +0000 build-fedora3: repo_base_var="LINUX_REPO_fc25_BASEDIR"; \
2017-03-19 20:44:17.858405 +0000 build-fedora3: if [ -n "${!repo_base_var}" ]; then \
2017-03-19 20:44:17.858419 +0000 build-fedora3: .repo_basedir="${!repo_base_var}"; \
2017-03-19 20:44:17.858431 +0000 build-fedora3: else \
2017-03-19 20:44:17.858444 +0000 build-fedora3: .repo_basedir="qubes-src/linux-yum/r3.2"; \
2017-03-19 20:44:17.858455 +0000 build-fedora3: fi; \
2017-03-19 20:44:17.858468 +0000 build-fedora3: if [ -r qubes-src/core-admin-linux/Makefile.builder ]; then \
2017-03-19 20:44:17.858481 +0000 build-fedora3: .echo -n "Updating qubes-src/core-admin-linux... "; \
2017-03-19 20:44:17.858506 +0000 build-fedora3: .if [ "0" -eq 1 ]; then \
2017-03-19 20:44:17.858521 +0000 build-fedora3: ..vtag=`git -C qubes-src/core-admin-linux tag --points-at HEAD --list v*`; \
2017-03-19 20:44:17.858534 +0000 build-fedora3: ..if [ -z "$vtag" ]; then \
2017-03-19 20:44:17.858545 +0000 build-fedora3: ...echo "no version tag"; \
2017-03-19 20:44:17.858555 +0000 build-fedora3: ...exit 0; \
2017-03-19 20:44:17.858565 +0000 build-fedora3: ..fi; \
2017-03-19 20:44:17.858575 +0000 build-fedora3: .fi; \
2017-03-19 20:44:17.858585 +0000 build-fedora3: .set -x; \
2017-03-19 20:44:17.858605 +0000 build-fedora3: .component_packages=$(MAKEFLAGS= make -s -f Makefile.generic DIST=fc25 PACKAGE_SET=vm COMPONENT=`basename qubes-src/core-admin-linux` get-var GET_VAR=PACKAGE_LIST); \
2017-03-19 20:44:17.858618 +0000 build-fedora3: .if [ -z "$component_packages" ]; then \
2017-03-19 20:44:17.858630 +0000 build-fedora3: ..echo "no packages."; \
2017-03-19 20:44:17.858656 +0000 build-fedora3: ..exit 0; \
2017-03-19 20:44:17.858668 +0000 build-fedora3: .fi; \
2017-03-19 20:44:17.858680 +0000 build-fedora3: .make -s -f Makefile.generic DIST=fc25 PACKAGE_SET=vm \
2017-03-19 20:44:17.858693 +0000 build-fedora3: ..COMPONENT=`basename qubes-src/core-admin-linux` \
2017-03-19 20:44:17.858704 +0000 build-fedora3: ..SNAPSHOT_REPO=current-testing \
2017-03-19 20:44:17.858715 +0000 build-fedora3: ..TARGET_REPO=current \
2017-03-19 20:44:17.858738 +0000 build-fedora3: ..UPDATE_REPO=/home/user/builder-r3.2/$repo_basedir/current/vm/fc25 \
2017-03-19 20:44:17.858770 +0000 build-fedora3: ..SNAPSHOT_FILE=/home/user/builder-r3.2/repo-latest-snapshot/current-testing-vm-fc25-`basename qubes-src/core-admin-linux` \
2017-03-19 20:44:17.858791 +0000 build-fedora3: ..BUILD_LOG_URL= \
2017-03-19 20:44:17.858814 +0000 build-fedora3: ..update-repo-from-snapshot || exit 1; \
2017-03-19 20:44:17.858841 +0000 build-fedora3: elif make -C qubes-src/core-admin-linux -n update-repo-current >/dev/null 2>/dev/null; then \
2017-03-19 20:44:17.858865 +0000 build-fedora3: .echo "Updating qubes-src/core-admin-linux... "; \
2017-03-19 20:44:17.858890 +0000 build-fedora3: .make -s -C qubes-src/core-admin-linux update-repo-current || exit 1; \
2017-03-19 20:44:17.858907 +0000 build-fedora3: else \
2017-03-19 20:44:17.858921 +0000 build-fedora3: .echo -n "Updating qubes-src/core-admin-linux... skipping."; \
2017-03-19 20:44:17.858931 +0000 build-fedora3: fi; \
2017-03-19 20:44:17.858943 +0000 build-fedora3: echo
2017-03-19 20:44:17.861592 +0000 build-fedora3: Updating qubes-src/core-admin-linux... +++ basename qubes-src/core-admin-linux
2017-03-19 20:44:17.863217 +0000 build-fedora3: ++ MAKEFLAGS=
2017-03-19 20:44:17.863253 +0000 build-fedora3: ++ make -s -f Makefile.generic DIST=fc25 PACKAGE_SET=vm COMPONENT=core-admin-linux get-var GET_VAR=PACKAGE_LIST
2017-03-19 20:44:17.878021 +0000 build-fedora3: + component_packages=
2017-03-19 20:44:17.878074 +0000 build-fedora3: + '[' -z '' ']'
2017-03-19 20:44:17.878098 +0000 build-fedora3: + echo 'no packages.'
2017-03-19 20:44:17.878119 +0000 build-fedora3: no packages.
2017-03-19 20:44:17.878137 +0000 build-fedora3: + exit 0
2017-03-19 20:44:17.878356 +0000 build-fedora3: Makefile:678: update target 'internal-update-repo-current.vm.fc25' due to: internal-update-repo-current.vm.fc25.core-admin-linux
2017-03-19 20:44:17.878374 +0000 build-fedora3: true
2017-03-19 20:44:17.880826 +0000 build-fedora3: Makefile:699: target 'internal-update-repo-current.dom0.fc23.core-admin-linux' does not exist
2017-03-19 20:44:17.880863 +0000 build-fedora3: repo_base_var="LINUX_REPO_fc23_BASEDIR"; \
2017-03-19 20:44:17.880880 +0000 build-fedora3: if [ -n "${!repo_base_var}" ]; then \
2017-03-19 20:44:17.880893 +0000 build-fedora3: .repo_basedir="${!repo_base_var}"; \
2017-03-19 20:44:17.880905 +0000 build-fedora3: else \
2017-03-19 20:44:17.880918 +0000 build-fedora3: .repo_basedir="qubes-src/linux-yum/r3.2"; \
2017-03-19 20:44:17.880929 +0000 build-fedora3: fi; \
2017-03-19 20:44:17.880942 +0000 build-fedora3: if [ -r qubes-src/core-admin-linux/Makefile.builder ]; then \
2017-03-19 20:44:17.880968 +0000 build-fedora3: .echo -n "Updating qubes-src/core-admin-linux... "; \
2017-03-19 20:44:17.880980 +0000 build-fedora3: .if [ "0" -eq 1 ]; then \
2017-03-19 20:44:17.880995 +0000 build-fedora3: ..vtag=`git -C qubes-src/core-admin-linux tag --points-at HEAD --list v*`; \
2017-03-19 20:44:17.881007 +0000 build-fedora3: ..if [ -z "$vtag" ]; then \
2017-03-19 20:44:17.881018 +0000 build-fedora3: ...echo "no version tag"; \
2017-03-19 20:44:17.881028 +0000 build-fedora3: ...exit 0; \
2017-03-19 20:44:17.881039 +0000 build-fedora3: ..fi; \
2017-03-19 20:44:17.881049 +0000 build-fedora3: .fi; \
2017-03-19 20:44:17.881059 +0000 build-fedora3: .set -x; \
2017-03-19 20:44:17.881079 +0000 build-fedora3: .component_packages=$(MAKEFLAGS= make -s -f Makefile.generic DIST=fc23 PACKAGE_SET=dom0 COMPONENT=`basename qubes-src/core-admin-linux` get-var GET_VAR=PACKAGE_LIST); \
2017-03-19 20:44:17.881092 +0000 build-fedora3: .if [ -z "$component_packages" ]; then \
2017-03-19 20:44:17.881104 +0000 build-fedora3: ..echo "no packages."; \
2017-03-19 20:44:17.881114 +0000 build-fedora3: ..exit 0; \
2017-03-19 20:44:17.881124 +0000 build-fedora3: .fi; \
2017-03-19 20:44:17.881139 +0000 build-fedora3: .make -s -f Makefile.generic DIST=fc23 PACKAGE_SET=dom0 \
2017-03-19 20:44:17.881153 +0000 build-fedora3: ..COMPONENT=`basename qubes-src/core-admin-linux` \
2017-03-19 20:44:17.881165 +0000 build-fedora3: ..SNAPSHOT_REPO=current-testing \
2017-03-19 20:44:17.881176 +0000 build-fedora3: ..TARGET_REPO=current \
2017-03-19 20:44:17.881189 +0000 build-fedora3: ..UPDATE_REPO=/home/user/builder-r3.2/$repo_basedir/current/dom0/fc23 \
2017-03-19 20:44:17.881207 +0000 build-fedora3: ..SNAPSHOT_FILE=/home/user/builder-r3.2/repo-latest-snapshot/current-testing-dom0-fc23-`basename qubes-src/core-admin-linux` \
2017-03-19 20:44:17.881218 +0000 build-fedora3: ..BUILD_LOG_URL= \
2017-03-19 20:44:17.881233 +0000 build-fedora3: ..update-repo-from-snapshot || exit 1; \
2017-03-19 20:44:17.881261 +0000 build-fedora3: elif make -C qubes-src/core-admin-linux -n update-repo-current >/dev/null 2>/dev/null; then \
2017-03-19 20:44:17.881289 +0000 build-fedora3: .echo "Updating qubes-src/core-admin-linux... "; \
2017-03-19 20:44:17.881305 +0000 build-fedora3: .make -s -C qubes-src/core-admin-linux update-repo-current || exit 1; \
2017-03-19 20:44:17.881316 +0000 build-fedora3: else \
2017-03-19 20:44:17.881329 +0000 build-fedora3: .echo -n "Updating qubes-src/core-admin-linux... skipping."; \
2017-03-19 20:44:17.881339 +0000 build-fedora3: fi; \
2017-03-19 20:44:17.881348 +0000 build-fedora3: echo
2017-03-19 20:44:17.884199 +0000 build-fedora3: Updating qubes-src/core-admin-linux... +++ basename qubes-src/core-admin-linux
2017-03-19 20:44:17.885800 +0000 build-fedora3: ++ MAKEFLAGS=
2017-03-19 20:44:17.885841 +0000 build-fedora3: ++ make -s -f Makefile.generic DIST=fc23 PACKAGE_SET=dom0 COMPONENT=core-admin-linux get-var GET_VAR=PACKAGE_LIST
2017-03-19 20:44:17.900112 +0000 build-fedora3: + component_packages='rpm_spec/core-dom0-linux.spec rpm_spec/core-dom0-vaio-fixes.spec'
2017-03-19 20:44:17.900166 +0000 build-fedora3: + '[' -z 'rpm_spec/core-dom0-linux.spec rpm_spec/core-dom0-vaio-fixes.spec' ']'
2017-03-19 20:44:17.900586 +0000 build-fedora3: ++ basename qubes-src/core-admin-linux
2017-03-19 20:44:17.902708 +0000 build-fedora3: ++ basename qubes-src/core-admin-linux
2017-03-19 20:44:17.904228 +0000 build-fedora3: + make -s -f Makefile.generic DIST=fc23 PACKAGE_SET=dom0 COMPONENT=core-admin-linux SNAPSHOT_REPO=current-testing TARGET_REPO=current UPDATE_REPO=/home/user/builder-r3.2/qubes-src/linux-yum/r3.2/current/dom0/fc23 SNAPSHOT_FILE=/home/user/builder-r3.2/repo-latest-snapshot/current-testing-dom0-fc23-core-admin-linux BUILD_LOG_URL= update-repo-from-snapshot
2017-03-19 20:44:17.911912 +0000 build-fedora3: Makefile.generic:179: target 'update-repo-date-check' does not exist
2017-03-19 20:44:17.911966 +0000 build-fedora3: if ! [ -r /home/user/builder-r3.2/repo-latest-snapshot/current-testing-dom0-fc23-core-admin-linux ]; then \
2017-03-19 20:44:17.912017 +0000 build-fedora3: .echo "`tput bold`*** Packages weren't uploaded to current-testing! ***`tput sgr0`"; \
2017-03-19 20:44:17.912036 +0000 build-fedora3: .exit 1; \
2017-03-19 20:44:17.912049 +0000 build-fedora3: fi
2017-03-19 20:44:17.921574 +0000 build-fedora3: touch -t `date -d "7 days ago" +%Y%m%d%H%M` /tmp/age-compare-file
2017-03-19 20:44:17.926573 +0000 build-fedora3: if ! [ /home/user/builder-r3.2/repo-latest-snapshot/current-testing-dom0-fc23-core-admin-linux -ot /tmp/age-compare-file ]; then \
2017-03-19 20:44:17.926620 +0000 build-fedora3: .echo "`tput bold`*** Packages weren't in current-testing for at least 7 days! ***`tput sgr0`"; \
2017-03-19 20:44:17.926635 +0000 build-fedora3: .exit 1; \
2017-03-19 20:44:17.926663 +0000 build-fedora3: fi
2017-03-19 20:44:17.930044 +0000 build-fedora3: tput: No value for $TERM and no -T specified
2017-03-19 20:44:17.931907 +0000 build-fedora3: tput: No value for $TERM and no -T specified
2017-03-19 20:44:17.932331 +0000 build-fedora3: *** Packages weren't in current-testing for at least 7 days! ***
2017-03-19 20:44:17.932615 +0000 build-fedora3: Makefile.generic:179: recipe for target 'update-repo-date-check' failed
2017-03-19 20:44:17.932639 +0000 build-fedora3: make[1]: *** [update-repo-date-check] Error 1
2017-03-19 20:44:17.933115 +0000 build-fedora3: + exit 1
2017-03-19 20:44:17.933392 +0000 build-fedora3: Makefile:699: recipe for target 'internal-update-repo-current.dom0.fc23.core-admin-linux' failed
2017-03-19 20:44:17.933418 +0000 build-fedora3: make: *** [internal-update-repo-current.dom0.fc23.core-admin-linux] Error 1
2017-03-19 20:44:17.934080 +0000 > closing log
