2017-10-17 11:56:17.171425 +0000 > starting log
2017-10-17 11:56:17.173640 +0000 build-fedora3: > starting build with log
2017-10-17 11:56:17.173682 +0000 build-fedora3: >> make args: update-repo-current
2017-10-17 11:56:17.173711 +0000 build-fedora3: >> MAKEFLAGS=
2017-10-17 11:56:17.173738 +0000 build-fedora3: >> COMPONENTS=app-linux-img-converter
2017-10-17 11:56:17.173782 +0000 build-fedora3: >> DISTS_VM=
2017-10-17 11:56:17.173803 +0000 build-fedora3: >> DIST_DOM0=
2017-10-17 11:56:17.173828 +0000 build-fedora3: >> qubes-builder d8efd5a5733d02acc152a9b5538194a1bfb6798a
2017-10-17 11:56:17.173856 +0000 build-fedora3: >> qubes-builder/qubes-src/app-linux-img-converter 851e4f026fcc9a45aa52e181360300640215064d
2017-10-17 11:56:17.173883 +0000 build-fedora3: !! pkgs/fc23/x86_64/qubes-img-converter-1.2.3-1.fc23.x86_64.rpm
2017-10-17 11:56:17.173908 +0000 build-fedora3: !! pkgs/fc23/x86_64/qubes-img-converter-dom0-1.2.3-1.fc23.x86_64.rpm
2017-10-17 11:56:17.173933 +0000 build-fedora3: !! pkgs/fc24/x86_64/qubes-img-converter-1.2.3-1.fc24.x86_64.rpm
2017-10-17 11:56:17.173959 +0000 build-fedora3: !! pkgs/fc25/x86_64/qubes-img-converter-1.2.3-1.fc25.x86_64.rpm
2017-10-17 11:56:17.173983 +0000 build-fedora3: !! pkgs/fc26/qimg-converter.spec.list
2017-10-17 11:56:17.174008 +0000 build-fedora3: !! pkgs/fc26/x86_64/qubes-img-converter-1.2.3-1.fc26.x86_64.rpm
2017-10-17 11:56:17.174049 +0000 build-fedora3: 30b528576bd905a597f15dc3ab050e84085cb1845a2283cf38c1122e66b911dcb4331093141f841b48d327f7c771bdbbc906062e2bdc72c3ac18789c1a64d438  pkgs/fc23/x86_64/qubes-img-converter-1.2.3-1.fc23.x86_64.rpm
2017-10-17 11:56:17.174091 +0000 build-fedora3: 5ffdb580dd4610faaae90508dc0dd1e25752757233df77e5a410371c14287f677ddc17007b78d10f14e925238ca29cff9b874a62e9fd15d66b5047528c7cde59  pkgs/fc23/x86_64/qubes-img-converter-dom0-1.2.3-1.fc23.x86_64.rpm
2017-10-17 11:56:17.174133 +0000 build-fedora3: f37a7045285814ebde99eb856ca653687c4023a0d5b8434d32da6b48563cdef5c014f05cf568a52dba85b1b7ec0b58ae079339331c6ded96e798a1b5d34111a1  pkgs/fc24/x86_64/qubes-img-converter-1.2.3-1.fc24.x86_64.rpm
2017-10-17 11:56:17.174175 +0000 build-fedora3: 6e4eb1b2ea06db88d9110e6358ae1424085374d27309da167144b5d03f445ad276f5b9a48eb2b8cc2458206c8508be0cb15f9e78765c2108c82312a5a09f004b  pkgs/fc25/x86_64/qubes-img-converter-1.2.3-1.fc25.x86_64.rpm
2017-10-17 11:56:17.174213 +0000 build-fedora3: 99febf61f40a5ca3095e20b42eed28cb723f1430f33784ec7910baa2222adb8a03b29ccbf18639d8a04842e75805c5dfc6302f936a4c84b789fd426618a88a4e  pkgs/fc26/qimg-converter.spec.list
2017-10-17 11:56:17.174258 +0000 build-fedora3: a290be1bbae3a563809b905a569363a563e48a5229dfedeb964c51f086a4dfa0054f7c06cec957f0dcfd5154dec57ed90cb5a247e9f407de6a9e57335f9af0c9  pkgs/fc26/x86_64/qubes-img-converter-1.2.3-1.fc26.x86_64.rpm
2017-10-17 11:56:17.174289 +0000 build-fedora3: ================================================================================
2017-10-17 11:56:17.174319 +0000 build-fedora3:                            B U I L D   I N F O                                  
2017-10-17 11:56:17.174349 +0000 build-fedora3: Items in red indicate it was automatically generated by configuration file(s)
2017-10-17 11:56:17.174378 +0000 build-fedora3: Items in white indicate it was automatically removed by configuration file(s)
2017-10-17 11:56:17.174406 +0000 build-fedora3: ================================================================================
2017-10-17 11:56:17.174428 +0000 build-fedora3: DISTS_VM:
2017-10-17 11:56:17.174450 +0000 build-fedora3:      fc23, fc24, fc25, fc26,
2017-10-17 11:56:17.174469 +0000 build-fedora3: DISTS_ALL:
2017-10-17 11:56:17.174489 +0000 build-fedora3:      fc23, fc24, fc25, fc26,
2017-10-17 11:56:17.174507 +0000 build-fedora3: DIST_DOM0:
2017-10-17 11:56:17.174525 +0000 build-fedora3:     
2017-10-17 11:56:17.174544 +0000 build-fedora3: BUILDER_PLUGINS:
2017-10-17 11:56:17.174567 +0000 build-fedora3:      builder-fedora, mgmt-salt, builder-github,
2017-10-17 11:56:17.174586 +0000 build-fedora3: COMPONENTS:
2017-10-17 11:56:17.174607 +0000 build-fedora3:      app-linux-img-converter,
2017-10-17 11:56:17.174647 +0000 build-fedora3: GIT_REPOS:
2017-10-17 11:56:17.174672 +0000 build-fedora3:      qubes-src/app-linux-img-converter,
2017-10-17 11:56:17.174694 +0000 build-fedora3: TEMPLATE:
2017-10-17 11:56:17.174713 +0000 build-fedora3:     
2017-10-17 11:56:17.174735 +0000 build-fedora3: TEMPLATE_FLAVOR_DIR:
2017-10-17 11:56:17.174774 +0000 build-fedora3:     
2017-10-17 11:56:17.174796 +0000 build-fedora3: TEMPLATE_ALIAS:
2017-10-17 11:56:17.174830 +0000 build-fedora3:      jessie:jessie+standard, jessie+gnome:jessie+gnome+standard, jessie+minimal:jessie+minimal+no-recommends,
2017-10-17 11:56:17.174855 +0000 build-fedora3: TEMPLATE_LABEL:
2017-10-17 11:56:17.174885 +0000 build-fedora3:      fc23:fedora-23, fc24:fedora-24, fc25:fedora-25, fc20:fedora-20 fc21:fedora-21 fc22:fedora-22
2017-10-17 11:56:17.174918 +0000 build-fedora3:      fc20+minimal:fedora-20-minimal fc21+minimal:fedora-21-minimal fc23+minimal:fedora-23-minimal wheezy:debian-7
2017-10-17 11:56:17.174946 +0000 build-fedora3:      wheezy+standard:debian-7 jessie:debian-8 jessie+standard:debian-8
2017-10-17 11:56:17.174966 +0000 build-fedora3: > running make
2017-10-17 11:56:17.186275 +0000 build-fedora3: Makefile:710: target 'internal-update-repo-current.vm.fc23.app-linux-img-converter' does not exist
2017-10-17 11:56:17.186331 +0000 build-fedora3: repo_base_var="LINUX_REPO_fc23_BASEDIR"; \
2017-10-17 11:56:17.186358 +0000 build-fedora3: if [ -n "${!repo_base_var}" ]; then \
2017-10-17 11:56:17.186381 +0000 build-fedora3: .repo_basedir="${!repo_base_var}"; \
2017-10-17 11:56:17.186401 +0000 build-fedora3: else \
2017-10-17 11:56:17.186424 +0000 build-fedora3: .repo_basedir="qubes-src/linux-yum/r3.2"; \
2017-10-17 11:56:17.186444 +0000 build-fedora3: fi; \
2017-10-17 11:56:17.186471 +0000 build-fedora3: if [ -r qubes-src/app-linux-img-converter/Makefile.builder ]; then \
2017-10-17 11:56:17.186497 +0000 build-fedora3: .echo -n "Updating qubes-src/app-linux-img-converter... "; \
2017-10-17 11:56:17.186520 +0000 build-fedora3: .if [ "0" -eq 1 ]; then \
2017-10-17 11:56:17.186548 +0000 build-fedora3: ..vtag=`git -C qubes-src/app-linux-img-converter tag --points-at HEAD --list v*`; \
2017-10-17 11:56:17.186573 +0000 build-fedora3: ..if [ -z "$vtag" ]; then \
2017-10-17 11:56:17.186595 +0000 build-fedora3: ...echo "no version tag"; \
2017-10-17 11:56:17.186616 +0000 build-fedora3: ...exit 0; \
2017-10-17 11:56:17.186636 +0000 build-fedora3: ..fi; \
2017-10-17 11:56:17.186655 +0000 build-fedora3: .fi; \
2017-10-17 11:56:17.186700 +0000 build-fedora3: .component_packages=$(MAKEFLAGS= make -s -f Makefile.generic DIST=fc23 PACKAGE_SET=vm COMPONENT=`basename qubes-src/app-linux-img-converter` UPDATE_REPO=/home/user/builder-r3.2/$repo_basedir/current/vm/fc23 get-var GET_VAR=PACKAGE_LIST); \
2017-10-17 11:56:17.186728 +0000 build-fedora3: .if [ -z "$component_packages" ]; then \
2017-10-17 11:56:17.186774 +0000 build-fedora3: ..echo "no packages."; \
2017-10-17 11:56:17.186797 +0000 build-fedora3: ..exit 0; \
2017-10-17 11:56:17.186819 +0000 build-fedora3: .fi; \
2017-10-17 11:56:17.186846 +0000 build-fedora3: .make -s -f Makefile.generic DIST=fc23 PACKAGE_SET=vm \
2017-10-17 11:56:17.186874 +0000 build-fedora3: ..COMPONENT=`basename qubes-src/app-linux-img-converter` \
2017-10-17 11:56:17.186898 +0000 build-fedora3: ..SNAPSHOT_REPO=current-testing \
2017-10-17 11:56:17.186920 +0000 build-fedora3: ..TARGET_REPO=current \
2017-10-17 11:56:17.186946 +0000 build-fedora3: ..UPDATE_REPO=/home/user/builder-r3.2/$repo_basedir/current/vm/fc23 \
2017-10-17 11:56:17.186978 +0000 build-fedora3: ..SNAPSHOT_FILE=/home/user/builder-r3.2/repo-latest-snapshot/current-testing-vm-fc23-`basename qubes-src/app-linux-img-converter` \
2017-10-17 11:56:17.187000 +0000 build-fedora3: ..BUILD_LOG_URL= \
2017-10-17 11:56:17.187022 +0000 build-fedora3: ..update-repo-from-snapshot || exit 1; \
2017-10-17 11:56:17.187051 +0000 build-fedora3: elif make -C qubes-src/app-linux-img-converter -n update-repo-current >/dev/null 2>/dev/null; then \
2017-10-17 11:56:17.187076 +0000 build-fedora3: .echo "Updating qubes-src/app-linux-img-converter... "; \
2017-10-17 11:56:17.187119 +0000 build-fedora3: .make -s -C qubes-src/app-linux-img-converter update-repo-current || exit 1; \
2017-10-17 11:56:17.187138 +0000 build-fedora3: else \
2017-10-17 11:56:17.187164 +0000 build-fedora3: .echo -n "Updating qubes-src/app-linux-img-converter... skipping."; \
2017-10-17 11:56:17.187183 +0000 build-fedora3: fi; \
2017-10-17 11:56:17.187200 +0000 build-fedora3: echo
2017-10-17 11:56:17.219677 +0000 build-fedora3: Updating qubes-src/app-linux-img-converter... Makefile.generic:188: target 'update-repo-date-check' does not exist
2017-10-17 11:56:17.219724 +0000 build-fedora3: if ! [ -r /home/user/builder-r3.2/repo-latest-snapshot/current-testing-vm-fc23-app-linux-img-converter ]; then \
2017-10-17 11:56:17.219759 +0000 build-fedora3: .echo "`tput bold`*** Packages weren't uploaded to current-testing! ***`tput sgr0`"; \
2017-10-17 11:56:17.219774 +0000 build-fedora3: .exit 1; \
2017-10-17 11:56:17.219786 +0000 build-fedora3: fi
2017-10-17 11:56:17.233890 +0000 build-fedora3: tput: No value for $TERM and no -T specified
2017-10-17 11:56:17.235991 +0000 build-fedora3: tput: No value for $TERM and no -T specified
2017-10-17 11:56:17.236460 +0000 build-fedora3: *** Packages weren't uploaded to current-testing! ***
2017-10-17 11:56:17.236825 +0000 build-fedora3: Makefile.generic:188: recipe for target 'update-repo-date-check' failed
2017-10-17 11:56:17.236866 +0000 build-fedora3: make[1]: *** [update-repo-date-check] Error 1
2017-10-17 11:56:17.237621 +0000 build-fedora3: Makefile:710: recipe for target 'internal-update-repo-current.vm.fc23.app-linux-img-converter' failed
2017-10-17 11:56:17.237673 +0000 build-fedora3: make: *** [internal-update-repo-current.vm.fc23.app-linux-img-converter] Error 1
2017-10-17 11:56:17.238408 +0000 > closing log
