2017-10-17 11:52:19.239012 +0000 > starting log
2017-10-17 11:52:19.240335 +0000 build-fedora3: > starting build with log
2017-10-17 11:52:19.240361 +0000 build-fedora3: >> make args: update-repo-current
2017-10-17 11:52:19.240375 +0000 build-fedora3: >> MAKEFLAGS=
2017-10-17 11:52:19.240387 +0000 build-fedora3: >> COMPONENTS=gui-common
2017-10-17 11:52:19.240397 +0000 build-fedora3: >> DISTS_VM=
2017-10-17 11:52:19.240407 +0000 build-fedora3: >> DIST_DOM0=
2017-10-17 11:52:19.240418 +0000 build-fedora3: >> qubes-builder d8efd5a5733d02acc152a9b5538194a1bfb6798a
2017-10-17 11:52:19.240432 +0000 build-fedora3: >> qubes-builder/qubes-src/gui-common 86efcce2f7ec4c4fdfa0693a3dfa1ee20bb775ca
2017-10-17 11:52:19.240444 +0000 build-fedora3: !! pkgs/fc23/x86_64/qubes-gui-common-devel-3.2.0-1.fc23.x86_64.rpm
2017-10-17 11:52:19.240457 +0000 build-fedora3: !! pkgs/fc24/x86_64/qubes-gui-common-devel-3.2.0-1.fc24.x86_64.rpm
2017-10-17 11:52:19.240469 +0000 build-fedora3: !! pkgs/fc25/x86_64/qubes-gui-common-devel-3.2.0-1.fc25.x86_64.rpm
2017-10-17 11:52:19.240479 +0000 build-fedora3: !! pkgs/fc26/gui-common.spec.list
2017-10-17 11:52:19.240491 +0000 build-fedora3: !! pkgs/fc26/x86_64/qubes-gui-common-devel-3.2.0-1.fc26.x86_64.rpm
2017-10-17 11:52:19.240510 +0000 build-fedora3: c79b5136bf2083b20e398c00aaafcfdc0b801ecfd3500a1b33b64ff9bd4670f272e403139930a1237b8b4bba22fa088838e079a84584d5896b61b7fb5c8674a4  pkgs/fc23/x86_64/qubes-gui-common-devel-3.2.0-1.fc23.x86_64.rpm
2017-10-17 11:52:19.240530 +0000 build-fedora3: d1161623cde881da5c5a02d6a8d80579b924fa378790a57db67cfaadf2ff6a381ff06f514497a8bdaf7384cb3752388698d7862398af71d4ab8988291890df8f  pkgs/fc24/x86_64/qubes-gui-common-devel-3.2.0-1.fc24.x86_64.rpm
2017-10-17 11:52:19.240550 +0000 build-fedora3: a4c36c0378fbb7102aa929c5425abd6cf6147fe84a3c41c52b6b159d375f07895e5a641da915f4c54e34f12754dce6e6eb3dd97f5ea90ec20aa983a2003e96a6  pkgs/fc25/x86_64/qubes-gui-common-devel-3.2.0-1.fc25.x86_64.rpm
2017-10-17 11:52:19.240567 +0000 build-fedora3: 3357f621e612cfd108fa812ecf9294fc67f0b3bc481f7a6fd2bd9b3cfab0a66bfefc74162c366d680412924c542b52aa0850c6cb0a6fe096298de45bd8735e1b  pkgs/fc26/gui-common.spec.list
2017-10-17 11:52:19.240587 +0000 build-fedora3: 687fd45e46ebc3cbed93fa16ba961565ee9e9f79089898261e8682f400c718cd0ddf5a69484aff1e46587e89fa27b4d743acd3507c9187ecbcffbaf88ca1d620  pkgs/fc26/x86_64/qubes-gui-common-devel-3.2.0-1.fc26.x86_64.rpm
2017-10-17 11:52:19.240601 +0000 build-fedora3: ================================================================================
2017-10-17 11:52:19.240614 +0000 build-fedora3:                            B U I L D   I N F O                                  
2017-10-17 11:52:19.240627 +0000 build-fedora3: Items in red indicate it was automatically generated by configuration file(s)
2017-10-17 11:52:19.240640 +0000 build-fedora3: Items in white indicate it was automatically removed by configuration file(s)
2017-10-17 11:52:19.240653 +0000 build-fedora3: ================================================================================
2017-10-17 11:52:19.240663 +0000 build-fedora3: DISTS_VM:
2017-10-17 11:52:19.240673 +0000 build-fedora3:      fc23, fc24, fc25, fc26,
2017-10-17 11:52:19.240682 +0000 build-fedora3: DISTS_ALL:
2017-10-17 11:52:19.240692 +0000 build-fedora3:      fc23, fc24, fc25, fc26,
2017-10-17 11:52:19.240702 +0000 build-fedora3: DIST_DOM0:
2017-10-17 11:52:19.240710 +0000 build-fedora3:     
2017-10-17 11:52:19.240720 +0000 build-fedora3: BUILDER_PLUGINS:
2017-10-17 11:52:19.240731 +0000 build-fedora3:      builder-fedora, mgmt-salt, builder-github,
2017-10-17 11:52:19.240740 +0000 build-fedora3: COMPONENTS:
2017-10-17 11:52:19.240762 +0000 build-fedora3:      gui-common,
2017-10-17 11:52:19.240772 +0000 build-fedora3: GIT_REPOS:
2017-10-17 11:52:19.240782 +0000 build-fedora3:      qubes-src/gui-common,
2017-10-17 11:52:19.240791 +0000 build-fedora3: TEMPLATE:
2017-10-17 11:52:19.240799 +0000 build-fedora3:     
2017-10-17 11:52:19.240809 +0000 build-fedora3: TEMPLATE_FLAVOR_DIR:
2017-10-17 11:52:19.240818 +0000 build-fedora3:     
2017-10-17 11:52:19.240827 +0000 build-fedora3: TEMPLATE_ALIAS:
2017-10-17 11:52:19.240852 +0000 build-fedora3:      jessie:jessie+standard, jessie+gnome:jessie+gnome+standard, jessie+minimal:jessie+minimal+no-recommends,
2017-10-17 11:52:19.240863 +0000 build-fedora3: TEMPLATE_LABEL:
2017-10-17 11:52:19.240877 +0000 build-fedora3:      fc23:fedora-23, fc24:fedora-24, fc25:fedora-25, fc20:fedora-20 fc21:fedora-21 fc22:fedora-22
2017-10-17 11:52:19.240892 +0000 build-fedora3:      fc20+minimal:fedora-20-minimal fc21+minimal:fedora-21-minimal fc23+minimal:fedora-23-minimal wheezy:debian-7
2017-10-17 11:52:19.240905 +0000 build-fedora3:      wheezy+standard:debian-7 jessie:debian-8 jessie+standard:debian-8
2017-10-17 11:52:19.250603 +0000 build-fedora3: > running make
2017-10-17 11:52:19.275159 +0000 build-fedora3: Makefile:710: target 'internal-update-repo-current.vm.fc23.gui-common' does not exist
2017-10-17 11:52:19.275237 +0000 build-fedora3: repo_base_var="LINUX_REPO_fc23_BASEDIR"; \
2017-10-17 11:52:19.275277 +0000 build-fedora3: if [ -n "${!repo_base_var}" ]; then \
2017-10-17 11:52:19.275311 +0000 build-fedora3: .repo_basedir="${!repo_base_var}"; \
2017-10-17 11:52:19.275336 +0000 build-fedora3: else \
2017-10-17 11:52:19.275369 +0000 build-fedora3: .repo_basedir="qubes-src/linux-yum/r3.2"; \
2017-10-17 11:52:19.275394 +0000 build-fedora3: fi; \
2017-10-17 11:52:19.275426 +0000 build-fedora3: if [ -r qubes-src/gui-common/Makefile.builder ]; then \
2017-10-17 11:52:19.275460 +0000 build-fedora3: .echo -n "Updating qubes-src/gui-common... "; \
2017-10-17 11:52:19.275490 +0000 build-fedora3: .if [ "0" -eq 1 ]; then \
2017-10-17 11:52:19.275527 +0000 build-fedora3: ..vtag=`git -C qubes-src/gui-common tag --points-at HEAD --list v*`; \
2017-10-17 11:52:19.275558 +0000 build-fedora3: ..if [ -z "$vtag" ]; then \
2017-10-17 11:52:19.275587 +0000 build-fedora3: ...echo "no version tag"; \
2017-10-17 11:52:19.275612 +0000 build-fedora3: ...exit 0; \
2017-10-17 11:52:19.275637 +0000 build-fedora3: ..fi; \
2017-10-17 11:52:19.275662 +0000 build-fedora3: .fi; \
2017-10-17 11:52:19.275724 +0000 build-fedora3: .component_packages=$(MAKEFLAGS= make -s -f Makefile.generic DIST=fc23 PACKAGE_SET=vm COMPONENT=`basename qubes-src/gui-common` UPDATE_REPO=/home/user/builder-r3.2/$repo_basedir/current/vm/fc23 get-var GET_VAR=PACKAGE_LIST); \
2017-10-17 11:52:19.275785 +0000 build-fedora3: .if [ -z "$component_packages" ]; then \
2017-10-17 11:52:19.275815 +0000 build-fedora3: ..echo "no packages."; \
2017-10-17 11:52:19.275841 +0000 build-fedora3: ..exit 0; \
2017-10-17 11:52:19.275866 +0000 build-fedora3: .fi; \
2017-10-17 11:52:19.275899 +0000 build-fedora3: .make -s -f Makefile.generic DIST=fc23 PACKAGE_SET=vm \
2017-10-17 11:52:19.275931 +0000 build-fedora3: ..COMPONENT=`basename qubes-src/gui-common` \
2017-10-17 11:52:19.275963 +0000 build-fedora3: ..SNAPSHOT_REPO=current-testing \
2017-10-17 11:52:19.275996 +0000 build-fedora3: ..TARGET_REPO=current \
2017-10-17 11:52:19.276035 +0000 build-fedora3: ..UPDATE_REPO=/home/user/builder-r3.2/$repo_basedir/current/vm/fc23 \
2017-10-17 11:52:19.276071 +0000 build-fedora3: ..SNAPSHOT_FILE=/home/user/builder-r3.2/repo-latest-snapshot/current-testing-vm-fc23-`basename qubes-src/gui-common` \
2017-10-17 11:52:19.276089 +0000 build-fedora3: ..BUILD_LOG_URL= \
2017-10-17 11:52:19.276106 +0000 build-fedora3: ..update-repo-from-snapshot || exit 1; \
2017-10-17 11:52:19.276127 +0000 build-fedora3: elif make -C qubes-src/gui-common -n update-repo-current >/dev/null 2>/dev/null; then \
2017-10-17 11:52:19.276144 +0000 build-fedora3: .echo "Updating qubes-src/gui-common... "; \
2017-10-17 11:52:19.276178 +0000 build-fedora3: .make -s -C qubes-src/gui-common update-repo-current || exit 1; \
2017-10-17 11:52:19.276207 +0000 build-fedora3: else \
2017-10-17 11:52:19.276242 +0000 build-fedora3: .echo -n "Updating qubes-src/gui-common... skipping."; \
2017-10-17 11:52:19.276269 +0000 build-fedora3: fi; \
2017-10-17 11:52:19.276293 +0000 build-fedora3: echo
2017-10-17 11:52:19.308892 +0000 build-fedora3: Updating qubes-src/gui-common... Makefile.generic:188: target 'update-repo-date-check' does not exist
2017-10-17 11:52:19.308982 +0000 build-fedora3: if ! [ -r /home/user/builder-r3.2/repo-latest-snapshot/current-testing-vm-fc23-gui-common ]; then \
2017-10-17 11:52:19.309024 +0000 build-fedora3: .echo "`tput bold`*** Packages weren't uploaded to current-testing! ***`tput sgr0`"; \
2017-10-17 11:52:19.309050 +0000 build-fedora3: .exit 1; \
2017-10-17 11:52:19.309073 +0000 build-fedora3: fi
2017-10-17 11:52:19.323048 +0000 build-fedora3: tput: No value for $TERM and no -T specified
2017-10-17 11:52:19.325524 +0000 build-fedora3: tput: No value for $TERM and no -T specified
2017-10-17 11:52:19.326052 +0000 build-fedora3: *** Packages weren't uploaded to current-testing! ***
2017-10-17 11:52:19.326382 +0000 build-fedora3: Makefile.generic:188: recipe for target 'update-repo-date-check' failed
2017-10-17 11:52:19.326412 +0000 build-fedora3: make[1]: *** [update-repo-date-check] Error 1
2017-10-17 11:52:19.327342 +0000 build-fedora3: Makefile:710: recipe for target 'internal-update-repo-current.vm.fc23.gui-common' failed
2017-10-17 11:52:19.327379 +0000 build-fedora3: make: *** [internal-update-repo-current.vm.fc23.gui-common] Error 1
2017-10-17 11:52:19.328324 +0000 > closing log
