2019-12-10 16:31:41.596986 +0000 > starting log
2019-12-10 16:31:41.597957 +0000 build-debian4: > starting build with log
2019-12-10 16:31:41.598000 +0000 build-debian4: >> make args: DISTS_VM= bullseye buster stretch DIST_DOM0= BUILD_LOGS_URL= app-linux-usb-proxy-vm-bullseye=https://github.com/QubesOS/build-logs/tree/master/build-debian4/log_2019-12-10_16-27-23 app-linux-usb-proxy-vm-buster=https://github.com/QubesOS/build-logs/tree/master/build-debian4/log_2019-12-10_16-29-21 app-linux-usb-proxy-vm-stretch=https://github.com/QubesOS/build-logs/tree/master/build-debian4/log_2019-12-10_16-30-32 GIT_URL_app_linux_usb_proxy=https://github.com/QubesOS/qubes-app-linux-usb-proxy sign-all update-repo-current-testing
2019-12-10 16:31:41.598014 +0000 build-debian4: >> MAKEFLAGS=
2019-12-10 16:31:41.598023 +0000 build-debian4: >> COMPONENTS=app-linux-usb-proxy
2019-12-10 16:31:41.598031 +0000 build-debian4: >> DISTS_VM=
2019-12-10 16:31:41.598038 +0000 build-debian4: >> DIST_DOM0=
2019-12-10 16:31:41.598047 +0000 build-debian4: >> qubes-builder 93a49fd32464c292a3d5a6c59231a03b57613025
2019-12-10 16:31:41.598055 +0000 build-debian4: ?? rpmdb/Basenames
2019-12-10 16:31:41.598062 +0000 build-debian4: ?? rpmdb/Conflictname
2019-12-10 16:31:41.598069 +0000 build-debian4: ?? rpmdb/Dirnames
2019-12-10 16:31:41.598077 +0000 build-debian4: ?? rpmdb/Enhancename
2019-12-10 16:31:41.598084 +0000 build-debian4: ?? rpmdb/Filetriggername
2019-12-10 16:31:41.598091 +0000 build-debian4: ?? rpmdb/Group
2019-12-10 16:31:41.598098 +0000 build-debian4: ?? rpmdb/Installtid
2019-12-10 16:31:41.598105 +0000 build-debian4: ?? rpmdb/Name
2019-12-10 16:31:41.598112 +0000 build-debian4: ?? rpmdb/Obsoletename
2019-12-10 16:31:41.598119 +0000 build-debian4: ?? rpmdb/Packages
2019-12-10 16:31:41.598126 +0000 build-debian4: ?? rpmdb/Providename
2019-12-10 16:31:41.598133 +0000 build-debian4: ?? rpmdb/Recommendname
2019-12-10 16:31:41.598140 +0000 build-debian4: ?? rpmdb/Requirename
2019-12-10 16:31:41.598148 +0000 build-debian4: ?? rpmdb/Sha1header
2019-12-10 16:31:41.598154 +0000 build-debian4: ?? rpmdb/Sigmd5
2019-12-10 16:31:41.598161 +0000 build-debian4: ?? rpmdb/Suggestname
2019-12-10 16:31:41.598169 +0000 build-debian4: ?? rpmdb/Supplementname
2019-12-10 16:31:41.598176 +0000 build-debian4: ?? rpmdb/Transfiletriggername
2019-12-10 16:31:41.598184 +0000 build-debian4: ?? rpmdb/Triggername
2019-12-10 16:31:41.598191 +0000 build-debian4: ?? rpmdb/__db.001
2019-12-10 16:31:41.598198 +0000 build-debian4: ?? rpmdb/__db.002
2019-12-10 16:31:41.598204 +0000 build-debian4: ?? rpmdb/__db.003
2019-12-10 16:31:41.598217 +0000 build-debian4: f9484959726e243e3d184de058d56dcf1101628cc531e8cf9a2837b1fd5b53c30c05ef58ed0a1c66ec0dcacf43bb536a2aced5740c8768eec7467aff515c1bc8  rpmdb/Basenames
2019-12-10 16:31:41.598231 +0000 build-debian4: 5ce361a48c11b4a0e2722784fc610f43818b4441eb3b5648e5c6c274c7f66ef3b061fd245619266f9d2a5cf1c50d0f1f45bb97bfdb2f6d6212b04f691d7b6aef  rpmdb/Conflictname
2019-12-10 16:31:41.598244 +0000 build-debian4: 7dedb7ed4ac43719d57277d494cd644b929bc96ce365022919969ea98d853d42e1303ee22d275e893211844af7f8fa6c731ca4cdb7c83139aeab3c1c840c73d1  rpmdb/Dirnames
2019-12-10 16:31:41.598256 +0000 build-debian4: 27940c3a0722eb19cc490599a53d0a534de2c8620a57687e097e9bf139394a3ce0ae712687d5960b89db3b03f3b621f2796586bb96a41458c9b44d7d1607853f  rpmdb/Enhancename
2019-12-10 16:31:41.598269 +0000 build-debian4: 2a3776bd6dea62e65b3112882cdd4d2f643cd529ab1b5be1cec5e95e906565a9e237bd335c9154ef8aa74d71b1de36287f1083289a988c56419c858b0fd1200e  rpmdb/Filetriggername
2019-12-10 16:31:41.598282 +0000 build-debian4: f7453568e8a63f2d330e3d6d8c0655f4b3776bc732281a509801e7db296d17af088079415265cdd58b3f5cee6d55d7e4112c7a3894abe892722373e8eb8b359c  rpmdb/Group
2019-12-10 16:31:41.598295 +0000 build-debian4: 36976438c0cef020739dc44f95c9342ff3d82547fff0fee98162c7cb3278d72a07b27305b5e8b4549315a835f794f84b276b33d013ef0eb3f472aa08f15d1ddd  rpmdb/Installtid
2019-12-10 16:31:41.598307 +0000 build-debian4: 9d3f5ce45b0cd3cd75943b4d8eab36328bf9fdc0b005a56df223dcede352abe5f6e212ee969caeb4e3239b417ae73b261bb3f44c1205a2fbf4710ab908a1e789  rpmdb/Name
2019-12-10 16:31:41.598325 +0000 build-debian4: 73f6d8020ad5e85a7bc028c70c8d8335f849255947e759986a0da8762df0386531c289ec327336513a60e556631c64b57fff34f43b14c8881ad5b6e3f675a85b  rpmdb/Obsoletename
2019-12-10 16:31:41.598338 +0000 build-debian4: 4601587f6d1406187244e01588f86620775f8eb640d21fb17dd1b5d7daf82891237077f1751d91ab70bc7e940761ce228167b75c43d4002bb8087b890f8554fd  rpmdb/Packages
2019-12-10 16:31:41.598351 +0000 build-debian4: cf647d1e3ea3065ef2e1323310dbad5f88171bcfcb4b7da3a1f378284c40de0b9daf03dd3e2c574d5a2e56c9f4e8dd30edb3eb3b4ad55b0ed458e4ca951dac76  rpmdb/Providename
2019-12-10 16:31:41.598364 +0000 build-debian4: 167808bb514e56c005fd52f93e75dfc7f3bb5bcd5e931619d9fa4519984b8e5dc28d14bf15c4e8f04be9a5f197123e187b4f2f70bcf0a6ea4a0bd874913273d0  rpmdb/Recommendname
2019-12-10 16:31:41.598377 +0000 build-debian4: 56bcb88ad3b4bbb61237df6ec16fb9e391e80dd4da706616553e8c408fea9f06f54f581d4bb14a410dfd39fdb47101f4853675978d84ee278c8a701ce70859f4  rpmdb/Requirename
2019-12-10 16:31:41.598389 +0000 build-debian4: 859d9e7577557ca74dc6fd23db196d68ffca756b54a9726d88f7b4dff506ab689e27c45ba1f7cb8ecb255c925935f04490bacc4e8c4fc1aab43e9bb7cc6e0415  rpmdb/Sha1header
2019-12-10 16:31:41.598402 +0000 build-debian4: 554e001752739cc3c965fc2ad91e87a01c27d13a04a6ccb520e56fd0c9e7adcbd6a60073861715ec9268d6ae5fd6e7c348044063c25dfbd8cbe39ba5ac50d28a  rpmdb/Sigmd5
2019-12-10 16:31:41.598415 +0000 build-debian4: 9b78015c3c9d4a7357e7cf1b073d9110de413708182d7d94d9a6d9e6a4fa699e7bfe3a317d68e9de3fc244a602dfba8751d93d93a0f92b648475e3f1518ac609  rpmdb/Suggestname
2019-12-10 16:31:41.598428 +0000 build-debian4: a8a91e0fd37a8121c242cf1cedf1819126504195fbe3a46d3ab0d36b6af58d1ae6580589f713c8a0b5d14324602e6c5d0cdee1ba5a95c55bbc67941a8d90032f  rpmdb/Supplementname
2019-12-10 16:31:41.598441 +0000 build-debian4: 9974c6888ab51dad699baa928ed12660cf5f0018b1d408afa3f1a041dc32d84a631a433e23792b49c9f23a6ab2d4e2726bfe46f936fa3ec5414a90d4d1db67d7  rpmdb/Transfiletriggername
2019-12-10 16:31:41.598454 +0000 build-debian4: 7b7e1e3cf0821e73fc29a692208f09aeba9cd4c186f91190c41b7b49a222cd29e33a357539e4fb95ee4fe9e9fe3ff0895d3596e90dd06a0a7580825cc47bfa5e  rpmdb/Triggername
2019-12-10 16:31:41.598472 +0000 build-debian4: de71f239b54f9afc281a58dde8361a4df89e45dce03ce0af0593761ce163e6de4b4fdaedf947839fd9e4d88b03944769beb1e25b2af7a773330941f1edb083a5  rpmdb/__db.001
2019-12-10 16:31:41.598485 +0000 build-debian4: f5fc7dd638f50bcc55f9bcb61e2b24ce3b3ffb373830d79c9924b1e18c73140630dd173354da9b64c7e00cf52e141d2f7b16cb3711444b204a2c72973bd77ea1  rpmdb/__db.002
2019-12-10 16:31:41.598498 +0000 build-debian4: f5b71bfeb498c72d715243abda3ebf18b800296d1b37e2eb39c00c890300c695ba160456d97189c0370581aff3663416d29581540f0979c0205dfa89171f8e3d  rpmdb/__db.003
2019-12-10 16:31:41.715108 +0000 build-debian4: >> qubes-builder/qubes-src/app-linux-usb-proxy 3633e83145e59ab2966806619d9c8125a3d5470a
2019-12-10 16:31:41.755913 +0000 build-debian4: !! pkgs/vm-bullseye/qubes-usb-proxy_1.0.21+deb11u1.dsc
2019-12-10 16:31:41.755957 +0000 build-debian4: !! pkgs/vm-bullseye/qubes-usb-proxy_1.0.21+deb11u1.tar.xz
2019-12-10 16:31:41.755972 +0000 build-debian4: !! pkgs/vm-bullseye/qubes-usb-proxy_1.0.21+deb11u1_amd64.buildinfo
2019-12-10 16:31:41.755982 +0000 build-debian4: !! pkgs/vm-bullseye/qubes-usb-proxy_1.0.21+deb11u1_amd64.changes
2019-12-10 16:31:41.755992 +0000 build-debian4: !! pkgs/vm-bullseye/qubes-usb-proxy_1.0.21+deb11u1_amd64.deb
2019-12-10 16:31:41.756002 +0000 build-debian4: !! pkgs/vm-bullseye/qubes-usb-proxy_1.0.22+deb11u1.dsc
2019-12-10 16:31:41.756011 +0000 build-debian4: !! pkgs/vm-bullseye/qubes-usb-proxy_1.0.22+deb11u1.tar.xz
2019-12-10 16:31:41.756020 +0000 build-debian4: !! pkgs/vm-bullseye/qubes-usb-proxy_1.0.22+deb11u1_amd64.buildinfo
2019-12-10 16:31:41.756029 +0000 build-debian4: !! pkgs/vm-bullseye/qubes-usb-proxy_1.0.22+deb11u1_amd64.changes
2019-12-10 16:31:41.756038 +0000 build-debian4: !! pkgs/vm-bullseye/qubes-usb-proxy_1.0.22+deb11u1_amd64.deb
2019-12-10 16:31:41.756047 +0000 build-debian4: !! pkgs/vm-bullseye/qubes-usb-proxy_1.0.23+deb11u1.dsc
2019-12-10 16:31:41.756068 +0000 build-debian4: !! pkgs/vm-bullseye/qubes-usb-proxy_1.0.23+deb11u1.tar.xz
2019-12-10 16:31:41.756078 +0000 build-debian4: !! pkgs/vm-bullseye/qubes-usb-proxy_1.0.23+deb11u1_amd64.buildinfo
2019-12-10 16:31:41.756087 +0000 build-debian4: !! pkgs/vm-bullseye/qubes-usb-proxy_1.0.23+deb11u1_amd64.changes
2019-12-10 16:31:41.756096 +0000 build-debian4: !! pkgs/vm-bullseye/qubes-usb-proxy_1.0.23+deb11u1_amd64.deb
2019-12-10 16:31:41.756105 +0000 build-debian4: !! pkgs/vm-buster/qubes-usb-proxy_1.0.15+deb10u1.dsc
2019-12-10 16:31:41.756114 +0000 build-debian4: !! pkgs/vm-buster/qubes-usb-proxy_1.0.15+deb10u1.tar.xz
2019-12-10 16:31:41.756123 +0000 build-debian4: !! pkgs/vm-buster/qubes-usb-proxy_1.0.15+deb10u1_amd64.buildinfo
2019-12-10 16:31:41.756132 +0000 build-debian4: !! pkgs/vm-buster/qubes-usb-proxy_1.0.15+deb10u1_amd64.changes
2019-12-10 16:31:41.756141 +0000 build-debian4: !! pkgs/vm-buster/qubes-usb-proxy_1.0.15+deb10u1_amd64.deb
2019-12-10 16:31:41.756149 +0000 build-debian4: !! pkgs/vm-buster/qubes-usb-proxy_1.0.16+deb10u1.dsc
2019-12-10 16:31:41.756158 +0000 build-debian4: !! pkgs/vm-buster/qubes-usb-proxy_1.0.16+deb10u1.tar.xz
2019-12-10 16:31:41.756167 +0000 build-debian4: !! pkgs/vm-buster/qubes-usb-proxy_1.0.16+deb10u1_amd64.buildinfo
2019-12-10 16:31:41.756176 +0000 build-debian4: !! pkgs/vm-buster/qubes-usb-proxy_1.0.16+deb10u1_amd64.changes
2019-12-10 16:31:41.756185 +0000 build-debian4: !! pkgs/vm-buster/qubes-usb-proxy_1.0.16+deb10u1_amd64.deb
2019-12-10 16:31:41.756193 +0000 build-debian4: !! pkgs/vm-buster/qubes-usb-proxy_1.0.17+deb10u1.dsc
2019-12-10 16:31:41.756202 +0000 build-debian4: !! pkgs/vm-buster/qubes-usb-proxy_1.0.17+deb10u1.tar.xz
2019-12-10 16:31:41.756211 +0000 build-debian4: !! pkgs/vm-buster/qubes-usb-proxy_1.0.17+deb10u1_amd64.buildinfo
2019-12-10 16:31:41.756220 +0000 build-debian4: !! pkgs/vm-buster/qubes-usb-proxy_1.0.17+deb10u1_amd64.changes
2019-12-10 16:31:41.756229 +0000 build-debian4: !! pkgs/vm-buster/qubes-usb-proxy_1.0.17+deb10u1_amd64.deb
2019-12-10 16:31:41.756237 +0000 build-debian4: !! pkgs/vm-buster/qubes-usb-proxy_1.0.18+deb10u1.dsc
2019-12-10 16:31:41.756246 +0000 build-debian4: !! pkgs/vm-buster/qubes-usb-proxy_1.0.18+deb10u1.tar.xz
2019-12-10 16:31:41.756255 +0000 build-debian4: !! pkgs/vm-buster/qubes-usb-proxy_1.0.18+deb10u1_amd64.buildinfo
2019-12-10 16:31:41.756267 +0000 build-debian4: !! pkgs/vm-buster/qubes-usb-proxy_1.0.18+deb10u1_amd64.changes
2019-12-10 16:31:41.756277 +0000 build-debian4: !! pkgs/vm-buster/qubes-usb-proxy_1.0.18+deb10u1_amd64.deb
2019-12-10 16:31:41.756286 +0000 build-debian4: !! pkgs/vm-buster/qubes-usb-proxy_1.0.19+deb10u1.dsc
2019-12-10 16:31:41.756294 +0000 build-debian4: !! pkgs/vm-buster/qubes-usb-proxy_1.0.19+deb10u1.tar.xz
2019-12-10 16:31:41.756303 +0000 build-debian4: !! pkgs/vm-buster/qubes-usb-proxy_1.0.19+deb10u1_amd64.buildinfo
2019-12-10 16:31:41.756312 +0000 build-debian4: !! pkgs/vm-buster/qubes-usb-proxy_1.0.19+deb10u1_amd64.changes
2019-12-10 16:31:41.756323 +0000 build-debian4: !! pkgs/vm-buster/qubes-usb-proxy_1.0.19+deb10u1_amd64.deb
2019-12-10 16:31:41.756332 +0000 build-debian4: !! pkgs/vm-buster/qubes-usb-proxy_1.0.20+deb10u1.dsc
2019-12-10 16:31:41.756341 +0000 build-debian4: !! pkgs/vm-buster/qubes-usb-proxy_1.0.20+deb10u1.tar.xz
2019-12-10 16:31:41.756350 +0000 build-debian4: !! pkgs/vm-buster/qubes-usb-proxy_1.0.20+deb10u1_amd64.buildinfo
2019-12-10 16:31:41.756359 +0000 build-debian4: !! pkgs/vm-buster/qubes-usb-proxy_1.0.20+deb10u1_amd64.changes
2019-12-10 16:31:41.756368 +0000 build-debian4: !! pkgs/vm-buster/qubes-usb-proxy_1.0.20+deb10u1_amd64.deb
2019-12-10 16:31:41.756377 +0000 build-debian4: !! pkgs/vm-buster/qubes-usb-proxy_1.0.21+deb10u1.dsc
2019-12-10 16:31:41.756385 +0000 build-debian4: !! pkgs/vm-buster/qubes-usb-proxy_1.0.21+deb10u1.tar.xz
2019-12-10 16:31:41.756394 +0000 build-debian4: !! pkgs/vm-buster/qubes-usb-proxy_1.0.21+deb10u1_amd64.buildinfo
2019-12-10 16:31:41.756404 +0000 build-debian4: !! pkgs/vm-buster/qubes-usb-proxy_1.0.21+deb10u1_amd64.changes
2019-12-10 16:31:41.756415 +0000 build-debian4: !! pkgs/vm-buster/qubes-usb-proxy_1.0.21+deb10u1_amd64.deb
2019-12-10 16:31:41.756424 +0000 build-debian4: !! pkgs/vm-buster/qubes-usb-proxy_1.0.22+deb10u1.dsc
2019-12-10 16:31:41.756433 +0000 build-debian4: !! pkgs/vm-buster/qubes-usb-proxy_1.0.22+deb10u1.tar.xz
2019-12-10 16:31:41.756442 +0000 build-debian4: !! pkgs/vm-buster/qubes-usb-proxy_1.0.22+deb10u1_amd64.buildinfo
2019-12-10 16:31:41.756451 +0000 build-debian4: !! pkgs/vm-buster/qubes-usb-proxy_1.0.22+deb10u1_amd64.changes
2019-12-10 16:31:41.756460 +0000 build-debian4: !! pkgs/vm-buster/qubes-usb-proxy_1.0.22+deb10u1_amd64.deb
2019-12-10 16:31:41.756468 +0000 build-debian4: !! pkgs/vm-buster/qubes-usb-proxy_1.0.23+deb10u1.dsc
2019-12-10 16:31:41.756477 +0000 build-debian4: !! pkgs/vm-buster/qubes-usb-proxy_1.0.23+deb10u1.tar.xz
2019-12-10 16:31:41.756486 +0000 build-debian4: !! pkgs/vm-buster/qubes-usb-proxy_1.0.23+deb10u1_amd64.buildinfo
2019-12-10 16:31:41.756495 +0000 build-debian4: !! pkgs/vm-buster/qubes-usb-proxy_1.0.23+deb10u1_amd64.changes
2019-12-10 16:31:41.756504 +0000 build-debian4: !! pkgs/vm-buster/qubes-usb-proxy_1.0.23+deb10u1_amd64.deb
2019-12-10 16:31:41.756513 +0000 build-debian4: !! pkgs/vm-jessie/qubes-usb-proxy_1.0.10+deb8u1.dsc
2019-12-10 16:31:41.756521 +0000 build-debian4: !! pkgs/vm-jessie/qubes-usb-proxy_1.0.10+deb8u1.tar.xz
2019-12-10 16:31:41.756530 +0000 build-debian4: !! pkgs/vm-jessie/qubes-usb-proxy_1.0.10+deb8u1_amd64.changes
2019-12-10 16:31:41.756539 +0000 build-debian4: !! pkgs/vm-jessie/qubes-usb-proxy_1.0.10+deb8u1_amd64.deb
2019-12-10 16:31:41.756548 +0000 build-debian4: !! pkgs/vm-jessie/qubes-usb-proxy_1.0.11+deb8u1.dsc
2019-12-10 16:31:41.756556 +0000 build-debian4: !! pkgs/vm-jessie/qubes-usb-proxy_1.0.11+deb8u1.tar.xz
2019-12-10 16:31:41.756565 +0000 build-debian4: !! pkgs/vm-jessie/qubes-usb-proxy_1.0.11+deb8u1_amd64.changes
2019-12-10 16:31:41.756574 +0000 build-debian4: !! pkgs/vm-jessie/qubes-usb-proxy_1.0.11+deb8u1_amd64.deb
2019-12-10 16:31:41.756582 +0000 build-debian4: !! pkgs/vm-jessie/qubes-usb-proxy_1.0.12+deb8u1.dsc
2019-12-10 16:31:41.756598 +0000 build-debian4: !! pkgs/vm-jessie/qubes-usb-proxy_1.0.12+deb8u1.tar.xz
2019-12-10 16:31:41.756608 +0000 build-debian4: !! pkgs/vm-jessie/qubes-usb-proxy_1.0.12+deb8u1_amd64.changes
2019-12-10 16:31:41.756617 +0000 build-debian4: !! pkgs/vm-jessie/qubes-usb-proxy_1.0.12+deb8u1_amd64.deb
2019-12-10 16:31:41.756626 +0000 build-debian4: !! pkgs/vm-jessie/qubes-usb-proxy_1.0.13+deb8u1.dsc
2019-12-10 16:31:41.756635 +0000 build-debian4: !! pkgs/vm-jessie/qubes-usb-proxy_1.0.13+deb8u1.tar.xz
2019-12-10 16:31:41.756643 +0000 build-debian4: !! pkgs/vm-jessie/qubes-usb-proxy_1.0.13+deb8u1_amd64.changes
2019-12-10 16:31:41.756652 +0000 build-debian4: !! pkgs/vm-jessie/qubes-usb-proxy_1.0.13+deb8u1_amd64.deb
2019-12-10 16:31:41.756661 +0000 build-debian4: !! pkgs/vm-jessie/qubes-usb-proxy_1.0.14+deb8u1.dsc
2019-12-10 16:31:41.756670 +0000 build-debian4: !! pkgs/vm-jessie/qubes-usb-proxy_1.0.14+deb8u1.tar.xz
2019-12-10 16:31:41.756679 +0000 build-debian4: !! pkgs/vm-jessie/qubes-usb-proxy_1.0.14+deb8u1_amd64.changes
2019-12-10 16:31:41.756688 +0000 build-debian4: !! pkgs/vm-jessie/qubes-usb-proxy_1.0.14+deb8u1_amd64.deb
2019-12-10 16:31:41.756696 +0000 build-debian4: !! pkgs/vm-jessie/qubes-usb-proxy_1.0.15+deb8u1.dsc
2019-12-10 16:31:41.756705 +0000 build-debian4: !! pkgs/vm-jessie/qubes-usb-proxy_1.0.15+deb8u1.tar.xz
2019-12-10 16:31:41.756714 +0000 build-debian4: !! pkgs/vm-jessie/qubes-usb-proxy_1.0.15+deb8u1_amd64.changes
2019-12-10 16:31:41.756723 +0000 build-debian4: !! pkgs/vm-jessie/qubes-usb-proxy_1.0.15+deb8u1_amd64.deb
2019-12-10 16:31:41.756731 +0000 build-debian4: !! pkgs/vm-jessie/qubes-usb-proxy_1.0.16+deb8u1.dsc
2019-12-10 16:31:41.756740 +0000 build-debian4: !! pkgs/vm-jessie/qubes-usb-proxy_1.0.16+deb8u1.tar.xz
2019-12-10 16:31:41.756749 +0000 build-debian4: !! pkgs/vm-jessie/qubes-usb-proxy_1.0.16+deb8u1_amd64.changes
2019-12-10 16:31:41.756758 +0000 build-debian4: !! pkgs/vm-jessie/qubes-usb-proxy_1.0.16+deb8u1_amd64.deb
2019-12-10 16:31:41.756795 +0000 build-debian4: !! pkgs/vm-jessie/qubes-usb-proxy_1.0.17+deb8u1.dsc
2019-12-10 16:31:41.756805 +0000 build-debian4: !! pkgs/vm-jessie/qubes-usb-proxy_1.0.17+deb8u1.tar.xz
2019-12-10 16:31:41.756814 +0000 build-debian4: !! pkgs/vm-jessie/qubes-usb-proxy_1.0.17+deb8u1_amd64.changes
2019-12-10 16:31:41.756823 +0000 build-debian4: !! pkgs/vm-jessie/qubes-usb-proxy_1.0.17+deb8u1_amd64.deb
2019-12-10 16:31:41.756832 +0000 build-debian4: !! pkgs/vm-jessie/qubes-usb-proxy_1.0.18+deb8u1.dsc
2019-12-10 16:31:41.756841 +0000 build-debian4: !! pkgs/vm-jessie/qubes-usb-proxy_1.0.18+deb8u1.tar.xz
2019-12-10 16:31:41.756850 +0000 build-debian4: !! pkgs/vm-jessie/qubes-usb-proxy_1.0.18+deb8u1_amd64.changes
2019-12-10 16:31:41.756859 +0000 build-debian4: !! pkgs/vm-jessie/qubes-usb-proxy_1.0.18+deb8u1_amd64.deb
2019-12-10 16:31:41.756867 +0000 build-debian4: !! pkgs/vm-jessie/qubes-usb-proxy_1.0.19+deb8u1.dsc
2019-12-10 16:31:41.756876 +0000 build-debian4: !! pkgs/vm-jessie/qubes-usb-proxy_1.0.19+deb8u1.tar.xz
2019-12-10 16:31:41.756885 +0000 build-debian4: !! pkgs/vm-jessie/qubes-usb-proxy_1.0.19+deb8u1_amd64.changes
2019-12-10 16:31:41.756894 +0000 build-debian4: !! pkgs/vm-jessie/qubes-usb-proxy_1.0.19+deb8u1_amd64.deb
2019-12-10 16:31:41.756903 +0000 build-debian4: !! pkgs/vm-jessie/qubes-usb-proxy_1.0.20+deb8u1.dsc
2019-12-10 16:31:41.756911 +0000 build-debian4: !! pkgs/vm-jessie/qubes-usb-proxy_1.0.20+deb8u1.tar.xz
2019-12-10 16:31:41.756920 +0000 build-debian4: !! pkgs/vm-jessie/qubes-usb-proxy_1.0.20+deb8u1_amd64.changes
2019-12-10 16:31:41.756929 +0000 build-debian4: !! pkgs/vm-jessie/qubes-usb-proxy_1.0.20+deb8u1_amd64.deb
2019-12-10 16:31:41.756937 +0000 build-debian4: !! pkgs/vm-jessie/qubes-usb-proxy_1.0.21+deb8u1.dsc
2019-12-10 16:31:41.756946 +0000 build-debian4: !! pkgs/vm-jessie/qubes-usb-proxy_1.0.21+deb8u1.tar.xz
2019-12-10 16:31:41.756955 +0000 build-debian4: !! pkgs/vm-jessie/qubes-usb-proxy_1.0.21+deb8u1_amd64.changes
2019-12-10 16:31:41.756964 +0000 build-debian4: !! pkgs/vm-jessie/qubes-usb-proxy_1.0.21+deb8u1_amd64.deb
2019-12-10 16:31:41.756973 +0000 build-debian4: !! pkgs/vm-jessie/qubes-usb-proxy_1.0.22+deb8u1.dsc
2019-12-10 16:31:41.756981 +0000 build-debian4: !! pkgs/vm-jessie/qubes-usb-proxy_1.0.22+deb8u1.tar.xz
2019-12-10 16:31:41.756990 +0000 build-debian4: !! pkgs/vm-jessie/qubes-usb-proxy_1.0.22+deb8u1_amd64.changes
2019-12-10 16:31:41.756999 +0000 build-debian4: !! pkgs/vm-jessie/qubes-usb-proxy_1.0.22+deb8u1_amd64.deb
2019-12-10 16:31:41.757008 +0000 build-debian4: !! pkgs/vm-jessie/qubes-usb-proxy_1.0.6+deb8u1.dsc
2019-12-10 16:31:41.757017 +0000 build-debian4: !! pkgs/vm-jessie/qubes-usb-proxy_1.0.6+deb8u1.tar.xz
2019-12-10 16:31:41.757025 +0000 build-debian4: !! pkgs/vm-jessie/qubes-usb-proxy_1.0.6+deb8u1_amd64.changes
2019-12-10 16:31:41.757034 +0000 build-debian4: !! pkgs/vm-jessie/qubes-usb-proxy_1.0.6+deb8u1_amd64.deb
2019-12-10 16:31:41.757043 +0000 build-debian4: !! pkgs/vm-jessie/qubes-usb-proxy_1.0.7+deb8u1.dsc
2019-12-10 16:31:41.757052 +0000 build-debian4: !! pkgs/vm-jessie/qubes-usb-proxy_1.0.7+deb8u1.tar.xz
2019-12-10 16:31:41.757061 +0000 build-debian4: !! pkgs/vm-jessie/qubes-usb-proxy_1.0.7+deb8u1_amd64.changes
2019-12-10 16:31:41.757069 +0000 build-debian4: !! pkgs/vm-jessie/qubes-usb-proxy_1.0.7+deb8u1_amd64.deb
2019-12-10 16:31:41.757078 +0000 build-debian4: !! pkgs/vm-jessie/qubes-usb-proxy_1.0.8+deb8u1.dsc
2019-12-10 16:31:41.757087 +0000 build-debian4: !! pkgs/vm-jessie/qubes-usb-proxy_1.0.8+deb8u1.tar.xz
2019-12-10 16:31:41.757096 +0000 build-debian4: !! pkgs/vm-jessie/qubes-usb-proxy_1.0.8+deb8u1_amd64.changes
2019-12-10 16:31:41.757105 +0000 build-debian4: !! pkgs/vm-jessie/qubes-usb-proxy_1.0.8+deb8u1_amd64.deb
2019-12-10 16:31:41.757113 +0000 build-debian4: !! pkgs/vm-stretch/qubes-usb-proxy_1.0.10+deb9u1.dsc
2019-12-10 16:31:41.757122 +0000 build-debian4: !! pkgs/vm-stretch/qubes-usb-proxy_1.0.10+deb9u1.tar.xz
2019-12-10 16:31:41.757131 +0000 build-debian4: !! pkgs/vm-stretch/qubes-usb-proxy_1.0.10+deb9u1_amd64.buildinfo
2019-12-10 16:31:41.757142 +0000 build-debian4: !! pkgs/vm-stretch/qubes-usb-proxy_1.0.10+deb9u1_amd64.changes
2019-12-10 16:31:41.757152 +0000 build-debian4: !! pkgs/vm-stretch/qubes-usb-proxy_1.0.10+deb9u1_amd64.deb
2019-12-10 16:31:41.757160 +0000 build-debian4: !! pkgs/vm-stretch/qubes-usb-proxy_1.0.11+deb9u1.dsc
2019-12-10 16:31:41.757169 +0000 build-debian4: !! pkgs/vm-stretch/qubes-usb-proxy_1.0.11+deb9u1.tar.xz
2019-12-10 16:31:41.757178 +0000 build-debian4: !! pkgs/vm-stretch/qubes-usb-proxy_1.0.11+deb9u1_amd64.buildinfo
2019-12-10 16:31:41.757187 +0000 build-debian4: !! pkgs/vm-stretch/qubes-usb-proxy_1.0.11+deb9u1_amd64.changes
2019-12-10 16:31:41.757196 +0000 build-debian4: !! pkgs/vm-stretch/qubes-usb-proxy_1.0.11+deb9u1_amd64.deb
2019-12-10 16:31:41.757205 +0000 build-debian4: !! pkgs/vm-stretch/qubes-usb-proxy_1.0.12+deb9u1.dsc
2019-12-10 16:31:41.757213 +0000 build-debian4: !! pkgs/vm-stretch/qubes-usb-proxy_1.0.12+deb9u1.tar.xz
2019-12-10 16:31:41.757222 +0000 build-debian4: !! pkgs/vm-stretch/qubes-usb-proxy_1.0.12+deb9u1_amd64.buildinfo
2019-12-10 16:31:41.757232 +0000 build-debian4: !! pkgs/vm-stretch/qubes-usb-proxy_1.0.12+deb9u1_amd64.changes
2019-12-10 16:31:41.757240 +0000 build-debian4: !! pkgs/vm-stretch/qubes-usb-proxy_1.0.12+deb9u1_amd64.deb
2019-12-10 16:31:41.757249 +0000 build-debian4: !! pkgs/vm-stretch/qubes-usb-proxy_1.0.13+deb9u1.dsc
2019-12-10 16:31:41.757262 +0000 build-debian4: !! pkgs/vm-stretch/qubes-usb-proxy_1.0.13+deb9u1.tar.xz
2019-12-10 16:31:41.757271 +0000 build-debian4: !! pkgs/vm-stretch/qubes-usb-proxy_1.0.13+deb9u1_amd64.buildinfo
2019-12-10 16:31:41.757280 +0000 build-debian4: !! pkgs/vm-stretch/qubes-usb-proxy_1.0.13+deb9u1_amd64.changes
2019-12-10 16:31:41.757289 +0000 build-debian4: !! pkgs/vm-stretch/qubes-usb-proxy_1.0.13+deb9u1_amd64.deb
2019-12-10 16:31:41.757298 +0000 build-debian4: !! pkgs/vm-stretch/qubes-usb-proxy_1.0.14+deb9u1.dsc
2019-12-10 16:31:41.757307 +0000 build-debian4: !! pkgs/vm-stretch/qubes-usb-proxy_1.0.14+deb9u1.tar.xz
2019-12-10 16:31:41.757316 +0000 build-debian4: !! pkgs/vm-stretch/qubes-usb-proxy_1.0.14+deb9u1_amd64.buildinfo
2019-12-10 16:31:41.757325 +0000 build-debian4: !! pkgs/vm-stretch/qubes-usb-proxy_1.0.14+deb9u1_amd64.changes
2019-12-10 16:31:41.757334 +0000 build-debian4: !! pkgs/vm-stretch/qubes-usb-proxy_1.0.14+deb9u1_amd64.deb
2019-12-10 16:31:41.757343 +0000 build-debian4: !! pkgs/vm-stretch/qubes-usb-proxy_1.0.15+deb9u1.dsc
2019-12-10 16:31:41.757351 +0000 build-debian4: !! pkgs/vm-stretch/qubes-usb-proxy_1.0.15+deb9u1.tar.xz
2019-12-10 16:31:41.757361 +0000 build-debian4: !! pkgs/vm-stretch/qubes-usb-proxy_1.0.15+deb9u1_amd64.buildinfo
2019-12-10 16:31:41.757370 +0000 build-debian4: !! pkgs/vm-stretch/qubes-usb-proxy_1.0.15+deb9u1_amd64.changes
2019-12-10 16:31:41.757378 +0000 build-debian4: !! pkgs/vm-stretch/qubes-usb-proxy_1.0.15+deb9u1_amd64.deb
2019-12-10 16:31:41.757387 +0000 build-debian4: !! pkgs/vm-stretch/qubes-usb-proxy_1.0.16+deb9u1.dsc
2019-12-10 16:31:41.757396 +0000 build-debian4: !! pkgs/vm-stretch/qubes-usb-proxy_1.0.16+deb9u1.tar.xz
2019-12-10 16:31:41.757405 +0000 build-debian4: !! pkgs/vm-stretch/qubes-usb-proxy_1.0.16+deb9u1_amd64.buildinfo
2019-12-10 16:31:41.757414 +0000 build-debian4: !! pkgs/vm-stretch/qubes-usb-proxy_1.0.16+deb9u1_amd64.changes
2019-12-10 16:31:41.757423 +0000 build-debian4: !! pkgs/vm-stretch/qubes-usb-proxy_1.0.16+deb9u1_amd64.deb
2019-12-10 16:31:41.757432 +0000 build-debian4: !! pkgs/vm-stretch/qubes-usb-proxy_1.0.17+deb9u1.dsc
2019-12-10 16:31:41.757440 +0000 build-debian4: !! pkgs/vm-stretch/qubes-usb-proxy_1.0.17+deb9u1.tar.xz
2019-12-10 16:31:41.757449 +0000 build-debian4: !! pkgs/vm-stretch/qubes-usb-proxy_1.0.17+deb9u1_amd64.buildinfo
2019-12-10 16:31:41.757458 +0000 build-debian4: !! pkgs/vm-stretch/qubes-usb-proxy_1.0.17+deb9u1_amd64.changes
2019-12-10 16:31:41.757467 +0000 build-debian4: !! pkgs/vm-stretch/qubes-usb-proxy_1.0.17+deb9u1_amd64.deb
2019-12-10 16:31:41.757476 +0000 build-debian4: !! pkgs/vm-stretch/qubes-usb-proxy_1.0.18+deb9u1.dsc
2019-12-10 16:31:41.757484 +0000 build-debian4: !! pkgs/vm-stretch/qubes-usb-proxy_1.0.18+deb9u1.tar.xz
2019-12-10 16:31:41.757496 +0000 build-debian4: !! pkgs/vm-stretch/qubes-usb-proxy_1.0.18+deb9u1_amd64.buildinfo
2019-12-10 16:31:41.757505 +0000 build-debian4: !! pkgs/vm-stretch/qubes-usb-proxy_1.0.18+deb9u1_amd64.changes
2019-12-10 16:31:41.757514 +0000 build-debian4: !! pkgs/vm-stretch/qubes-usb-proxy_1.0.18+deb9u1_amd64.deb
2019-12-10 16:31:41.757523 +0000 build-debian4: !! pkgs/vm-stretch/qubes-usb-proxy_1.0.19+deb9u1.dsc
2019-12-10 16:31:41.757532 +0000 build-debian4: !! pkgs/vm-stretch/qubes-usb-proxy_1.0.19+deb9u1.tar.xz
2019-12-10 16:31:41.757541 +0000 build-debian4: !! pkgs/vm-stretch/qubes-usb-proxy_1.0.19+deb9u1_amd64.buildinfo
2019-12-10 16:31:41.757550 +0000 build-debian4: !! pkgs/vm-stretch/qubes-usb-proxy_1.0.19+deb9u1_amd64.changes
2019-12-10 16:31:41.757559 +0000 build-debian4: !! pkgs/vm-stretch/qubes-usb-proxy_1.0.19+deb9u1_amd64.deb
2019-12-10 16:31:41.757567 +0000 build-debian4: !! pkgs/vm-stretch/qubes-usb-proxy_1.0.20+deb9u1.dsc
2019-12-10 16:31:41.757576 +0000 build-debian4: !! pkgs/vm-stretch/qubes-usb-proxy_1.0.20+deb9u1.tar.xz
2019-12-10 16:31:41.757585 +0000 build-debian4: !! pkgs/vm-stretch/qubes-usb-proxy_1.0.20+deb9u1_amd64.buildinfo
2019-12-10 16:31:41.757594 +0000 build-debian4: !! pkgs/vm-stretch/qubes-usb-proxy_1.0.20+deb9u1_amd64.changes
2019-12-10 16:31:41.757603 +0000 build-debian4: !! pkgs/vm-stretch/qubes-usb-proxy_1.0.20+deb9u1_amd64.deb
2019-12-10 16:31:41.757612 +0000 build-debian4: !! pkgs/vm-stretch/qubes-usb-proxy_1.0.21+deb9u1.dsc
2019-12-10 16:31:41.757621 +0000 build-debian4: !! pkgs/vm-stretch/qubes-usb-proxy_1.0.21+deb9u1.tar.xz
2019-12-10 16:31:41.757630 +0000 build-debian4: !! pkgs/vm-stretch/qubes-usb-proxy_1.0.21+deb9u1_amd64.buildinfo
2019-12-10 16:31:41.757639 +0000 build-debian4: !! pkgs/vm-stretch/qubes-usb-proxy_1.0.21+deb9u1_amd64.changes
2019-12-10 16:31:41.757648 +0000 build-debian4: !! pkgs/vm-stretch/qubes-usb-proxy_1.0.21+deb9u1_amd64.deb
2019-12-10 16:31:41.757656 +0000 build-debian4: !! pkgs/vm-stretch/qubes-usb-proxy_1.0.22+deb9u1.dsc
2019-12-10 16:31:41.757665 +0000 build-debian4: !! pkgs/vm-stretch/qubes-usb-proxy_1.0.22+deb9u1.tar.xz
2019-12-10 16:31:41.757674 +0000 build-debian4: !! pkgs/vm-stretch/qubes-usb-proxy_1.0.22+deb9u1_amd64.buildinfo
2019-12-10 16:31:41.757683 +0000 build-debian4: !! pkgs/vm-stretch/qubes-usb-proxy_1.0.22+deb9u1_amd64.changes
2019-12-10 16:31:41.757692 +0000 build-debian4: !! pkgs/vm-stretch/qubes-usb-proxy_1.0.22+deb9u1_amd64.deb
2019-12-10 16:31:41.757701 +0000 build-debian4: !! pkgs/vm-stretch/qubes-usb-proxy_1.0.23+deb9u1.dsc
2019-12-10 16:31:41.757710 +0000 build-debian4: !! pkgs/vm-stretch/qubes-usb-proxy_1.0.23+deb9u1.tar.xz
2019-12-10 16:31:41.757719 +0000 build-debian4: !! pkgs/vm-stretch/qubes-usb-proxy_1.0.23+deb9u1_amd64.buildinfo
2019-12-10 16:31:41.757728 +0000 build-debian4: !! pkgs/vm-stretch/qubes-usb-proxy_1.0.23+deb9u1_amd64.changes
2019-12-10 16:31:41.757737 +0000 build-debian4: !! pkgs/vm-stretch/qubes-usb-proxy_1.0.23+deb9u1_amd64.deb
2019-12-10 16:31:41.757745 +0000 build-debian4: !! pkgs/vm-stretch/qubes-usb-proxy_1.0.6+deb9u1.dsc
2019-12-10 16:31:41.757754 +0000 build-debian4: !! pkgs/vm-stretch/qubes-usb-proxy_1.0.6+deb9u1.tar.xz
2019-12-10 16:31:41.757774 +0000 build-debian4: !! pkgs/vm-stretch/qubes-usb-proxy_1.0.6+deb9u1_amd64.buildinfo
2019-12-10 16:31:41.757785 +0000 build-debian4: !! pkgs/vm-stretch/qubes-usb-proxy_1.0.6+deb9u1_amd64.changes
2019-12-10 16:31:41.757794 +0000 build-debian4: !! pkgs/vm-stretch/qubes-usb-proxy_1.0.6+deb9u1_amd64.deb
2019-12-10 16:31:41.757802 +0000 build-debian4: !! pkgs/vm-stretch/qubes-usb-proxy_1.0.7+deb9u1.dsc
2019-12-10 16:31:41.757811 +0000 build-debian4: !! pkgs/vm-stretch/qubes-usb-proxy_1.0.7+deb9u1.tar.xz
2019-12-10 16:31:41.757820 +0000 build-debian4: !! pkgs/vm-stretch/qubes-usb-proxy_1.0.7+deb9u1_amd64.buildinfo
2019-12-10 16:31:41.757829 +0000 build-debian4: !! pkgs/vm-stretch/qubes-usb-proxy_1.0.7+deb9u1_amd64.changes
2019-12-10 16:31:41.757838 +0000 build-debian4: !! pkgs/vm-stretch/qubes-usb-proxy_1.0.7+deb9u1_amd64.deb
2019-12-10 16:31:41.757849 +0000 build-debian4: !! pkgs/vm-stretch/qubes-usb-proxy_1.0.8+deb9u1.dsc
2019-12-10 16:31:41.757858 +0000 build-debian4: !! pkgs/vm-stretch/qubes-usb-proxy_1.0.8+deb9u1.tar.xz
2019-12-10 16:31:41.757867 +0000 build-debian4: !! pkgs/vm-stretch/qubes-usb-proxy_1.0.8+deb9u1_amd64.buildinfo
2019-12-10 16:31:41.757876 +0000 build-debian4: !! pkgs/vm-stretch/qubes-usb-proxy_1.0.8+deb9u1_amd64.changes
2019-12-10 16:31:41.757885 +0000 build-debian4: !! pkgs/vm-stretch/qubes-usb-proxy_1.0.8+deb9u1_amd64.deb
2019-12-10 16:31:41.764053 +0000 build-debian4: 4a5444386a956f013836dc81827ae6595e83c2658a95c9c1c747e9dc8dbd7b77491503833feec167f5c192b94920877e1b6f052535511b546722c3c617adfe23  pkgs/vm-bullseye/qubes-usb-proxy_1.0.21+deb11u1.dsc
2019-12-10 16:31:41.764102 +0000 build-debian4: d6ae91f6fae3545da323c153aa5165827b5031bfa2b52f4e0c84f479887f41d00e6c0768f13c7f7adfbaaaf1fbfe2c4559d61e6742e768d044043ae42ad82e60  pkgs/vm-bullseye/qubes-usb-proxy_1.0.21+deb11u1.tar.xz
2019-12-10 16:31:41.764122 +0000 build-debian4: 33bcf2e41533e5daba13f93160970c5aaae149a4e6a320e222bfade6b3d766f6ad165c690537fb992ae891ff14cf8821ebdad971cd06bf449d51019f67e874fa  pkgs/vm-bullseye/qubes-usb-proxy_1.0.21+deb11u1_amd64.buildinfo
2019-12-10 16:31:41.764139 +0000 build-debian4: 6660f26644c1372a50e3e60f9a526a6cc87dfbede74ea0631748411f727db3e1a6710f4b37494dafca68ee41db60cedb3ecd51f6defeac49d898357e950c5e78  pkgs/vm-bullseye/qubes-usb-proxy_1.0.21+deb11u1_amd64.changes
2019-12-10 16:31:41.764154 +0000 build-debian4: 85d09cc0dda24924137e135909fa66440e604f8a4290df46f8ff73266559e2ba44397955881675ea795d67ec0a2913bf1947e57e8c6c6ec9fc25e38b2ed21258  pkgs/vm-bullseye/qubes-usb-proxy_1.0.21+deb11u1_amd64.deb
2019-12-10 16:31:41.764169 +0000 build-debian4: 2a41b50d304e37d5c6773ebe5c620a0c5ec186ddc0e76f222d71adeb9a4bf9d4dcd1aed0723eefb10f43d11eaab02cf308bd1c838beadd91d0cda186e14a57cc  pkgs/vm-bullseye/qubes-usb-proxy_1.0.22+deb11u1.dsc
2019-12-10 16:31:41.764184 +0000 build-debian4: 9c60d84b6586e521550b44431ecdb2a4923144603c41e48e0fa476dcbb1c432738a51d48ca81f95d93beb9b28fe066ae7fbf01f0dd1c3c0c0055f300e05e6db3  pkgs/vm-bullseye/qubes-usb-proxy_1.0.22+deb11u1.tar.xz
2019-12-10 16:31:41.764199 +0000 build-debian4: f214df4072bed315077b8015402bb7cd181fb9c260433f7ee9f831eba0006c98141a4f3643371f773c67b8f1f91c345982780a9abc9da75b39ac9aa9e2e5de98  pkgs/vm-bullseye/qubes-usb-proxy_1.0.22+deb11u1_amd64.buildinfo
2019-12-10 16:31:41.764214 +0000 build-debian4: 9bd6116553605b822e6682f97522425dc9a982d7adec590b528ff3b11d26034480005e8c5ab0073a6ed65381f90ba6b658319a5bd22f7217942a790f34dc4308  pkgs/vm-bullseye/qubes-usb-proxy_1.0.22+deb11u1_amd64.changes
2019-12-10 16:31:41.764228 +0000 build-debian4: a5d12f084248e94a78b3705bd16fdea2894bbaaf1bc6c4a7102d231231a4c124a7d49109d9541eed67b05c2f331edcfad0c7ca3cd02690a00f96a17a23474bc9  pkgs/vm-bullseye/qubes-usb-proxy_1.0.22+deb11u1_amd64.deb
2019-12-10 16:31:41.764242 +0000 build-debian4: 38f0dad9626df81989e96feda5a0e5b897feb6a736dc5723d3a2967401c332ace0e91600e9f5bc87fa3b4ac7258770e7e662560dd0269ce5987e03e5c86d2975  pkgs/vm-bullseye/qubes-usb-proxy_1.0.23+deb11u1.dsc
2019-12-10 16:31:41.764257 +0000 build-debian4: e9d2efa9b608162e0f5066b5cdc52c0fdc124ad1df5262ba518b79ee9fd55bfb6a4db7bf20dcacfd147de128627e7de1a480867898b55b1c7610235f568baafe  pkgs/vm-bullseye/qubes-usb-proxy_1.0.23+deb11u1.tar.xz
2019-12-10 16:31:41.764271 +0000 build-debian4: 38e8ca8bb6f395d03f3c656cab20e3d800f665134e14a24694b3497dd25d78cd07e40a646e1ba7a295213975abf7f69a4b88ae4c0e986bb011816f4fbe1dc52d  pkgs/vm-bullseye/qubes-usb-proxy_1.0.23+deb11u1_amd64.buildinfo
2019-12-10 16:31:41.764286 +0000 build-debian4: f840bbb1ce2a1460d884f2afe6aaa353d578981437d2ed974836f5c5d64f30076cddf200e4fcd1e68a98a84d0402241188bac43982eeea6b4f797e51ced6ecee  pkgs/vm-bullseye/qubes-usb-proxy_1.0.23+deb11u1_amd64.changes
2019-12-10 16:31:41.764300 +0000 build-debian4: fa334021f1fa8a160c5dc9349e3cff0118d32c49bb8cf8716617eaa627163b0cf3648955e4e15aa54d3ff7b1671bc30fd232b5eb58f3209bc677287adbbd6762  pkgs/vm-bullseye/qubes-usb-proxy_1.0.23+deb11u1_amd64.deb
2019-12-10 16:31:41.764326 +0000 build-debian4: 6fe00ced3e9356364476153310f7ce24fef19ec4c9670fe0f8c7028c53ef1fbba6986d1cc4f07b0ceed02df87450a9ae73f7991a9ca35c917376c3435aeb405c  pkgs/vm-buster/qubes-usb-proxy_1.0.15+deb10u1.dsc
2019-12-10 16:31:41.764342 +0000 build-debian4: cab6f1d1028947a5ae3d61c3753187b80f4cc40322bcc0634ccd9106a764ccf57d084777927b72a3f9122bf496e624f41d637d65e8463cb0ae23227ff5311cbd  pkgs/vm-buster/qubes-usb-proxy_1.0.15+deb10u1.tar.xz
2019-12-10 16:31:41.764356 +0000 build-debian4: 2f2cb22c0faf390b3fb24682c12754a92bfc1531cf49d223c488d3c7ce025e17492845187e1e224982c54897411ce69a4047052cc76d5e7bf3cdb8f592b136a3  pkgs/vm-buster/qubes-usb-proxy_1.0.15+deb10u1_amd64.buildinfo
2019-12-10 16:31:41.764371 +0000 build-debian4: 8e1068b8e2808fefb1e40267c92a409b646a2abfcb8ad9eed49aba4272d2560b84a739ef2c5a6db06e9cd3aec987d29798c175a647abd7366c2c75fe852b83e7  pkgs/vm-buster/qubes-usb-proxy_1.0.15+deb10u1_amd64.changes
2019-12-10 16:31:41.764385 +0000 build-debian4: 66205b6054901a96fa6936e900a3656cf5a117c365b1908092436ffca6f596ee979a2e9e2331d0c09bc2d39db488e0e651ed0a2ca7dbe307251d6b4c60b65afc  pkgs/vm-buster/qubes-usb-proxy_1.0.15+deb10u1_amd64.deb
2019-12-10 16:31:41.764399 +0000 build-debian4: ccdfdd01cce108e210a044b3d8089cf17b4d59e7d048c38eb73bf427cffbf84dfcb921244e0819147c834066090169de0ef078be4354ed32a3e2176142254989  pkgs/vm-buster/qubes-usb-proxy_1.0.16+deb10u1.dsc
2019-12-10 16:31:41.764419 +0000 build-debian4: 5414d6da522271c967b210d5264833677bf878a253057e808b7a02b943c7235d04b372149a6fac892c78589f13dd05f213d2765b688b7d5f1ae5a27a42de27c2  pkgs/vm-buster/qubes-usb-proxy_1.0.16+deb10u1.tar.xz
2019-12-10 16:31:41.764434 +0000 build-debian4: 591a80137e25be6de7c28bf92952919bd132310b845ae53ed7c93b1246f648567a9b3fb112d0f91a713ce682d6a61a540e3224c067151eb1de6d32f6cf4c35aa  pkgs/vm-buster/qubes-usb-proxy_1.0.16+deb10u1_amd64.buildinfo
2019-12-10 16:31:41.764449 +0000 build-debian4: 24fc20cac48df459fec04604bbc96983109e876a41bac82ca89f098b490fd81166844a76fdd4820752951eb6f4b526e24e16b642ff6df335b2966686d97885f6  pkgs/vm-buster/qubes-usb-proxy_1.0.16+deb10u1_amd64.changes
2019-12-10 16:31:41.765617 +0000 build-debian4: e40c5342ed5f84e0684d0dc8363a36f0b7fa596c43d8df991a72d2a9b4c0436a9ded611a4fda377ccc49e74329fd483dbbb18df164f521dcbb9586bd0a3e4d10  pkgs/vm-buster/qubes-usb-proxy_1.0.16+deb10u1_amd64.deb
2019-12-10 16:31:41.765644 +0000 build-debian4: a17aed6a0fa8a3e6f95078999062fa50685c31a66e49e898bdaa8e8b07eefa14de1308dbeafd8bf928cbacea57a5d9d02681347915af8a9674242acc913606bf  pkgs/vm-buster/qubes-usb-proxy_1.0.17+deb10u1.dsc
2019-12-10 16:31:41.765660 +0000 build-debian4: 9eb97faf44c9a06c5f88f37e2bf836a22f6a54cd792bb4ee5bd98424ff522c5c6546807b98d589d21a497c5bdf16b3760fa8718ef87d20dc0c7c5ca2f6544491  pkgs/vm-buster/qubes-usb-proxy_1.0.17+deb10u1.tar.xz
2019-12-10 16:31:41.765675 +0000 build-debian4: af36b1c4b9e1ff352eb6caf7866a35133e69736173cda490c5ac0e9900aa9f1a63b17e8eed7b05b075839965b3dc92127567fb2573cf90639ef900316107324a  pkgs/vm-buster/qubes-usb-proxy_1.0.17+deb10u1_amd64.buildinfo
2019-12-10 16:31:41.765690 +0000 build-debian4: 5e237b8bb2957091a0d4a1d3ed0c27d95cd62f3613fa0325624d0bfb853e53abc969d32dbecd23c57f5f6eacddd54d47821e3bbacd4020d3a9f3952fade7dcdb  pkgs/vm-buster/qubes-usb-proxy_1.0.17+deb10u1_amd64.changes
2019-12-10 16:31:41.765705 +0000 build-debian4: 843cf02b5c76a431a5dfedf7354d75c1d55a845efcafcf16136518aa2c98e796ffb35dd0a440a58a088096626a152a8002400d58489b3a6e654bdb06245baeb1  pkgs/vm-buster/qubes-usb-proxy_1.0.17+deb10u1_amd64.deb
2019-12-10 16:31:41.765719 +0000 build-debian4: 767f0cf6a234a401decaa0be0f448077dc57b85d7d79b672902f4ca9335d56a668d92e1fc90c59b9f9c4e11613952fd8fea4835daee13ba0d38d2f7a9e0c20c2  pkgs/vm-buster/qubes-usb-proxy_1.0.18+deb10u1.dsc
2019-12-10 16:31:41.765734 +0000 build-debian4: 61db4dc87c9c791e1c8215f55db2cca7c8f064d7d59860f06dd24e1287bdb124f9e14047da9eb2f6d4408ac6751e8cd84c74462b4759b3d3a41faf2b2b6881d3  pkgs/vm-buster/qubes-usb-proxy_1.0.18+deb10u1.tar.xz
2019-12-10 16:31:41.765748 +0000 build-debian4: 9d50953b1fcc1442ab98b3a9a6722c24dd3bfc20c58e57846630e884ef237d13ba531666577fa1f99f4dccaa7cf17c48dca879ad4c2b37e22725bf696d81aa7e  pkgs/vm-buster/qubes-usb-proxy_1.0.18+deb10u1_amd64.buildinfo
2019-12-10 16:31:41.765789 +0000 build-debian4: 2b964b6523252181b61df9d8fbadfbf0a73f26bde24a7bdb5396ff52de569c56baea207eb84ccf1eac31300d9bdc6adba2dddbee1dcd0f62a8b530a25e06c1e3  pkgs/vm-buster/qubes-usb-proxy_1.0.18+deb10u1_amd64.changes
2019-12-10 16:31:41.765806 +0000 build-debian4: 1107550c24ead05c700481cf215572b650f351329c886e39a92571714a7dcc28de0eff64811f4c128b100f28cd0dfb1880d2cc245538d6a51569a693ef44af00  pkgs/vm-buster/qubes-usb-proxy_1.0.18+deb10u1_amd64.deb
2019-12-10 16:31:41.765821 +0000 build-debian4: 4efdae5e28e4e724903390c8be5967911603f4715ea39f8a34fc7c4b92c83d197027e3e92c9b332bf1a2ee1200879a5afcda114045f9961c523b2e6074059870  pkgs/vm-buster/qubes-usb-proxy_1.0.19+deb10u1.dsc
2019-12-10 16:31:41.765835 +0000 build-debian4: 3133df0f96ee5a241b95ce9507a5fc194d0d8b0e23b39fb57a53ee1e6e980ce198fd7a8996337f82c9f5c65fbd9565fc5386a9b31fa517c349a7a103a58bf47a  pkgs/vm-buster/qubes-usb-proxy_1.0.19+deb10u1.tar.xz
2019-12-10 16:31:41.765850 +0000 build-debian4: afb99c494ee5493c09fa9bc77f11de061bcb0f0c4aa18f31811a478fe9344ca8054bcf75b694538e8beb8de184d7e6f7b9327e41afb87f7303216cce7c17250c  pkgs/vm-buster/qubes-usb-proxy_1.0.19+deb10u1_amd64.buildinfo
2019-12-10 16:31:41.765865 +0000 build-debian4: 6034f0d25b53927b114021217f23fc5909c9387c5f1a863824270255c1d23c9406cef69479b1bc47a131fa77ec7496b5288a7426e481de12037e6783199af13d  pkgs/vm-buster/qubes-usb-proxy_1.0.19+deb10u1_amd64.changes
2019-12-10 16:31:41.765879 +0000 build-debian4: b4ec0b85a73946e7d1e73c6dc6658f49c259eb6aee57ae3494fa9e7338b9a9a290822ee7b5a132cada2a01e4801d2b5a6dfeb010e27a87485a747eb7fde7f928  pkgs/vm-buster/qubes-usb-proxy_1.0.19+deb10u1_amd64.deb
2019-12-10 16:31:41.770190 +0000 build-debian4: 9d0b0bfda7ca9038509da8a3da83a90b77b31c8d1a3a29b55735b9cd712df62090da22a8d7e3ee221e8846759001ed4c63918fd4b5bf5caac208efbc78c899a9  pkgs/vm-buster/qubes-usb-proxy_1.0.20+deb10u1.dsc
2019-12-10 16:31:41.770229 +0000 build-debian4: 5ba8cac921d9118f4328bbc0e88fd1a3ee8f7a29f9202b36734f1da32400016d45e7e98b0e3947b75d6af1d8b16a9b4d025199b97e29b5cf7ae06d3ccc76d968  pkgs/vm-buster/qubes-usb-proxy_1.0.20+deb10u1.tar.xz
2019-12-10 16:31:41.770247 +0000 build-debian4: 6e9c3a26ae6994c385d678aa90f50a3c204dbf907008ac250272be54da7d758245b5d9e3fbc68959d951b570c3440dee8cf5ac60f088ae3f4a970699268c91af  pkgs/vm-buster/qubes-usb-proxy_1.0.20+deb10u1_amd64.buildinfo
2019-12-10 16:31:41.770263 +0000 build-debian4: 7993c735a2c55c9b7b88e67104e5445f95f7c319a75370aa1103e8627c0046e8122a5f9825e8af5cbc784b0912ad454bef1145f462efc4cf6b84d38bcacdb67f  pkgs/vm-buster/qubes-usb-proxy_1.0.20+deb10u1_amd64.changes
2019-12-10 16:31:41.770278 +0000 build-debian4: 0ce6e6e2a56a538485995eb1b945356c064928e58a1c37c49356713acf27e3dedb125dfc00fa42973b3438a8f6f404ec495846ae35dc4e511b68d552678bba37  pkgs/vm-buster/qubes-usb-proxy_1.0.20+deb10u1_amd64.deb
