2020-10-30 14:30:17.700963 +0000 > starting log
2020-10-30 14:30:17.701336 +0000 build-debian4: > starting build with log
2020-10-30 14:30:17.701352 +0000 build-debian4: >> make args: DISTS_VM=bullseye DIST_DOM0= qubes
2020-10-30 14:30:17.701360 +0000 build-debian4: >> MAKEFLAGS=
2020-10-30 14:30:17.701368 +0000 build-debian4: >> COMPONENTS=libdnf
2020-10-30 14:30:17.701374 +0000 build-debian4: >> DISTS_VM=
2020-10-30 14:30:17.701381 +0000 build-debian4: >> DIST_DOM0=
2020-10-30 14:30:17.701390 +0000 build-debian4: >> qubes-builder e30bd65a2defdcc252803ccc565d85e3ad492142
2020-10-30 14:30:17.701401 +0000 build-debian4: >> qubes-builder/qubes-src/libdnf 9fef5c01c4560979cbc604c4add5e3c5a77f746a
2020-10-30 14:30:17.701408 +0000 build-debian4: !! libdnf-0.48.0.tar.gz
2020-10-30 14:30:17.701423 +0000 build-debian4: fc1ce2612fb93fd6cfb134dc1348501c6f91b257d5c708c2aa84715c486af12cdd65eb150dec7346ba402c7c5da518f725353d4f9b4b42627abf97ffca2bf40b  libdnf-0.48.0.tar.gz
2020-10-30 14:30:17.701433 +0000 build-debian4: ================================================================================
2020-10-30 14:30:17.701449 +0000 build-debian4:                            B U I L D   I N F O                                  
2020-10-30 14:30:17.701460 +0000 build-debian4: Items in red indicate it was automatically generated by configuration file(s)
2020-10-30 14:30:17.701470 +0000 build-debian4: Items in white indicate it was automatically removed by configuration file(s)
2020-10-30 14:30:17.701481 +0000 build-debian4: ================================================================================
2020-10-30 14:30:17.701487 +0000 build-debian4: DISTS_VM:
2020-10-30 14:30:17.701498 +0000 build-debian4:      stretch+standard, buster+standard, bullseye+standard, stretch buster bullseye
2020-10-30 14:30:17.701505 +0000 build-debian4: DISTS_ALL:
2020-10-30 14:30:17.701513 +0000 build-debian4:      vm-bullseye, vm-buster, vm-stretch,
2020-10-30 14:30:17.701520 +0000 build-debian4: DIST_DOM0:
2020-10-30 14:30:17.701526 +0000 build-debian4:     
2020-10-30 14:30:17.701536 +0000 build-debian4: BUILDER_PLUGINS:
2020-10-30 14:30:17.701546 +0000 build-debian4:      builder-debian, mgmt-salt, linux-deb, release-configs, builder-github,
2020-10-30 14:30:17.701553 +0000 build-debian4: COMPONENTS:
2020-10-30 14:30:17.701560 +0000 build-debian4:      libdnf,
2020-10-30 14:30:17.701566 +0000 build-debian4: GIT_REPOS:
2020-10-30 14:30:17.701573 +0000 build-debian4:      qubes-src/libdnf,
2020-10-30 14:30:17.701580 +0000 build-debian4: TEMPLATE:
2020-10-30 14:30:17.701586 +0000 build-debian4:     
2020-10-30 14:30:17.701613 +0000 build-debian4: TEMPLATE_FLAVOR_DIR:
2020-10-30 14:30:17.701621 +0000 build-debian4:     
2020-10-30 14:30:17.701628 +0000 build-debian4: TEMPLATE_ALIAS:
2020-10-30 14:30:17.701638 +0000 build-debian4:      stretch:stretch+standard, stretch+gnome:stretch+gnome+standard,
2020-10-30 14:30:17.701650 +0000 build-debian4:      stretch+minimal:stretch+minimal+no-recommends, buster:buster+standard, buster+gnome:buster+gnome+standard,
2020-10-30 14:30:17.701661 +0000 build-debian4:      buster+minimal:buster+minimal+no-recommends, bullseye:bullseye+standard,
2020-10-30 14:30:17.701672 +0000 build-debian4:      bullseye+gnome:bullseye+gnome+standard, bullseye+minimal:bullseye+minimal+no-recommends,
2020-10-30 14:30:17.701682 +0000 build-debian4:      whonix-gateway-14:stretch+whonix-gateway+minimal+no-recommends,
2020-10-30 14:30:17.701692 +0000 build-debian4:      whonix-workstation-14:stretch+whonix-workstation+minimal+no-recommends,
2020-10-30 14:30:17.701702 +0000 build-debian4:      whonix-gateway-15:buster+whonix-gateway+minimal+no-recommends,
2020-10-30 14:30:17.701712 +0000 build-debian4:      whonix-workstation-15:buster+whonix-workstation+minimal+no-recommends,
2020-10-30 14:30:17.701718 +0000 build-debian4: TEMPLATE_LABEL:
2020-10-30 14:30:17.701731 +0000 build-debian4:      stretch+standard:debian-9, buster+standard:debian-10, bullseye+standard:debian-11, stretch+standard:stretch,
2020-10-30 14:30:17.701743 +0000 build-debian4:      buster+standard:buster, bullseye+standard:bullseye, fc25:fedora-25 fc30:fedora-30 fc31:fedora-31
2020-10-30 14:30:17.701762 +0000 build-debian4:      fc32:fedora-32 fc30+minimal:fedora-30-minimal fc31+minimal:fedora-31-minimal fc32+minimal:fedora-32-minimal
2020-10-30 14:30:17.701773 +0000 build-debian4:      fc30+xfce:fedora-30-xfce fc31+xfce:fedora-31-xfce fc32+xfce:fedora-32-xfce stretch:debian-9
2020-10-30 14:30:17.701785 +0000 build-debian4:      stretch+xfce:debian-9-xfce buster:debian-10 buster+xfce:debian-10-xfce bullseye:debian-11
2020-10-30 14:30:17.701796 +0000 build-debian4:      bullseye+xfce:debian-11-xfce stretch+whonix-gateway+minimal+no-recommends:whonix-gw-14
2020-10-30 14:30:17.701806 +0000 build-debian4:      stretch+whonix-workstation+minimal+no-recommends:whonix-ws-14
2020-10-30 14:30:17.701815 +0000 build-debian4:      buster+whonix-gateway+minimal+no-recommends:whonix-gw-15
2020-10-30 14:30:17.701825 +0000 build-debian4:      buster+whonix-workstation+minimal+no-recommends:whonix-ws-15 centos7:centos-7
2020-10-30 14:30:17.701836 +0000 build-debian4:      centos7+minimal:centos-7-minimal centos7+xfce:centos-7-xfce centos8:centos-8
2020-10-30 14:30:17.701845 +0000 build-debian4:      centos8+minimal:centos-8-minimal centos8+xfce:centos-8-xfce
2020-10-30 14:30:17.701852 +0000 build-debian4: > running make
2020-10-30 14:30:17.707859 +0000 build-debian4: Makefile:1024: target 'build-info' does not exist
2020-10-30 14:30:17.707898 +0000 build-debian4: echo "================================================================================"
2020-10-30 14:30:17.707912 +0000 build-debian4: echo "                           B U I L D   I N F O                                  "
2020-10-30 14:30:17.707923 +0000 build-debian4: echo -e "Items in red indicate it was automatically generated by configuration file(s)"
2020-10-30 14:30:17.707934 +0000 build-debian4: echo -e "Items in white indicate it was automatically removed by configuration file(s)"
2020-10-30 14:30:17.707945 +0000 build-debian4: echo "================================================================================"
2020-10-30 14:30:17.707956 +0000 build-debian4: # (1): Item Color, (2): Label, (3): Item, (4): Original item used to compare if changed
2020-10-30 14:30:17.707966 +0000 build-debian4: echo -e "DISTS_VM:"; echo -e " bullseye," | fmt -w110  | sed -e 's/^/    /'
2020-10-30 14:30:17.707977 +0000 build-debian4: echo -e "DISTS_ALL:"; echo -e " vm-bullseye," | fmt -w110  | sed -e 's/^/    /'
2020-10-30 14:30:17.707987 +0000 build-debian4: echo -e "DIST_DOM0:"; echo -e " " | fmt -w110  | sed -e 's/^/    /'
2020-10-30 14:30:17.708001 +0000 build-debian4: echo -e "BUILDER_PLUGINS:"; echo -e " builder-debian, mgmt-salt, linux-deb, release-configs, builder-github," | fmt -w110  | sed -e 's/^/    /'
2020-10-30 14:30:17.708015 +0000 build-debian4: echo -e "COMPONENTS:"; echo -e " libdnf," | fmt -w110  | sed -e 's/^/    /'
2020-10-30 14:30:17.708027 +0000 build-debian4: echo -e "GIT_REPOS:"; echo -e " qubes-src/libdnf," | fmt -w110  | sed -e 's/^/    /'
2020-10-30 14:30:17.708037 +0000 build-debian4: echo -e "TEMPLATE:"; echo -e " " | fmt -w110  | sed -e 's/^/    /'
2020-10-30 14:30:17.708047 +0000 build-debian4: echo -e "TEMPLATE_FLAVOR_DIR:"; echo -e " " | fmt -w110  | sed -e 's/^/    /'
2020-10-30 14:30:17.708097 +0000 build-debian4: echo -e "TEMPLATE_ALIAS:"; echo -e " stretch:stretch+standard, stretch+gnome:stretch+gnome+standard, stretch+minimal:stretch+minimal+no-recommends, buster:buster+standard, buster+gnome:buster+gnome+standard, buster+minimal:buster+minimal+no-recommends, bullseye:bullseye+standard, bullseye+gnome:bullseye+gnome+standard, bullseye+minimal:bullseye+minimal+no-recommends, whonix-gateway-14:stretch+whonix-gateway+minimal+no-recommends, whonix-workstation-14:stretch+whonix-workstation+minimal+no-recommends, whonix-gateway-15:buster+whonix-gateway+minimal+no-recommends, whonix-workstation-15:buster+whonix-workstation+minimal+no-recommends," | fmt -w110  | sed -e 's/^/    /'
2020-10-30 14:30:17.708164 +0000 build-debian4: echo -e "TEMPLATE_LABEL:"; echo -e " bullseye:debian-11, fc25:fedora-25 fc30:fedora-30 fc31:fedora-31 fc32:fedora-32 fc30+minimal:fedora-30-minimal fc31+minimal:fedora-31-minimal fc32+minimal:fedora-32-minimal fc30+xfce:fedora-30-xfce fc31+xfce:fedora-31-xfce fc32+xfce:fedora-32-xfce stretch:debian-9 stretch+standard:debian-9 stretch+xfce:debian-9-xfce buster:debian-10 buster+standard:debian-10 buster+xfce:debian-10-xfce bullseye+standard:debian-11 bullseye+xfce:debian-11-xfce stretch+whonix-gateway+minimal+no-recommends:whonix-gw-14 stretch+whonix-workstation+minimal+no-recommends:whonix-ws-14 buster+whonix-gateway+minimal+no-recommends:whonix-gw-15 buster+whonix-workstation+minimal+no-recommends:whonix-ws-15 centos7:centos-7 centos7+minimal:centos-7-minimal centos7+xfce:centos-7-xfce centos8:centos-8 centos8+minimal:centos-8-minimal centos8+xfce:centos-8-xfce" | fmt -w110  | sed -e 's/^/    /'
2020-10-30 14:30:17.708187 +0000 build-debian4: for component in libdnf; do \
2020-10-30 14:30:17.708200 +0000 build-debian4: .component_env_var=`MAKEFLAGS= make -s get-var GET_VAR=ENV_${component//-/_}`; \
2020-10-30 14:30:17.708215 +0000 build-debian4: .if [ ! -z "$component_env_var" ]; then echo -e "ENV_${component//-/_}:"; echo -e " ${component_env_var}, """ | fmt -w110  | sed -e 's/^/    /'; fi; \
2020-10-30 14:30:17.708222 +0000 build-debian4: done
2020-10-30 14:30:17.709288 +0000 build-debian4: ================================================================================
2020-10-30 14:30:17.709316 +0000 build-debian4:                            B U I L D   I N F O                                  
2020-10-30 14:30:17.709328 +0000 build-debian4: Items in red indicate it was automatically generated by configuration file(s)
2020-10-30 14:30:17.709338 +0000 build-debian4: Items in white indicate it was automatically removed by configuration file(s)
2020-10-30 14:30:17.709349 +0000 build-debian4: ================================================================================
2020-10-30 14:30:17.709355 +0000 build-debian4: DISTS_VM:
2020-10-30 14:30:17.710906 +0000 build-debian4:      bullseye,
2020-10-30 14:30:17.711116 +0000 build-debian4: DISTS_ALL:
2020-10-30 14:30:17.712669 +0000 build-debian4:      vm-bullseye,
2020-10-30 14:30:17.713180 +0000 build-debian4: DIST_DOM0:
2020-10-30 14:30:17.714350 +0000 build-debian4:     
2020-10-30 14:30:17.714604 +0000 build-debian4: BUILDER_PLUGINS:
2020-10-30 14:30:17.716063 +0000 build-debian4:      builder-debian, mgmt-salt, linux-deb, release-configs, builder-github,
2020-10-30 14:30:17.716279 +0000 build-debian4: COMPONENTS:
2020-10-30 14:30:17.717743 +0000 build-debian4:      libdnf,
2020-10-30 14:30:17.717968 +0000 build-debian4: GIT_REPOS:
2020-10-30 14:30:17.719410 +0000 build-debian4:      qubes-src/libdnf,
2020-10-30 14:30:17.719831 +0000 build-debian4: TEMPLATE:
2020-10-30 14:30:17.721103 +0000 build-debian4:     
2020-10-30 14:30:17.721521 +0000 build-debian4: TEMPLATE_FLAVOR_DIR:
2020-10-30 14:30:17.722825 +0000 build-debian4:     
2020-10-30 14:30:17.723983 +0000 build-debian4: TEMPLATE_ALIAS:
2020-10-30 14:30:17.724493 +0000 build-debian4:      stretch:stretch+standard, stretch+gnome:stretch+gnome+standard,
2020-10-30 14:30:17.724520 +0000 build-debian4:      stretch+minimal:stretch+minimal+no-recommends, buster:buster+standard, buster+gnome:buster+gnome+standard,
2020-10-30 14:30:17.724534 +0000 build-debian4:      buster+minimal:buster+minimal+no-recommends, bullseye:bullseye+standard,
2020-10-30 14:30:17.724546 +0000 build-debian4:      bullseye+gnome:bullseye+gnome+standard, bullseye+minimal:bullseye+minimal+no-recommends,
2020-10-30 14:30:17.724556 +0000 build-debian4:      whonix-gateway-14:stretch+whonix-gateway+minimal+no-recommends,
2020-10-30 14:30:17.724566 +0000 build-debian4:      whonix-workstation-14:stretch+whonix-workstation+minimal+no-recommends,
2020-10-30 14:30:17.724575 +0000 build-debian4:      whonix-gateway-15:buster+whonix-gateway+minimal+no-recommends,
2020-10-30 14:30:17.724585 +0000 build-debian4:      whonix-workstation-15:buster+whonix-workstation+minimal+no-recommends,
2020-10-30 14:30:17.724772 +0000 build-debian4: TEMPLATE_LABEL:
2020-10-30 14:30:17.726343 +0000 build-debian4:      bullseye:debian-11, fc25:fedora-25 fc30:fedora-30 fc31:fedora-31 fc32:fedora-32
2020-10-30 14:30:17.726381 +0000 build-debian4:      fc30+minimal:fedora-30-minimal fc31+minimal:fedora-31-minimal fc32+minimal:fedora-32-minimal
2020-10-30 14:30:17.726394 +0000 build-debian4:      fc30+xfce:fedora-30-xfce fc31+xfce:fedora-31-xfce fc32+xfce:fedora-32-xfce
2020-10-30 14:30:17.726407 +0000 build-debian4:      stretch:debian-9 stretch+standard:debian-9 stretch+xfce:debian-9-xfce buster:debian-10
2020-10-30 14:30:17.726417 +0000 build-debian4:      buster+standard:debian-10 buster+xfce:debian-10-xfce bullseye+standard:debian-11
2020-10-30 14:30:17.726428 +0000 build-debian4:      bullseye+xfce:debian-11-xfce stretch+whonix-gateway+minimal+no-recommends:whonix-gw-14
2020-10-30 14:30:17.726438 +0000 build-debian4:      stretch+whonix-workstation+minimal+no-recommends:whonix-ws-14
2020-10-30 14:30:17.726448 +0000 build-debian4:      buster+whonix-gateway+minimal+no-recommends:whonix-gw-15
2020-10-30 14:30:17.726458 +0000 build-debian4:      buster+whonix-workstation+minimal+no-recommends:whonix-ws-15 centos7:centos-7
2020-10-30 14:30:17.726469 +0000 build-debian4:      centos7+minimal:centos-7-minimal centos7+xfce:centos-7-xfce centos8:centos-8
2020-10-30 14:30:17.726478 +0000 build-debian4:      centos8+minimal:centos-8-minimal centos8+xfce:centos-8-xfce
2020-10-30 14:30:17.741953 +0000 build-debian4: Makefile:226: target 'check-depend.rpm' does not exist
2020-10-30 14:30:17.742002 +0000 build-debian4: echo "Currently installed dependencies:" && rpm -q --whatprovides createrepo_c debootstrap devscripts dpkg-dev git perl-Digest-MD5 perl-Digest-SHA python3-pyyaml python3-sh rpm-build rpm-sign rpmdevtools wget || \
2020-10-30 14:30:17.742018 +0000 build-debian4: .{ echo "ERROR: call 'make install-deps' to install missing dependencies"; exit 1; }
2020-10-30 14:30:17.742884 +0000 build-debian4: Currently installed dependencies:
2020-10-30 14:30:17.749381 +0000 build-debian4: createrepo_c-0.15.11-1.fc32.x86_64
2020-10-30 14:30:17.749790 +0000 build-debian4: debootstrap-1.0.123-1.fc32.noarch
2020-10-30 14:30:17.750416 +0000 build-debian4: devscripts-2.20.2-1.fc32.x86_64
2020-10-30 14:30:17.750930 +0000 build-debian4: dpkg-dev-1.19.7-5.fc32.noarch
2020-10-30 14:30:17.751252 +0000 build-debian4: git-2.26.2-1.fc32.x86_64
2020-10-30 14:30:17.751488 +0000 build-debian4: perl-Digest-MD5-2.55-440.fc32.x86_64
2020-10-30 14:30:17.751758 +0000 build-debian4: perl-Digest-SHA-6.02-442.fc32.x86_64
2020-10-30 14:30:17.752081 +0000 build-debian4: python3-pyyaml-5.3.1-1.fc32.x86_64
2020-10-30 14:30:17.752309 +0000 build-debian4: python3-sh-1.13.1-1.fc32.noarch
2020-10-30 14:30:17.752707 +0000 build-debian4: rpm-build-4.15.1-3.fc32.1.x86_64
2020-10-30 14:30:17.752968 +0000 build-debian4: rpm-sign-4.15.1-3.fc32.1.x86_64
2020-10-30 14:30:17.753347 +0000 build-debian4: rpmdevtools-8.10-10.fc32.noarch
2020-10-30 14:30:17.753627 +0000 build-debian4: wget-1.20.3-4.fc32.x86_64
2020-10-30 14:30:17.754864 +0000 build-debian4: Makefile:254: update target 'libdnf-dom0' due to: check-depend
2020-10-30 14:30:17.754923 +0000 build-debian4: if [ -n "libdnf" -a "0" -ne 0 ]; then BRANCH=release4.0; branch_var="BRANCH_libdnf"; [ -n "${!branch_var}" ] && BRANCH="${!branch_var}"; pushd qubes-src/libdnf > /dev/null; CURRENT_BRANCH=`git symbolic-ref --short HEAD 2>/dev/null || git describe --tags --exact-match HEAD`; if [ "$BRANCH" != "$CURRENT_BRANCH" ]; then echo "-> ERROR: Wrong branch $branch_var=$CURRENT_BRANCH (expected $BRANCH)"; exit 1; fi; popd > /dev/null; fi
2020-10-30 14:30:17.755995 +0000 build-debian4: Makefile:246: update target 'libdnf-vm' due to: check-depend
2020-10-30 14:30:17.756046 +0000 build-debian4: if [ -n "libdnf" -a "0" -ne 0 ]; then BRANCH=release4.0; branch_var="BRANCH_libdnf"; [ -n "${!branch_var}" ] && BRANCH="${!branch_var}"; pushd qubes-src/libdnf > /dev/null; CURRENT_BRANCH=`git symbolic-ref --short HEAD 2>/dev/null || git describe --tags --exact-match HEAD`; if [ "$BRANCH" != "$CURRENT_BRANCH" ]; then echo "-> ERROR: Wrong branch $branch_var=$CURRENT_BRANCH (expected $BRANCH)"; exit 1; fi; popd > /dev/null; fi
2020-10-30 14:30:17.756069 +0000 build-debian4: if [ -r qubes-src/libdnf/Makefile.builder ]; then \
2020-10-30 14:30:17.756079 +0000 build-debian4: .for DIST in bullseye; do \
2020-10-30 14:30:17.756094 +0000 build-debian4: ..make --no-print-directory DIST=$DIST PACKAGE_SET=vm COMPONENT=libdnf ENV_COMPONENT= -f Makefile.generic all || exit 1; \
2020-10-30 14:30:17.756101 +0000 build-debian4: .done; \
2020-10-30 14:30:17.756108 +0000 build-debian4: fi
2020-10-30 14:30:17.761375 +0000 build-debian4: Makefile.generic:151: target 'generic-prepare-chroot' does not exist
2020-10-30 14:30:17.761412 +0000 build-debian4: if [ "`id -u`" = 0 ]; then \
2020-10-30 14:30:17.761427 +0000 build-debian4: .echo "*******************************************************************************"; \
2020-10-30 14:30:17.761440 +0000 build-debian4: .echo "***                               ERROR                                      ***"; \
2020-10-30 14:30:17.761457 +0000 build-debian4: .echo "*** Start the build as normal user, it will use sudo (only) where necessary! ***"; \
2020-10-30 14:30:17.761469 +0000 build-debian4: .echo "***                                                                          ***"; \
2020-10-30 14:30:17.761481 +0000 build-debian4: .echo "*******************************************************************************"; \
2020-10-30 14:30:17.761488 +0000 build-debian4: .exit 1; \
2020-10-30 14:30:17.761495 +0000 build-debian4: fi
2020-10-30 14:30:17.774395 +0000 build-debian4: mkdir -p "/home/user/builder-r4.0/cache/bullseye"
2020-10-30 14:30:17.776341 +0000 build-debian4: if ! scripts/test-sane-mount .; then \
2020-10-30 14:30:17.776376 +0000 build-debian4: .mountpoint=$(scripts/find-mount-point .); \
2020-10-30 14:30:17.776391 +0000 build-debian4: .echo "*******************************************************************************"; \
2020-10-30 14:30:17.776404 +0000 build-debian4: .echo "***                               ERROR                                      ***"; \
2020-10-30 14:30:17.776415 +0000 build-debian4: .echo "*** Cannot create chroot because the current filesystem is mounted as nodev. ***"; \
2020-10-30 14:30:17.776427 +0000 build-debian4: .echo "*** Build Qubes on a different filesystem, or run 'make remount' to remount  ***"; \
2020-10-30 14:30:17.776436 +0000 build-debian4: .echo "*** $mountpoint with dev option."; \
2020-10-30 14:30:17.776447 +0000 build-debian4: .echo "***                                                                          ***"; \
2020-10-30 14:30:17.776459 +0000 build-debian4: .echo "*******************************************************************************"; \
2020-10-30 14:30:17.776466 +0000 build-debian4: .exit 1; \
2020-10-30 14:30:17.776473 +0000 build-debian4: fi
2020-10-30 14:30:17.793439 +0000 build-debian4: /home/user/builder-r4.0/qubes-src/builder-debian//Makefile-legacy.debian:4: update target 'dist-prepare-chroot' due to: /home/user/builder-r4.0/chroot-vm-bullseye/home/user/.prepared_base
2020-10-30 14:30:17.793479 +0000 build-debian4: # Make sure repo directory exists
2020-10-30 14:30:17.804550 +0000 build-debian4: if ! [ -d "/home/user/builder-r4.0/qubes-packages-mirror-repo/vm-bullseye/dists" ]; then\
2020-10-30 14:30:17.804592 +0000 build-debian4:     mkdir -p "/home/user/builder-r4.0/qubes-packages-mirror-repo/vm-bullseye/dists";\
2020-10-30 14:30:17.804601 +0000 build-debian4: fi
2020-10-30 14:30:17.805570 +0000 build-debian4: if [ 2 -gt 0 ]; then \
2020-10-30 14:30:17.805602 +0000 build-debian4: .echo "-> dist-prepare-chroot for bullseye"; \
2020-10-30 14:30:17.805618 +0000 build-debian4: .echo "-> sudo mount --bind /home/user/builder-r4.0/qubes-packages-mirror-repo/vm-bullseye /home/user/builder-r4.0/chroot-vm-bullseye/tmp/qubes-deb;"; \
2020-10-30 14:30:17.805637 +0000 build-debian4: fi
2020-10-30 14:30:17.806461 +0000 build-debian4: -> dist-prepare-chroot for bullseye
2020-10-30 14:30:17.806488 +0000 build-debian4: -> sudo mount --bind /home/user/builder-r4.0/qubes-packages-mirror-repo/vm-bullseye /home/user/builder-r4.0/chroot-vm-bullseye/tmp/qubes-deb;
2020-10-30 14:30:17.806579 +0000 build-debian4: if [ ! -r /home/user/builder-r4.0/chroot-vm-bullseye/proc/cpuinfo ]; then\
2020-10-30 14:30:17.806600 +0000 build-debian4: .sudo mount -t proc proc /home/user/builder-r4.0/chroot-vm-bullseye/proc;\
2020-10-30 14:30:17.806607 +0000 build-debian4: fi
2020-10-30 14:30:17.807647 +0000 build-debian4: if ! [ -d /home/user/builder-r4.0/chroot-vm-bullseye/tmp/qubes-deb/deb ]; then\
2020-10-30 14:30:17.807673 +0000 build-debian4: .mkdir -p /home/user/builder-r4.0/chroot-vm-bullseye/tmp/qubes-deb;\
2020-10-30 14:30:17.807688 +0000 build-debian4: .sudo mount --bind /home/user/builder-r4.0/qubes-packages-mirror-repo/vm-bullseye /home/user/builder-r4.0/chroot-vm-bullseye/tmp/qubes-deb;\
2020-10-30 14:30:17.807711 +0000 build-debian4: fi
2020-10-30 14:30:17.808617 +0000 build-debian4: if [ "tmpfs" != tmpfs ]; then\
2020-10-30 14:30:17.808642 +0000 build-debian4: .sudo mkdir -p "/home/user/builder-r4.0/chroot-vm-bullseye/dev/shm";\
2020-10-30 14:30:17.808655 +0000 build-debian4: .sudo mount -t tmpfs shm "/home/user/builder-r4.0/chroot-vm-bullseye/dev/shm";\
2020-10-30 14:30:17.808680 +0000 build-debian4: .sudo chmod 1777 "/home/user/builder-r4.0/chroot-vm-bullseye/dev/shm";\
2020-10-30 14:30:17.808688 +0000 build-debian4: fi
2020-10-30 14:30:17.809711 +0000 build-debian4: Makefile.generic:145: target 'generic-prep' does not exist
2020-10-30 14:30:17.809736 +0000 build-debian4: if [ -e ""build-logs/libdnf-vm-bullseye.log"" ]; then\
2020-10-30 14:30:17.809748 +0000 build-debian4:    mv -f ""build-logs/libdnf-vm-bullseye.log"" ""build-logs/libdnf-vm-bullseye.log".old";\
2020-10-30 14:30:17.809755 +0000 build-debian4: fi
2020-10-30 14:30:17.858906 +0000 build-debian4: /home/user/builder-r4.0/qubes-src/builder-debian//Makefile-legacy.debian:32: target 'dist-prep' does not exist
2020-10-30 14:30:17.858948 +0000 build-debian4: rm -f "/home/user/builder-r4.0/chroot-vm-bullseye//home/user/qubes-src/libdnf/../libdnf_0.48.0"*
2020-10-30 14:30:17.909462 +0000 build-debian4: Makefile.generic:126: target 'generic-copy-in' does not exist
2020-10-30 14:30:17.909501 +0000 build-debian4: mkdir -p /home/user/builder-r4.0/chroot-vm-bullseye//home/user/qubes-src
2020-10-30 14:30:17.920512 +0000 build-debian4: cp Makefile.generic /home/user/builder-r4.0/chroot-vm-bullseye//home/user/
2020-10-30 14:30:17.922641 +0000 build-debian4: cp /home/user/builder-r4.0/qubes-src/builder-debian/Makefile.debian /home/user/builder-r4.0/qubes-src/builder-github//Makefile.github /home/user/builder-r4.0/chroot-vm-bullseye//home/user/
2020-10-30 14:30:17.925035 +0000 build-debian4: rm -rf /home/user/builder-r4.0/chroot-vm-bullseye//home/user/qubes-src/libdnf
2020-10-30 14:30:17.938931 +0000 build-debian4: cp -alt /home/user/builder-r4.0/chroot-vm-bullseye//home/user/qubes-src/ qubes-src/libdnf
2020-10-30 14:30:17.942536 +0000 build-debian4: rm -rf /home/user/builder-r4.0/chroot-vm-bullseye//home/user/qubes-src/libdnf/pkgs
2020-10-30 14:30:17.948581 +0000 build-debian4: qubes-src/libdnf/Makefile.builder:12: target 'source-debian-copy-in' does not exist
2020-10-30 14:30:17.948626 +0000 build-debian4: cp -p qubes-src/libdnf/libdnf-0.48.0.tar.gz /home/user/builder-r4.0/chroot-vm-bullseye//home/user/qubes-src/libdnf/libdnf_0.48.0.orig.tar.gz
2020-10-30 14:30:17.964628 +0000 build-debian4: tar xvf qubes-src/libdnf/libdnf-0.48.0.tar.gz -C /home/user/builder-r4.0/chroot-vm-bullseye//home/user/qubes-src/libdnf/debian-pkg --strip-components=1
2020-10-30 14:30:17.967615 +0000 build-debian4: libdnf-0.48.0/.clang-format
2020-10-30 14:30:17.967663 +0000 build-debian4: libdnf-0.48.0/.gitignore
2020-10-30 14:30:17.967686 +0000 build-debian4: libdnf-0.48.0/.packit.yaml
2020-10-30 14:30:17.967806 +0000 build-debian4: libdnf-0.48.0/.tito/
2020-10-30 14:30:17.967822 +0000 build-debian4: libdnf-0.48.0/.tito/packages/
2020-10-30 14:30:17.967830 +0000 build-debian4: libdnf-0.48.0/.tito/packages/.readme
2020-10-30 14:30:17.967838 +0000 build-debian4: libdnf-0.48.0/.tito/tito.props
2020-10-30 14:30:17.967942 +0000 build-debian4: libdnf-0.48.0/AUTHORS
2020-10-30 14:30:17.967957 +0000 build-debian4: libdnf-0.48.0/CMakeLists.txt
2020-10-30 14:30:17.967964 +0000 build-debian4: libdnf-0.48.0/COPYING
2020-10-30 14:30:17.968254 +0000 build-debian4: libdnf-0.48.0/README.md
2020-10-30 14:30:17.968269 +0000 build-debian4: libdnf-0.48.0/VERSION.cmake
2020-10-30 14:30:17.968276 +0000 build-debian4: libdnf-0.48.0/bindings/
2020-10-30 14:30:17.968283 +0000 build-debian4: libdnf-0.48.0/bindings/perl/
2020-10-30 14:30:17.968291 +0000 build-debian4: libdnf-0.48.0/bindings/perl/CMakeLists.txt
2020-10-30 14:30:17.968298 +0000 build-debian4: libdnf-0.48.0/bindings/python/
2020-10-30 14:30:17.968399 +0000 build-debian4: libdnf-0.48.0/bindings/python/CMakeLists.txt
2020-10-30 14:30:17.968414 +0000 build-debian4: libdnf-0.48.0/bindings/python/__init__.py
2020-10-30 14:30:17.968422 +0000 build-debian4: libdnf-0.48.0/bindings/swig/
2020-10-30 14:30:17.968430 +0000 build-debian4: libdnf-0.48.0/bindings/swig/catch_error.i
2020-10-30 14:30:17.968743 +0000 build-debian4: libdnf-0.48.0/bindings/swig/common_types.i
2020-10-30 14:30:17.968759 +0000 build-debian4: libdnf-0.48.0/bindings/swig/conf.i
2020-10-30 14:30:17.968767 +0000 build-debian4: libdnf-0.48.0/bindings/swig/error.i
2020-10-30 14:30:17.968774 +0000 build-debian4: libdnf-0.48.0/bindings/swig/module.i
2020-10-30 14:30:17.968781 +0000 build-debian4: libdnf-0.48.0/bindings/swig/repo.i
2020-10-30 14:30:17.968788 +0000 build-debian4: libdnf-0.48.0/bindings/swig/smartcols.i
2020-10-30 14:30:17.968796 +0000 build-debian4: libdnf-0.48.0/bindings/swig/std_vector_ext.i
2020-10-30 14:30:17.969032 +0000 build-debian4: libdnf-0.48.0/bindings/swig/transaction.i
2020-10-30 14:30:17.969047 +0000 build-debian4: libdnf-0.48.0/bindings/swig/utils.i
2020-10-30 14:30:17.969055 +0000 build-debian4: libdnf-0.48.0/cmake/
2020-10-30 14:30:17.969062 +0000 build-debian4: libdnf-0.48.0/cmake/modules-cmake-2/
2020-10-30 14:30:17.969070 +0000 build-debian4: libdnf-0.48.0/cmake/modules-cmake-2/UseSWIG.cmake
2020-10-30 14:30:17.969076 +0000 build-debian4: libdnf-0.48.0/cmake/modules/
2020-10-30 14:30:17.969347 +0000 build-debian4: libdnf-0.48.0/cmake/modules/FindGLIB.cmake
2020-10-30 14:30:17.969363 +0000 build-debian4: libdnf-0.48.0/cmake/modules/FindGpgme.cmake
2020-10-30 14:30:17.969371 +0000 build-debian4: libdnf-0.48.0/cmake/modules/FindGtkDoc.cmake
2020-10-30 14:30:17.969379 +0000 build-debian4: libdnf-0.48.0/cmake/modules/FindPythonInstDir.cmake
2020-10-30 14:30:17.969387 +0000 build-debian4: libdnf-0.48.0/cmake/modules/GtkDocScanGObjWrapper.cmake
2020-10-30 14:30:17.969393 +0000 build-debian4: libdnf-0.48.0/data/
2020-10-30 14:30:17.969400 +0000 build-debian4: libdnf-0.48.0/data/tests/
2020-10-30 14:30:17.969485 +0000 build-debian4: libdnf-0.48.0/data/tests/cache-test/
2020-10-30 14:30:17.969501 +0000 build-debian4: libdnf-0.48.0/data/tests/cache-test/yum.repos.d/
2020-10-30 14:30:17.969510 +0000 build-debian4: libdnf-0.48.0/data/tests/cache-test/yum.repos.d/fedora.repo
2020-10-30 14:30:17.969606 +0000 build-debian4: libdnf-0.48.0/data/tests/gpg-asc/
2020-10-30 14:30:17.969622 +0000 build-debian4: libdnf-0.48.0/data/tests/gpg-asc/repodata/
2020-10-30 14:30:17.969631 +0000 build-debian4: libdnf-0.48.0/data/tests/gpg-asc/repodata/primary.sqlite.bz2
2020-10-30 14:30:17.969859 +0000 build-debian4: libdnf-0.48.0/data/tests/gpg-asc/repodata/repomd.xml
2020-10-30 14:30:17.969875 +0000 build-debian4: libdnf-0.48.0/data/tests/gpg-asc/repodata/repomd.xml.asc
2020-10-30 14:30:17.969883 +0000 build-debian4: libdnf-0.48.0/data/tests/gpg-asc/repodata/sign.sh
2020-10-30 14:30:17.969898 +0000 build-debian4: libdnf-0.48.0/data/tests/gpg-asc/yum.repos.d/
2020-10-30 14:30:17.969907 +0000 build-debian4: libdnf-0.48.0/data/tests/gpg-asc/yum.repos.d/gpg-repo-asc.repo
2020-10-30 14:30:17.970025 +0000 build-debian4: libdnf-0.48.0/data/tests/gpg-no-asc/
2020-10-30 14:30:17.970041 +0000 build-debian4: libdnf-0.48.0/data/tests/gpg-no-asc/repodata/
2020-10-30 14:30:17.970050 +0000 build-debian4: libdnf-0.48.0/data/tests/gpg-no-asc/repodata/primary.sqlite.bz2
2020-10-30 14:30:17.970147 +0000 build-debian4: libdnf-0.48.0/data/tests/gpg-no-asc/repodata/repomd.xml
2020-10-30 14:30:17.970163 +0000 build-debian4: libdnf-0.48.0/data/tests/gpg-no-asc/yum.repos.d/
2020-10-30 14:30:17.970172 +0000 build-debian4: libdnf-0.48.0/data/tests/gpg-no-asc/yum.repos.d/gpg-repo-no-asc.repo
2020-10-30 14:30:17.970264 +0000 build-debian4: libdnf-0.48.0/data/tests/gpg-no-pubkey/
2020-10-30 14:30:17.970281 +0000 build-debian4: libdnf-0.48.0/data/tests/gpg-no-pubkey/gpg-repo-no-pubkey.repo
2020-10-30 14:30:17.970289 +0000 build-debian4: libdnf-0.48.0/data/tests/gpg-wrong-asc/
2020-10-30 14:30:17.970381 +0000 build-debian4: libdnf-0.48.0/data/tests/gpg-wrong-asc/repodata/
2020-10-30 14:30:17.970398 +0000 build-debian4: libdnf-0.48.0/data/tests/gpg-wrong-asc/repodata/primary.sqlite.bz2
2020-10-30 14:30:17.970501 +0000 build-debian4: libdnf-0.48.0/data/tests/gpg-wrong-asc/repodata/repomd.xml
2020-10-30 14:30:17.970517 +0000 build-debian4: libdnf-0.48.0/data/tests/gpg-wrong-asc/repodata/repomd.xml.asc
2020-10-30 14:30:17.970526 +0000 build-debian4: libdnf-0.48.0/data/tests/gpg-wrong-asc/yum.repos.d/
2020-10-30 14:30:17.970616 +0000 build-debian4: libdnf-0.48.0/data/tests/gpg-wrong-asc/yum.repos.d/gpg-repo-wrong-asc.repo
2020-10-30 14:30:17.970632 +0000 build-debian4: libdnf-0.48.0/data/tests/gpgkey/
2020-10-30 14:30:17.970738 +0000 build-debian4: libdnf-0.48.0/data/tests/gpgkey/.gitignore
2020-10-30 14:30:17.970754 +0000 build-debian4: libdnf-0.48.0/data/tests/gpgkey/pubring.gpg
2020-10-30 14:30:17.970762 +0000 build-debian4: libdnf-0.48.0/data/tests/gpgkey/secring.gpg
2020-10-30 14:30:17.970859 +0000 build-debian4: libdnf-0.48.0/data/tests/gpgkey/signing_key.pub
2020-10-30 14:30:17.970875 +0000 build-debian4: libdnf-0.48.0/data/tests/hawkey/
2020-10-30 14:30:17.970968 +0000 build-debian4: libdnf-0.48.0/data/tests/hawkey/@System-broken.repo
2020-10-30 14:30:17.970984 +0000 build-debian4: libdnf-0.48.0/data/tests/hawkey/@System-k.repo
2020-10-30 14:30:17.971084 +0000 build-debian4: libdnf-0.48.0/data/tests/hawkey/@System.repo
2020-10-30 14:30:17.971100 +0000 build-debian4: libdnf-0.48.0/data/tests/hawkey/change.repo
2020-10-30 14:30:17.971109 +0000 build-debian4: libdnf-0.48.0/data/tests/hawkey/forcebest.repo
2020-10-30 14:30:17.971339 +0000 build-debian4: libdnf-0.48.0/data/tests/hawkey/greedy.repo
2020-10-30 14:30:17.971355 +0000 build-debian4: libdnf-0.48.0/data/tests/hawkey/installonly.repo
2020-10-30 14:30:17.971363 +0000 build-debian4: libdnf-0.48.0/data/tests/hawkey/main.repo
2020-10-30 14:30:17.971370 +0000 build-debian4: libdnf-0.48.0/data/tests/hawkey/ppc.repo
2020-10-30 14:30:17.971378 +0000 build-debian4: libdnf-0.48.0/data/tests/hawkey/updates.repo
2020-10-30 14:30:17.971470 +0000 build-debian4: libdnf-0.48.0/data/tests/hawkey/vendor.repo
2020-10-30 14:30:17.971486 +0000 build-debian4: libdnf-0.48.0/data/tests/hawkey/yum/
2020-10-30 14:30:17.971494 +0000 build-debian4: libdnf-0.48.0/data/tests/hawkey/yum/drpms/
2020-10-30 14:30:17.971507 +0000 build-debian4: libdnf-0.48.0/data/tests/hawkey/yum/drpms/tour-4-5_4-6.noarch.drpm
2020-10-30 14:30:17.971607 +0000 build-debian4: libdnf-0.48.0/data/tests/hawkey/yum/mystery-devel-19.67-1.noarch.rpm
2020-10-30 14:30:17.971623 +0000 build-debian4: libdnf-0.48.0/data/tests/hawkey/yum/mystery.spec
2020-10-30 14:30:17.971732 +0000 build-debian4: libdnf-0.48.0/data/tests/hawkey/yum/recreate
2020-10-30 14:30:17.971748 +0000 build-debian4: libdnf-0.48.0/data/tests/hawkey/yum/repodata/
2020-10-30 14:30:17.971767 +0000 build-debian4: libdnf-0.48.0/data/tests/hawkey/yum/repodata/4d4b903662ace0b08bda1d53f89c333614b7f658172bc9f0c87b0eef276ff5a1-filelists.xml.gz
2020-10-30 14:30:17.971880 +0000 build-debian4: libdnf-0.48.0/data/tests/hawkey/yum/repodata/51fb8278682bdb0ea0956720b098dadf637efc01566acb48203c54c90ba86dda-other.xml.gz
2020-10-30 14:30:17.971900 +0000 build-debian4: libdnf-0.48.0/data/tests/hawkey/yum/repodata/52d800b3426c540bb88a80d01fb6c8d227ae14edca7446fa0f348a286223fb8b-prestodelta.xml.gz
2020-10-30 14:30:17.971913 +0000 build-debian4: libdnf-0.48.0/data/tests/hawkey/yum/repodata/f1ab2aa6c0e5881b9365f83a951e6696812ebfaaf56fee310c3f080c8849a1b4-primary.xml.gz
2020-10-30 14:30:17.972014 +0000 build-debian4: libdnf-0.48.0/data/tests/hawkey/yum/repodata/repomd.xml
2020-10-30 14:30:17.972030 +0000 build-debian4: libdnf-0.48.0/data/tests/hawkey/yum/repodata/updateinfo.xml.gz
2020-10-30 14:30:17.972039 +0000 build-debian4: libdnf-0.48.0/data/tests/hawkey/yum/tour-4-6.noarch.rpm
2020-10-30 14:30:17.972261 +0000 build-debian4: libdnf-0.48.0/data/tests/hawkey/yum/tour.spec
2020-10-30 14:30:17.972277 +0000 build-debian4: libdnf-0.48.0/data/tests/hawkey/yum/updateinfo.xml.gz
2020-10-30 14:30:17.972285 +0000 build-debian4: libdnf-0.48.0/data/tests/hawkey/yum_oldrpms/
2020-10-30 14:30:17.972294 +0000 build-debian4: libdnf-0.48.0/data/tests/hawkey/yum_oldrpms/tour-4-5.noarch.rpm
2020-10-30 14:30:17.972300 +0000 build-debian4: libdnf-0.48.0/data/tests/modules/
2020-10-30 14:30:17.972429 +0000 build-debian4: libdnf-0.48.0/data/tests/modules/defaults/
2020-10-30 14:30:17.972445 +0000 build-debian4: libdnf-0.48.0/data/tests/modules/defaults/httpd.yaml
2020-10-30 14:30:17.972453 +0000 build-debian4: libdnf-0.48.0/data/tests/modules/etc/
2020-10-30 14:30:17.972460 +0000 build-debian4: libdnf-0.48.0/data/tests/modules/etc/dnf/
2020-10-30 14:30:17.972563 +0000 build-debian4: libdnf-0.48.0/data/tests/modules/etc/dnf/dnf.conf
2020-10-30 14:30:17.972579 +0000 build-debian4: libdnf-0.48.0/data/tests/modules/etc/dnf/dnf.conf.in
2020-10-30 14:30:17.972588 +0000 build-debian4: libdnf-0.48.0/data/tests/modules/etc/dnf/modules.d/
2020-10-30 14:30:17.972697 +0000 build-debian4: libdnf-0.48.0/data/tests/modules/etc/dnf/modules.d/base-runtime.module
2020-10-30 14:30:17.972714 +0000 build-debian4: libdnf-0.48.0/data/tests/modules/etc/dnf/modules.d/httpd.module
2020-10-30 14:30:17.972813 +0000 build-debian4: libdnf-0.48.0/data/tests/modules/etc/dnf/modules.defaults.d/
2020-10-30 14:30:17.972830 +0000 build-debian4: libdnf-0.48.0/data/tests/modules/etc/dnf/modules.defaults.d/base-runtime.yaml
2020-10-30 14:30:17.972840 +0000 build-debian4: libdnf-0.48.0/data/tests/modules/etc/dnf/modules.defaults.d/httpd.yaml
2020-10-30 14:30:17.972933 +0000 build-debian4: libdnf-0.48.0/data/tests/modules/etc/dnf/repos.d/
2020-10-30 14:30:17.972949 +0000 build-debian4: libdnf-0.48.0/data/tests/modules/etc/dnf/repos.d/boltron.repo
2020-10-30 14:30:17.973057 +0000 build-debian4: libdnf-0.48.0/data/tests/modules/etc/dnf/repos.d/copr.repo
2020-10-30 14:30:17.973075 +0000 build-debian4: libdnf-0.48.0/data/tests/modules/etc/dnf/repos.d/fedora-modular-updates.repo
2020-10-30 14:30:17.973084 +0000 build-debian4: libdnf-0.48.0/data/tests/modules/etc/dnf/repos.d/fedora-modular.repo
2020-10-30 14:30:17.973183 +0000 build-debian4: libdnf-0.48.0/data/tests/modules/etc/dnf/repos.d/fedora.repo
2020-10-30 14:30:17.973199 +0000 build-debian4: libdnf-0.48.0/data/tests/modules/etc/dnf/repos.d/test.repo
2020-10-30 14:30:17.973208 +0000 build-debian4: libdnf-0.48.0/data/tests/modules/etc/dnf/repos.d/test.repo.in
2020-10-30 14:30:17.973306 +0000 build-debian4: libdnf-0.48.0/data/tests/modules/modules/
2020-10-30 14:30:17.973322 +0000 build-debian4: libdnf-0.48.0/data/tests/modules/modules/_all/
2020-10-30 14:30:17.973330 +0000 build-debian4: libdnf-0.48.0/data/tests/modules/modules/_all/i686/
2020-10-30 14:30:17.973579 +0000 build-debian4: libdnf-0.48.0/data/tests/modules/modules/_all/i686/base-runtime-f26-1.i686.yaml
2020-10-30 14:30:17.973602 +0000 build-debian4: libdnf-0.48.0/data/tests/modules/modules/_all/i686/base-runtime-f26-2.i686.yaml
2020-10-30 14:30:17.973613 +0000 build-debian4: libdnf-0.48.0/data/tests/modules/modules/_all/i686/base-runtime-rhel73-1.i686.yaml
2020-10-30 14:30:17.973623 +0000 build-debian4: libdnf-0.48.0/data/tests/modules/modules/_all/i686/basesystem-10.0-7.noarch.rpm
2020-10-30 14:30:17.973648 +0000 build-debian4: libdnf-0.48.0/data/tests/modules/modules/_all/i686/basesystem-11-3.noarch.rpm
2020-10-30 14:30:17.973658 +0000 build-debian4: libdnf-0.48.0/data/tests/modules/modules/_all/i686/bash-4.2.46-21.i686.rpm
2020-10-30 14:30:17.973890 +0000 build-debian4: libdnf-0.48.0/data/tests/modules/modules/_all/i686/bash-4.4.12-2.i686.rpm
2020-10-30 14:30:17.973921 +0000 build-debian4: libdnf-0.48.0/data/tests/modules/modules/_all/i686/bash-doc-4.2.46-21.noarch.rpm
2020-10-30 14:30:17.973932 +0000 build-debian4: libdnf-0.48.0/data/tests/modules/modules/_all/i686/bash-doc-4.4.12-2.noarch.rpm
2020-10-30 14:30:17.973942 +0000 build-debian4: libdnf-0.48.0/data/tests/modules/modules/_all/i686/dummy-nscd-2.17-157.i686.rpm
2020-10-30 14:30:17.973952 +0000 build-debian4: libdnf-0.48.0/data/tests/modules/modules/_all/i686/dummy-nscd-2.25-4.i686.rpm
2020-10-30 14:30:17.973962 +0000 build-debian4: libdnf-0.48.0/data/tests/modules/modules/_all/i686/dummy-nscd-2.25.90-2.i686.rpm
2020-10-30 14:30:17.974232 +0000 build-debian4: libdnf-0.48.0/data/tests/modules/modules/_all/i686/filesystem-3.2-21.i686.rpm
2020-10-30 14:30:17.974250 +0000 build-debian4: libdnf-0.48.0/data/tests/modules/modules/_all/i686/filesystem-3.2-40.i686.rpm
2020-10-30 14:30:17.974261 +0000 build-debian4: libdnf-0.48.0/data/tests/modules/modules/_all/i686/glibc-2.17-157.i686.rpm
2020-10-30 14:30:17.974270 +0000 build-debian4: libdnf-0.48.0/data/tests/modules/modules/_all/i686/glibc-2.25-4.i686.rpm
2020-10-30 14:30:17.974279 +0000 build-debian4: libdnf-0.48.0/data/tests/modules/modules/_all/i686/glibc-2.25.90-2.i686.rpm
2020-10-30 14:30:17.974289 +0000 build-debian4: libdnf-0.48.0/data/tests/modules/modules/_all/i686/glibc-common-2.17-157.i686.rpm
2020-10-30 14:30:17.974658 +0000 build-debian4: libdnf-0.48.0/data/tests/modules/modules/_all/i686/glibc-common-2.25-4.i686.rpm
2020-10-30 14:30:17.974678 +0000 build-debian4: libdnf-0.48.0/data/tests/modules/modules/_all/i686/glibc-common-2.25.90-2.i686.rpm
2020-10-30 14:30:17.974689 +0000 build-debian4: libdnf-0.48.0/data/tests/modules/modules/_all/i686/glibc-debuginfo-common-2.17-157.i686.rpm
2020-10-30 14:30:17.974700 +0000 build-debian4: libdnf-0.48.0/data/tests/modules/modules/_all/i686/glibc-debuginfo-common-2.25-4.i686.rpm
2020-10-30 14:30:17.974710 +0000 build-debian4: libdnf-0.48.0/data/tests/modules/modules/_all/i686/glibc-debuginfo-common-2.25.90-2.i686.rpm
2020-10-30 14:30:17.974719 +0000 build-debian4: libdnf-0.48.0/data/tests/modules/modules/_all/i686/grub2-2.02-0.40.i686.rpm
2020-10-30 14:30:17.974729 +0000 build-debian4: libdnf-0.48.0/data/tests/modules/modules/_all/i686/httpd-2.2-1.i686.yaml
2020-10-30 14:30:17.974738 +0000 build-debian4: libdnf-0.48.0/data/tests/modules/modules/_all/i686/httpd-2.2.10-1.i686.rpm
2020-10-30 14:30:17.975018 +0000 build-debian4: libdnf-0.48.0/data/tests/modules/modules/_all/i686/httpd-2.2.15-59.i686.rpm
2020-10-30 14:30:17.975036 +0000 build-debian4: libdnf-0.48.0/data/tests/modules/modules/_all/i686/httpd-2.4-1.i686.yaml
2020-10-30 14:30:17.975046 +0000 build-debian4: libdnf-0.48.0/data/tests/modules/modules/_all/i686/httpd-2.4-2.i686.yaml
