2018-08-02 16:43:30.357317 +0000 > starting log
2018-08-02 16:43:30.359456 +0000 build-debian4: > starting build with log
2018-08-02 16:43:30.359499 +0000 build-debian4: >> make args: update-repo-current
2018-08-02 16:43:30.359526 +0000 build-debian4: >> MAKEFLAGS=
2018-08-02 16:43:30.359549 +0000 build-debian4: >> COMPONENTS=linux-kernel
2018-08-02 16:43:30.359572 +0000 build-debian4: >> DISTS_VM=jessie stretch buster
2018-08-02 16:43:30.359594 +0000 build-debian4: >> DIST_DOM0=
2018-08-02 16:43:30.359621 +0000 build-debian4: >> qubes-builder fbb09af2d830e2358fbaa9c63cea96235a7476a6
2018-08-02 16:43:30.359650 +0000 build-debian4: >> qubes-builder/qubes-src/linux-kernel 27af5517ece79c74f0439b0f13ec38c38f148e4e
2018-08-02 16:43:30.359672 +0000 build-debian4: !! linux-4.14.18.tar.sign
2018-08-02 16:43:30.359694 +0000 build-debian4: !! linux-4.14.18.tar.xz
2018-08-02 16:43:30.359717 +0000 build-debian4: !! linux-4.14.34.tar.sign
2018-08-02 16:43:30.359739 +0000 build-debian4: !! linux-4.14.34.tar.xz
2018-08-02 16:43:30.359760 +0000 build-debian4: !! linux-4.14.35.tar.sign
2018-08-02 16:43:30.359781 +0000 build-debian4: !! linux-4.14.35.tar.xz
2018-08-02 16:43:30.359802 +0000 build-debian4: !! linux-4.14.41.tar.sign
2018-08-02 16:43:30.359823 +0000 build-debian4: !! linux-4.14.41.tar.xz
2018-08-02 16:43:30.359846 +0000 build-debian4: !! linux-4.14.57.tar.sign
2018-08-02 16:43:30.359868 +0000 build-debian4: !! linux-4.14.57.tar.xz
2018-08-02 16:43:30.359903 +0000 build-debian4: dab974ca1204448b778b9d28762df8364006e9f35f709b6085c09a54bf48ab7584e28cac54ec9cd73fb4d845a827f62e4649c9902887fab416520a7199cac361  linux-4.14.18.tar.sign
2018-08-02 16:43:30.460017 +0000 build-debian4: 43fceb4a0df708c8c6d059da636e20fe55b1ce121f82116d8c94e5df43d373feee35ed20b66472359732a112c734dafa40ef759efd7d9c65639f76e170beed4d  linux-4.14.18.tar.xz
2018-08-02 16:43:30.460464 +0000 build-debian4: 35197ce8b6c85718cc92a0a6cb0a69f087c058c48c1257b07bde7051fdfeaafe36cbb3c983d4aff75c6dfdac176c0fdcc5419c835c1b0f16c9230e0441464764  linux-4.14.34.tar.sign
2018-08-02 16:43:30.806168 +0000 build-debian4: 41af26599eff7e5d5ffe5cb93fca2b384085ff2c0daf72067b18b7fc44d8de82c00a26057d23a83c0220337a8aecf09bf43d4e1d544c2ec0b620c052d78c8c62  linux-4.14.34.tar.xz
2018-08-02 16:43:30.806788 +0000 build-debian4: 40452e08e1b0bd6ad1a70b77ec1987330bedaca21f4a1612f487adce028101d0a1cfd24a8fee8f4f05534cca3c83bf362bfa9b36ef5acf36a3a69b64ae611550  linux-4.14.35.tar.sign
2018-08-02 16:43:31.168611 +0000 build-debian4: bd3adc5538ef35a27c6592e022c0c0e1aaa2659385d13b1e4f493eae3b520fd73f489119d0984b08dabdb5d53fbab3ef0d68039fef6e950e0e30887518c667ff  linux-4.14.35.tar.xz
2018-08-02 16:43:31.169024 +0000 build-debian4: a645cddcebd049a0f3c676b593da81df8e82bcf77ebafda5f36174c7a0cbd07f5dc1d41f4cfd7d5523120ecc9eeb1e3386896d2fefb0cf6a223cf96ffc0b06c2  linux-4.14.41.tar.sign
2018-08-02 16:43:31.558967 +0000 build-debian4: 55ebb3d1d4102706c59c9d0c7118ef72cd1b23b38f3b51e889a32809881a7af23214be92011d6d1b79ed133ba70b199dd49431b67f50ea37a6f3eaad391e82fb  linux-4.14.41.tar.xz
2018-08-02 16:43:31.559417 +0000 build-debian4: 21339bbf797b13bd9246bbd63e45d09ffc5058baabdf4858a429fe0ac33d83bead23d37b122daee079753a5632e7ab9d1668d5d09a120f34e82cb3ceee44fb83  linux-4.14.57.tar.sign
2018-08-02 16:43:31.926135 +0000 build-debian4: 66fddfbde6184d5afaa2d15510482851fc5f818f2b7e9ca71ae4f4a0b7f25e3408d08dd4594f66f35bb01aca4a09f122e7cbc7db64815a58db3d26e49820e638  linux-4.14.57.tar.xz
2018-08-02 16:43:32.119088 +0000 build-debian4: ================================================================================
2018-08-02 16:43:32.119161 +0000 build-debian4:                            B U I L D   I N F O                                  
2018-08-02 16:43:32.119202 +0000 build-debian4: Items in red indicate it was automatically generated by configuration file(s)
2018-08-02 16:43:32.119239 +0000 build-debian4: Items in white indicate it was automatically removed by configuration file(s)
2018-08-02 16:43:32.119287 +0000 build-debian4: ================================================================================
2018-08-02 16:43:32.119313 +0000 build-debian4: DISTS_VM:
2018-08-02 16:43:32.125740 +0000 build-debian4:      jessie+standard, stretch+standard, buster, jessie stretch
2018-08-02 16:43:32.126316 +0000 build-debian4: DISTS_ALL:
2018-08-02 16:43:32.134090 +0000 build-debian4:      buster, jessie, stretch,
2018-08-02 16:43:32.134709 +0000 build-debian4: DIST_DOM0:
2018-08-02 16:43:32.141303 +0000 build-debian4:     
2018-08-02 16:43:32.142049 +0000 build-debian4: BUILDER_PLUGINS:
2018-08-02 16:43:32.148987 +0000 build-debian4:      builder-debian, mgmt-salt, linux-deb, builder-github,
2018-08-02 16:43:32.149552 +0000 build-debian4: COMPONENTS:
2018-08-02 16:43:32.156970 +0000 build-debian4:      linux-kernel,
2018-08-02 16:43:32.157533 +0000 build-debian4: GIT_REPOS:
2018-08-02 16:43:32.163860 +0000 build-debian4:      qubes-src/linux-kernel,
2018-08-02 16:43:32.164414 +0000 build-debian4: TEMPLATE:
2018-08-02 16:43:32.171491 +0000 build-debian4:     
2018-08-02 16:43:32.172119 +0000 build-debian4: TEMPLATE_FLAVOR_DIR:
2018-08-02 16:43:32.179639 +0000 build-debian4:     
2018-08-02 16:43:32.180276 +0000 build-debian4: TEMPLATE_ALIAS:
2018-08-02 16:43:32.188048 +0000 build-debian4:      jessie:jessie+standard, jessie+gnome:jessie+gnome+standard, jessie+minimal:jessie+minimal+no-recommends,
2018-08-02 16:43:32.188102 +0000 build-debian4:      stretch:stretch+standard, stretch+gnome:stretch+gnome+standard,
2018-08-02 16:43:32.188125 +0000 build-debian4:      stretch+minimal:stretch+minimal+no-recommends,
2018-08-02 16:43:32.188829 +0000 build-debian4: TEMPLATE_LABEL:
2018-08-02 16:43:32.195518 +0000 build-debian4:      jessie+standard:debian-8, stretch+standard:debian-9, jessie+standard:jessie, stretch+standard:stretch,
2018-08-02 16:43:32.195581 +0000 build-debian4:      fc20:fedora-20 fc21:fedora-21 fc22:fedora-22 fc23:fedora-23 fc24:fedora-24 fc25:fedora-25 fc26:fedora-26
2018-08-02 16:43:32.195615 +0000 build-debian4:      fc27:fedora-27 fc28:fedora-28 fc20+minimal:fedora-20-minimal fc21+minimal:fedora-21-minimal
2018-08-02 16:43:32.195647 +0000 build-debian4:      fc23+minimal:fedora-23-minimal fc24+minimal:fedora-24-minimal fc25+minimal:fedora-25-minimal
2018-08-02 16:43:32.195680 +0000 build-debian4:      fc26+minimal:fedora-26-minimal fc27+minimal:fedora-27-minimal fc28+minimal:fedora-28-minimal
2018-08-02 16:43:32.195712 +0000 build-debian4:      fc25+xfce:fedora-25-xfce fc26+xfce:fedora-26-xfce fc27+xfce:fedora-27-xfce fc28+xfce:fedora-28-xfce
2018-08-02 16:43:32.195742 +0000 build-debian4:      wheezy:debian-7 wheezy+standard:debian-7 jessie:debian-8 stretch:debian-9 centos7:centos-7
2018-08-02 16:43:32.195761 +0000 build-debian4:      centos7+minimal:centos-7-minimal centos7+xfce:centos-7-xfce
2018-08-02 16:43:32.258534 +0000 build-debian4: > running make
2018-08-02 16:43:32.310307 +0000 build-debian4: Makefile:765: target 'internal-update-repo-current.vm.buster.linux-kernel' does not exist
2018-08-02 16:43:32.310389 +0000 build-debian4: repo_base_var="LINUX_REPO_buster_BASEDIR"; \
2018-08-02 16:43:32.310424 +0000 build-debian4: if [ "linux-kernel" = linux-template-builder ]; then \
2018-08-02 16:43:32.310460 +0000 build-debian4: .# templates belongs to dom0 repository, even though PACKAGE_SET=vm
2018-08-02 16:43:32.310487 +0000 build-debian4: repo_base_var="LINUX_REPO__BASEDIR"; \
2018-08-02 16:43:32.310510 +0000 build-debian4: fi; \
2018-08-02 16:43:32.310536 +0000 build-debian4: if [ -n "${!repo_base_var}" ]; then \
2018-08-02 16:43:32.310562 +0000 build-debian4: .repo_basedir="${!repo_base_var}"; \
2018-08-02 16:43:32.310585 +0000 build-debian4: else \
2018-08-02 16:43:32.310612 +0000 build-debian4: .repo_basedir="qubes-src/linux-deb/r4.0"; \
2018-08-02 16:43:32.310634 +0000 build-debian4: fi; \
2018-08-02 16:43:32.310663 +0000 build-debian4: if [ -r qubes-src/linux-kernel/Makefile.builder ]; then \
2018-08-02 16:43:32.310688 +0000 build-debian4: .echo -n "Updating qubes-src/linux-kernel... "; \
2018-08-02 16:43:32.310710 +0000 build-debian4: .if [ "0" -eq 1 ]; then \
2018-08-02 16:43:32.310736 +0000 build-debian4: ..vtag=`git -C qubes-src/linux-kernel tag --points-at HEAD --list v*`; \
2018-08-02 16:43:32.310778 +0000 build-debian4: ..if [ -z "$vtag" ]; then \
2018-08-02 16:43:32.310800 +0000 build-debian4: ...echo "no version tag"; \
2018-08-02 16:43:32.310820 +0000 build-debian4: ...exit 0; \
2018-08-02 16:43:32.310840 +0000 build-debian4: ..fi; \
2018-08-02 16:43:32.310859 +0000 build-debian4: .fi; \
2018-08-02 16:43:32.310882 +0000 build-debian4: .if [ "linux-kernel" = linux-template-builder ]; then
2018-08-02 16:43:32.310913 +0000 build-debian4: export TEMPLATE_NAME=$(MAKEFLAGS= make -s -C qubes-src/linux-template-builder DIST=buster template-name)
2018-08-02 16:43:32.310935 +0000 build-debian4: fi
2018-08-02 16:43:32.310981 +0000 build-debian4: component_packages=$(MAKEFLAGS= make -s -f Makefile.generic DIST=buster PACKAGE_SET=vm COMPONENT=`basename qubes-src/linux-kernel` UPDATE_REPO=/home/user/builder-r4.0/$repo_basedir/current/vm/buster get-var GET_VAR=PACKAGE_LIST); \
2018-08-02 16:43:32.311011 +0000 build-debian4: .if [ -z "$component_packages" ]; then \
2018-08-02 16:43:32.311036 +0000 build-debian4: ..echo "no packages."; \
2018-08-02 16:43:32.311059 +0000 build-debian4: ..exit 0; \
2018-08-02 16:43:32.311082 +0000 build-debian4: .fi; \
2018-08-02 16:43:32.311111 +0000 build-debian4: .make -s -f Makefile.generic DIST=buster PACKAGE_SET=vm \
2018-08-02 16:43:32.311138 +0000 build-debian4: ..COMPONENT=`basename qubes-src/linux-kernel` \
2018-08-02 16:43:32.311164 +0000 build-debian4: ..SNAPSHOT_REPO=current-testing \
2018-08-02 16:43:32.311188 +0000 build-debian4: ..TARGET_REPO=current \
2018-08-02 16:43:32.311215 +0000 build-debian4: ..UPDATE_REPO=/home/user/builder-r4.0/$repo_basedir/current/vm/buster \
2018-08-02 16:43:32.311251 +0000 build-debian4: ..SNAPSHOT_FILE=/home/user/builder-r4.0/repo-latest-snapshot/current-testing-vm-buster-`basename qubes-src/linux-kernel` \
2018-08-02 16:43:32.311274 +0000 build-debian4: ..BUILD_LOG_URL= \
2018-08-02 16:43:32.311300 +0000 build-debian4: ..update-repo-from-snapshot || exit 1; \
2018-08-02 16:43:32.311350 +0000 build-debian4: elif make -C qubes-src/linux-kernel -n update-repo-current >/dev/null 2>/dev/null; then \
2018-08-02 16:43:32.311379 +0000 build-debian4: .echo "Updating qubes-src/linux-kernel... "; \
2018-08-02 16:43:32.311410 +0000 build-debian4: .DIST=buster UPDATE_REPO=/home/user/builder-r4.0/$repo_basedir/current/vm/buster \
2018-08-02 16:43:32.311439 +0000 build-debian4: .make -s -C qubes-src/linux-kernel update-repo-current || exit 1; \
2018-08-02 16:43:32.311462 +0000 build-debian4: else \
2018-08-02 16:43:32.311489 +0000 build-debian4: .echo -n "Updating qubes-src/linux-kernel... skipping."; \
2018-08-02 16:43:32.311511 +0000 build-debian4: fi; \
2018-08-02 16:43:32.311532 +0000 build-debian4: echo
2018-08-02 16:43:32.520393 +0000 build-debian4: Updating qubes-src/linux-kernel... no packages.
2018-08-02 16:43:32.520742 +0000 build-debian4: Makefile:738: update target 'internal-update-repo-current.vm.buster' due to: internal-update-repo-current.vm.buster.linux-kernel
2018-08-02 16:43:32.520778 +0000 build-debian4: true
2018-08-02 16:43:32.525111 +0000 build-debian4: Makefile:765: target 'internal-update-repo-current.vm.jessie.linux-kernel' does not exist
2018-08-02 16:43:32.525166 +0000 build-debian4: repo_base_var="LINUX_REPO_jessie_BASEDIR"; \
2018-08-02 16:43:32.525195 +0000 build-debian4: if [ "linux-kernel" = linux-template-builder ]; then \
2018-08-02 16:43:32.525224 +0000 build-debian4: .# templates belongs to dom0 repository, even though PACKAGE_SET=vm
2018-08-02 16:43:32.525249 +0000 build-debian4: repo_base_var="LINUX_REPO__BASEDIR"; \
2018-08-02 16:43:32.525273 +0000 build-debian4: fi; \
2018-08-02 16:43:32.525299 +0000 build-debian4: if [ -n "${!repo_base_var}" ]; then \
2018-08-02 16:43:32.525325 +0000 build-debian4: .repo_basedir="${!repo_base_var}"; \
2018-08-02 16:43:32.525364 +0000 build-debian4: else \
2018-08-02 16:43:32.525380 +0000 build-debian4: .repo_basedir="qubes-src/linux-deb/r4.0"; \
2018-08-02 16:43:32.525393 +0000 build-debian4: fi; \
2018-08-02 16:43:32.525436 +0000 build-debian4: if [ -r qubes-src/linux-kernel/Makefile.builder ]; then \
2018-08-02 16:43:32.525464 +0000 build-debian4: .echo -n "Updating qubes-src/linux-kernel... "; \
2018-08-02 16:43:32.525490 +0000 build-debian4: .if [ "0" -eq 1 ]; then \
2018-08-02 16:43:32.525522 +0000 build-debian4: ..vtag=`git -C qubes-src/linux-kernel tag --points-at HEAD --list v*`; \
2018-08-02 16:43:32.525546 +0000 build-debian4: ..if [ -z "$vtag" ]; then \
2018-08-02 16:43:32.525572 +0000 build-debian4: ...echo "no version tag"; \
2018-08-02 16:43:32.525595 +0000 build-debian4: ...exit 0; \
2018-08-02 16:43:32.525617 +0000 build-debian4: ..fi; \
2018-08-02 16:43:32.525640 +0000 build-debian4: .fi; \
2018-08-02 16:43:32.525668 +0000 build-debian4: .if [ "linux-kernel" = linux-template-builder ]; then
2018-08-02 16:43:32.525703 +0000 build-debian4: export TEMPLATE_NAME=$(MAKEFLAGS= make -s -C qubes-src/linux-template-builder DIST=jessie template-name)
2018-08-02 16:43:32.525726 +0000 build-debian4: fi
2018-08-02 16:43:32.525773 +0000 build-debian4: component_packages=$(MAKEFLAGS= make -s -f Makefile.generic DIST=jessie PACKAGE_SET=vm COMPONENT=`basename qubes-src/linux-kernel` UPDATE_REPO=/home/user/builder-r4.0/$repo_basedir/current/vm/jessie get-var GET_VAR=PACKAGE_LIST); \
2018-08-02 16:43:32.525802 +0000 build-debian4: .if [ -z "$component_packages" ]; then \
2018-08-02 16:43:32.525826 +0000 build-debian4: ..echo "no packages."; \
2018-08-02 16:43:32.525848 +0000 build-debian4: ..exit 0; \
2018-08-02 16:43:32.525870 +0000 build-debian4: .fi; \
2018-08-02 16:43:32.525897 +0000 build-debian4: .make -s -f Makefile.generic DIST=jessie PACKAGE_SET=vm \
2018-08-02 16:43:32.525923 +0000 build-debian4: ..COMPONENT=`basename qubes-src/linux-kernel` \
2018-08-02 16:43:32.525948 +0000 build-debian4: ..SNAPSHOT_REPO=current-testing \
2018-08-02 16:43:32.525970 +0000 build-debian4: ..TARGET_REPO=current \
2018-08-02 16:43:32.526000 +0000 build-debian4: ..UPDATE_REPO=/home/user/builder-r4.0/$repo_basedir/current/vm/jessie \
2018-08-02 16:43:32.526036 +0000 build-debian4: ..SNAPSHOT_FILE=/home/user/builder-r4.0/repo-latest-snapshot/current-testing-vm-jessie-`basename qubes-src/linux-kernel` \
2018-08-02 16:43:32.526061 +0000 build-debian4: ..BUILD_LOG_URL= \
2018-08-02 16:43:32.526087 +0000 build-debian4: ..update-repo-from-snapshot || exit 1; \
2018-08-02 16:43:32.526117 +0000 build-debian4: elif make -C qubes-src/linux-kernel -n update-repo-current >/dev/null 2>/dev/null; then \
2018-08-02 16:43:32.526144 +0000 build-debian4: .echo "Updating qubes-src/linux-kernel... "; \
2018-08-02 16:43:32.526176 +0000 build-debian4: .DIST=jessie UPDATE_REPO=/home/user/builder-r4.0/$repo_basedir/current/vm/jessie \
2018-08-02 16:43:32.526206 +0000 build-debian4: .make -s -C qubes-src/linux-kernel update-repo-current || exit 1; \
2018-08-02 16:43:32.526229 +0000 build-debian4: else \
2018-08-02 16:43:32.526263 +0000 build-debian4: .echo -n "Updating qubes-src/linux-kernel... skipping."; \
2018-08-02 16:43:32.526284 +0000 build-debian4: fi; \
2018-08-02 16:43:32.526306 +0000 build-debian4: echo
2018-08-02 16:43:32.721141 +0000 build-debian4: Updating qubes-src/linux-kernel... no packages.
2018-08-02 16:43:32.721604 +0000 build-debian4: Makefile:738: update target 'internal-update-repo-current.vm.jessie' due to: internal-update-repo-current.vm.jessie.linux-kernel
2018-08-02 16:43:32.721651 +0000 build-debian4: true
2018-08-02 16:43:32.725901 +0000 build-debian4: Makefile:765: target 'internal-update-repo-current.vm.stretch.linux-kernel' does not exist
2018-08-02 16:43:32.725943 +0000 build-debian4: repo_base_var="LINUX_REPO_stretch_BASEDIR"; \
2018-08-02 16:43:32.725969 +0000 build-debian4: if [ "linux-kernel" = linux-template-builder ]; then \
2018-08-02 16:43:32.726000 +0000 build-debian4: .# templates belongs to dom0 repository, even though PACKAGE_SET=vm
2018-08-02 16:43:32.726020 +0000 build-debian4: repo_base_var="LINUX_REPO__BASEDIR"; \
2018-08-02 16:43:32.726053 +0000 build-debian4: fi; \
2018-08-02 16:43:32.726073 +0000 build-debian4: if [ -n "${!repo_base_var}" ]; then \
2018-08-02 16:43:32.726107 +0000 build-debian4: .repo_basedir="${!repo_base_var}"; \
2018-08-02 16:43:32.726121 +0000 build-debian4: else \
2018-08-02 16:43:32.726137 +0000 build-debian4: .repo_basedir="qubes-src/linux-deb/r4.0"; \
2018-08-02 16:43:32.726150 +0000 build-debian4: fi; \
2018-08-02 16:43:32.726166 +0000 build-debian4: if [ -r qubes-src/linux-kernel/Makefile.builder ]; then \
2018-08-02 16:43:32.726182 +0000 build-debian4: .echo -n "Updating qubes-src/linux-kernel... "; \
2018-08-02 16:43:32.726197 +0000 build-debian4: .if [ "0" -eq 1 ]; then \
2018-08-02 16:43:32.726214 +0000 build-debian4: ..vtag=`git -C qubes-src/linux-kernel tag --points-at HEAD --list v*`; \
2018-08-02 16:43:32.726228 +0000 build-debian4: ..if [ -z "$vtag" ]; then \
2018-08-02 16:43:32.726242 +0000 build-debian4: ...echo "no version tag"; \
2018-08-02 16:43:32.726260 +0000 build-debian4: ...exit 0; \
2018-08-02 16:43:32.726274 +0000 build-debian4: ..fi; \
2018-08-02 16:43:32.726286 +0000 build-debian4: .fi; \
2018-08-02 16:43:32.726302 +0000 build-debian4: .if [ "linux-kernel" = linux-template-builder ]; then
2018-08-02 16:43:32.726321 +0000 build-debian4: export TEMPLATE_NAME=$(MAKEFLAGS= make -s -C qubes-src/linux-template-builder DIST=stretch template-name)
2018-08-02 16:43:32.726367 +0000 build-debian4: fi
2018-08-02 16:43:32.726396 +0000 build-debian4: component_packages=$(MAKEFLAGS= make -s -f Makefile.generic DIST=stretch PACKAGE_SET=vm COMPONENT=`basename qubes-src/linux-kernel` UPDATE_REPO=/home/user/builder-r4.0/$repo_basedir/current/vm/stretch get-var GET_VAR=PACKAGE_LIST); \
2018-08-02 16:43:32.726413 +0000 build-debian4: .if [ -z "$component_packages" ]; then \
2018-08-02 16:43:32.726428 +0000 build-debian4: ..echo "no packages."; \
2018-08-02 16:43:32.726441 +0000 build-debian4: ..exit 0; \
2018-08-02 16:43:32.726462 +0000 build-debian4: .fi; \
2018-08-02 16:43:32.726497 +0000 build-debian4: .make -s -f Makefile.generic DIST=stretch PACKAGE_SET=vm \
2018-08-02 16:43:32.726516 +0000 build-debian4: ..COMPONENT=`basename qubes-src/linux-kernel` \
2018-08-02 16:43:32.726532 +0000 build-debian4: ..SNAPSHOT_REPO=current-testing \
2018-08-02 16:43:32.726546 +0000 build-debian4: ..TARGET_REPO=current \
2018-08-02 16:43:32.726563 +0000 build-debian4: ..UPDATE_REPO=/home/user/builder-r4.0/$repo_basedir/current/vm/stretch \
2018-08-02 16:43:32.726583 +0000 build-debian4: ..SNAPSHOT_FILE=/home/user/builder-r4.0/repo-latest-snapshot/current-testing-vm-stretch-`basename qubes-src/linux-kernel` \
2018-08-02 16:43:32.726598 +0000 build-debian4: ..BUILD_LOG_URL= \
2018-08-02 16:43:32.726612 +0000 build-debian4: ..update-repo-from-snapshot || exit 1; \
2018-08-02 16:43:32.726630 +0000 build-debian4: elif make -C qubes-src/linux-kernel -n update-repo-current >/dev/null 2>/dev/null; then \
2018-08-02 16:43:32.726646 +0000 build-debian4: .echo "Updating qubes-src/linux-kernel... "; \
2018-08-02 16:43:32.726663 +0000 build-debian4: .DIST=stretch UPDATE_REPO=/home/user/builder-r4.0/$repo_basedir/current/vm/stretch \
2018-08-02 16:43:32.726680 +0000 build-debian4: .make -s -C qubes-src/linux-kernel update-repo-current || exit 1; \
2018-08-02 16:43:32.726693 +0000 build-debian4: else \
2018-08-02 16:43:32.726710 +0000 build-debian4: .echo -n "Updating qubes-src/linux-kernel... skipping."; \
2018-08-02 16:43:32.726723 +0000 build-debian4: fi; \
2018-08-02 16:43:32.726736 +0000 build-debian4: echo
2018-08-02 16:43:32.913603 +0000 build-debian4: Updating qubes-src/linux-kernel... no packages.
2018-08-02 16:43:32.914132 +0000 build-debian4: Makefile:738: update target 'internal-update-repo-current.vm.stretch' due to: internal-update-repo-current.vm.stretch.linux-kernel
2018-08-02 16:43:32.914175 +0000 build-debian4: true
2018-08-02 16:43:32.918722 +0000 build-debian4: Makefile:819: target 'post-update-repo-current' does not exist
2018-08-02 16:43:32.918780 +0000 build-debian4: for dist in  buster jessie stretch; do \
2018-08-02 16:43:32.918813 +0000 build-debian4: .repo_base_var="LINUX_REPO_${dist}_BASEDIR"; \
2018-08-02 16:43:32.918861 +0000 build-debian4: .if [ -n "${!repo_base_var}" ]; then \
2018-08-02 16:43:32.918888 +0000 build-debian4: ..repo_basedir="${!repo_base_var}"; \
2018-08-02 16:43:32.918910 +0000 build-debian4: .else \
2018-08-02 16:43:32.918936 +0000 build-debian4: ..repo_basedir="qubes-src/linux-deb/r4.0"; \
2018-08-02 16:43:32.918959 +0000 build-debian4: .fi; \
2018-08-02 16:43:32.918985 +0000 build-debian4: .repos_to_update="$repos_to_update $repo_basedir"; \
2018-08-02 16:43:32.919008 +0000 build-debian4: done; \
2018-08-02 16:43:32.919035 +0000 build-debian4: for repo in `echo $repos_to_update|tr ' ' '\n'|sort|uniq`; do \
2018-08-02 16:43:32.919062 +0000 build-debian4: .[ -z "$repo" ] && continue; \
2018-08-02 16:43:32.919090 +0000 build-debian4: .[ -x "$repo/../update_repo-current.sh" ] || continue; \
2018-08-02 16:43:32.919117 +0000 build-debian4: .(cd $repo/.. && ./update_repo-current.sh r4.0); \
2018-08-02 16:43:32.919138 +0000 build-debian4: done
2018-08-02 16:43:32.956972 +0000 build-debian4: --> Processing repo: r4.0/vm/dists/buster...
2018-08-02 16:43:33.799825 +0000 build-debian4: --> Processing repo: r4.0/vm/dists/jessie...
2018-08-02 16:43:34.667348 +0000 build-debian4: --> Processing repo: r4.0/vm/dists/stretch...
2018-08-02 16:43:35.506406 +0000 build-debian4: Done.
2018-08-02 16:43:35.522472 +0000 build-debian4: ~/builder-r4.0/qubes-src/linux-deb ~/builder-r4.0/qubes-src/linux-deb
2018-08-02 16:43:36.618216 +0000 build-debian4: sending incremental file list
2018-08-02 16:43:36.867843 +0000 build-debian4: Syncing r4.0/vm/buster...
2018-08-02 16:43:37.071539 +0000 build-debian4: sending incremental file list
2018-08-02 16:43:37.224815 +0000 build-debian4: .d..t...... buster/
2018-08-02 16:43:37.224888 +0000 build-debian4: <f..t...... buster/InRelease
2018-08-02 16:43:37.225497 +0000 build-debian4: .            700  28%    0.00kB/s    0:00:00  .          2,482 100%    1.70MB/s    0:00:00 (xfr#1, to-chk=10/12)
2018-08-02 16:43:37.225940 +0000 build-debian4: <f..t...... buster/Release.gpg
2018-08-02 16:43:37.226002 +0000 build-debian4: .            833 100%  813.48kB/s    0:00:00  .            833 100%  813.48kB/s    0:00:00 (xfr#2, to-chk=8/12)
2018-08-02 16:43:37.305134 +0000 build-debian4: Syncing r4.0/vm/buster-securitytesting...
2018-08-02 16:43:37.503582 +0000 build-debian4: sending incremental file list
2018-08-02 16:43:37.704925 +0000 build-debian4: Syncing r4.0/vm/buster-testing...
2018-08-02 16:43:37.906294 +0000 build-debian4: sending incremental file list
2018-08-02 16:43:38.110251 +0000 build-debian4: Syncing r4.0/vm/jessie...
2018-08-02 16:43:38.309654 +0000 build-debian4: sending incremental file list
2018-08-02 16:43:38.461247 +0000 build-debian4: .d..t...... jessie/
2018-08-02 16:43:38.461304 +0000 build-debian4: <f..t...... jessie/InRelease
2018-08-02 16:43:38.461763 +0000 build-debian4: .            700  28%    0.00kB/s    0:00:00  .          2,482 100%    1.70MB/s    0:00:00 (xfr#1, to-chk=10/12)
2018-08-02 16:43:38.461831 +0000 build-debian4: <f..t...... jessie/Release.gpg
2018-08-02 16:43:38.462144 +0000 build-debian4: .            833 100%  813.48kB/s    0:00:00  .            833 100%  813.48kB/s    0:00:00 (xfr#2, to-chk=8/12)
2018-08-02 16:43:38.537719 +0000 build-debian4: Syncing r4.0/vm/jessie-securitytesting...
2018-08-02 16:43:38.738642 +0000 build-debian4: sending incremental file list
2018-08-02 16:43:38.946930 +0000 build-debian4: Syncing r4.0/vm/jessie-testing...
2018-08-02 16:43:39.153932 +0000 build-debian4: sending incremental file list
2018-08-02 16:43:39.365929 +0000 build-debian4: Syncing r4.0/vm/stretch...
2018-08-02 16:43:39.570537 +0000 build-debian4: sending incremental file list
2018-08-02 16:43:39.720888 +0000 build-debian4: .d..t...... stretch/
2018-08-02 16:43:39.720945 +0000 build-debian4: <f..t...... stretch/InRelease
2018-08-02 16:43:39.721338 +0000 build-debian4: .            700  28%    0.00kB/s    0:00:00  .          2,484 100%    1.70MB/s    0:00:00 (xfr#1, to-chk=10/12)
2018-08-02 16:43:39.721467 +0000 build-debian4: <f..t...... stretch/Release.gpg
2018-08-02 16:43:39.721681 +0000 build-debian4: .            833 100%  813.48kB/s    0:00:00  .            833 100%  813.48kB/s    0:00:00 (xfr#2, to-chk=8/12)
2018-08-02 16:43:39.797680 +0000 build-debian4: Syncing r4.0/vm/stretch-securitytesting...
2018-08-02 16:43:39.997857 +0000 build-debian4: sending incremental file list
2018-08-02 16:43:40.200331 +0000 build-debian4: Syncing r4.0/vm/stretch-testing...
2018-08-02 16:43:40.402006 +0000 build-debian4: sending incremental file list
2018-08-02 16:43:40.610214 +0000 build-debian4: ~/builder-r4.0/qubes-src/linux-deb
2018-08-02 16:43:40.612235 +0000 build-debian4: Makefile:725: update target 'update-repo-current' due to: internal-update-repo-current.vm.buster internal-update-repo-current.vm.jessie internal-update-repo-current.vm.stretch post-update-repo-current
2018-08-02 16:43:40.612287 +0000 build-debian4: true
2018-08-02 16:43:40.618210 +0000 build-debian4: > done
2018-08-02 16:44:40.672892 +0000 > closing log
