2021-09-27 21:31:11.039095 +0000 > starting log
2021-09-27 21:31:11.039682 +0000 build-debian4: > starting build with log
2021-09-27 21:31:11.039702 +0000 build-debian4: >> make args: update-repo-current
2021-09-27 21:31:11.039711 +0000 build-debian4: >> MAKEFLAGS=
2021-09-27 21:31:11.039719 +0000 build-debian4: >> COMPONENTS=mgmt-salt-dom0-virtual-machines
2021-09-27 21:31:11.039727 +0000 build-debian4: >> DISTS_VM=stretch buster bullseye
2021-09-27 21:31:11.039733 +0000 build-debian4: >> DIST_DOM0=
2021-09-27 21:31:11.039742 +0000 build-debian4: >> qubes-builder b9f0322e4f311561d3910b65396e428990b70f6a
2021-09-27 21:31:11.471273 +0000 build-debian4: >> qubes-builder/qubes-src/mgmt-salt-dom0-virtual-machines 90f924fdff95b7640bd37483a1e1e0e48011b35f
2021-09-27 21:31:12.376048 +0000 build-debian4: ================================================================================
2021-09-27 21:31:12.376092 +0000 build-debian4:                            B U I L D   I N F O                                  
2021-09-27 21:31:12.376105 +0000 build-debian4: Items in red indicate it was automatically generated by configuration file(s)
2021-09-27 21:31:12.376115 +0000 build-debian4: Items in white indicate it was automatically removed by configuration file(s)
2021-09-27 21:31:12.376125 +0000 build-debian4: ================================================================================
2021-09-27 21:31:12.376131 +0000 build-debian4: DISTS_VM:
2021-09-27 21:31:12.472250 +0000 build-debian4:      stretch+standard, buster+standard, bullseye+standard, stretch buster bullseye
2021-09-27 21:31:12.474798 +0000 build-debian4: DISTS_ALL:
2021-09-27 21:31:12.554879 +0000 build-debian4:      vm-bullseye, vm-buster, vm-stretch,
2021-09-27 21:31:12.554922 +0000 build-debian4: DIST_DOM0:
2021-09-27 21:31:12.571385 +0000 build-debian4:     
2021-09-27 21:31:12.571421 +0000 build-debian4: BUILDER_PLUGINS:
2021-09-27 21:31:12.575862 +0000 build-debian4:      builder-debian, mgmt-salt, linux-deb, release-configs, builder-github,
2021-09-27 21:31:12.575895 +0000 build-debian4: COMPONENTS:
2021-09-27 21:31:12.612599 +0000 build-debian4:      mgmt-salt-dom0-virtual-machines,
2021-09-27 21:31:12.612639 +0000 build-debian4: GIT_REPOS:
2021-09-27 21:31:12.627146 +0000 build-debian4:      qubes-src/mgmt-salt-dom0-virtual-machines,
2021-09-27 21:31:12.627180 +0000 build-debian4: TEMPLATE:
2021-09-27 21:31:12.762379 +0000 build-debian4:     
2021-09-27 21:31:12.762424 +0000 build-debian4: TEMPLATE_FLAVOR_DIR:
2021-09-27 21:31:12.852305 +0000 build-debian4:     
2021-09-27 21:31:12.877047 +0000 build-debian4: TEMPLATE_ALIAS:
2021-09-27 21:31:12.951003 +0000 build-debian4:      stretch:stretch+standard, stretch+gnome:stretch+gnome+standard,
2021-09-27 21:31:12.951038 +0000 build-debian4:      stretch+minimal:stretch+minimal+no-recommends, buster:buster+standard,
2021-09-27 21:31:12.951051 +0000 build-debian4:      buster+gnome:buster+gnome+standard, buster+minimal:buster+minimal+no-recommends,
2021-09-27 21:31:12.951061 +0000 build-debian4:      bullseye:bullseye+standard, bullseye+gnome:bullseye+gnome+standard,
2021-09-27 21:31:12.951071 +0000 build-debian4:      bullseye+minimal:bullseye+minimal+no-recommends, bionic:bionic+standard,
2021-09-27 21:31:12.951082 +0000 build-debian4:      focal:focal+standard, whonix-gateway-14:stretch+whonix-gateway+minimal+no-recommends,
2021-09-27 21:31:12.951091 +0000 build-debian4:      whonix-workstation-14:stretch+whonix-workstation+minimal+no-recommends,
2021-09-27 21:31:12.951100 +0000 build-debian4:      whonix-gateway-15:buster+whonix-gateway+minimal+no-recommends,
2021-09-27 21:31:12.951110 +0000 build-debian4:      whonix-workstation-15:buster+whonix-workstation+minimal+no-recommends,
2021-09-27 21:31:12.951116 +0000 build-debian4: TEMPLATE_LABEL:
2021-09-27 21:31:12.966239 +0000 build-debian4:      stretch+standard:debian-9, buster+standard:debian-10, bullseye+standard:debian-11,
2021-09-27 21:31:12.966278 +0000 build-debian4:      stretch+standard:stretch, buster+standard:buster, bullseye+standard:bullseye, fc25:fedora-25
2021-09-27 21:31:12.966309 +0000 build-debian4:      fc32:fedora-32 fc33:fedora-33 fc34:fedora-34 fc35:fedora-35 fc32+minimal:fedora-32-minimal
2021-09-27 21:31:12.966322 +0000 build-debian4:      fc33+minimal:fedora-33-minimal fc34+minimal:fedora-34-minimal fc35+minimal:fedora-35-minimal
2021-09-27 21:31:12.966333 +0000 build-debian4:      fc32+xfce:fedora-32-xfce fc33+xfce:fedora-33-xfce fc34+xfce:fedora-34-xfce
2021-09-27 21:31:12.966344 +0000 build-debian4:      fc35+xfce:fedora-35-xfce stretch:debian-9 stretch+xfce:debian-9-xfce buster:debian-10
2021-09-27 21:31:12.966356 +0000 build-debian4:      buster+xfce:debian-10-xfce bullseye:debian-11 bullseye+xfce:debian-11-xfce bionic+standard:bionic
2021-09-27 21:31:12.966367 +0000 build-debian4:      focal+standard:focal stretch+whonix-gateway+minimal+no-recommends:whonix-gw-14
2021-09-27 21:31:12.966376 +0000 build-debian4:      stretch+whonix-workstation+minimal+no-recommends:whonix-ws-14
2021-09-27 21:31:12.966385 +0000 build-debian4:      buster+whonix-gateway+minimal+no-recommends:whonix-gw-15
2021-09-27 21:31:12.966396 +0000 build-debian4:      buster+whonix-workstation+minimal+no-recommends:whonix-ws-15 centos7:centos-7
2021-09-27 21:31:12.966407 +0000 build-debian4:      centos7+minimal:centos-7-minimal centos7+xfce:centos-7-xfce centos-stream8:centos-stream-8
2021-09-27 21:31:12.966418 +0000 build-debian4:      centos-stream8+minimal:centos-stream-8-minimal centos-stream8+xfce:centos-stream-8-xfce
2021-09-27 21:31:13.200062 +0000 build-debian4: > running make
2021-09-27 21:31:13.200106 +0000 build-debian4: Makefile:909: target 'internal-update-repo-current.vm.bullseye.mgmt-salt-dom0-virtual-machines' does not exist
2021-09-27 21:31:13.200115 +0000 build-debian4: true
2021-09-27 21:31:13.200130 +0000 build-debian4: Makefile:826: update target 'internal-update-repo-current.vm.bullseye' due to: internal-update-repo-current.vm.bullseye.mgmt-salt-dom0-virtual-machines
2021-09-27 21:31:13.200137 +0000 build-debian4: true
2021-09-27 21:31:13.200148 +0000 build-debian4: Makefile:909: target 'internal-update-repo-current.vm.buster.mgmt-salt-dom0-virtual-machines' does not exist
2021-09-27 21:31:13.200154 +0000 build-debian4: true
2021-09-27 21:31:13.200168 +0000 build-debian4: Makefile:826: update target 'internal-update-repo-current.vm.buster' due to: internal-update-repo-current.vm.buster.mgmt-salt-dom0-virtual-machines
2021-09-27 21:31:13.200174 +0000 build-debian4: true
2021-09-27 21:31:13.200185 +0000 build-debian4: Makefile:909: target 'internal-update-repo-current.vm.stretch.mgmt-salt-dom0-virtual-machines' does not exist
2021-09-27 21:31:13.200191 +0000 build-debian4: true
2021-09-27 21:31:13.200204 +0000 build-debian4: Makefile:826: update target 'internal-update-repo-current.vm.stretch' due to: internal-update-repo-current.vm.stretch.mgmt-salt-dom0-virtual-machines
2021-09-27 21:31:13.200210 +0000 build-debian4: true
2021-09-27 21:31:13.201447 +0000 build-debian4: Makefile:917: target 'post-update-repo-current' does not exist
2021-09-27 21:31:13.201481 +0000 build-debian4: for dist in  bullseye buster stretch; do \
2021-09-27 21:31:13.201492 +0000 build-debian4: .repo_base_var="LINUX_REPO_${dist//-/_}_BASEDIR"; \
2021-09-27 21:31:13.201500 +0000 build-debian4: .if [ -n "${!repo_base_var}" ]; then \
2021-09-27 21:31:13.201508 +0000 build-debian4: ..repo_basedir="${!repo_base_var}"; \
2021-09-27 21:31:13.201517 +0000 build-debian4: .else \
2021-09-27 21:31:13.201526 +0000 build-debian4: ..repo_basedir="qubes-src/linux-deb/r4.0"; \
2021-09-27 21:31:13.201532 +0000 build-debian4: .fi; \
2021-09-27 21:31:13.201540 +0000 build-debian4: .repos_to_update="$repos_to_update $repo_basedir"; \
2021-09-27 21:31:13.201546 +0000 build-debian4: done; \
2021-09-27 21:31:13.201552 +0000 build-debian4: pkgset_dist= ; \
2021-09-27 21:31:13.201558 +0000 build-debian4: for dist in ; do \
2021-09-27 21:31:13.201566 +0000 build-debian4: .pkgset_dist="$pkgset_dist dom0/$dist"; \
2021-09-27 21:31:13.201589 +0000 build-debian4: done; \
2021-09-27 21:31:13.201597 +0000 build-debian4: for dist in bullseye buster stretch; do \
2021-09-27 21:31:13.201605 +0000 build-debian4: .pkgset_dist="$pkgset_dist vm/$dist"; \
2021-09-27 21:31:13.201610 +0000 build-debian4: done; \
2021-09-27 21:31:13.201619 +0000 build-debian4: for repo in `echo $repos_to_update|tr ' ' '\n'|sort|uniq`; do \
2021-09-27 21:31:13.201626 +0000 build-debian4: .[ -z "$repo" ] && continue; \
2021-09-27 21:31:13.201634 +0000 build-debian4: .[ -x "$repo/../update_repo-current.sh" ] || continue; \
2021-09-27 21:31:13.201643 +0000 build-debian4: .(cd $repo/.. && ./update_repo-current.sh r4.0 $pkgset_dist); \
2021-09-27 21:31:13.201649 +0000 build-debian4: done
2021-09-27 21:31:13.296675 +0000 build-debian4: --> Processing repo: r4.0/vm/dists/bullseye...
2021-09-27 21:31:15.101884 +0000 build-debian4: --> Processing repo: r4.0/vm/dists/buster...
2021-09-27 21:31:16.853948 +0000 build-debian4: --> Processing repo: r4.0/vm/dists/jessie...
2021-09-27 21:31:18.325384 +0000 build-debian4: --> Processing repo: r4.0/vm/dists/stretch...
2021-09-27 21:31:19.104713 +0000 build-debian4: Done.
2021-09-27 21:31:19.186747 +0000 build-debian4: ~/builder-r4.0/qubes-src/linux-deb ~/builder-r4.0/qubes-src/linux-deb
2021-09-27 21:31:19.393736 +0000 build-debian4: sending incremental file list
2021-09-27 21:31:19.642996 +0000 build-debian4: Syncing r4.0/vm/bullseye...
2021-09-27 21:31:19.874227 +0000 build-debian4: sending incremental file list
2021-09-27 21:31:19.963944 +0000 build-debian4: .d..t...... bullseye/
2021-09-27 21:31:19.964007 +0000 build-debian4: <f..t...... bullseye/InRelease
2021-09-27 21:31:19.964022 +0000 build-debian4: .            700  27%    0.00kB/s    0:00:00  .          2,510 100%    1.73MB/s    0:00:00 (xfr#1, to-chk=10/12)
2021-09-27 21:31:19.964032 +0000 build-debian4: <f..t...... bullseye/Release.gpg
2021-09-27 21:31:19.964044 +0000 build-debian4: .            833 100%  813.48kB/s    0:00:00  .            833 100%  813.48kB/s    0:00:00 (xfr#2, to-chk=8/12)
2021-09-27 21:31:20.290115 +0000 build-debian4: Syncing r4.0/vm/bullseye-securitytesting...
2021-09-27 21:31:20.435264 +0000 build-debian4: sending incremental file list
2021-09-27 21:31:20.775143 +0000 build-debian4: Syncing r4.0/vm/bullseye-testing...
2021-09-27 21:31:20.915674 +0000 build-debian4: sending incremental file list
2021-09-27 21:31:21.178591 +0000 build-debian4: Syncing r4.0/vm/buster...
2021-09-27 21:31:21.297705 +0000 build-debian4: sending incremental file list
2021-09-27 21:31:21.335380 +0000 build-debian4: .d..t...... buster/
2021-09-27 21:31:21.335423 +0000 build-debian4: <f..t...... buster/InRelease
2021-09-27 21:31:21.335438 +0000 build-debian4: .            700  27%    0.00kB/s    0:00:00  .          2,503 100%    1.72MB/s    0:00:00 (xfr#1, to-chk=10/12)
2021-09-27 21:31:21.335447 +0000 build-debian4: <f..t...... buster/Release.gpg
2021-09-27 21:31:21.335459 +0000 build-debian4: .            833 100%  813.48kB/s    0:00:00  .            833 100%  813.48kB/s    0:00:00 (xfr#2, to-chk=8/12)
2021-09-27 21:31:21.523032 +0000 build-debian4: Syncing r4.0/vm/buster-securitytesting...
2021-09-27 21:31:21.857118 +0000 build-debian4: sending incremental file list
2021-09-27 21:31:22.033874 +0000 build-debian4: Syncing r4.0/vm/buster-testing...
2021-09-27 21:31:22.210194 +0000 build-debian4: sending incremental file list
2021-09-27 21:31:22.435951 +0000 build-debian4: Syncing r4.0/vm/jessie...
2021-09-27 21:31:22.753698 +0000 build-debian4: sending incremental file list
2021-09-27 21:31:22.967830 +0000 build-debian4: .d..t...... jessie/
2021-09-27 21:31:22.967875 +0000 build-debian4: <f..t...... jessie/InRelease
2021-09-27 21:31:22.967891 +0000 build-debian4: .            700  28%    0.00kB/s    0:00:00  .          2,500 100%    1.72MB/s    0:00:00 (xfr#1, to-chk=10/12)
2021-09-27 21:31:22.967900 +0000 build-debian4: <f..t...... jessie/Release.gpg
2021-09-27 21:31:22.967912 +0000 build-debian4: .            833 100%  813.48kB/s    0:00:00  .            833 100%  813.48kB/s    0:00:00 (xfr#2, to-chk=8/12)
2021-09-27 21:31:23.066779 +0000 build-debian4: Syncing r4.0/vm/jessie-securitytesting...
2021-09-27 21:31:23.214343 +0000 build-debian4: sending incremental file list
2021-09-27 21:31:23.527456 +0000 build-debian4: Syncing r4.0/vm/jessie-testing...
2021-09-27 21:31:23.659338 +0000 build-debian4: sending incremental file list
2021-09-27 21:31:23.872996 +0000 build-debian4: Syncing r4.0/vm/stretch...
2021-09-27 21:31:24.051141 +0000 build-debian4: sending incremental file list
2021-09-27 21:31:24.137584 +0000 build-debian4: .d..t...... stretch/
2021-09-27 21:31:24.137628 +0000 build-debian4: <f..t...... stretch/InRelease
2021-09-27 21:31:24.137643 +0000 build-debian4: .            700  27%    0.00kB/s    0:00:00  .          2,505 100%    1.72MB/s    0:00:00 (xfr#1, to-chk=10/12)
2021-09-27 21:31:24.137652 +0000 build-debian4: <f..t...... stretch/Release.gpg
2021-09-27 21:31:24.137664 +0000 build-debian4: .            833 100%  813.48kB/s    0:00:00  .            833 100%  813.48kB/s    0:00:00 (xfr#2, to-chk=8/12)
2021-09-27 21:31:24.354500 +0000 build-debian4: Syncing r4.0/vm/stretch-securitytesting...
2021-09-27 21:31:24.607032 +0000 build-debian4: sending incremental file list
2021-09-27 21:31:24.938580 +0000 build-debian4: Syncing r4.0/vm/stretch-testing...
2021-09-27 21:31:25.282036 +0000 build-debian4: sending incremental file list
2021-09-27 21:31:25.658578 +0000 build-debian4: ~/builder-r4.0/qubes-src/linux-deb
2021-09-27 21:31:25.693710 +0000 build-debian4: Makefile:813: update target 'update-repo-current' due to: internal-update-repo-current.vm.bullseye internal-update-repo-current.vm.buster internal-update-repo-current.vm.stretch post-update-repo-current
2021-09-27 21:31:25.693751 +0000 build-debian4: true
2021-09-27 21:31:25.758578 +0000 build-debian4: > done
2021-09-27 21:31:25.758624 +0000 > closing log
