2020-06-13 14:52:14.318240 +0000 > starting log
2020-06-13 14:52:14.318538 +0000 build-debian4: > starting build with log
2020-06-13 14:52:14.318554 +0000 build-debian4: >> make args: update-repo-current
2020-06-13 14:52:14.318563 +0000 build-debian4: >> MAKEFLAGS=
2020-06-13 14:52:14.318572 +0000 build-debian4: >> COMPONENTS=desktop-linux-xfce4-xfwm4
2020-06-13 14:52:14.318581 +0000 build-debian4: >> DISTS_VM=stretch buster bullseye
2020-06-13 14:52:14.318588 +0000 build-debian4: >> DIST_DOM0=
2020-06-13 14:52:14.318599 +0000 build-debian4: >> qubes-builder 36d49eb3532238967b94742ee576d4c567b5e8a7
2020-06-13 14:52:14.318611 +0000 build-debian4: >> qubes-builder/qubes-src/desktop-linux-xfce4-xfwm4 b8c663810b5e5fd1adf4ebd7402c73a4452d883b
2020-06-13 14:52:14.318619 +0000 build-debian4: !! xfwm4-4.13.1.tar.bz2
2020-06-13 14:52:14.318627 +0000 build-debian4: !! xfwm4-4.14.2.tar.bz2
2020-06-13 14:52:14.385043 +0000 build-debian4: 2ac5acdefff3a89b8525719b345dfeb2dc71104b4da341afe99d7c57c049753c4cdb81a512d1f344e5fb463c7143673e83316b63888777bdcf254c4a07ca8320  xfwm4-4.13.1.tar.bz2
2020-06-13 14:52:14.393653 +0000 build-debian4: 9e28f7782ce6c1734f9a50efec75d4c03a193bf078fd29f42c11770cef134c4516c256cb9c4b92a71bbbbfca81f37ba0ce19477831bb1da858c839135005b8f2  xfwm4-4.14.2.tar.bz2
2020-06-13 14:52:14.756093 +0000 build-debian4: ================================================================================
2020-06-13 14:52:14.756149 +0000 build-debian4:                            B U I L D   I N F O                                  
2020-06-13 14:52:14.756169 +0000 build-debian4: Items in red indicate it was automatically generated by configuration file(s)
2020-06-13 14:52:14.756181 +0000 build-debian4: Items in white indicate it was automatically removed by configuration file(s)
2020-06-13 14:52:14.756193 +0000 build-debian4: ================================================================================
2020-06-13 14:52:14.756200 +0000 build-debian4: DISTS_VM:
2020-06-13 14:52:14.756212 +0000 build-debian4:      stretch+standard, buster+standard, bullseye+standard, stretch buster bullseye
2020-06-13 14:52:14.756260 +0000 build-debian4: DISTS_ALL:
2020-06-13 14:52:14.756270 +0000 build-debian4:      vm-bullseye, vm-buster, vm-stretch,
2020-06-13 14:52:14.756277 +0000 build-debian4: DIST_DOM0:
2020-06-13 14:52:14.758839 +0000 build-debian4:     
2020-06-13 14:52:14.758880 +0000 build-debian4: BUILDER_PLUGINS:
2020-06-13 14:52:14.833406 +0000 build-debian4:      builder-debian, mgmt-salt, release-configs, linux-deb, builder-github,
2020-06-13 14:52:14.833455 +0000 build-debian4: COMPONENTS:
2020-06-13 14:52:14.833468 +0000 build-debian4:      desktop-linux-xfce4-xfwm4,
2020-06-13 14:52:14.834611 +0000 build-debian4: GIT_REPOS:
2020-06-13 14:52:14.860131 +0000 build-debian4:      qubes-src/desktop-linux-xfce4-xfwm4,
2020-06-13 14:52:14.882988 +0000 build-debian4: TEMPLATE:
2020-06-13 14:52:14.885697 +0000 build-debian4:     
2020-06-13 14:52:14.885738 +0000 build-debian4: TEMPLATE_FLAVOR_DIR:
2020-06-13 14:52:14.888555 +0000 build-debian4:     
2020-06-13 14:52:14.888595 +0000 build-debian4: TEMPLATE_ALIAS:
2020-06-13 14:52:14.891011 +0000 build-debian4:      stretch:stretch+standard, stretch+gnome:stretch+gnome+standard,
2020-06-13 14:52:14.891057 +0000 build-debian4:      stretch+minimal:stretch+minimal+no-recommends, buster:buster+standard, buster+gnome:buster+gnome+standard,
2020-06-13 14:52:14.891073 +0000 build-debian4:      buster+minimal:buster+minimal+no-recommends, bullseye:bullseye+standard,
2020-06-13 14:52:14.891087 +0000 build-debian4:      bullseye+gnome:bullseye+gnome+standard, bullseye+minimal:bullseye+minimal+no-recommends,
2020-06-13 14:52:14.891099 +0000 build-debian4:      whonix-gateway-14:stretch+whonix-gateway+minimal+no-recommends,
2020-06-13 14:52:14.891110 +0000 build-debian4:      whonix-workstation-14:stretch+whonix-workstation+minimal+no-recommends,
2020-06-13 14:52:14.891121 +0000 build-debian4:      whonix-gateway-15:buster+whonix-gateway+minimal+no-recommends,
2020-06-13 14:52:14.891132 +0000 build-debian4:      whonix-workstation-15:buster+whonix-workstation+minimal+no-recommends,
2020-06-13 14:52:14.891235 +0000 build-debian4: TEMPLATE_LABEL:
2020-06-13 14:52:14.893633 +0000 build-debian4:      stretch+standard:debian-9, buster+standard:debian-10, bullseye+standard:debian-11,
2020-06-13 14:52:14.893679 +0000 build-debian4:      stretch+standard:stretch, buster+standard:buster, bullseye+standard:bullseye, fc29:fedora-29 fc30:fedora-30
2020-06-13 14:52:14.893695 +0000 build-debian4:      fc31:fedora-31 fc32:fedora-32 fc29+minimal:fedora-29-minimal fc30+minimal:fedora-30-minimal
2020-06-13 14:52:14.893709 +0000 build-debian4:      fc31+minimal:fedora-31-minimal fc32+minimal:fedora-32-minimal fc29+xfce:fedora-29-xfce
2020-06-13 14:52:14.893722 +0000 build-debian4:      fc30+xfce:fedora-30-xfce fc31+xfce:fedora-31-xfce fc32+xfce:fedora-32-xfce stretch:debian-9
2020-06-13 14:52:14.893735 +0000 build-debian4:      buster:debian-10 bullseye:debian-11 stretch+whonix-gateway+minimal+no-recommends:whonix-gw-14
2020-06-13 14:52:14.893746 +0000 build-debian4:      stretch+whonix-workstation+minimal+no-recommends:whonix-ws-14
2020-06-13 14:52:14.893757 +0000 build-debian4:      buster+whonix-gateway+minimal+no-recommends:whonix-gw-15
2020-06-13 14:52:14.893773 +0000 build-debian4:      buster+whonix-workstation+minimal+no-recommends:whonix-ws-15 centos7:centos-7
2020-06-13 14:52:14.893785 +0000 build-debian4:      centos7+minimal:centos-7-minimal centos7+xfce:centos-7-xfce centos8:centos-8
2020-06-13 14:52:14.893796 +0000 build-debian4:      centos8+minimal:centos-7-minimal centos8+xfce:centos-8-xfce
2020-06-13 14:52:15.023936 +0000 build-debian4: > running make
2020-06-13 14:52:15.038919 +0000 build-debian4: Makefile:818: target 'internal-update-repo-current.vm.bullseye.desktop-linux-xfce4-xfwm4' does not exist
2020-06-13 14:52:15.038977 +0000 build-debian4: repo_base_var="LINUX_REPO_bullseye_BASEDIR"; \
2020-06-13 14:52:15.038992 +0000 build-debian4: if [ "desktop-linux-xfce4-xfwm4" = linux-template-builder ]; then \
2020-06-13 14:52:15.039004 +0000 build-debian4: .# templates belongs to dom0 repository, even though PACKAGE_SET=vm
2020-06-13 14:52:15.039014 +0000 build-debian4: repo_base_var="LINUX_REPO__BASEDIR"; \
2020-06-13 14:52:15.039021 +0000 build-debian4: fi; \
2020-06-13 14:52:15.039031 +0000 build-debian4: if [ -n "${!repo_base_var}" ]; then \
2020-06-13 14:52:15.039040 +0000 build-debian4: .repo_basedir="${!repo_base_var}"; \
2020-06-13 14:52:15.039047 +0000 build-debian4: else \
2020-06-13 14:52:15.039056 +0000 build-debian4: .repo_basedir="qubes-src/linux-deb/r4.1"; \
2020-06-13 14:52:15.039063 +0000 build-debian4: fi; \
2020-06-13 14:52:15.039074 +0000 build-debian4: if [ -r qubes-src/desktop-linux-xfce4-xfwm4/Makefile.builder ]; then \
2020-06-13 14:52:15.039085 +0000 build-debian4: .echo -n "Updating qubes-src/desktop-linux-xfce4-xfwm4... "; \
2020-06-13 14:52:15.039093 +0000 build-debian4: .if [ "0" -eq 1 ]; then \
2020-06-13 14:52:15.039105 +0000 build-debian4: ..vtag=`git -C qubes-src/desktop-linux-xfce4-xfwm4 tag --points-at HEAD --list v*`; \
2020-06-13 14:52:15.039114 +0000 build-debian4: ..if [ -z "$vtag" ]; then \
2020-06-13 14:52:15.039123 +0000 build-debian4: ...echo "no version tag"; \
2020-06-13 14:52:15.039130 +0000 build-debian4: ...exit 0; \
2020-06-13 14:52:15.039137 +0000 build-debian4: ..fi; \
2020-06-13 14:52:15.039144 +0000 build-debian4: .fi; \
2020-06-13 14:52:15.039155 +0000 build-debian4: .if [ "desktop-linux-xfce4-xfwm4" = linux-template-builder ]; then
2020-06-13 14:52:15.039168 +0000 build-debian4: export TEMPLATE_NAME=$(MAKEFLAGS= make -s -C qubes-src/linux-template-builder DIST=bullseye template-name)
2020-06-13 14:52:15.039176 +0000 build-debian4: fi
2020-06-13 14:52:15.039199 +0000 build-debian4: component_packages=$(MAKEFLAGS= make -s -f Makefile.generic DIST=bullseye PACKAGE_SET=vm COMPONENT=`basename qubes-src/desktop-linux-xfce4-xfwm4` UPDATE_REPO=/home/user/builder-r4.1/$repo_basedir/current/vm/bullseye get-var GET_VAR=PACKAGE_LIST); \
2020-06-13 14:52:15.039263 +0000 build-debian4: .if [ -z "$component_packages" ]; then \
2020-06-13 14:52:15.039275 +0000 build-debian4: ..echo "no packages."; \
2020-06-13 14:52:15.039283 +0000 build-debian4: ..exit 0; \
2020-06-13 14:52:15.039290 +0000 build-debian4: .fi; \
2020-06-13 14:52:15.039300 +0000 build-debian4: .make -s -f Makefile.generic DIST=bullseye PACKAGE_SET=vm \
2020-06-13 14:52:15.039311 +0000 build-debian4: ..COMPONENT=`basename qubes-src/desktop-linux-xfce4-xfwm4` \
2020-06-13 14:52:15.039320 +0000 build-debian4: ..SNAPSHOT_REPO=current-testing \
2020-06-13 14:52:15.039328 +0000 build-debian4: ..TARGET_REPO=current \
2020-06-13 14:52:15.039339 +0000 build-debian4: ..UPDATE_REPO=/home/user/builder-r4.1/$repo_basedir/current/vm/bullseye \
2020-06-13 14:52:15.039354 +0000 build-debian4: ..SNAPSHOT_FILE=/home/user/builder-r4.1/repo-latest-snapshot/current-testing-vm-bullseye-`basename qubes-src/desktop-linux-xfce4-xfwm4` \
2020-06-13 14:52:15.039362 +0000 build-debian4: ..BUILD_LOG_URL= \
2020-06-13 14:52:15.039371 +0000 build-debian4: ..update-repo-from-snapshot || exit 1; \
2020-06-13 14:52:15.039384 +0000 build-debian4: elif make -C qubes-src/desktop-linux-xfce4-xfwm4 -n update-repo-current >/dev/null 2>/dev/null; then \
2020-06-13 14:52:15.039395 +0000 build-debian4: .echo "Updating qubes-src/desktop-linux-xfce4-xfwm4... "; \
2020-06-13 14:52:15.039407 +0000 build-debian4: .DIST=bullseye UPDATE_REPO=/home/user/builder-r4.1/$repo_basedir/current/vm/bullseye \
2020-06-13 14:52:15.039422 +0000 build-debian4: .make -s -C qubes-src/desktop-linux-xfce4-xfwm4 update-repo-current || exit 1; \
2020-06-13 14:52:15.039430 +0000 build-debian4: else \
2020-06-13 14:52:15.039441 +0000 build-debian4: .echo -n "Updating qubes-src/desktop-linux-xfce4-xfwm4... skipping."; \
2020-06-13 14:52:15.039448 +0000 build-debian4: fi; \
2020-06-13 14:52:15.039455 +0000 build-debian4: echo
2020-06-13 14:52:15.124022 +0000 build-debian4: Updating qubes-src/desktop-linux-xfce4-xfwm4... no packages.
2020-06-13 14:52:15.124080 +0000 build-debian4: Makefile:791: update target 'internal-update-repo-current.vm.bullseye' due to: internal-update-repo-current.vm.bullseye.desktop-linux-xfce4-xfwm4
2020-06-13 14:52:15.124091 +0000 build-debian4: true
2020-06-13 14:52:15.125494 +0000 build-debian4: Makefile:818: target 'internal-update-repo-current.vm.buster.desktop-linux-xfce4-xfwm4' does not exist
2020-06-13 14:52:15.125539 +0000 build-debian4: repo_base_var="LINUX_REPO_buster_BASEDIR"; \
2020-06-13 14:52:15.125553 +0000 build-debian4: if [ "desktop-linux-xfce4-xfwm4" = linux-template-builder ]; then \
2020-06-13 14:52:15.125565 +0000 build-debian4: .# templates belongs to dom0 repository, even though PACKAGE_SET=vm
2020-06-13 14:52:15.125574 +0000 build-debian4: repo_base_var="LINUX_REPO__BASEDIR"; \
2020-06-13 14:52:15.125581 +0000 build-debian4: fi; \
2020-06-13 14:52:15.125590 +0000 build-debian4: if [ -n "${!repo_base_var}" ]; then \
2020-06-13 14:52:15.125599 +0000 build-debian4: .repo_basedir="${!repo_base_var}"; \
2020-06-13 14:52:15.125606 +0000 build-debian4: else \
2020-06-13 14:52:15.125615 +0000 build-debian4: .repo_basedir="qubes-src/linux-deb/r4.1"; \
2020-06-13 14:52:15.125622 +0000 build-debian4: fi; \
2020-06-13 14:52:15.125632 +0000 build-debian4: if [ -r qubes-src/desktop-linux-xfce4-xfwm4/Makefile.builder ]; then \
2020-06-13 14:52:15.125643 +0000 build-debian4: .echo -n "Updating qubes-src/desktop-linux-xfce4-xfwm4... "; \
2020-06-13 14:52:15.125651 +0000 build-debian4: .if [ "0" -eq 1 ]; then \
2020-06-13 14:52:15.125667 +0000 build-debian4: ..vtag=`git -C qubes-src/desktop-linux-xfce4-xfwm4 tag --points-at HEAD --list v*`; \
2020-06-13 14:52:15.125676 +0000 build-debian4: ..if [ -z "$vtag" ]; then \
2020-06-13 14:52:15.125684 +0000 build-debian4: ...echo "no version tag"; \
2020-06-13 14:52:15.125705 +0000 build-debian4: ...exit 0; \
2020-06-13 14:52:15.125714 +0000 build-debian4: ..fi; \
2020-06-13 14:52:15.125721 +0000 build-debian4: .fi; \
2020-06-13 14:52:15.125731 +0000 build-debian4: .if [ "desktop-linux-xfce4-xfwm4" = linux-template-builder ]; then
2020-06-13 14:52:15.125744 +0000 build-debian4: export TEMPLATE_NAME=$(MAKEFLAGS= make -s -C qubes-src/linux-template-builder DIST=buster template-name)
2020-06-13 14:52:15.125751 +0000 build-debian4: fi
2020-06-13 14:52:15.125776 +0000 build-debian4: component_packages=$(MAKEFLAGS= make -s -f Makefile.generic DIST=buster PACKAGE_SET=vm COMPONENT=`basename qubes-src/desktop-linux-xfce4-xfwm4` UPDATE_REPO=/home/user/builder-r4.1/$repo_basedir/current/vm/buster get-var GET_VAR=PACKAGE_LIST); \
2020-06-13 14:52:15.125787 +0000 build-debian4: .if [ -z "$component_packages" ]; then \
2020-06-13 14:52:15.125795 +0000 build-debian4: ..echo "no packages."; \
2020-06-13 14:52:15.125802 +0000 build-debian4: ..exit 0; \
2020-06-13 14:52:15.125809 +0000 build-debian4: .fi; \
2020-06-13 14:52:15.125819 +0000 build-debian4: .make -s -f Makefile.generic DIST=buster PACKAGE_SET=vm \
2020-06-13 14:52:15.125829 +0000 build-debian4: ..COMPONENT=`basename qubes-src/desktop-linux-xfce4-xfwm4` \
2020-06-13 14:52:15.125838 +0000 build-debian4: ..SNAPSHOT_REPO=current-testing \
2020-06-13 14:52:15.125846 +0000 build-debian4: ..TARGET_REPO=current \
2020-06-13 14:52:15.125857 +0000 build-debian4: ..UPDATE_REPO=/home/user/builder-r4.1/$repo_basedir/current/vm/buster \
2020-06-13 14:52:15.125871 +0000 build-debian4: ..SNAPSHOT_FILE=/home/user/builder-r4.1/repo-latest-snapshot/current-testing-vm-buster-`basename qubes-src/desktop-linux-xfce4-xfwm4` \
2020-06-13 14:52:15.125879 +0000 build-debian4: ..BUILD_LOG_URL= \
2020-06-13 14:52:15.125890 +0000 build-debian4: ..update-repo-from-snapshot || exit 1; \
2020-06-13 14:52:15.125903 +0000 build-debian4: elif make -C qubes-src/desktop-linux-xfce4-xfwm4 -n update-repo-current >/dev/null 2>/dev/null; then \
2020-06-13 14:52:15.125913 +0000 build-debian4: .echo "Updating qubes-src/desktop-linux-xfce4-xfwm4... "; \
2020-06-13 14:52:15.125925 +0000 build-debian4: .DIST=buster UPDATE_REPO=/home/user/builder-r4.1/$repo_basedir/current/vm/buster \
2020-06-13 14:52:15.125949 +0000 build-debian4: .make -s -C qubes-src/desktop-linux-xfce4-xfwm4 update-repo-current || exit 1; \
2020-06-13 14:52:15.125957 +0000 build-debian4: else \
2020-06-13 14:52:15.125968 +0000 build-debian4: .echo -n "Updating qubes-src/desktop-linux-xfce4-xfwm4... skipping."; \
2020-06-13 14:52:15.125975 +0000 build-debian4: fi; \
2020-06-13 14:52:15.125982 +0000 build-debian4: echo
2020-06-13 14:52:15.242562 +0000 build-debian4: Updating qubes-src/desktop-linux-xfce4-xfwm4... no packages.
2020-06-13 14:52:15.242625 +0000 build-debian4: Makefile:791: update target 'internal-update-repo-current.vm.buster' due to: internal-update-repo-current.vm.buster.desktop-linux-xfce4-xfwm4
2020-06-13 14:52:15.242638 +0000 build-debian4: true
2020-06-13 14:52:15.243825 +0000 build-debian4: Makefile:818: target 'internal-update-repo-current.vm.stretch.desktop-linux-xfce4-xfwm4' does not exist
2020-06-13 14:52:15.243866 +0000 build-debian4: repo_base_var="LINUX_REPO_stretch_BASEDIR"; \
2020-06-13 14:52:15.243880 +0000 build-debian4: if [ "desktop-linux-xfce4-xfwm4" = linux-template-builder ]; then \
2020-06-13 14:52:15.243892 +0000 build-debian4: .# templates belongs to dom0 repository, even though PACKAGE_SET=vm
2020-06-13 14:52:15.243904 +0000 build-debian4: repo_base_var="LINUX_REPO__BASEDIR"; \
2020-06-13 14:52:15.243912 +0000 build-debian4: fi; \
2020-06-13 14:52:15.243921 +0000 build-debian4: if [ -n "${!repo_base_var}" ]; then \
2020-06-13 14:52:15.243930 +0000 build-debian4: .repo_basedir="${!repo_base_var}"; \
2020-06-13 14:52:15.243938 +0000 build-debian4: else \
2020-06-13 14:52:15.243947 +0000 build-debian4: .repo_basedir="qubes-src/linux-deb/r4.1"; \
2020-06-13 14:52:15.243967 +0000 build-debian4: fi; \
2020-06-13 14:52:15.243993 +0000 build-debian4: if [ -r qubes-src/desktop-linux-xfce4-xfwm4/Makefile.builder ]; then \
2020-06-13 14:52:15.244005 +0000 build-debian4: .echo -n "Updating qubes-src/desktop-linux-xfce4-xfwm4... "; \
2020-06-13 14:52:15.244013 +0000 build-debian4: .if [ "0" -eq 1 ]; then \
2020-06-13 14:52:15.244025 +0000 build-debian4: ..vtag=`git -C qubes-src/desktop-linux-xfce4-xfwm4 tag --points-at HEAD --list v*`; \
2020-06-13 14:52:15.244034 +0000 build-debian4: ..if [ -z "$vtag" ]; then \
2020-06-13 14:52:15.244042 +0000 build-debian4: ...echo "no version tag"; \
2020-06-13 14:52:15.244049 +0000 build-debian4: ...exit 0; \
2020-06-13 14:52:15.244056 +0000 build-debian4: ..fi; \
2020-06-13 14:52:15.244063 +0000 build-debian4: .fi; \
2020-06-13 14:52:15.244073 +0000 build-debian4: .if [ "desktop-linux-xfce4-xfwm4" = linux-template-builder ]; then
2020-06-13 14:52:15.244086 +0000 build-debian4: export TEMPLATE_NAME=$(MAKEFLAGS= make -s -C qubes-src/linux-template-builder DIST=stretch template-name)
2020-06-13 14:52:15.244092 +0000 build-debian4: fi
2020-06-13 14:52:15.244114 +0000 build-debian4: component_packages=$(MAKEFLAGS= make -s -f Makefile.generic DIST=stretch PACKAGE_SET=vm COMPONENT=`basename qubes-src/desktop-linux-xfce4-xfwm4` UPDATE_REPO=/home/user/builder-r4.1/$repo_basedir/current/vm/stretch get-var GET_VAR=PACKAGE_LIST); \
2020-06-13 14:52:15.244125 +0000 build-debian4: .if [ -z "$component_packages" ]; then \
2020-06-13 14:52:15.244133 +0000 build-debian4: ..echo "no packages."; \
2020-06-13 14:52:15.244140 +0000 build-debian4: ..exit 0; \
2020-06-13 14:52:15.244147 +0000 build-debian4: .fi; \
2020-06-13 14:52:15.244157 +0000 build-debian4: .make -s -f Makefile.generic DIST=stretch PACKAGE_SET=vm \
2020-06-13 14:52:15.244167 +0000 build-debian4: ..COMPONENT=`basename qubes-src/desktop-linux-xfce4-xfwm4` \
2020-06-13 14:52:15.244176 +0000 build-debian4: ..SNAPSHOT_REPO=current-testing \
2020-06-13 14:52:15.244184 +0000 build-debian4: ..TARGET_REPO=current \
2020-06-13 14:52:15.244194 +0000 build-debian4: ..UPDATE_REPO=/home/user/builder-r4.1/$repo_basedir/current/vm/stretch \
2020-06-13 14:52:15.244209 +0000 build-debian4: ..SNAPSHOT_FILE=/home/user/builder-r4.1/repo-latest-snapshot/current-testing-vm-stretch-`basename qubes-src/desktop-linux-xfce4-xfwm4` \
2020-06-13 14:52:15.244257 +0000 build-debian4: ..BUILD_LOG_URL= \
2020-06-13 14:52:15.244269 +0000 build-debian4: ..update-repo-from-snapshot || exit 1; \
2020-06-13 14:52:15.244282 +0000 build-debian4: elif make -C qubes-src/desktop-linux-xfce4-xfwm4 -n update-repo-current >/dev/null 2>/dev/null; then \
2020-06-13 14:52:15.244293 +0000 build-debian4: .echo "Updating qubes-src/desktop-linux-xfce4-xfwm4... "; \
2020-06-13 14:52:15.244304 +0000 build-debian4: .DIST=stretch UPDATE_REPO=/home/user/builder-r4.1/$repo_basedir/current/vm/stretch \
2020-06-13 14:52:15.244316 +0000 build-debian4: .make -s -C qubes-src/desktop-linux-xfce4-xfwm4 update-repo-current || exit 1; \
2020-06-13 14:52:15.244323 +0000 build-debian4: else \
2020-06-13 14:52:15.244334 +0000 build-debian4: .echo -n "Updating qubes-src/desktop-linux-xfce4-xfwm4... skipping."; \
2020-06-13 14:52:15.244341 +0000 build-debian4: fi; \
2020-06-13 14:52:15.244347 +0000 build-debian4: echo
2020-06-13 14:52:15.500679 +0000 build-debian4: Updating qubes-src/desktop-linux-xfce4-xfwm4... no packages.
2020-06-13 14:52:15.500740 +0000 build-debian4: Makefile:791: update target 'internal-update-repo-current.vm.stretch' due to: internal-update-repo-current.vm.stretch.desktop-linux-xfce4-xfwm4
2020-06-13 14:52:15.500752 +0000 build-debian4: true
2020-06-13 14:52:15.505021 +0000 build-debian4: Makefile:872: target 'post-update-repo-current' does not exist
2020-06-13 14:52:15.505063 +0000 build-debian4: for dist in  bullseye buster stretch; do \
2020-06-13 14:52:15.505076 +0000 build-debian4: .repo_base_var="LINUX_REPO_${dist}_BASEDIR"; \
2020-06-13 14:52:15.505087 +0000 build-debian4: .if [ -n "${!repo_base_var}" ]; then \
2020-06-13 14:52:15.505096 +0000 build-debian4: ..repo_basedir="${!repo_base_var}"; \
2020-06-13 14:52:15.505120 +0000 build-debian4: .else \
2020-06-13 14:52:15.505132 +0000 build-debian4: ..repo_basedir="qubes-src/linux-deb/r4.1"; \
2020-06-13 14:52:15.505140 +0000 build-debian4: .fi; \
2020-06-13 14:52:15.505150 +0000 build-debian4: .repos_to_update="$repos_to_update $repo_basedir"; \
2020-06-13 14:52:15.505157 +0000 build-debian4: done; \
2020-06-13 14:52:15.505165 +0000 build-debian4: pkgset_dist= ; \
2020-06-13 14:52:15.505173 +0000 build-debian4: for dist in ; do \
2020-06-13 14:52:15.505183 +0000 build-debian4: .pkgset_dist="$pkgset_dist dom0/$dist"; \
2020-06-13 14:52:15.505190 +0000 build-debian4: done; \
2020-06-13 14:52:15.505200 +0000 build-debian4: for dist in bullseye buster stretch; do \
2020-06-13 14:52:15.505209 +0000 build-debian4: .pkgset_dist="$pkgset_dist vm/$dist"; \
2020-06-13 14:52:15.505242 +0000 build-debian4: done; \
2020-06-13 14:52:15.505255 +0000 build-debian4: for repo in `echo $repos_to_update|tr ' ' '\n'|sort|uniq`; do \
2020-06-13 14:52:15.505264 +0000 build-debian4: .[ -z "$repo" ] && continue; \
2020-06-13 14:52:15.505274 +0000 build-debian4: .[ -x "$repo/../update_repo-current.sh" ] || continue; \
2020-06-13 14:52:15.505285 +0000 build-debian4: .(cd $repo/.. && ./update_repo-current.sh r4.1 $pkgset_dist); \
2020-06-13 14:52:15.505292 +0000 build-debian4: done
2020-06-13 14:52:15.668187 +0000 build-debian4: --> Processing repo: r4.1/vm/dists/bullseye...
2020-06-13 14:52:16.442636 +0000 build-debian4: --> Processing repo: r4.1/vm/dists/buster...
2020-06-13 14:52:17.118746 +0000 build-debian4: --> Processing repo: r4.1/vm/dists/stretch...
2020-06-13 14:52:17.749367 +0000 build-debian4: Done.
2020-06-13 14:52:17.766866 +0000 build-debian4: ~/builder-r4.1/qubes-src/linux-deb ~/builder-r4.1/qubes-src/linux-deb
2020-06-13 14:52:17.976790 +0000 build-debian4: sending incremental file list
2020-06-13 14:52:18.190764 +0000 build-debian4: Syncing r4.1/vm/bullseye...
2020-06-13 14:52:18.336308 +0000 build-debian4: sending incremental file list
2020-06-13 14:52:18.492780 +0000 build-debian4: .d..t...... bullseye/
2020-06-13 14:52:18.492837 +0000 build-debian4: <f..t...... bullseye/InRelease
2020-06-13 14:52:18.492857 +0000 build-debian4: .            700  27%    0.00kB/s    0:00:00  .          2,504 100%    1.72MB/s    0:00:00 (xfr#1, to-chk=10/12)
2020-06-13 14:52:18.492869 +0000 build-debian4: <f..t...... bullseye/Release.gpg
2020-06-13 14:52:18.492897 +0000 build-debian4: .            833 100%  813.48kB/s    0:00:00  .            833 100%  813.48kB/s    0:00:00 (xfr#2, to-chk=8/12)
2020-06-13 14:52:18.581702 +0000 build-debian4: Syncing r4.1/vm/bullseye-testing...
2020-06-13 14:52:18.760399 +0000 build-debian4: sending incremental file list
2020-06-13 14:52:18.874128 +0000 build-debian4: Syncing r4.1/vm/buster...
2020-06-13 14:52:19.011733 +0000 build-debian4: sending incremental file list
2020-06-13 14:52:19.114122 +0000 build-debian4: .d..t...... buster/
2020-06-13 14:52:19.114174 +0000 build-debian4: <f..t...... buster/InRelease
2020-06-13 14:52:19.114193 +0000 build-debian4: .            700  28%    0.00kB/s    0:00:00  .          2,500 100%    1.72MB/s    0:00:00 (xfr#1, to-chk=10/12)
2020-06-13 14:52:19.114204 +0000 build-debian4: <f..t...... buster/Release.gpg
2020-06-13 14:52:19.114252 +0000 build-debian4: .            833 100%  813.48kB/s    0:00:00  .            833 100%  813.48kB/s    0:00:00 (xfr#2, to-chk=8/12)
2020-06-13 14:52:19.227591 +0000 build-debian4: Syncing r4.1/vm/buster-testing...
2020-06-13 14:52:19.390069 +0000 build-debian4: sending incremental file list
2020-06-13 14:52:19.491458 +0000 build-debian4: Syncing r4.1/vm/stretch...
2020-06-13 14:52:19.657848 +0000 build-debian4: sending incremental file list
2020-06-13 14:52:19.808491 +0000 build-debian4: .d..t...... stretch/
2020-06-13 14:52:19.808545 +0000 build-debian4: <f..t...... stretch/InRelease
2020-06-13 14:52:19.808563 +0000 build-debian4: .            700  27%    0.00kB/s    0:00:00  .          2,502 100%    1.72MB/s    0:00:00 (xfr#1, to-chk=10/12)
2020-06-13 14:52:19.808590 +0000 build-debian4: <f..t...... stretch/Release.gpg
2020-06-13 14:52:19.808606 +0000 build-debian4: .            833 100%  813.48kB/s    0:00:00  .            833 100%  813.48kB/s    0:00:00 (xfr#2, to-chk=8/12)
2020-06-13 14:52:19.966323 +0000 build-debian4: Syncing r4.1/vm/stretch-testing...
2020-06-13 14:52:20.138658 +0000 build-debian4: sending incremental file list
2020-06-13 14:52:20.320144 +0000 build-debian4: ~/builder-r4.1/qubes-src/linux-deb
2020-06-13 14:52:20.333584 +0000 build-debian4: Makefile:778: update target 'update-repo-current' due to: internal-update-repo-current.vm.bullseye internal-update-repo-current.vm.buster internal-update-repo-current.vm.stretch post-update-repo-current
2020-06-13 14:52:20.333630 +0000 build-debian4: true
2020-06-13 14:52:20.333833 +0000 build-debian4: > done
2020-06-13 14:52:20.333863 +0000 > closing log
