2020-10-30 14:29:16.009147 +0000 > starting log
2020-10-30 14:29:16.009518 +0000 build-debian4: > starting build with log
2020-10-30 14:29:16.009534 +0000 build-debian4: >> make args: DISTS_VM=bullseye DIST_DOM0= qubes
2020-10-30 14:29:16.009542 +0000 build-debian4: >> MAKEFLAGS=
2020-10-30 14:29:16.009549 +0000 build-debian4: >> COMPONENTS=dnf
2020-10-30 14:29:16.009556 +0000 build-debian4: >> DISTS_VM=
2020-10-30 14:29:16.009563 +0000 build-debian4: >> DIST_DOM0=
2020-10-30 14:29:16.009571 +0000 build-debian4: >> qubes-builder e30bd65a2defdcc252803ccc565d85e3ad492142
2020-10-30 14:29:16.009581 +0000 build-debian4: >> qubes-builder/qubes-src/dnf ca6f870fdbbc5ac64276b596be83f10d7130e980
2020-10-30 14:29:16.009588 +0000 build-debian4: !! dnf-4.2.23.tar.gz
2020-10-30 14:29:16.009623 +0000 build-debian4: fc5c633b5b306f0e1ed2a064a0b9face4d199159ef1f0096df334db925094a63fbdc751dc883052e11e7d13148a623e2cebb9a8e1b206529a894055f74aa607d  dnf-4.2.23.tar.gz
2020-10-30 14:29:16.009635 +0000 build-debian4: ================================================================================
2020-10-30 14:29:16.009650 +0000 build-debian4:                            B U I L D   I N F O                                  
2020-10-30 14:29:16.009661 +0000 build-debian4: Items in red indicate it was automatically generated by configuration file(s)
2020-10-30 14:29:16.009671 +0000 build-debian4: Items in white indicate it was automatically removed by configuration file(s)
2020-10-30 14:29:16.009682 +0000 build-debian4: ================================================================================
2020-10-30 14:29:16.009688 +0000 build-debian4: DISTS_VM:
2020-10-30 14:29:16.009698 +0000 build-debian4:      stretch+standard, buster+standard, bullseye+standard, stretch buster bullseye
2020-10-30 14:29:16.009704 +0000 build-debian4: DISTS_ALL:
2020-10-30 14:29:16.009712 +0000 build-debian4:      vm-bullseye, vm-buster, vm-stretch,
2020-10-30 14:29:16.009719 +0000 build-debian4: DIST_DOM0:
2020-10-30 14:29:16.009821 +0000 build-debian4:     
2020-10-30 14:29:16.009832 +0000 build-debian4: BUILDER_PLUGINS:
2020-10-30 14:29:16.009843 +0000 build-debian4:      builder-debian, mgmt-salt, linux-deb, release-configs, builder-github,
2020-10-30 14:29:16.009850 +0000 build-debian4: COMPONENTS:
2020-10-30 14:29:16.009856 +0000 build-debian4:      dnf,
2020-10-30 14:29:16.009862 +0000 build-debian4: GIT_REPOS:
2020-10-30 14:29:16.009869 +0000 build-debian4:      qubes-src/dnf,
2020-10-30 14:29:16.009875 +0000 build-debian4: TEMPLATE:
2020-10-30 14:29:16.009881 +0000 build-debian4:     
2020-10-30 14:29:16.009887 +0000 build-debian4: TEMPLATE_FLAVOR_DIR:
2020-10-30 14:29:16.009893 +0000 build-debian4:     
2020-10-30 14:29:16.009899 +0000 build-debian4: TEMPLATE_ALIAS:
2020-10-30 14:29:16.009909 +0000 build-debian4:      stretch:stretch+standard, stretch+gnome:stretch+gnome+standard,
2020-10-30 14:29:16.009921 +0000 build-debian4:      stretch+minimal:stretch+minimal+no-recommends, buster:buster+standard, buster+gnome:buster+gnome+standard,
2020-10-30 14:29:16.009932 +0000 build-debian4:      buster+minimal:buster+minimal+no-recommends, bullseye:bullseye+standard,
2020-10-30 14:29:16.009943 +0000 build-debian4:      bullseye+gnome:bullseye+gnome+standard, bullseye+minimal:bullseye+minimal+no-recommends,
2020-10-30 14:29:16.009953 +0000 build-debian4:      whonix-gateway-14:stretch+whonix-gateway+minimal+no-recommends,
2020-10-30 14:29:16.009962 +0000 build-debian4:      whonix-workstation-14:stretch+whonix-workstation+minimal+no-recommends,
2020-10-30 14:29:16.009972 +0000 build-debian4:      whonix-gateway-15:buster+whonix-gateway+minimal+no-recommends,
2020-10-30 14:29:16.009982 +0000 build-debian4:      whonix-workstation-15:buster+whonix-workstation+minimal+no-recommends,
2020-10-30 14:29:16.009988 +0000 build-debian4: TEMPLATE_LABEL:
2020-10-30 14:29:16.010000 +0000 build-debian4:      stretch+standard:debian-9, buster+standard:debian-10, bullseye+standard:debian-11, stretch+standard:stretch,
2020-10-30 14:29:16.010012 +0000 build-debian4:      buster+standard:buster, bullseye+standard:bullseye, fc25:fedora-25 fc30:fedora-30 fc31:fedora-31
2020-10-30 14:29:16.010033 +0000 build-debian4:      fc32:fedora-32 fc30+minimal:fedora-30-minimal fc31+minimal:fedora-31-minimal fc32+minimal:fedora-32-minimal
2020-10-30 14:29:16.010046 +0000 build-debian4:      fc30+xfce:fedora-30-xfce fc31+xfce:fedora-31-xfce fc32+xfce:fedora-32-xfce stretch:debian-9
2020-10-30 14:29:16.010057 +0000 build-debian4:      stretch+xfce:debian-9-xfce buster:debian-10 buster+xfce:debian-10-xfce bullseye:debian-11
2020-10-30 14:29:16.010068 +0000 build-debian4:      bullseye+xfce:debian-11-xfce stretch+whonix-gateway+minimal+no-recommends:whonix-gw-14
2020-10-30 14:29:16.010078 +0000 build-debian4:      stretch+whonix-workstation+minimal+no-recommends:whonix-ws-14
2020-10-30 14:29:16.010087 +0000 build-debian4:      buster+whonix-gateway+minimal+no-recommends:whonix-gw-15
2020-10-30 14:29:16.010097 +0000 build-debian4:      buster+whonix-workstation+minimal+no-recommends:whonix-ws-15 centos7:centos-7
2020-10-30 14:29:16.010108 +0000 build-debian4:      centos7+minimal:centos-7-minimal centos7+xfce:centos-7-xfce centos8:centos-8
2020-10-30 14:29:16.010117 +0000 build-debian4:      centos8+minimal:centos-8-minimal centos8+xfce:centos-8-xfce
2020-10-30 14:29:16.010123 +0000 build-debian4: > running make
2020-10-30 14:29:16.010132 +0000 build-debian4: Makefile:1024: target 'build-info' does not exist
2020-10-30 14:29:16.010142 +0000 build-debian4: echo "================================================================================"
2020-10-30 14:29:16.010153 +0000 build-debian4: echo "                           B U I L D   I N F O                                  "
2020-10-30 14:29:16.010164 +0000 build-debian4: echo -e "Items in red indicate it was automatically generated by configuration file(s)"
2020-10-30 14:29:16.010174 +0000 build-debian4: echo -e "Items in white indicate it was automatically removed by configuration file(s)"
2020-10-30 14:29:16.010185 +0000 build-debian4: echo "================================================================================"
2020-10-30 14:29:16.010195 +0000 build-debian4: # (1): Item Color, (2): Label, (3): Item, (4): Original item used to compare if changed
2020-10-30 14:29:16.010205 +0000 build-debian4: echo -e "DISTS_VM:"; echo -e " bullseye," | fmt -w110  | sed -e 's/^/    /'
2020-10-30 14:29:16.010215 +0000 build-debian4: echo -e "DISTS_ALL:"; echo -e " vm-bullseye," | fmt -w110  | sed -e 's/^/    /'
2020-10-30 14:29:16.010225 +0000 build-debian4: echo -e "DIST_DOM0:"; echo -e " " | fmt -w110  | sed -e 's/^/    /'
2020-10-30 14:29:16.010239 +0000 build-debian4: echo -e "BUILDER_PLUGINS:"; echo -e " builder-debian, mgmt-salt, linux-deb, release-configs, builder-github," | fmt -w110  | sed -e 's/^/    /'
2020-10-30 14:29:16.010249 +0000 build-debian4: echo -e "COMPONENTS:"; echo -e " dnf," | fmt -w110  | sed -e 's/^/    /'
2020-10-30 14:29:16.010260 +0000 build-debian4: echo -e "GIT_REPOS:"; echo -e " qubes-src/dnf," | fmt -w110  | sed -e 's/^/    /'
2020-10-30 14:29:16.010269 +0000 build-debian4: echo -e "TEMPLATE:"; echo -e " " | fmt -w110  | sed -e 's/^/    /'
2020-10-30 14:29:16.010279 +0000 build-debian4: echo -e "TEMPLATE_FLAVOR_DIR:"; echo -e " " | fmt -w110  | sed -e 's/^/    /'
2020-10-30 14:29:16.010337 +0000 build-debian4: echo -e "TEMPLATE_ALIAS:"; echo -e " stretch:stretch+standard, stretch+gnome:stretch+gnome+standard, stretch+minimal:stretch+minimal+no-recommends, buster:buster+standard, buster+gnome:buster+gnome+standard, buster+minimal:buster+minimal+no-recommends, bullseye:bullseye+standard, bullseye+gnome:bullseye+gnome+standard, bullseye+minimal:bullseye+minimal+no-recommends, whonix-gateway-14:stretch+whonix-gateway+minimal+no-recommends, whonix-workstation-14:stretch+whonix-workstation+minimal+no-recommends, whonix-gateway-15:buster+whonix-gateway+minimal+no-recommends, whonix-workstation-15:buster+whonix-workstation+minimal+no-recommends," | fmt -w110  | sed -e 's/^/    /'
2020-10-30 14:29:16.010405 +0000 build-debian4: echo -e "TEMPLATE_LABEL:"; echo -e " bullseye:debian-11, fc25:fedora-25 fc30:fedora-30 fc31:fedora-31 fc32:fedora-32 fc30+minimal:fedora-30-minimal fc31+minimal:fedora-31-minimal fc32+minimal:fedora-32-minimal fc30+xfce:fedora-30-xfce fc31+xfce:fedora-31-xfce fc32+xfce:fedora-32-xfce stretch:debian-9 stretch+standard:debian-9 stretch+xfce:debian-9-xfce buster:debian-10 buster+standard:debian-10 buster+xfce:debian-10-xfce bullseye+standard:debian-11 bullseye+xfce:debian-11-xfce stretch+whonix-gateway+minimal+no-recommends:whonix-gw-14 stretch+whonix-workstation+minimal+no-recommends:whonix-ws-14 buster+whonix-gateway+minimal+no-recommends:whonix-gw-15 buster+whonix-workstation+minimal+no-recommends:whonix-ws-15 centos7:centos-7 centos7+minimal:centos-7-minimal centos7+xfce:centos-7-xfce centos8:centos-8 centos8+minimal:centos-8-minimal centos8+xfce:centos-8-xfce" | fmt -w110  | sed -e 's/^/    /'
2020-10-30 14:29:16.010420 +0000 build-debian4: for component in dnf; do \
2020-10-30 14:29:16.010432 +0000 build-debian4: .component_env_var=`MAKEFLAGS= make -s get-var GET_VAR=ENV_${component//-/_}`; \
2020-10-30 14:29:16.010447 +0000 build-debian4: .if [ ! -z "$component_env_var" ]; then echo -e "ENV_${component//-/_}:"; echo -e " ${component_env_var}, """ | fmt -w110  | sed -e 's/^/    /'; fi; \
2020-10-30 14:29:16.010454 +0000 build-debian4: done
2020-10-30 14:29:16.010464 +0000 build-debian4: ================================================================================
2020-10-30 14:29:16.010475 +0000 build-debian4:                            B U I L D   I N F O                                  
2020-10-30 14:29:16.010485 +0000 build-debian4: Items in red indicate it was automatically generated by configuration file(s)
2020-10-30 14:29:16.010496 +0000 build-debian4: Items in white indicate it was automatically removed by configuration file(s)
2020-10-30 14:29:16.010506 +0000 build-debian4: ================================================================================
2020-10-30 14:29:16.010513 +0000 build-debian4: DISTS_VM:
2020-10-30 14:29:16.010519 +0000 build-debian4:      bullseye,
2020-10-30 14:29:16.010525 +0000 build-debian4: DISTS_ALL:
2020-10-30 14:29:16.010532 +0000 build-debian4:      vm-bullseye,
2020-10-30 14:29:16.010538 +0000 build-debian4: DIST_DOM0:
2020-10-30 14:29:16.010544 +0000 build-debian4:     
2020-10-30 14:29:16.010551 +0000 build-debian4: BUILDER_PLUGINS:
2020-10-30 14:29:16.011782 +0000 build-debian4:      builder-debian, mgmt-salt, linux-deb, release-configs, builder-github,
2020-10-30 14:29:16.011812 +0000 build-debian4: COMPONENTS:
2020-10-30 14:29:16.012212 +0000 build-debian4:      dnf,
2020-10-30 14:29:16.013551 +0000 build-debian4: GIT_REPOS:
2020-10-30 14:29:16.013885 +0000 build-debian4:      qubes-src/dnf,
2020-10-30 14:29:16.015184 +0000 build-debian4: TEMPLATE:
2020-10-30 14:29:16.015484 +0000 build-debian4:     
2020-10-30 14:29:16.016054 +0000 build-debian4: TEMPLATE_FLAVOR_DIR:
2020-10-30 14:29:16.017133 +0000 build-debian4:     
2020-10-30 14:29:16.017715 +0000 build-debian4: TEMPLATE_ALIAS:
2020-10-30 14:29:16.018846 +0000 build-debian4:      stretch:stretch+standard, stretch+gnome:stretch+gnome+standard,
2020-10-30 14:29:16.018880 +0000 build-debian4:      stretch+minimal:stretch+minimal+no-recommends, buster:buster+standard, buster+gnome:buster+gnome+standard,
2020-10-30 14:29:16.018893 +0000 build-debian4:      buster+minimal:buster+minimal+no-recommends, bullseye:bullseye+standard,
2020-10-30 14:29:16.018905 +0000 build-debian4:      bullseye+gnome:bullseye+gnome+standard, bullseye+minimal:bullseye+minimal+no-recommends,
2020-10-30 14:29:16.018915 +0000 build-debian4:      whonix-gateway-14:stretch+whonix-gateway+minimal+no-recommends,
2020-10-30 14:29:16.018925 +0000 build-debian4:      whonix-workstation-14:stretch+whonix-workstation+minimal+no-recommends,
2020-10-30 14:29:16.018935 +0000 build-debian4:      whonix-gateway-15:buster+whonix-gateway+minimal+no-recommends,
2020-10-30 14:29:16.018944 +0000 build-debian4:      whonix-workstation-15:buster+whonix-workstation+minimal+no-recommends,
2020-10-30 14:29:16.020301 +0000 build-debian4: TEMPLATE_LABEL:
2020-10-30 14:29:16.020603 +0000 build-debian4:      bullseye:debian-11, fc25:fedora-25 fc30:fedora-30 fc31:fedora-31 fc32:fedora-32
2020-10-30 14:29:16.020630 +0000 build-debian4:      fc30+minimal:fedora-30-minimal fc31+minimal:fedora-31-minimal fc32+minimal:fedora-32-minimal
2020-10-30 14:29:16.020642 +0000 build-debian4:      fc30+xfce:fedora-30-xfce fc31+xfce:fedora-31-xfce fc32+xfce:fedora-32-xfce
2020-10-30 14:29:16.020654 +0000 build-debian4:      stretch:debian-9 stretch+standard:debian-9 stretch+xfce:debian-9-xfce buster:debian-10
2020-10-30 14:29:16.020665 +0000 build-debian4:      buster+standard:debian-10 buster+xfce:debian-10-xfce bullseye+standard:debian-11
2020-10-30 14:29:16.020690 +0000 build-debian4:      bullseye+xfce:debian-11-xfce stretch+whonix-gateway+minimal+no-recommends:whonix-gw-14
2020-10-30 14:29:16.020701 +0000 build-debian4:      stretch+whonix-workstation+minimal+no-recommends:whonix-ws-14
2020-10-30 14:29:16.020710 +0000 build-debian4:      buster+whonix-gateway+minimal+no-recommends:whonix-gw-15
2020-10-30 14:29:16.020721 +0000 build-debian4:      buster+whonix-workstation+minimal+no-recommends:whonix-ws-15 centos7:centos-7
2020-10-30 14:29:16.020731 +0000 build-debian4:      centos7+minimal:centos-7-minimal centos7+xfce:centos-7-xfce centos8:centos-8
2020-10-30 14:29:16.020742 +0000 build-debian4:      centos8+minimal:centos-8-minimal centos8+xfce:centos-8-xfce
2020-10-30 14:29:16.035755 +0000 build-debian4: Makefile:226: target 'check-depend.rpm' does not exist
2020-10-30 14:29:16.035801 +0000 build-debian4: echo "Currently installed dependencies:" && rpm -q --whatprovides createrepo_c debootstrap devscripts dpkg-dev git perl-Digest-MD5 perl-Digest-SHA python3-pyyaml python3-sh rpm-build rpm-sign rpmdevtools wget || \
2020-10-30 14:29:16.035815 +0000 build-debian4: .{ echo "ERROR: call 'make install-deps' to install missing dependencies"; exit 1; }
2020-10-30 14:29:16.036572 +0000 build-debian4: Currently installed dependencies:
2020-10-30 14:29:16.042383 +0000 build-debian4: createrepo_c-0.15.11-1.fc32.x86_64
2020-10-30 14:29:16.042676 +0000 build-debian4: debootstrap-1.0.123-1.fc32.noarch
2020-10-30 14:29:16.043234 +0000 build-debian4: devscripts-2.20.2-1.fc32.x86_64
2020-10-30 14:29:16.043673 +0000 build-debian4: dpkg-dev-1.19.7-5.fc32.noarch
2020-10-30 14:29:16.043947 +0000 build-debian4: git-2.26.2-1.fc32.x86_64
2020-10-30 14:29:16.044148 +0000 build-debian4: perl-Digest-MD5-2.55-440.fc32.x86_64
2020-10-30 14:29:16.044447 +0000 build-debian4: perl-Digest-SHA-6.02-442.fc32.x86_64
2020-10-30 14:29:16.044698 +0000 build-debian4: python3-pyyaml-5.3.1-1.fc32.x86_64
2020-10-30 14:29:16.044901 +0000 build-debian4: python3-sh-1.13.1-1.fc32.noarch
2020-10-30 14:29:16.045214 +0000 build-debian4: rpm-build-4.15.1-3.fc32.1.x86_64
2020-10-30 14:29:16.045456 +0000 build-debian4: rpm-sign-4.15.1-3.fc32.1.x86_64
2020-10-30 14:29:16.045755 +0000 build-debian4: rpmdevtools-8.10-10.fc32.noarch
2020-10-30 14:29:16.046017 +0000 build-debian4: wget-1.20.3-4.fc32.x86_64
2020-10-30 14:29:16.046906 +0000 build-debian4: Makefile:254: update target 'dnf-dom0' due to: check-depend
2020-10-30 14:29:16.046952 +0000 build-debian4: if [ -n "dnf" -a "0" -ne 0 ]; then BRANCH=release4.0; branch_var="BRANCH_dnf"; [ -n "${!branch_var}" ] && BRANCH="${!branch_var}"; pushd qubes-src/dnf > /dev/null; CURRENT_BRANCH=`git symbolic-ref --short HEAD 2>/dev/null || git describe --tags --exact-match HEAD`; if [ "$BRANCH" != "$CURRENT_BRANCH" ]; then echo "-> ERROR: Wrong branch $branch_var=$CURRENT_BRANCH (expected $BRANCH)"; exit 1; fi; popd > /dev/null; fi
2020-10-30 14:29:16.048115 +0000 build-debian4: Makefile:246: update target 'dnf-vm' due to: check-depend
2020-10-30 14:29:16.048163 +0000 build-debian4: if [ -n "dnf" -a "0" -ne 0 ]; then BRANCH=release4.0; branch_var="BRANCH_dnf"; [ -n "${!branch_var}" ] && BRANCH="${!branch_var}"; pushd qubes-src/dnf > /dev/null; CURRENT_BRANCH=`git symbolic-ref --short HEAD 2>/dev/null || git describe --tags --exact-match HEAD`; if [ "$BRANCH" != "$CURRENT_BRANCH" ]; then echo "-> ERROR: Wrong branch $branch_var=$CURRENT_BRANCH (expected $BRANCH)"; exit 1; fi; popd > /dev/null; fi
2020-10-30 14:29:16.048186 +0000 build-debian4: if [ -r qubes-src/dnf/Makefile.builder ]; then \
2020-10-30 14:29:16.048195 +0000 build-debian4: .for DIST in bullseye; do \
2020-10-30 14:29:16.048208 +0000 build-debian4: ..make --no-print-directory DIST=$DIST PACKAGE_SET=vm COMPONENT=dnf ENV_COMPONENT= -f Makefile.generic all || exit 1; \
2020-10-30 14:29:16.048215 +0000 build-debian4: .done; \
2020-10-30 14:29:16.048221 +0000 build-debian4: fi
2020-10-30 14:29:16.052809 +0000 build-debian4: Makefile.generic:151: target 'generic-prepare-chroot' does not exist
2020-10-30 14:29:16.052842 +0000 build-debian4: if [ "`id -u`" = 0 ]; then \
2020-10-30 14:29:16.052856 +0000 build-debian4: .echo "*******************************************************************************"; \
2020-10-30 14:29:16.052867 +0000 build-debian4: .echo "***                               ERROR                                      ***"; \
2020-10-30 14:29:16.052878 +0000 build-debian4: .echo "*** Start the build as normal user, it will use sudo (only) where necessary! ***"; \
2020-10-30 14:29:16.052888 +0000 build-debian4: .echo "***                                                                          ***"; \
2020-10-30 14:29:16.052897 +0000 build-debian4: .echo "*******************************************************************************"; \
2020-10-30 14:29:16.052904 +0000 build-debian4: .exit 1; \
2020-10-30 14:29:16.052910 +0000 build-debian4: fi
2020-10-30 14:29:16.064122 +0000 build-debian4: mkdir -p "/home/user/builder-r4.0/cache/bullseye"
2020-10-30 14:29:16.065843 +0000 build-debian4: if ! scripts/test-sane-mount .; then \
2020-10-30 14:29:16.065871 +0000 build-debian4: .mountpoint=$(scripts/find-mount-point .); \
2020-10-30 14:29:16.065883 +0000 build-debian4: .echo "*******************************************************************************"; \
2020-10-30 14:29:16.065894 +0000 build-debian4: .echo "***                               ERROR                                      ***"; \
2020-10-30 14:29:16.065904 +0000 build-debian4: .echo "*** Cannot create chroot because the current filesystem is mounted as nodev. ***"; \
2020-10-30 14:29:16.065915 +0000 build-debian4: .echo "*** Build Qubes on a different filesystem, or run 'make remount' to remount  ***"; \
2020-10-30 14:29:16.065922 +0000 build-debian4: .echo "*** $mountpoint with dev option."; \
2020-10-30 14:29:16.065932 +0000 build-debian4: .echo "***                                                                          ***"; \
2020-10-30 14:29:16.065942 +0000 build-debian4: .echo "*******************************************************************************"; \
2020-10-30 14:29:16.065948 +0000 build-debian4: .exit 1; \
2020-10-30 14:29:16.065954 +0000 build-debian4: fi
2020-10-30 14:29:16.080916 +0000 build-debian4: /home/user/builder-r4.0/qubes-src/builder-debian//Makefile-legacy.debian:4: update target 'dist-prepare-chroot' due to: /home/user/builder-r4.0/chroot-vm-bullseye/home/user/.prepared_base
2020-10-30 14:29:16.080953 +0000 build-debian4: # Make sure repo directory exists
2020-10-30 14:29:16.090985 +0000 build-debian4: if ! [ -d "/home/user/builder-r4.0/qubes-packages-mirror-repo/vm-bullseye/dists" ]; then\
2020-10-30 14:29:16.091023 +0000 build-debian4:     mkdir -p "/home/user/builder-r4.0/qubes-packages-mirror-repo/vm-bullseye/dists";\
2020-10-30 14:29:16.091032 +0000 build-debian4: fi
2020-10-30 14:29:16.091871 +0000 build-debian4: if [ 2 -gt 0 ]; then \
2020-10-30 14:29:16.091893 +0000 build-debian4: .echo "-> dist-prepare-chroot for bullseye"; \
2020-10-30 14:29:16.091908 +0000 build-debian4: .echo "-> sudo mount --bind /home/user/builder-r4.0/qubes-packages-mirror-repo/vm-bullseye /home/user/builder-r4.0/chroot-vm-bullseye/tmp/qubes-deb;"; \
2020-10-30 14:29:16.091929 +0000 build-debian4: fi
2020-10-30 14:29:16.092735 +0000 build-debian4: -> dist-prepare-chroot for bullseye
2020-10-30 14:29:16.092762 +0000 build-debian4: -> sudo mount --bind /home/user/builder-r4.0/qubes-packages-mirror-repo/vm-bullseye /home/user/builder-r4.0/chroot-vm-bullseye/tmp/qubes-deb;
2020-10-30 14:29:16.092970 +0000 build-debian4: if [ ! -r /home/user/builder-r4.0/chroot-vm-bullseye/proc/cpuinfo ]; then\
2020-10-30 14:29:16.092996 +0000 build-debian4: .sudo mount -t proc proc /home/user/builder-r4.0/chroot-vm-bullseye/proc;\
2020-10-30 14:29:16.093004 +0000 build-debian4: fi
2020-10-30 14:29:16.093981 +0000 build-debian4: if ! [ -d /home/user/builder-r4.0/chroot-vm-bullseye/tmp/qubes-deb/deb ]; then\
2020-10-30 14:29:16.094003 +0000 build-debian4: .mkdir -p /home/user/builder-r4.0/chroot-vm-bullseye/tmp/qubes-deb;\
2020-10-30 14:29:16.094018 +0000 build-debian4: .sudo mount --bind /home/user/builder-r4.0/qubes-packages-mirror-repo/vm-bullseye /home/user/builder-r4.0/chroot-vm-bullseye/tmp/qubes-deb;\
2020-10-30 14:29:16.094024 +0000 build-debian4: fi
2020-10-30 14:29:16.094983 +0000 build-debian4: if [ "tmpfs" != tmpfs ]; then\
2020-10-30 14:29:16.095006 +0000 build-debian4: .sudo mkdir -p "/home/user/builder-r4.0/chroot-vm-bullseye/dev/shm";\
2020-10-30 14:29:16.095017 +0000 build-debian4: .sudo mount -t tmpfs shm "/home/user/builder-r4.0/chroot-vm-bullseye/dev/shm";\
2020-10-30 14:29:16.095027 +0000 build-debian4: .sudo chmod 1777 "/home/user/builder-r4.0/chroot-vm-bullseye/dev/shm";\
2020-10-30 14:29:16.095032 +0000 build-debian4: fi
2020-10-30 14:29:16.096041 +0000 build-debian4: Makefile.generic:145: target 'generic-prep' does not exist
2020-10-30 14:29:16.096062 +0000 build-debian4: if [ -e ""build-logs/dnf-vm-bullseye.log"" ]; then\
2020-10-30 14:29:16.096073 +0000 build-debian4:    mv -f ""build-logs/dnf-vm-bullseye.log"" ""build-logs/dnf-vm-bullseye.log".old";\
2020-10-30 14:29:16.096079 +0000 build-debian4: fi
2020-10-30 14:29:16.144944 +0000 build-debian4: /home/user/builder-r4.0/qubes-src/builder-debian//Makefile-legacy.debian:32: target 'dist-prep' does not exist
2020-10-30 14:29:16.144988 +0000 build-debian4: rm -f "/home/user/builder-r4.0/chroot-vm-bullseye//home/user/qubes-src/dnf/../dnf_4.2.23"*
2020-10-30 14:29:16.192825 +0000 build-debian4: Makefile.generic:126: target 'generic-copy-in' does not exist
2020-10-30 14:29:16.192864 +0000 build-debian4: mkdir -p /home/user/builder-r4.0/chroot-vm-bullseye//home/user/qubes-src
2020-10-30 14:29:16.203508 +0000 build-debian4: cp Makefile.generic /home/user/builder-r4.0/chroot-vm-bullseye//home/user/
2020-10-30 14:29:16.205471 +0000 build-debian4: cp /home/user/builder-r4.0/qubes-src/builder-debian/Makefile.debian /home/user/builder-r4.0/qubes-src/builder-github//Makefile.github /home/user/builder-r4.0/chroot-vm-bullseye//home/user/
2020-10-30 14:29:16.207622 +0000 build-debian4: rm -rf /home/user/builder-r4.0/chroot-vm-bullseye//home/user/qubes-src/dnf
2020-10-30 14:29:16.209181 +0000 build-debian4: cp -alt /home/user/builder-r4.0/chroot-vm-bullseye//home/user/qubes-src/ qubes-src/dnf
2020-10-30 14:29:16.212200 +0000 build-debian4: rm -rf /home/user/builder-r4.0/chroot-vm-bullseye//home/user/qubes-src/dnf/pkgs
2020-10-30 14:29:16.218167 +0000 build-debian4: qubes-src/dnf/Makefile.builder:12: target 'source-debian-copy-in' does not exist
2020-10-30 14:29:16.218204 +0000 build-debian4: cp -p qubes-src/dnf/dnf-4.2.23.tar.gz /home/user/builder-r4.0/chroot-vm-bullseye//home/user/qubes-src/dnf/dnf_4.2.23.orig.tar.gz
2020-10-30 14:29:16.234926 +0000 build-debian4: tar xvf qubes-src/dnf/dnf-4.2.23.tar.gz -C /home/user/builder-r4.0/chroot-vm-bullseye//home/user/qubes-src/dnf/debian-pkg --strip-components=1
2020-10-30 14:29:16.238238 +0000 build-debian4: dnf-4.2.23/.gitignore
2020-10-30 14:29:16.238273 +0000 build-debian4: dnf-4.2.23/.packit.yaml
2020-10-30 14:29:16.238295 +0000 build-debian4: dnf-4.2.23/.tito/
2020-10-30 14:29:16.238303 +0000 build-debian4: dnf-4.2.23/.tito/packages/
2020-10-30 14:29:16.238310 +0000 build-debian4: dnf-4.2.23/.tito/packages/.readme
2020-10-30 14:29:16.238318 +0000 build-debian4: dnf-4.2.23/.tito/tito.props
2020-10-30 14:29:16.238324 +0000 build-debian4: dnf-4.2.23/AUTHORS
2020-10-30 14:29:16.238331 +0000 build-debian4: dnf-4.2.23/CMakeLists.txt
2020-10-30 14:29:16.238337 +0000 build-debian4: dnf-4.2.23/COPYING
2020-10-30 14:29:16.238483 +0000 build-debian4: dnf-4.2.23/PACKAGE-LICENSING
2020-10-30 14:29:16.238498 +0000 build-debian4: dnf-4.2.23/README.rst
2020-10-30 14:29:16.238505 +0000 build-debian4: dnf-4.2.23/VERSION.cmake
2020-10-30 14:29:16.238512 +0000 build-debian4: dnf-4.2.23/bin/
2020-10-30 14:29:16.238519 +0000 build-debian4: dnf-4.2.23/bin/CMakeLists.txt
2020-10-30 14:29:16.238526 +0000 build-debian4: dnf-4.2.23/bin/dnf-automatic.in
2020-10-30 14:29:16.238532 +0000 build-debian4: dnf-4.2.23/bin/dnf.in
2020-10-30 14:29:16.238538 +0000 build-debian4: dnf-4.2.23/dnf.spec
2020-10-30 14:29:16.239105 +0000 build-debian4: dnf-4.2.23/dnf/
2020-10-30 14:29:16.239121 +0000 build-debian4: dnf-4.2.23/dnf/CMakeLists.txt
2020-10-30 14:29:16.239128 +0000 build-debian4: dnf-4.2.23/dnf/__init__.py
2020-10-30 14:29:16.239134 +0000 build-debian4: dnf-4.2.23/dnf/automatic/
2020-10-30 14:29:16.239142 +0000 build-debian4: dnf-4.2.23/dnf/automatic/CMakeLists.txt
2020-10-30 14:29:16.239149 +0000 build-debian4: dnf-4.2.23/dnf/automatic/__init__.py
2020-10-30 14:29:16.239156 +0000 build-debian4: dnf-4.2.23/dnf/automatic/emitter.py
2020-10-30 14:29:16.239163 +0000 build-debian4: dnf-4.2.23/dnf/automatic/main.py
2020-10-30 14:29:16.239290 +0000 build-debian4: dnf-4.2.23/dnf/base.py
2020-10-30 14:29:16.239822 +0000 build-debian4: dnf-4.2.23/dnf/callback.py
2020-10-30 14:29:16.239837 +0000 build-debian4: dnf-4.2.23/dnf/cli/
2020-10-30 14:29:16.239845 +0000 build-debian4: dnf-4.2.23/dnf/cli/CMakeLists.txt
2020-10-30 14:29:16.239853 +0000 build-debian4: dnf-4.2.23/dnf/cli/__init__.py
2020-10-30 14:29:16.239860 +0000 build-debian4: dnf-4.2.23/dnf/cli/aliases.py
2020-10-30 14:29:16.240169 +0000 build-debian4: dnf-4.2.23/dnf/cli/cli.py
2020-10-30 14:29:16.240308 +0000 build-debian4: dnf-4.2.23/dnf/cli/commands/
2020-10-30 14:29:16.240324 +0000 build-debian4: dnf-4.2.23/dnf/cli/commands/CMakeLists.txt
2020-10-30 14:29:16.240333 +0000 build-debian4: dnf-4.2.23/dnf/cli/commands/__init__.py
2020-10-30 14:29:16.241015 +0000 build-debian4: dnf-4.2.23/dnf/cli/commands/alias.py
2020-10-30 14:29:16.241032 +0000 build-debian4: dnf-4.2.23/dnf/cli/commands/autoremove.py
2020-10-30 14:29:16.241040 +0000 build-debian4: dnf-4.2.23/dnf/cli/commands/check.py
2020-10-30 14:29:16.241047 +0000 build-debian4: dnf-4.2.23/dnf/cli/commands/clean.py
2020-10-30 14:29:16.241054 +0000 build-debian4: dnf-4.2.23/dnf/cli/commands/deplist.py
2020-10-30 14:29:16.241062 +0000 build-debian4: dnf-4.2.23/dnf/cli/commands/distrosync.py
2020-10-30 14:29:16.241069 +0000 build-debian4: dnf-4.2.23/dnf/cli/commands/downgrade.py
2020-10-30 14:29:16.241076 +0000 build-debian4: dnf-4.2.23/dnf/cli/commands/group.py
2020-10-30 14:29:16.241083 +0000 build-debian4: dnf-4.2.23/dnf/cli/commands/install.py
2020-10-30 14:29:16.241090 +0000 build-debian4: dnf-4.2.23/dnf/cli/commands/makecache.py
2020-10-30 14:29:16.241098 +0000 build-debian4: dnf-4.2.23/dnf/cli/commands/mark.py
2020-10-30 14:29:16.241105 +0000 build-debian4: dnf-4.2.23/dnf/cli/commands/module.py
2020-10-30 14:29:16.241398 +0000 build-debian4: dnf-4.2.23/dnf/cli/commands/reinstall.py
2020-10-30 14:29:16.241414 +0000 build-debian4: dnf-4.2.23/dnf/cli/commands/remove.py
2020-10-30 14:29:16.241422 +0000 build-debian4: dnf-4.2.23/dnf/cli/commands/repolist.py
2020-10-30 14:29:16.241680 +0000 build-debian4: dnf-4.2.23/dnf/cli/commands/repoquery.py
2020-10-30 14:29:16.241695 +0000 build-debian4: dnf-4.2.23/dnf/cli/commands/search.py
2020-10-30 14:29:16.241703 +0000 build-debian4: dnf-4.2.23/dnf/cli/commands/shell.py
2020-10-30 14:29:16.241719 +0000 build-debian4: dnf-4.2.23/dnf/cli/commands/swap.py
2020-10-30 14:29:16.241727 +0000 build-debian4: dnf-4.2.23/dnf/cli/commands/updateinfo.py
2020-10-30 14:29:16.242025 +0000 build-debian4: dnf-4.2.23/dnf/cli/commands/upgrade.py
2020-10-30 14:29:16.242041 +0000 build-debian4: dnf-4.2.23/dnf/cli/commands/upgrademinimal.py
2020-10-30 14:29:16.242049 +0000 build-debian4: dnf-4.2.23/dnf/cli/completion_helper.py.in
2020-10-30 14:29:16.242183 +0000 build-debian4: dnf-4.2.23/dnf/cli/demand.py
2020-10-30 14:29:16.242199 +0000 build-debian4: dnf-4.2.23/dnf/cli/format.py
2020-10-30 14:29:16.242206 +0000 build-debian4: dnf-4.2.23/dnf/cli/main.py
2020-10-30 14:29:16.242214 +0000 build-debian4: dnf-4.2.23/dnf/cli/option_parser.py
2020-10-30 14:29:16.242221 +0000 build-debian4: dnf-4.2.23/dnf/cli/output.py
2020-10-30 14:29:16.242861 +0000 build-debian4: dnf-4.2.23/dnf/cli/progress.py
2020-10-30 14:29:16.242878 +0000 build-debian4: dnf-4.2.23/dnf/cli/term.py
2020-10-30 14:29:16.243534 +0000 build-debian4: dnf-4.2.23/dnf/cli/utils.py
2020-10-30 14:29:16.243551 +0000 build-debian4: dnf-4.2.23/dnf/comps.py
2020-10-30 14:29:16.243558 +0000 build-debian4: dnf-4.2.23/dnf/conf/
2020-10-30 14:29:16.243566 +0000 build-debian4: dnf-4.2.23/dnf/conf/CMakeLists.txt
2020-10-30 14:29:16.243574 +0000 build-debian4: dnf-4.2.23/dnf/conf/__init__.py
2020-10-30 14:29:16.243581 +0000 build-debian4: dnf-4.2.23/dnf/conf/config.py
2020-10-30 14:29:16.243588 +0000 build-debian4: dnf-4.2.23/dnf/conf/read.py
2020-10-30 14:29:16.243595 +0000 build-debian4: dnf-4.2.23/dnf/conf/substitutions.py
2020-10-30 14:29:16.243602 +0000 build-debian4: dnf-4.2.23/dnf/const.py.in
2020-10-30 14:29:16.243608 +0000 build-debian4: dnf-4.2.23/dnf/crypto.py
2020-10-30 14:29:16.244017 +0000 build-debian4: dnf-4.2.23/dnf/db/
2020-10-30 14:29:16.244033 +0000 build-debian4: dnf-4.2.23/dnf/db/CMakeLists.txt
2020-10-30 14:29:16.244041 +0000 build-debian4: dnf-4.2.23/dnf/db/__init__.py
2020-10-30 14:29:16.244048 +0000 build-debian4: dnf-4.2.23/dnf/db/group.py
2020-10-30 14:29:16.244055 +0000 build-debian4: dnf-4.2.23/dnf/db/history.py
2020-10-30 14:29:16.244485 +0000 build-debian4: dnf-4.2.23/dnf/dnssec.py
2020-10-30 14:29:16.244500 +0000 build-debian4: dnf-4.2.23/dnf/drpm.py
2020-10-30 14:29:16.244508 +0000 build-debian4: dnf-4.2.23/dnf/exceptions.py
2020-10-30 14:29:16.244515 +0000 build-debian4: dnf-4.2.23/dnf/goal.py
2020-10-30 14:29:16.244522 +0000 build-debian4: dnf-4.2.23/dnf/history.py
2020-10-30 14:29:16.244528 +0000 build-debian4: dnf-4.2.23/dnf/i18n.py
2020-10-30 14:29:16.244535 +0000 build-debian4: dnf-4.2.23/dnf/lock.py
2020-10-30 14:29:16.244542 +0000 build-debian4: dnf-4.2.23/dnf/logging.py
2020-10-30 14:29:16.244549 +0000 build-debian4: dnf-4.2.23/dnf/match_counter.py
2020-10-30 14:29:16.244560 +0000 build-debian4: dnf-4.2.23/dnf/module/
2020-10-30 14:29:16.244568 +0000 build-debian4: dnf-4.2.23/dnf/module/CMakeLists.txt
2020-10-30 14:29:16.244575 +0000 build-debian4: dnf-4.2.23/dnf/module/__init__.py
2020-10-30 14:29:16.244582 +0000 build-debian4: dnf-4.2.23/dnf/module/exceptions.py
2020-10-30 14:29:16.244590 +0000 build-debian4: dnf-4.2.23/dnf/module/module_base.py
2020-10-30 14:29:16.244596 +0000 build-debian4: dnf-4.2.23/dnf/package.py
2020-10-30 14:29:16.244617 +0000 build-debian4: dnf-4.2.23/dnf/persistor.py
2020-10-30 14:29:16.244625 +0000 build-debian4: dnf-4.2.23/dnf/plugin.py
2020-10-30 14:29:16.246008 +0000 build-debian4: dnf-4.2.23/dnf/pycomp.py
2020-10-30 14:29:16.246028 +0000 build-debian4: dnf-4.2.23/dnf/query.py
2020-10-30 14:29:16.246037 +0000 build-debian4: dnf-4.2.23/dnf/repo.py
2020-10-30 14:29:16.246044 +0000 build-debian4: dnf-4.2.23/dnf/repodict.py
2020-10-30 14:29:16.246050 +0000 build-debian4: dnf-4.2.23/dnf/rpm/
2020-10-30 14:29:16.246058 +0000 build-debian4: dnf-4.2.23/dnf/rpm/CMakeLists.txt
2020-10-30 14:29:16.246065 +0000 build-debian4: dnf-4.2.23/dnf/rpm/__init__.py
2020-10-30 14:29:16.246072 +0000 build-debian4: dnf-4.2.23/dnf/rpm/connection.py
2020-10-30 14:29:16.246090 +0000 build-debian4: dnf-4.2.23/dnf/rpm/error.py
2020-10-30 14:29:16.246098 +0000 build-debian4: dnf-4.2.23/dnf/rpm/miscutils.py
2020-10-30 14:29:16.246105 +0000 build-debian4: dnf-4.2.23/dnf/rpm/transaction.py
2020-10-30 14:29:16.246112 +0000 build-debian4: dnf-4.2.23/dnf/sack.py
2020-10-30 14:29:16.246119 +0000 build-debian4: dnf-4.2.23/dnf/selector.py
2020-10-30 14:29:16.246126 +0000 build-debian4: dnf-4.2.23/dnf/subject.py
2020-10-30 14:29:16.246132 +0000 build-debian4: dnf-4.2.23/dnf/transaction.py
2020-10-30 14:29:16.246139 +0000 build-debian4: dnf-4.2.23/dnf/util.py
2020-10-30 14:29:16.246145 +0000 build-debian4: dnf-4.2.23/dnf/yum/
2020-10-30 14:29:16.246152 +0000 build-debian4: dnf-4.2.23/dnf/yum/CMakeLists.txt
2020-10-30 14:29:16.246159 +0000 build-debian4: dnf-4.2.23/dnf/yum/__init__.py
2020-10-30 14:29:16.246166 +0000 build-debian4: dnf-4.2.23/dnf/yum/misc.py
2020-10-30 14:29:16.246173 +0000 build-debian4: dnf-4.2.23/dnf/yum/rpmtrans.py
2020-10-30 14:29:16.246179 +0000 build-debian4: dnf-4.2.23/doc/
2020-10-30 14:29:16.246186 +0000 build-debian4: dnf-4.2.23/doc/CMakeLists.txt
2020-10-30 14:29:16.246193 +0000 build-debian4: dnf-4.2.23/doc/__init__.py
2020-10-30 14:29:16.246200 +0000 build-debian4: dnf-4.2.23/doc/api.rst
2020-10-30 14:29:16.246206 +0000 build-debian4: dnf-4.2.23/doc/api_base.rst
2020-10-30 14:29:16.246213 +0000 build-debian4: dnf-4.2.23/doc/api_callback.rst
2020-10-30 14:29:16.246220 +0000 build-debian4: dnf-4.2.23/doc/api_cli.rst
2020-10-30 14:29:16.246227 +0000 build-debian4: dnf-4.2.23/doc/api_common.rst
2020-10-30 14:29:16.246234 +0000 build-debian4: dnf-4.2.23/doc/api_comps.rst
2020-10-30 14:29:16.246240 +0000 build-debian4: dnf-4.2.23/doc/api_conf.rst
2020-10-30 14:29:16.246248 +0000 build-debian4: dnf-4.2.23/doc/api_exceptions.rst
2020-10-30 14:29:16.246254 +0000 build-debian4: dnf-4.2.23/doc/api_module.rst
2020-10-30 14:29:16.246261 +0000 build-debian4: dnf-4.2.23/doc/api_package.rst
2020-10-30 14:29:16.246860 +0000 build-debian4: dnf-4.2.23/doc/api_plugins.rst
2020-10-30 14:29:16.246877 +0000 build-debian4: dnf-4.2.23/doc/api_queries.rst
2020-10-30 14:29:16.246886 +0000 build-debian4: dnf-4.2.23/doc/api_repos.rst
2020-10-30 14:29:16.246893 +0000 build-debian4: dnf-4.2.23/doc/api_rpm.rst
2020-10-30 14:29:16.246900 +0000 build-debian4: dnf-4.2.23/doc/api_sack.rst
2020-10-30 14:29:16.246907 +0000 build-debian4: dnf-4.2.23/doc/api_selector.rst
2020-10-30 14:29:16.246915 +0000 build-debian4: dnf-4.2.23/doc/api_transaction.rst
2020-10-30 14:29:16.246922 +0000 build-debian4: dnf-4.2.23/doc/api_vs_yum.rst
2020-10-30 14:29:16.246929 +0000 build-debian4: dnf-4.2.23/doc/automatic.rst
2020-10-30 14:29:16.246937 +0000 build-debian4: dnf-4.2.23/doc/cli_vs_yum.rst
2020-10-30 14:29:16.246944 +0000 build-debian4: dnf-4.2.23/doc/command_ref.rst
2020-10-30 14:29:16.247248 +0000 build-debian4: dnf-4.2.23/doc/conf.py.in
2020-10-30 14:29:16.247265 +0000 build-debian4: dnf-4.2.23/doc/conf_ref.rst
2020-10-30 14:29:16.247937 +0000 build-debian4: dnf-4.2.23/doc/dnf-1_vs_dnf-2.rst
2020-10-30 14:29:16.247955 +0000 build-debian4: dnf-4.2.23/doc/examples/
2020-10-30 14:29:16.247964 +0000 build-debian4: dnf-4.2.23/doc/examples/install_extension.py
2020-10-30 14:29:16.247972 +0000 build-debian4: dnf-4.2.23/doc/examples/install_plugin.py
2020-10-30 14:29:16.247980 +0000 build-debian4: dnf-4.2.23/doc/examples/list_extras_extension.py
2020-10-30 14:29:16.247988 +0000 build-debian4: dnf-4.2.23/doc/examples/list_obsoletes_plugin.py
2020-10-30 14:29:16.247995 +0000 build-debian4: dnf-4.2.23/doc/index.rst
2020-10-30 14:29:16.248002 +0000 build-debian4: dnf-4.2.23/doc/modularity.rst
2020-10-30 14:29:16.248009 +0000 build-debian4: dnf-4.2.23/doc/release_notes.rst
2020-10-30 14:29:16.248331 +0000 build-debian4: dnf-4.2.23/doc/rhbug.py
2020-10-30 14:29:16.248347 +0000 build-debian4: dnf-4.2.23/doc/summaries_cache
2020-10-30 14:29:16.248774 +0000 build-debian4: dnf-4.2.23/doc/use_cases.rst
2020-10-30 14:29:16.248790 +0000 build-debian4: dnf-4.2.23/doc/user_faq.rst
2020-10-30 14:29:16.250007 +0000 build-debian4: dnf-4.2.23/etc/
2020-10-30 14:29:16.250025 +0000 build-debian4: dnf-4.2.23/etc/CMakeLists.txt
2020-10-30 14:29:16.250034 +0000 build-debian4: dnf-4.2.23/etc/bash_completion.d/
2020-10-30 14:29:16.250043 +0000 build-debian4: dnf-4.2.23/etc/bash_completion.d/CMakeLists.txt
2020-10-30 14:29:16.250051 +0000 build-debian4: dnf-4.2.23/etc/bash_completion.d/dnf
2020-10-30 14:29:16.250058 +0000 build-debian4: dnf-4.2.23/etc/collect_dnf.conf
2020-10-30 14:29:16.250064 +0000 build-debian4: dnf-4.2.23/etc/dnf/
2020-10-30 14:29:16.250072 +0000 build-debian4: dnf-4.2.23/etc/dnf/CMakeLists.txt
2020-10-30 14:29:16.250079 +0000 build-debian4: dnf-4.2.23/etc/dnf/aliases.d/
2020-10-30 14:29:16.250086 +0000 build-debian4: dnf-4.2.23/etc/dnf/aliases.d/CMakeLists.txt
2020-10-30 14:29:16.250094 +0000 build-debian4: dnf-4.2.23/etc/dnf/aliases.d/zypper.conf
2020-10-30 14:29:16.250101 +0000 build-debian4: dnf-4.2.23/etc/dnf/automatic.conf
2020-10-30 14:29:16.250108 +0000 build-debian4: dnf-4.2.23/etc/dnf/dnf-strict.conf
2020-10-30 14:29:16.250115 +0000 build-debian4: dnf-4.2.23/etc/dnf/dnf.conf
2020-10-30 14:29:16.250122 +0000 build-debian4: dnf-4.2.23/etc/dnf/protected.d/
2020-10-30 14:29:16.250130 +0000 build-debian4: dnf-4.2.23/etc/dnf/protected.d/CMakeLists.txt
2020-10-30 14:29:16.250138 +0000 build-debian4: dnf-4.2.23/etc/dnf/protected.d/dnf.conf
2020-10-30 14:29:16.250145 +0000 build-debian4: dnf-4.2.23/etc/dnf/protected.d/yum.conf
2020-10-30 14:29:16.250152 +0000 build-debian4: dnf-4.2.23/etc/logrotate.d/
2020-10-30 14:29:16.250160 +0000 build-debian4: dnf-4.2.23/etc/logrotate.d/CMakeLists.txt
2020-10-30 14:29:16.250167 +0000 build-debian4: dnf-4.2.23/etc/logrotate.d/dnf
2020-10-30 14:29:16.250173 +0000 build-debian4: dnf-4.2.23/etc/systemd/
2020-10-30 14:29:16.250181 +0000 build-debian4: dnf-4.2.23/etc/systemd/CMakeLists.txt
2020-10-30 14:29:16.250189 +0000 build-debian4: dnf-4.2.23/etc/systemd/dnf-automatic-download.service
2020-10-30 14:29:16.250197 +0000 build-debian4: dnf-4.2.23/etc/systemd/dnf-automatic-download.timer
2020-10-30 14:29:16.250206 +0000 build-debian4: dnf-4.2.23/etc/systemd/dnf-automatic-install.service
2020-10-30 14:29:16.250214 +0000 build-debian4: dnf-4.2.23/etc/systemd/dnf-automatic-install.timer
2020-10-30 14:29:16.250222 +0000 build-debian4: dnf-4.2.23/etc/systemd/dnf-automatic-notifyonly.service
2020-10-30 14:29:16.250231 +0000 build-debian4: dnf-4.2.23/etc/systemd/dnf-automatic-notifyonly.timer
2020-10-30 14:29:16.250238 +0000 build-debian4: dnf-4.2.23/etc/systemd/dnf-automatic.service
2020-10-30 14:29:16.250246 +0000 build-debian4: dnf-4.2.23/etc/systemd/dnf-automatic.timer
2020-10-30 14:29:16.250545 +0000 build-debian4: dnf-4.2.23/etc/systemd/dnf-makecache.service
2020-10-30 14:29:16.250562 +0000 build-debian4: dnf-4.2.23/etc/systemd/dnf-makecache.timer
2020-10-30 14:29:16.250570 +0000 build-debian4: dnf-4.2.23/etc/tmpfiles.d/
2020-10-30 14:29:16.250578 +0000 build-debian4: dnf-4.2.23/etc/tmpfiles.d/CMakeLists.txt
2020-10-30 14:29:16.250585 +0000 build-debian4: dnf-4.2.23/etc/tmpfiles.d/dnf.conf
2020-10-30 14:29:16.250596 +0000 build-debian4: dnf-4.2.23/po/
2020-10-30 14:29:16.250603 +0000 build-debian4: dnf-4.2.23/po/.gitignore
2020-10-30 14:29:16.250610 +0000 build-debian4: dnf-4.2.23/po/CMakeLists.txt
2020-10-30 14:29:16.250616 +0000 build-debian4: dnf-4.2.23/po/ar.po
2020-10-30 14:29:16.250623 +0000 build-debian4: dnf-4.2.23/po/bg.po
2020-10-30 14:29:16.250900 +0000 build-debian4: dnf-4.2.23/po/bn_IN.po
2020-10-30 14:29:16.251171 +0000 build-debian4: dnf-4.2.23/po/ca.po
