2024-06-21 13:43:15.232709 +0000 > starting log
2024-06-21 13:43:15.235093 +0000 build-debian4: > starting build with log
2024-06-21 13:43:15.235190 +0000 build-debian4: >> make args: DISTS_VM= bookworm bullseye buster DIST_DOM0= BUILD_LOGS_URL= app-linux-usb-proxy-vm-bookworm=https://github.com/QubesOS/build-logs/tree/master/build-debian4/log_2024-06-21_13-31-04 app-linux-usb-proxy-vm-bullseye=https://github.com/QubesOS/build-logs/tree/master/build-debian4/log_2024-06-21_13-35-34 app-linux-usb-proxy-vm-buster=https://github.com/QubesOS/build-logs/tree/master/build-debian4/log_2024-06-21_13-40-09 GIT_URL_app_linux_usb_proxy=https://github.com/QubesOS/qubes-app-linux-usb-proxy sign-all update-repo-current-testing
2024-06-21 13:43:15.235213 +0000 build-debian4: >> MAKEFLAGS=
2024-06-21 13:43:15.235229 +0000 build-debian4: >> COMPONENTS=app-linux-usb-proxy
2024-06-21 13:43:15.235243 +0000 build-debian4: >> DISTS_VM=
2024-06-21 13:43:15.235255 +0000 build-debian4: >> DIST_DOM0=
2024-06-21 13:43:15.235271 +0000 build-debian4: >> qubes-builder 3678e5fc7d685cf1ccbdc720f6e9ee2146a2a92e
2024-06-21 13:43:15.235288 +0000 build-debian4: >> qubes-builder/qubes-src/app-linux-usb-proxy 9c6d6bd016486dce70a32db39781774e7a61dbc2
2024-06-21 13:43:15.235304 +0000 build-debian4: !! pkgs/vm-bookworm/qubes-usb-proxy_1.1.1+deb12u1.dsc
2024-06-21 13:43:15.235319 +0000 build-debian4: !! pkgs/vm-bookworm/qubes-usb-proxy_1.1.1+deb12u1.tar.xz
2024-06-21 13:43:15.235334 +0000 build-debian4: !! pkgs/vm-bookworm/qubes-usb-proxy_1.1.1+deb12u1_amd64.buildinfo
2024-06-21 13:43:15.235350 +0000 build-debian4: !! pkgs/vm-bookworm/qubes-usb-proxy_1.1.1+deb12u1_amd64.changes
2024-06-21 13:43:15.235365 +0000 build-debian4: !! pkgs/vm-bookworm/qubes-usb-proxy_1.1.1+deb12u1_amd64.deb
2024-06-21 13:43:15.235379 +0000 build-debian4: !! pkgs/vm-bookworm/qubes-usb-proxy_1.1.2+deb12u1.dsc
2024-06-21 13:43:15.235393 +0000 build-debian4: !! pkgs/vm-bookworm/qubes-usb-proxy_1.1.2+deb12u1.tar.xz
2024-06-21 13:43:15.235407 +0000 build-debian4: !! pkgs/vm-bookworm/qubes-usb-proxy_1.1.2+deb12u1_amd64.buildinfo
2024-06-21 13:43:15.235422 +0000 build-debian4: !! pkgs/vm-bookworm/qubes-usb-proxy_1.1.2+deb12u1_amd64.changes
2024-06-21 13:43:15.235436 +0000 build-debian4: !! pkgs/vm-bookworm/qubes-usb-proxy_1.1.2+deb12u1_amd64.deb
2024-06-21 13:43:15.235450 +0000 build-debian4: !! pkgs/vm-bookworm/qubes-usb-proxy_1.1.3+deb12u1.dsc
2024-06-21 13:43:15.235464 +0000 build-debian4: !! pkgs/vm-bookworm/qubes-usb-proxy_1.1.3+deb12u1.tar.xz
2024-06-21 13:43:15.235479 +0000 build-debian4: !! pkgs/vm-bookworm/qubes-usb-proxy_1.1.3+deb12u1_amd64.buildinfo
2024-06-21 13:43:15.235493 +0000 build-debian4: !! pkgs/vm-bookworm/qubes-usb-proxy_1.1.3+deb12u1_amd64.changes
2024-06-21 13:43:15.235507 +0000 build-debian4: !! pkgs/vm-bookworm/qubes-usb-proxy_1.1.3+deb12u1_amd64.deb
2024-06-21 13:43:15.235521 +0000 build-debian4: !! pkgs/vm-bookworm/qubes-usb-proxy_1.1.4+deb12u1.dsc
2024-06-21 13:43:15.235535 +0000 build-debian4: !! pkgs/vm-bookworm/qubes-usb-proxy_1.1.4+deb12u1.tar.xz
2024-06-21 13:43:15.235557 +0000 build-debian4: !! pkgs/vm-bookworm/qubes-usb-proxy_1.1.4+deb12u1_amd64.buildinfo
2024-06-21 13:43:15.235573 +0000 build-debian4: !! pkgs/vm-bookworm/qubes-usb-proxy_1.1.4+deb12u1_amd64.changes
2024-06-21 13:43:15.235588 +0000 build-debian4: !! pkgs/vm-bookworm/qubes-usb-proxy_1.1.4+deb12u1_amd64.deb
2024-06-21 13:43:15.235602 +0000 build-debian4: !! pkgs/vm-bookworm/qubes-usb-proxy_1.1.5+deb12u1.dsc
2024-06-21 13:43:15.235616 +0000 build-debian4: !! pkgs/vm-bookworm/qubes-usb-proxy_1.1.5+deb12u1.tar.xz
2024-06-21 13:43:15.235630 +0000 build-debian4: !! pkgs/vm-bookworm/qubes-usb-proxy_1.1.5+deb12u1_amd64.buildinfo
2024-06-21 13:43:15.235644 +0000 build-debian4: !! pkgs/vm-bookworm/qubes-usb-proxy_1.1.5+deb12u1_amd64.changes
2024-06-21 13:43:15.235659 +0000 build-debian4: !! pkgs/vm-bookworm/qubes-usb-proxy_1.1.5+deb12u1_amd64.deb
2024-06-21 13:43:15.239777 +0000 build-debian4: !! pkgs/vm-bookworm/qubes-usb-proxy_1.2.0+deb12u1.dsc
2024-06-21 13:43:15.239803 +0000 build-debian4: !! pkgs/vm-bookworm/qubes-usb-proxy_1.2.0+deb12u1.tar.xz
2024-06-21 13:43:15.239843 +0000 build-debian4: !! pkgs/vm-bookworm/qubes-usb-proxy_1.2.0+deb12u1_amd64.buildinfo
2024-06-21 13:43:15.239869 +0000 build-debian4: !! pkgs/vm-bookworm/qubes-usb-proxy_1.2.0+deb12u1_amd64.changes
2024-06-21 13:43:15.239884 +0000 build-debian4: !! pkgs/vm-bookworm/qubes-usb-proxy_1.2.0+deb12u1_amd64.deb
2024-06-21 13:43:15.239898 +0000 build-debian4: !! pkgs/vm-bookworm/qubes-usb-proxy_1.2.1+deb12u1.dsc
2024-06-21 13:43:15.239913 +0000 build-debian4: !! pkgs/vm-bookworm/qubes-usb-proxy_1.2.1+deb12u1.tar.xz
2024-06-21 13:43:15.239928 +0000 build-debian4: !! pkgs/vm-bookworm/qubes-usb-proxy_1.2.1+deb12u1_amd64.buildinfo
2024-06-21 13:43:15.239963 +0000 build-debian4: !! pkgs/vm-bookworm/qubes-usb-proxy_1.2.1+deb12u1_amd64.changes
2024-06-21 13:43:15.239979 +0000 build-debian4: !! pkgs/vm-bookworm/qubes-usb-proxy_1.2.1+deb12u1_amd64.deb
2024-06-21 13:43:15.239993 +0000 build-debian4: !! pkgs/vm-bookworm/qubes-usb-proxy_1.2.2+deb12u1.dsc
2024-06-21 13:43:15.240008 +0000 build-debian4: !! pkgs/vm-bookworm/qubes-usb-proxy_1.2.2+deb12u1.tar.xz
2024-06-21 13:43:15.240023 +0000 build-debian4: !! pkgs/vm-bookworm/qubes-usb-proxy_1.2.2+deb12u1_amd64.buildinfo
2024-06-21 13:43:15.240037 +0000 build-debian4: !! pkgs/vm-bookworm/qubes-usb-proxy_1.2.2+deb12u1_amd64.changes
2024-06-21 13:43:15.240052 +0000 build-debian4: !! pkgs/vm-bookworm/qubes-usb-proxy_1.2.2+deb12u1_amd64.deb
2024-06-21 13:43:15.240067 +0000 build-debian4: !! pkgs/vm-bookworm/qubes-usb-proxy_1.3.0+deb12u1.dsc
2024-06-21 13:43:15.240081 +0000 build-debian4: !! pkgs/vm-bookworm/qubes-usb-proxy_1.3.0+deb12u1.tar.xz
2024-06-21 13:43:15.240096 +0000 build-debian4: !! pkgs/vm-bookworm/qubes-usb-proxy_1.3.0+deb12u1_amd64.buildinfo
2024-06-21 13:43:15.240111 +0000 build-debian4: !! pkgs/vm-bookworm/qubes-usb-proxy_1.3.0+deb12u1_amd64.changes
2024-06-21 13:43:15.240126 +0000 build-debian4: !! pkgs/vm-bookworm/qubes-usb-proxy_1.3.0+deb12u1_amd64.deb
2024-06-21 13:43:15.240141 +0000 build-debian4: !! pkgs/vm-bullseye/qubes-usb-proxy_1.0.21+deb11u1.dsc
2024-06-21 13:43:15.240155 +0000 build-debian4: !! pkgs/vm-bullseye/qubes-usb-proxy_1.0.21+deb11u1.tar.xz
2024-06-21 13:43:15.240170 +0000 build-debian4: !! pkgs/vm-bullseye/qubes-usb-proxy_1.0.21+deb11u1_amd64.buildinfo
2024-06-21 13:43:15.240185 +0000 build-debian4: !! pkgs/vm-bullseye/qubes-usb-proxy_1.0.21+deb11u1_amd64.changes
2024-06-21 13:43:15.240201 +0000 build-debian4: !! pkgs/vm-bullseye/qubes-usb-proxy_1.0.21+deb11u1_amd64.deb
2024-06-21 13:43:15.240215 +0000 build-debian4: !! pkgs/vm-bullseye/qubes-usb-proxy_1.0.22+deb11u1.dsc
2024-06-21 13:43:15.240229 +0000 build-debian4: !! pkgs/vm-bullseye/qubes-usb-proxy_1.0.22+deb11u1.tar.xz
2024-06-21 13:43:15.240243 +0000 build-debian4: !! pkgs/vm-bullseye/qubes-usb-proxy_1.0.22+deb11u1_amd64.buildinfo
2024-06-21 13:43:15.240258 +0000 build-debian4: !! pkgs/vm-bullseye/qubes-usb-proxy_1.0.22+deb11u1_amd64.changes
2024-06-21 13:43:15.240282 +0000 build-debian4: !! pkgs/vm-bullseye/qubes-usb-proxy_1.0.22+deb11u1_amd64.deb
2024-06-21 13:43:15.240297 +0000 build-debian4: !! pkgs/vm-bullseye/qubes-usb-proxy_1.0.23+deb11u1.dsc
2024-06-21 13:43:15.240312 +0000 build-debian4: !! pkgs/vm-bullseye/qubes-usb-proxy_1.0.23+deb11u1.tar.xz
2024-06-21 13:43:15.240327 +0000 build-debian4: !! pkgs/vm-bullseye/qubes-usb-proxy_1.0.23+deb11u1_amd64.buildinfo
2024-06-21 13:43:15.240342 +0000 build-debian4: !! pkgs/vm-bullseye/qubes-usb-proxy_1.0.23+deb11u1_amd64.changes
2024-06-21 13:43:15.240356 +0000 build-debian4: !! pkgs/vm-bullseye/qubes-usb-proxy_1.0.23+deb11u1_amd64.deb
2024-06-21 13:43:15.240371 +0000 build-debian4: !! pkgs/vm-bullseye/qubes-usb-proxy_1.0.24+deb11u1.dsc
2024-06-21 13:43:15.240385 +0000 build-debian4: !! pkgs/vm-bullseye/qubes-usb-proxy_1.0.24+deb11u1.tar.xz
2024-06-21 13:43:15.240400 +0000 build-debian4: !! pkgs/vm-bullseye/qubes-usb-proxy_1.0.24+deb11u1_amd64.buildinfo
2024-06-21 13:43:15.240415 +0000 build-debian4: !! pkgs/vm-bullseye/qubes-usb-proxy_1.0.24+deb11u1_amd64.changes
2024-06-21 13:43:15.240441 +0000 build-debian4: !! pkgs/vm-bullseye/qubes-usb-proxy_1.0.24+deb11u1_amd64.deb
2024-06-21 13:43:15.240457 +0000 build-debian4: !! pkgs/vm-bullseye/qubes-usb-proxy_1.0.25+deb11u1.dsc
2024-06-21 13:43:15.240472 +0000 build-debian4: !! pkgs/vm-bullseye/qubes-usb-proxy_1.0.25+deb11u1.tar.xz
2024-06-21 13:43:15.240487 +0000 build-debian4: !! pkgs/vm-bullseye/qubes-usb-proxy_1.0.25+deb11u1_amd64.buildinfo
2024-06-21 13:43:15.240502 +0000 build-debian4: !! pkgs/vm-bullseye/qubes-usb-proxy_1.0.25+deb11u1_amd64.changes
2024-06-21 13:43:15.240517 +0000 build-debian4: !! pkgs/vm-bullseye/qubes-usb-proxy_1.0.25+deb11u1_amd64.deb
2024-06-21 13:43:15.240531 +0000 build-debian4: !! pkgs/vm-bullseye/qubes-usb-proxy_1.0.26+deb11u1.dsc
2024-06-21 13:43:15.242982 +0000 build-debian4: !! pkgs/vm-bullseye/qubes-usb-proxy_1.0.26+deb11u1.tar.xz
2024-06-21 13:43:15.243044 +0000 build-debian4: !! pkgs/vm-bullseye/qubes-usb-proxy_1.0.26+deb11u1_amd64.buildinfo
2024-06-21 13:43:15.243063 +0000 build-debian4: !! pkgs/vm-bullseye/qubes-usb-proxy_1.0.26+deb11u1_amd64.changes
2024-06-21 13:43:15.243079 +0000 build-debian4: !! pkgs/vm-bullseye/qubes-usb-proxy_1.0.26+deb11u1_amd64.deb
2024-06-21 13:43:15.243094 +0000 build-debian4: !! pkgs/vm-bullseye/qubes-usb-proxy_1.0.27+deb11u1.dsc
2024-06-21 13:43:15.243108 +0000 build-debian4: !! pkgs/vm-bullseye/qubes-usb-proxy_1.0.27+deb11u1.tar.xz
2024-06-21 13:43:15.243123 +0000 build-debian4: !! pkgs/vm-bullseye/qubes-usb-proxy_1.0.27+deb11u1_amd64.buildinfo
2024-06-21 13:43:15.243137 +0000 build-debian4: !! pkgs/vm-bullseye/qubes-usb-proxy_1.0.27+deb11u1_amd64.changes
2024-06-21 13:43:15.243152 +0000 build-debian4: !! pkgs/vm-bullseye/qubes-usb-proxy_1.0.27+deb11u1_amd64.deb
2024-06-21 13:43:15.243166 +0000 build-debian4: !! pkgs/vm-bullseye/qubes-usb-proxy_1.0.28+deb11u1.dsc
2024-06-21 13:43:15.243180 +0000 build-debian4: !! pkgs/vm-bullseye/qubes-usb-proxy_1.0.28+deb11u1.tar.xz
2024-06-21 13:43:15.243194 +0000 build-debian4: !! pkgs/vm-bullseye/qubes-usb-proxy_1.0.28+deb11u1_amd64.buildinfo
2024-06-21 13:43:15.243208 +0000 build-debian4: !! pkgs/vm-bullseye/qubes-usb-proxy_1.0.28+deb11u1_amd64.changes
2024-06-21 13:43:15.243223 +0000 build-debian4: !! pkgs/vm-bullseye/qubes-usb-proxy_1.0.28+deb11u1_amd64.deb
2024-06-21 13:43:15.243236 +0000 build-debian4: !! pkgs/vm-bullseye/qubes-usb-proxy_1.0.29+deb11u1.dsc
2024-06-21 13:43:15.243250 +0000 build-debian4: !! pkgs/vm-bullseye/qubes-usb-proxy_1.0.29+deb11u1.tar.xz
2024-06-21 13:43:15.243264 +0000 build-debian4: !! pkgs/vm-bullseye/qubes-usb-proxy_1.0.29+deb11u1_amd64.buildinfo
2024-06-21 13:43:15.243279 +0000 build-debian4: !! pkgs/vm-bullseye/qubes-usb-proxy_1.0.29+deb11u1_amd64.changes
2024-06-21 13:43:15.243293 +0000 build-debian4: !! pkgs/vm-bullseye/qubes-usb-proxy_1.0.29+deb11u1_amd64.deb
2024-06-21 13:43:15.243307 +0000 build-debian4: !! pkgs/vm-bullseye/qubes-usb-proxy_1.0.30+deb11u1.dsc
2024-06-21 13:43:15.243321 +0000 build-debian4: !! pkgs/vm-bullseye/qubes-usb-proxy_1.0.30+deb11u1.tar.xz
2024-06-21 13:43:15.243335 +0000 build-debian4: !! pkgs/vm-bullseye/qubes-usb-proxy_1.0.30+deb11u1_amd64.buildinfo
2024-06-21 13:43:15.243350 +0000 build-debian4: !! pkgs/vm-bullseye/qubes-usb-proxy_1.0.30+deb11u1_amd64.changes
2024-06-21 13:43:15.243364 +0000 build-debian4: !! pkgs/vm-bullseye/qubes-usb-proxy_1.0.30+deb11u1_amd64.deb
2024-06-21 13:43:15.243378 +0000 build-debian4: !! pkgs/vm-bullseye/qubes-usb-proxy_1.1.0+deb11u1.dsc
2024-06-21 13:43:15.243392 +0000 build-debian4: !! pkgs/vm-bullseye/qubes-usb-proxy_1.1.0+deb11u1.tar.xz
2024-06-21 13:43:15.243407 +0000 build-debian4: !! pkgs/vm-bullseye/qubes-usb-proxy_1.1.0+deb11u1_amd64.buildinfo
2024-06-21 13:43:15.243421 +0000 build-debian4: !! pkgs/vm-bullseye/qubes-usb-proxy_1.1.0+deb11u1_amd64.changes
2024-06-21 13:43:15.243435 +0000 build-debian4: !! pkgs/vm-bullseye/qubes-usb-proxy_1.1.0+deb11u1_amd64.deb
2024-06-21 13:43:15.243449 +0000 build-debian4: !! pkgs/vm-bullseye/qubes-usb-proxy_1.1.1+deb11u1.dsc
2024-06-21 13:43:15.243491 +0000 build-debian4: !! pkgs/vm-bullseye/qubes-usb-proxy_1.1.1+deb11u1.tar.xz
2024-06-21 13:43:15.243510 +0000 build-debian4: !! pkgs/vm-bullseye/qubes-usb-proxy_1.1.1+deb11u1_amd64.buildinfo
2024-06-21 13:43:15.243526 +0000 build-debian4: !! pkgs/vm-bullseye/qubes-usb-proxy_1.1.1+deb11u1_amd64.changes
2024-06-21 13:43:15.243541 +0000 build-debian4: !! pkgs/vm-bullseye/qubes-usb-proxy_1.1.1+deb11u1_amd64.deb
2024-06-21 13:43:15.243556 +0000 build-debian4: !! pkgs/vm-bullseye/qubes-usb-proxy_1.1.2+deb11u1.dsc
2024-06-21 13:43:15.243571 +0000 build-debian4: !! pkgs/vm-bullseye/qubes-usb-proxy_1.1.2+deb11u1.tar.xz
2024-06-21 13:43:15.243587 +0000 build-debian4: !! pkgs/vm-bullseye/qubes-usb-proxy_1.1.2+deb11u1_amd64.buildinfo
2024-06-21 13:43:15.243603 +0000 build-debian4: !! pkgs/vm-bullseye/qubes-usb-proxy_1.1.2+deb11u1_amd64.changes
2024-06-21 13:43:15.243617 +0000 build-debian4: !! pkgs/vm-bullseye/qubes-usb-proxy_1.1.2+deb11u1_amd64.deb
2024-06-21 13:43:15.243631 +0000 build-debian4: !! pkgs/vm-bullseye/qubes-usb-proxy_1.1.3+deb11u1.dsc
2024-06-21 13:43:15.243646 +0000 build-debian4: !! pkgs/vm-bullseye/qubes-usb-proxy_1.1.3+deb11u1.tar.xz
2024-06-21 13:43:15.243662 +0000 build-debian4: !! pkgs/vm-bullseye/qubes-usb-proxy_1.1.3+deb11u1_amd64.buildinfo
2024-06-21 13:43:15.243676 +0000 build-debian4: !! pkgs/vm-bullseye/qubes-usb-proxy_1.1.3+deb11u1_amd64.changes
2024-06-21 13:43:15.243691 +0000 build-debian4: !! pkgs/vm-bullseye/qubes-usb-proxy_1.1.3+deb11u1_amd64.deb
2024-06-21 13:43:15.243705 +0000 build-debian4: !! pkgs/vm-bullseye/qubes-usb-proxy_1.1.4+deb11u1.dsc
2024-06-21 13:43:15.243719 +0000 build-debian4: !! pkgs/vm-bullseye/qubes-usb-proxy_1.1.4+deb11u1.tar.xz
2024-06-21 13:43:15.243733 +0000 build-debian4: !! pkgs/vm-bullseye/qubes-usb-proxy_1.1.4+deb11u1_amd64.buildinfo
2024-06-21 13:43:15.243747 +0000 build-debian4: !! pkgs/vm-bullseye/qubes-usb-proxy_1.1.4+deb11u1_amd64.changes
2024-06-21 13:43:15.243761 +0000 build-debian4: !! pkgs/vm-bullseye/qubes-usb-proxy_1.1.4+deb11u1_amd64.deb
2024-06-21 13:43:15.243776 +0000 build-debian4: !! pkgs/vm-bullseye/qubes-usb-proxy_1.1.5+deb11u1.dsc
2024-06-21 13:43:15.243789 +0000 build-debian4: !! pkgs/vm-bullseye/qubes-usb-proxy_1.1.5+deb11u1.tar.xz
2024-06-21 13:43:15.243817 +0000 build-debian4: !! pkgs/vm-bullseye/qubes-usb-proxy_1.1.5+deb11u1_amd64.buildinfo
2024-06-21 13:43:15.243832 +0000 build-debian4: !! pkgs/vm-bullseye/qubes-usb-proxy_1.1.5+deb11u1_amd64.changes
2024-06-21 13:43:15.243855 +0000 build-debian4: !! pkgs/vm-bullseye/qubes-usb-proxy_1.1.5+deb11u1_amd64.deb
2024-06-21 13:43:15.243871 +0000 build-debian4: !! pkgs/vm-bullseye/qubes-usb-proxy_1.2.0+deb11u1.dsc
2024-06-21 13:43:15.243885 +0000 build-debian4: !! pkgs/vm-bullseye/qubes-usb-proxy_1.2.0+deb11u1.tar.xz
2024-06-21 13:43:15.243900 +0000 build-debian4: !! pkgs/vm-bullseye/qubes-usb-proxy_1.2.0+deb11u1_amd64.buildinfo
2024-06-21 13:43:15.243914 +0000 build-debian4: !! pkgs/vm-bullseye/qubes-usb-proxy_1.2.0+deb11u1_amd64.changes
2024-06-21 13:43:15.243929 +0000 build-debian4: !! pkgs/vm-bullseye/qubes-usb-proxy_1.2.0+deb11u1_amd64.deb
2024-06-21 13:43:15.243967 +0000 build-debian4: !! pkgs/vm-bullseye/qubes-usb-proxy_1.2.1+deb11u1.dsc
2024-06-21 13:43:15.243982 +0000 build-debian4: !! pkgs/vm-bullseye/qubes-usb-proxy_1.2.1+deb11u1.tar.xz
2024-06-21 13:43:15.243997 +0000 build-debian4: !! pkgs/vm-bullseye/qubes-usb-proxy_1.2.1+deb11u1_amd64.buildinfo
2024-06-21 13:43:15.244011 +0000 build-debian4: !! pkgs/vm-bullseye/qubes-usb-proxy_1.2.1+deb11u1_amd64.changes
2024-06-21 13:43:15.244025 +0000 build-debian4: !! pkgs/vm-bullseye/qubes-usb-proxy_1.2.1+deb11u1_amd64.deb
2024-06-21 13:43:15.244039 +0000 build-debian4: !! pkgs/vm-bullseye/qubes-usb-proxy_1.2.2+deb11u1.dsc
2024-06-21 13:43:15.244053 +0000 build-debian4: !! pkgs/vm-bullseye/qubes-usb-proxy_1.2.2+deb11u1.tar.xz
2024-06-21 13:43:15.244067 +0000 build-debian4: !! pkgs/vm-bullseye/qubes-usb-proxy_1.2.2+deb11u1_amd64.buildinfo
2024-06-21 13:43:15.244091 +0000 build-debian4: !! pkgs/vm-bullseye/qubes-usb-proxy_1.2.2+deb11u1_amd64.changes
2024-06-21 13:43:15.244107 +0000 build-debian4: !! pkgs/vm-bullseye/qubes-usb-proxy_1.2.2+deb11u1_amd64.deb
2024-06-21 13:43:15.244121 +0000 build-debian4: !! pkgs/vm-bullseye/qubes-usb-proxy_1.3.0+deb11u1.dsc
2024-06-21 13:43:15.244135 +0000 build-debian4: !! pkgs/vm-bullseye/qubes-usb-proxy_1.3.0+deb11u1.tar.xz
2024-06-21 13:43:15.244149 +0000 build-debian4: !! pkgs/vm-bullseye/qubes-usb-proxy_1.3.0+deb11u1_amd64.buildinfo
2024-06-21 13:43:15.244164 +0000 build-debian4: !! pkgs/vm-bullseye/qubes-usb-proxy_1.3.0+deb11u1_amd64.changes
2024-06-21 13:43:15.244178 +0000 build-debian4: !! pkgs/vm-bullseye/qubes-usb-proxy_1.3.0+deb11u1_amd64.deb
2024-06-21 13:43:15.244192 +0000 build-debian4: !! pkgs/vm-buster/qubes-usb-proxy_1.0.20+deb10u1.dsc
2024-06-21 13:43:15.244206 +0000 build-debian4: !! pkgs/vm-buster/qubes-usb-proxy_1.0.20+deb10u1.tar.xz
2024-06-21 13:43:15.244220 +0000 build-debian4: !! pkgs/vm-buster/qubes-usb-proxy_1.0.20+deb10u1_amd64.buildinfo
2024-06-21 13:43:15.244235 +0000 build-debian4: !! pkgs/vm-buster/qubes-usb-proxy_1.0.20+deb10u1_amd64.changes
2024-06-21 13:43:15.244250 +0000 build-debian4: !! pkgs/vm-buster/qubes-usb-proxy_1.0.20+deb10u1_amd64.deb
2024-06-21 13:43:15.244263 +0000 build-debian4: !! pkgs/vm-buster/qubes-usb-proxy_1.0.21+deb10u1.dsc
2024-06-21 13:43:15.244277 +0000 build-debian4: !! pkgs/vm-buster/qubes-usb-proxy_1.0.21+deb10u1.tar.xz
2024-06-21 13:43:15.244292 +0000 build-debian4: !! pkgs/vm-buster/qubes-usb-proxy_1.0.21+deb10u1_amd64.buildinfo
2024-06-21 13:43:15.244306 +0000 build-debian4: !! pkgs/vm-buster/qubes-usb-proxy_1.0.21+deb10u1_amd64.changes
2024-06-21 13:43:15.244320 +0000 build-debian4: !! pkgs/vm-buster/qubes-usb-proxy_1.0.21+deb10u1_amd64.deb
2024-06-21 13:43:15.244334 +0000 build-debian4: !! pkgs/vm-buster/qubes-usb-proxy_1.0.22+deb10u1.dsc
2024-06-21 13:43:15.244347 +0000 build-debian4: !! pkgs/vm-buster/qubes-usb-proxy_1.0.22+deb10u1.tar.xz
2024-06-21 13:43:15.246745 +0000 build-debian4: !! pkgs/vm-buster/qubes-usb-proxy_1.0.22+deb10u1_amd64.buildinfo
2024-06-21 13:43:15.246765 +0000 build-debian4: !! pkgs/vm-buster/qubes-usb-proxy_1.0.22+deb10u1_amd64.changes
2024-06-21 13:43:15.246780 +0000 build-debian4: !! pkgs/vm-buster/qubes-usb-proxy_1.0.22+deb10u1_amd64.deb
2024-06-21 13:43:15.246795 +0000 build-debian4: !! pkgs/vm-buster/qubes-usb-proxy_1.0.23+deb10u1.dsc
2024-06-21 13:43:15.246809 +0000 build-debian4: !! pkgs/vm-buster/qubes-usb-proxy_1.0.23+deb10u1.tar.xz
2024-06-21 13:43:15.246823 +0000 build-debian4: !! pkgs/vm-buster/qubes-usb-proxy_1.0.23+deb10u1_amd64.buildinfo
2024-06-21 13:43:15.246838 +0000 build-debian4: !! pkgs/vm-buster/qubes-usb-proxy_1.0.23+deb10u1_amd64.changes
2024-06-21 13:43:15.246858 +0000 build-debian4: !! pkgs/vm-buster/qubes-usb-proxy_1.0.23+deb10u1_amd64.deb
2024-06-21 13:43:15.246873 +0000 build-debian4: !! pkgs/vm-buster/qubes-usb-proxy_1.0.24+deb10u1.dsc
2024-06-21 13:43:15.246886 +0000 build-debian4: !! pkgs/vm-buster/qubes-usb-proxy_1.0.24+deb10u1.tar.xz
2024-06-21 13:43:15.246901 +0000 build-debian4: !! pkgs/vm-buster/qubes-usb-proxy_1.0.24+deb10u1_amd64.buildinfo
2024-06-21 13:43:15.246915 +0000 build-debian4: !! pkgs/vm-buster/qubes-usb-proxy_1.0.24+deb10u1_amd64.changes
2024-06-21 13:43:15.246961 +0000 build-debian4: !! pkgs/vm-buster/qubes-usb-proxy_1.0.24+deb10u1_amd64.deb
2024-06-21 13:43:15.246977 +0000 build-debian4: !! pkgs/vm-buster/qubes-usb-proxy_1.0.25+deb10u1.dsc
2024-06-21 13:43:15.246992 +0000 build-debian4: !! pkgs/vm-buster/qubes-usb-proxy_1.0.25+deb10u1.tar.xz
2024-06-21 13:43:15.247007 +0000 build-debian4: !! pkgs/vm-buster/qubes-usb-proxy_1.0.25+deb10u1_amd64.buildinfo
2024-06-21 13:43:15.247022 +0000 build-debian4: !! pkgs/vm-buster/qubes-usb-proxy_1.0.25+deb10u1_amd64.changes
2024-06-21 13:43:15.247036 +0000 build-debian4: !! pkgs/vm-buster/qubes-usb-proxy_1.0.25+deb10u1_amd64.deb
2024-06-21 13:43:15.247050 +0000 build-debian4: !! pkgs/vm-buster/qubes-usb-proxy_1.0.26+deb10u1.dsc
2024-06-21 13:43:15.247091 +0000 build-debian4: !! pkgs/vm-buster/qubes-usb-proxy_1.0.26+deb10u1.tar.xz
2024-06-21 13:43:15.247109 +0000 build-debian4: !! pkgs/vm-buster/qubes-usb-proxy_1.0.26+deb10u1_amd64.buildinfo
2024-06-21 13:43:15.247124 +0000 build-debian4: !! pkgs/vm-buster/qubes-usb-proxy_1.0.26+deb10u1_amd64.changes
2024-06-21 13:43:15.247139 +0000 build-debian4: !! pkgs/vm-buster/qubes-usb-proxy_1.0.26+deb10u1_amd64.deb
2024-06-21 13:43:15.247154 +0000 build-debian4: !! pkgs/vm-buster/qubes-usb-proxy_1.0.27+deb10u1.dsc
2024-06-21 13:43:15.247169 +0000 build-debian4: !! pkgs/vm-buster/qubes-usb-proxy_1.0.27+deb10u1.tar.xz
2024-06-21 13:43:15.247184 +0000 build-debian4: !! pkgs/vm-buster/qubes-usb-proxy_1.0.27+deb10u1_amd64.buildinfo
2024-06-21 13:43:15.247199 +0000 build-debian4: !! pkgs/vm-buster/qubes-usb-proxy_1.0.27+deb10u1_amd64.changes
2024-06-21 13:43:15.247214 +0000 build-debian4: !! pkgs/vm-buster/qubes-usb-proxy_1.0.27+deb10u1_amd64.deb
2024-06-21 13:43:15.247228 +0000 build-debian4: !! pkgs/vm-buster/qubes-usb-proxy_1.0.28+deb10u1.dsc
2024-06-21 13:43:15.247243 +0000 build-debian4: !! pkgs/vm-buster/qubes-usb-proxy_1.0.28+deb10u1.tar.xz
2024-06-21 13:43:15.247259 +0000 build-debian4: !! pkgs/vm-buster/qubes-usb-proxy_1.0.28+deb10u1_amd64.buildinfo
2024-06-21 13:43:15.247274 +0000 build-debian4: !! pkgs/vm-buster/qubes-usb-proxy_1.0.28+deb10u1_amd64.changes
2024-06-21 13:43:15.247288 +0000 build-debian4: !! pkgs/vm-buster/qubes-usb-proxy_1.0.28+deb10u1_amd64.deb
2024-06-21 13:43:15.247314 +0000 build-debian4: !! pkgs/vm-buster/qubes-usb-proxy_1.0.29+deb10u1.dsc
2024-06-21 13:43:15.247329 +0000 build-debian4: !! pkgs/vm-buster/qubes-usb-proxy_1.0.29+deb10u1.tar.xz
2024-06-21 13:43:15.247344 +0000 build-debian4: !! pkgs/vm-buster/qubes-usb-proxy_1.0.29+deb10u1_amd64.buildinfo
2024-06-21 13:43:15.247360 +0000 build-debian4: !! pkgs/vm-buster/qubes-usb-proxy_1.0.29+deb10u1_amd64.changes
2024-06-21 13:43:15.247374 +0000 build-debian4: !! pkgs/vm-buster/qubes-usb-proxy_1.0.29+deb10u1_amd64.deb
2024-06-21 13:43:15.247389 +0000 build-debian4: !! pkgs/vm-buster/qubes-usb-proxy_1.0.30+deb10u1.dsc
2024-06-21 13:43:15.247403 +0000 build-debian4: !! pkgs/vm-buster/qubes-usb-proxy_1.0.30+deb10u1.tar.xz
2024-06-21 13:43:15.247419 +0000 build-debian4: !! pkgs/vm-buster/qubes-usb-proxy_1.0.30+deb10u1_amd64.buildinfo
2024-06-21 13:43:15.247434 +0000 build-debian4: !! pkgs/vm-buster/qubes-usb-proxy_1.0.30+deb10u1_amd64.changes
2024-06-21 13:43:15.247449 +0000 build-debian4: !! pkgs/vm-buster/qubes-usb-proxy_1.0.30+deb10u1_amd64.deb
2024-06-21 13:43:15.247463 +0000 build-debian4: !! pkgs/vm-buster/qubes-usb-proxy_1.1.0+deb10u1.dsc
2024-06-21 13:43:15.247478 +0000 build-debian4: !! pkgs/vm-buster/qubes-usb-proxy_1.1.0+deb10u1.tar.xz
2024-06-21 13:43:15.247494 +0000 build-debian4: !! pkgs/vm-buster/qubes-usb-proxy_1.1.0+deb10u1_amd64.buildinfo
2024-06-21 13:43:15.247509 +0000 build-debian4: !! pkgs/vm-buster/qubes-usb-proxy_1.1.0+deb10u1_amd64.changes
2024-06-21 13:43:15.247524 +0000 build-debian4: !! pkgs/vm-buster/qubes-usb-proxy_1.1.0+deb10u1_amd64.deb
2024-06-21 13:43:15.247538 +0000 build-debian4: !! pkgs/vm-buster/qubes-usb-proxy_1.1.1+deb10u1.dsc
2024-06-21 13:43:15.247553 +0000 build-debian4: !! pkgs/vm-buster/qubes-usb-proxy_1.1.1+deb10u1.tar.xz
2024-06-21 13:43:15.247568 +0000 build-debian4: !! pkgs/vm-buster/qubes-usb-proxy_1.1.1+deb10u1_amd64.buildinfo
2024-06-21 13:43:15.247584 +0000 build-debian4: !! pkgs/vm-buster/qubes-usb-proxy_1.1.1+deb10u1_amd64.changes
2024-06-21 13:43:15.247598 +0000 build-debian4: !! pkgs/vm-buster/qubes-usb-proxy_1.1.1+deb10u1_amd64.deb
2024-06-21 13:43:15.249388 +0000 build-debian4: !! pkgs/vm-buster/qubes-usb-proxy_1.1.2+deb10u1.dsc
2024-06-21 13:43:15.249453 +0000 build-debian4: !! pkgs/vm-buster/qubes-usb-proxy_1.1.2+deb10u1.tar.xz
2024-06-21 13:43:15.249474 +0000 build-debian4: !! pkgs/vm-buster/qubes-usb-proxy_1.1.2+deb10u1_amd64.buildinfo
2024-06-21 13:43:15.249493 +0000 build-debian4: !! pkgs/vm-buster/qubes-usb-proxy_1.1.2+deb10u1_amd64.changes
2024-06-21 13:43:15.249537 +0000 build-debian4: !! pkgs/vm-buster/qubes-usb-proxy_1.1.2+deb10u1_amd64.deb
2024-06-21 13:43:15.249557 +0000 build-debian4: !! pkgs/vm-buster/qubes-usb-proxy_1.1.3+deb10u1.dsc
2024-06-21 13:43:15.249575 +0000 build-debian4: !! pkgs/vm-buster/qubes-usb-proxy_1.1.3+deb10u1.tar.xz
2024-06-21 13:43:15.249591 +0000 build-debian4: !! pkgs/vm-buster/qubes-usb-proxy_1.1.3+deb10u1_amd64.buildinfo
2024-06-21 13:43:15.249608 +0000 build-debian4: !! pkgs/vm-buster/qubes-usb-proxy_1.1.3+deb10u1_amd64.changes
2024-06-21 13:43:15.249623 +0000 build-debian4: !! pkgs/vm-buster/qubes-usb-proxy_1.1.3+deb10u1_amd64.deb
2024-06-21 13:43:15.249639 +0000 build-debian4: !! pkgs/vm-buster/qubes-usb-proxy_1.1.4+deb10u1.dsc
2024-06-21 13:43:15.249654 +0000 build-debian4: !! pkgs/vm-buster/qubes-usb-proxy_1.1.4+deb10u1.tar.xz
2024-06-21 13:43:15.249670 +0000 build-debian4: !! pkgs/vm-buster/qubes-usb-proxy_1.1.4+deb10u1_amd64.buildinfo
2024-06-21 13:43:15.249686 +0000 build-debian4: !! pkgs/vm-buster/qubes-usb-proxy_1.1.4+deb10u1_amd64.changes
2024-06-21 13:43:15.249702 +0000 build-debian4: !! pkgs/vm-buster/qubes-usb-proxy_1.1.4+deb10u1_amd64.deb
2024-06-21 13:43:15.249717 +0000 build-debian4: !! pkgs/vm-buster/qubes-usb-proxy_1.1.5+deb10u1.dsc
2024-06-21 13:43:15.249733 +0000 build-debian4: !! pkgs/vm-buster/qubes-usb-proxy_1.1.5+deb10u1.tar.xz
2024-06-21 13:43:15.249748 +0000 build-debian4: !! pkgs/vm-buster/qubes-usb-proxy_1.1.5+deb10u1_amd64.buildinfo
2024-06-21 13:43:15.249764 +0000 build-debian4: !! pkgs/vm-buster/qubes-usb-proxy_1.1.5+deb10u1_amd64.changes
2024-06-21 13:43:15.249780 +0000 build-debian4: !! pkgs/vm-buster/qubes-usb-proxy_1.1.5+deb10u1_amd64.deb
2024-06-21 13:43:15.249795 +0000 build-debian4: !! pkgs/vm-buster/qubes-usb-proxy_1.2.0+deb10u1.dsc
2024-06-21 13:43:15.249810 +0000 build-debian4: !! pkgs/vm-buster/qubes-usb-proxy_1.2.0+deb10u1.tar.xz
2024-06-21 13:43:15.249826 +0000 build-debian4: !! pkgs/vm-buster/qubes-usb-proxy_1.2.0+deb10u1_amd64.buildinfo
2024-06-21 13:43:15.249842 +0000 build-debian4: !! pkgs/vm-buster/qubes-usb-proxy_1.2.0+deb10u1_amd64.changes
2024-06-21 13:43:15.249867 +0000 build-debian4: !! pkgs/vm-buster/qubes-usb-proxy_1.2.0+deb10u1_amd64.deb
2024-06-21 13:43:15.249883 +0000 build-debian4: !! pkgs/vm-buster/qubes-usb-proxy_1.2.1+deb10u1.dsc
2024-06-21 13:43:15.249898 +0000 build-debian4: !! pkgs/vm-buster/qubes-usb-proxy_1.2.1+deb10u1.tar.xz
2024-06-21 13:43:15.249914 +0000 build-debian4: !! pkgs/vm-buster/qubes-usb-proxy_1.2.1+deb10u1_amd64.buildinfo
2024-06-21 13:43:15.249970 +0000 build-debian4: !! pkgs/vm-buster/qubes-usb-proxy_1.2.1+deb10u1_amd64.changes
2024-06-21 13:43:15.249990 +0000 build-debian4: !! pkgs/vm-buster/qubes-usb-proxy_1.2.1+deb10u1_amd64.deb
2024-06-21 13:43:15.250005 +0000 build-debian4: !! pkgs/vm-buster/qubes-usb-proxy_1.2.2+deb10u1.dsc
2024-06-21 13:43:15.250019 +0000 build-debian4: !! pkgs/vm-buster/qubes-usb-proxy_1.2.2+deb10u1.tar.xz
2024-06-21 13:43:15.250034 +0000 build-debian4: !! pkgs/vm-buster/qubes-usb-proxy_1.2.2+deb10u1_amd64.buildinfo
2024-06-21 13:43:15.250049 +0000 build-debian4: !! pkgs/vm-buster/qubes-usb-proxy_1.2.2+deb10u1_amd64.changes
2024-06-21 13:43:15.250063 +0000 build-debian4: !! pkgs/vm-buster/qubes-usb-proxy_1.2.2+deb10u1_amd64.deb
2024-06-21 13:43:15.250078 +0000 build-debian4: !! pkgs/vm-buster/qubes-usb-proxy_1.3.0+deb10u1.dsc
2024-06-21 13:43:15.250093 +0000 build-debian4: !! pkgs/vm-buster/qubes-usb-proxy_1.3.0+deb10u1.tar.xz
2024-06-21 13:43:15.250108 +0000 build-debian4: !! pkgs/vm-buster/qubes-usb-proxy_1.3.0+deb10u1_amd64.buildinfo
2024-06-21 13:43:15.250123 +0000 build-debian4: !! pkgs/vm-buster/qubes-usb-proxy_1.3.0+deb10u1_amd64.changes
2024-06-21 13:43:15.250137 +0000 build-debian4: !! pkgs/vm-buster/qubes-usb-proxy_1.3.0+deb10u1_amd64.deb
2024-06-21 13:43:15.250152 +0000 build-debian4: !! pkgs/vm-stretch/qubes-usb-proxy_1.0.20+deb9u1.dsc
2024-06-21 13:43:15.250166 +0000 build-debian4: !! pkgs/vm-stretch/qubes-usb-proxy_1.0.20+deb9u1.tar.xz
2024-06-21 13:43:15.250190 +0000 build-debian4: !! pkgs/vm-stretch/qubes-usb-proxy_1.0.20+deb9u1_amd64.buildinfo
2024-06-21 13:43:15.250209 +0000 build-debian4: !! pkgs/vm-stretch/qubes-usb-proxy_1.0.20+deb9u1_amd64.changes
2024-06-21 13:43:15.250224 +0000 build-debian4: !! pkgs/vm-stretch/qubes-usb-proxy_1.0.20+deb9u1_amd64.deb
2024-06-21 13:43:15.250244 +0000 build-debian4: !! pkgs/vm-stretch/qubes-usb-proxy_1.0.21+deb9u1.dsc
2024-06-21 13:43:15.250260 +0000 build-debian4: !! pkgs/vm-stretch/qubes-usb-proxy_1.0.21+deb9u1.tar.xz
2024-06-21 13:43:15.250276 +0000 build-debian4: !! pkgs/vm-stretch/qubes-usb-proxy_1.0.21+deb9u1_amd64.buildinfo
2024-06-21 13:43:15.250291 +0000 build-debian4: !! pkgs/vm-stretch/qubes-usb-proxy_1.0.21+deb9u1_amd64.changes
2024-06-21 13:43:15.250306 +0000 build-debian4: !! pkgs/vm-stretch/qubes-usb-proxy_1.0.21+deb9u1_amd64.deb
2024-06-21 13:43:15.250334 +0000 build-debian4: !! pkgs/vm-stretch/qubes-usb-proxy_1.0.22+deb9u1.dsc
2024-06-21 13:43:15.250351 +0000 build-debian4: !! pkgs/vm-stretch/qubes-usb-proxy_1.0.22+deb9u1.tar.xz
2024-06-21 13:43:15.250367 +0000 build-debian4: !! pkgs/vm-stretch/qubes-usb-proxy_1.0.22+deb9u1_amd64.buildinfo
2024-06-21 13:43:15.250382 +0000 build-debian4: !! pkgs/vm-stretch/qubes-usb-proxy_1.0.22+deb9u1_amd64.changes
2024-06-21 13:43:15.250397 +0000 build-debian4: !! pkgs/vm-stretch/qubes-usb-proxy_1.0.22+deb9u1_amd64.deb
2024-06-21 13:43:15.250412 +0000 build-debian4: !! pkgs/vm-stretch/qubes-usb-proxy_1.0.23+deb9u1.dsc
2024-06-21 13:43:15.250426 +0000 build-debian4: !! pkgs/vm-stretch/qubes-usb-proxy_1.0.23+deb9u1.tar.xz
2024-06-21 13:43:15.250442 +0000 build-debian4: !! pkgs/vm-stretch/qubes-usb-proxy_1.0.23+deb9u1_amd64.buildinfo
2024-06-21 13:43:15.250456 +0000 build-debian4: !! pkgs/vm-stretch/qubes-usb-proxy_1.0.23+deb9u1_amd64.changes
2024-06-21 13:43:15.250471 +0000 build-debian4: !! pkgs/vm-stretch/qubes-usb-proxy_1.0.23+deb9u1_amd64.deb
2024-06-21 13:43:15.250486 +0000 build-debian4: !! pkgs/vm-stretch/qubes-usb-proxy_1.0.24+deb9u1.dsc
2024-06-21 13:43:15.250500 +0000 build-debian4: !! pkgs/vm-stretch/qubes-usb-proxy_1.0.24+deb9u1.tar.xz
2024-06-21 13:43:15.250515 +0000 build-debian4: !! pkgs/vm-stretch/qubes-usb-proxy_1.0.24+deb9u1_amd64.buildinfo
2024-06-21 13:43:15.250531 +0000 build-debian4: !! pkgs/vm-stretch/qubes-usb-proxy_1.0.24+deb9u1_amd64.changes
2024-06-21 13:43:15.250545 +0000 build-debian4: !! pkgs/vm-stretch/qubes-usb-proxy_1.0.24+deb9u1_amd64.deb
2024-06-21 13:43:15.250560 +0000 build-debian4: !! pkgs/vm-stretch/qubes-usb-proxy_1.0.25+deb9u1.dsc
2024-06-21 13:43:15.250574 +0000 build-debian4: !! pkgs/vm-stretch/qubes-usb-proxy_1.0.25+deb9u1.tar.xz
2024-06-21 13:43:15.250589 +0000 build-debian4: !! pkgs/vm-stretch/qubes-usb-proxy_1.0.25+deb9u1_amd64.buildinfo
2024-06-21 13:43:15.250604 +0000 build-debian4: !! pkgs/vm-stretch/qubes-usb-proxy_1.0.25+deb9u1_amd64.changes
2024-06-21 13:43:15.250619 +0000 build-debian4: !! pkgs/vm-stretch/qubes-usb-proxy_1.0.25+deb9u1_amd64.deb
2024-06-21 13:43:15.250633 +0000 build-debian4: !! pkgs/vm-stretch/qubes-usb-proxy_1.0.26+deb9u1.dsc
2024-06-21 13:43:15.250647 +0000 build-debian4: !! pkgs/vm-stretch/qubes-usb-proxy_1.0.26+deb9u1.tar.xz
2024-06-21 13:43:15.250662 +0000 build-debian4: !! pkgs/vm-stretch/qubes-usb-proxy_1.0.26+deb9u1_amd64.buildinfo
2024-06-21 13:43:15.250677 +0000 build-debian4: !! pkgs/vm-stretch/qubes-usb-proxy_1.0.26+deb9u1_amd64.changes
2024-06-21 13:43:15.250692 +0000 build-debian4: !! pkgs/vm-stretch/qubes-usb-proxy_1.0.26+deb9u1_amd64.deb
2024-06-21 13:43:15.250707 +0000 build-debian4: !! pkgs/vm-stretch/qubes-usb-proxy_1.0.27+deb9u1.dsc
2024-06-21 13:43:15.250721 +0000 build-debian4: !! pkgs/vm-stretch/qubes-usb-proxy_1.0.27+deb9u1.tar.xz
2024-06-21 13:43:15.254317 +0000 build-debian4: !! pkgs/vm-stretch/qubes-usb-proxy_1.0.27+deb9u1_amd64.buildinfo
2024-06-21 13:43:15.254408 +0000 build-debian4: !! pkgs/vm-stretch/qubes-usb-proxy_1.0.27+deb9u1_amd64.changes
2024-06-21 13:43:15.254429 +0000 build-debian4: !! pkgs/vm-stretch/qubes-usb-proxy_1.0.27+deb9u1_amd64.deb
2024-06-21 13:43:15.254469 +0000 build-debian4: !! pkgs/vm-stretch/qubes-usb-proxy_1.0.28+deb9u1.dsc
2024-06-21 13:43:15.254487 +0000 build-debian4: !! pkgs/vm-stretch/qubes-usb-proxy_1.0.28+deb9u1.tar.xz
2024-06-21 13:43:15.254503 +0000 build-debian4: !! pkgs/vm-stretch/qubes-usb-proxy_1.0.28+deb9u1_amd64.buildinfo
2024-06-21 13:43:15.254518 +0000 build-debian4: !! pkgs/vm-stretch/qubes-usb-proxy_1.0.28+deb9u1_amd64.changes
2024-06-21 13:43:15.254533 +0000 build-debian4: !! pkgs/vm-stretch/qubes-usb-proxy_1.0.28+deb9u1_amd64.deb
2024-06-21 13:43:15.254547 +0000 build-debian4: !! pkgs/vm-stretch/qubes-usb-proxy_1.0.29+deb9u1.dsc
2024-06-21 13:43:15.254562 +0000 build-debian4: !! pkgs/vm-stretch/qubes-usb-proxy_1.0.29+deb9u1.tar.xz
2024-06-21 13:43:15.254577 +0000 build-debian4: !! pkgs/vm-stretch/qubes-usb-proxy_1.0.29+deb9u1_amd64.buildinfo
2024-06-21 13:43:15.254592 +0000 build-debian4: !! pkgs/vm-stretch/qubes-usb-proxy_1.0.29+deb9u1_amd64.changes
2024-06-21 13:43:15.254606 +0000 build-debian4: !! pkgs/vm-stretch/qubes-usb-proxy_1.0.29+deb9u1_amd64.deb
2024-06-21 13:43:15.254628 +0000 build-debian4: 642cdc7d12fb776935b9d0eccf3848c63716412c9454ffa2dee5e67a2616c762b9978b9c4c8a517ec9972fe9bffec7c4b8b9a9999bcf6e798f49b539d3df5ead  pkgs/vm-bookworm/qubes-usb-proxy_1.1.1+deb12u1.dsc
2024-06-21 13:43:15.254650 +0000 build-debian4: cc16f2255fdd8aad9f4f91e7cdfbcf4cc4f7e90baa7408390b71a7ef698c50b853b6ad2e008e9d0fd03c8f5b33e59b62c8e34d3aa07274d84855ee470c3776f5  pkgs/vm-bookworm/qubes-usb-proxy_1.1.1+deb12u1.tar.xz
2024-06-21 13:43:15.254674 +0000 build-debian4: ada5a47b721f3e748201fccdfc94daa4bd727d592c4703494c5de830300636f483befbe20b44539a744a7f3aa213c58771f9b240b67d1e95d3a326da980fadf5  pkgs/vm-bookworm/qubes-usb-proxy_1.1.1+deb12u1_amd64.buildinfo
2024-06-21 13:43:15.254697 +0000 build-debian4: 5f1468a6a6d5045a2aaacaae27f5f6fcc6cc935c9b9b64984938b7f2f1725278cc0fb690a230f1bfedad59bfbb86175f5b73763c8637b29d7896df85d7d03464  pkgs/vm-bookworm/qubes-usb-proxy_1.1.1+deb12u1_amd64.changes
2024-06-21 13:43:15.254719 +0000 build-debian4: 819a2130414686bdb75dad400a9cad3962a1f2386d92deebde975d94fc307ea3ade6d1256778b3f8c2179d478f7b0e1c9317626798abbcf51af0133ca70c918c  pkgs/vm-bookworm/qubes-usb-proxy_1.1.1+deb12u1_amd64.deb
2024-06-21 13:43:15.254741 +0000 build-debian4: e98af89c403cf81b625b14bcdd48bf1ac1a0dc8af77a462fc8b9ef02a9bffcfbf5cbb26fab88d9685993dc08a68586859ce8bdeb2fc9f24a387d5a8e4e188743  pkgs/vm-bookworm/qubes-usb-proxy_1.1.2+deb12u1.dsc
2024-06-21 13:43:15.254762 +0000 build-debian4: af006ed8af1f51f3c5ca8ea20035256dc6a2c6d324f888ff5b2f6dce81ec7ed9261445835459bfa29a33f6f689d682b6ffd66b0f92e7f4f6d39e7591808fd886  pkgs/vm-bookworm/qubes-usb-proxy_1.1.2+deb12u1.tar.xz
2024-06-21 13:43:15.254790 +0000 build-debian4: 78aa9aabc3cbefca32bece9718f2e45765e74b66b61d348af8c1233ef2bca45ef2c43bf724cc662a064b2b1c2bae9c34212af8aad56703a8a94f49ddfd0adf86  pkgs/vm-bookworm/qubes-usb-proxy_1.1.2+deb12u1_amd64.buildinfo
2024-06-21 13:43:15.254813 +0000 build-debian4: 2ab29524c66ae6869280d85da977a1ba0079d1f5c372e81418cf80464b6544478a4a7378062b0a4e1dd2fa5e6741191cedfb2bdb689e9d62811ef995f426fc58  pkgs/vm-bookworm/qubes-usb-proxy_1.1.2+deb12u1_amd64.changes
2024-06-21 13:43:15.254845 +0000 build-debian4: a0a201a8099fda17939ed94fc5bc9d8e0a97db68434fb0b1aa10a2f25e0f72a7c0d531e14633b86fb99ac266f8d246978a90b1f33bf35702fdf65b10c654d225  pkgs/vm-bookworm/qubes-usb-proxy_1.1.2+deb12u1_amd64.deb
2024-06-21 13:43:15.254868 +0000 build-debian4: 9e8d48cd8013a265ad514cc58e93e12b63533c4b0ce66d16bb3e2271aaca3d73a2033c9364a127d14511651cdb797c4e9e4e56f3469a19be9d7e0380b6747c23  pkgs/vm-bookworm/qubes-usb-proxy_1.1.3+deb12u1.dsc
2024-06-21 13:43:15.254889 +0000 build-debian4: ce275c6a90aa5300480763b2b744ef33fdeebf8ce5e2f872e90552d07e78eeb946c499857ce73cae69449ac79333cc639dc509ca909fbe368e6d9f9a0c8cff61  pkgs/vm-bookworm/qubes-usb-proxy_1.1.3+deb12u1.tar.xz
2024-06-21 13:43:15.254911 +0000 build-debian4: cfc82c9127d943d0f844e008cc7c897050f526445fe0285e9f430d18c6f6dff09a008352039286582282beb899c056e9280560f79b51f954196125847678eabb  pkgs/vm-bookworm/qubes-usb-proxy_1.1.3+deb12u1_amd64.buildinfo
2024-06-21 13:43:15.254960 +0000 build-debian4: df61e9cb6189189949fec93c8e62bbed90ece89cafde2e2570bce9420420c68451d73355a725983d26e8cdc8c13fa226b4360366da7b870a8e437a234f116ce1  pkgs/vm-bookworm/qubes-usb-proxy_1.1.3+deb12u1_amd64.changes
2024-06-21 13:43:15.254985 +0000 build-debian4: d357ffe523e75d410be7f74dfcf07d16df398bc596b68226de020bb7706a7a364846a9bc2212e2acb98fa354934961ab7ab909330048957bb6f2314302f9a532  pkgs/vm-bookworm/qubes-usb-proxy_1.1.3+deb12u1_amd64.deb
2024-06-21 13:43:15.255007 +0000 build-debian4: 5f6ec05b913640473c3f6d733cc217fb7e7014036c3ac2a32ed4f8c4a8f22ceb11539c76333c9844ca82dbe7c773b07d6bb8bf63331fe36758302a359e3dcfde  pkgs/vm-bookworm/qubes-usb-proxy_1.1.4+deb12u1.dsc
2024-06-21 13:43:15.255029 +0000 build-debian4: b14a02441668d6afc1b65c634368093169a85465f23605538713f86bf67b9f056a22570b5bcf880579ba151a786bf3d5707c496bf62999853c09a37c9bb93acc  pkgs/vm-bookworm/qubes-usb-proxy_1.1.4+deb12u1.tar.xz
2024-06-21 13:43:15.255051 +0000 build-debian4: e871633c5d40dbba80b83c4bd83922a8ec15ed38a46365aa06a3b40fd76cb598a0485fa11357aec0cfe4af40651a3f28cd40de4dd6b12aa3da4f2abcff88fd2d  pkgs/vm-bookworm/qubes-usb-proxy_1.1.4+deb12u1_amd64.buildinfo
2024-06-21 13:43:15.255074 +0000 build-debian4: 43322bfad64e79294d4386c33032fb50b691487dd657b3d990e67476401e0f063c861e7db510837740b92188195d2143c67972449ad797c3ea00598e92ed6baf  pkgs/vm-bookworm/qubes-usb-proxy_1.1.4+deb12u1_amd64.changes
2024-06-21 13:43:15.255095 +0000 build-debian4: ad712d5c798177776ede035f13fa809ab8f6bbad896fb79fca12e6a31f4ff0df2840d646f082af5e328077d8c4d1a508277c5c3cc6dfa2ad9c194e1fe3def242  pkgs/vm-bookworm/qubes-usb-proxy_1.1.4+deb12u1_amd64.deb
2024-06-21 13:43:15.255117 +0000 build-debian4: 79853dc91ad76aa22ecabf8d4cdba4500add9ada80c61f322f5c88225080363a5cf57c82da7bbf3b4726caf586343c81953ceaee37fd3873258a201dc9460990  pkgs/vm-bookworm/qubes-usb-proxy_1.1.5+deb12u1.dsc
2024-06-21 13:43:15.255139 +0000 build-debian4: 7043f3081d5a7bb5add701439085b0065ad381f2a50783f4998a6b3320867c3cf00881af2472566c368ec8d30be2d3508c136d84ffb8bbc339502cc0dbddc861  pkgs/vm-bookworm/qubes-usb-proxy_1.1.5+deb12u1.tar.xz
2024-06-21 13:43:15.255161 +0000 build-debian4: 5e8d8b519788e5d5f593e391da5730e6159077ca3b59607db6b64873b86ca18410f33b5504be7fc20d0be56c3ed4158d270201366f6c27eb56d542337ff2fc6c  pkgs/vm-bookworm/qubes-usb-proxy_1.1.5+deb12u1_amd64.buildinfo
2024-06-21 13:43:15.255183 +0000 build-debian4: 11a6b42c5fa0b7e632e24124685b255b3a761d9c62bcaeed8ef961aceadd05dcc78b8a535f8c0485127659d0e0b6c009c34cf64a03c77a39c134a04fe93a2f60  pkgs/vm-bookworm/qubes-usb-proxy_1.1.5+deb12u1_amd64.changes
2024-06-21 13:43:15.255205 +0000 build-debian4: 16b00508130b52bbc85847079c31c5c2eb5e2e23902c594b0b5ae8ae296b0fc9407a9da2f4be839363accf86b3d6d4e13b13eef1206b1bb46de4ce25abbf57cd  pkgs/vm-bookworm/qubes-usb-proxy_1.1.5+deb12u1_amd64.deb
2024-06-21 13:43:15.255226 +0000 build-debian4: 160c83ccdc0a7073e51c20316d8b4ba9d6f358078b1c5516f4096e37f2e9a3fe1fd5963adf1fd3d4710f50e1a7806e35ed5bfa199e04ad790baa83a2556d20cc  pkgs/vm-bookworm/qubes-usb-proxy_1.2.0+deb12u1.dsc
2024-06-21 13:43:15.255248 +0000 build-debian4: b2ce746c334dc2109b551d50048f45adb1b24a6a25f10633bda55790fe350ebed37d26ef282d26b83273a7856486e076979b3b9fa089d64946b8df79536f8472  pkgs/vm-bookworm/qubes-usb-proxy_1.2.0+deb12u1.tar.xz
