2020-04-01 00:56:43.264877 +0000 > starting log
2020-04-01 00:56:43.268377 +0000 build-debian4: > starting build with log
2020-04-01 00:56:43.268393 +0000 build-debian4: >> make args: DISTS_VM=bullseye DIST_DOM0= qubes
2020-04-01 00:56:43.268401 +0000 build-debian4: >> MAKEFLAGS=
2020-04-01 00:56:43.268410 +0000 build-debian4: >> COMPONENTS=app-linux-usb-proxy
2020-04-01 00:56:43.268416 +0000 build-debian4: >> DISTS_VM=
2020-04-01 00:56:43.268423 +0000 build-debian4: >> DIST_DOM0=
2020-04-01 00:56:43.268432 +0000 build-debian4: >> qubes-builder 5560315de93ce32850e7557356de3dd67edb9300
2020-04-01 00:56:43.268438 +0000 build-debian4: ?? rpmdb/Basenames
2020-04-01 00:56:43.268445 +0000 build-debian4: ?? rpmdb/Conflictname
2020-04-01 00:56:43.268452 +0000 build-debian4: ?? rpmdb/Dirnames
2020-04-01 00:56:43.268458 +0000 build-debian4: ?? rpmdb/Enhancename
2020-04-01 00:56:43.268465 +0000 build-debian4: ?? rpmdb/Filetriggername
2020-04-01 00:56:43.268472 +0000 build-debian4: ?? rpmdb/Group
2020-04-01 00:56:43.268478 +0000 build-debian4: ?? rpmdb/Installtid
2020-04-01 00:56:43.268485 +0000 build-debian4: ?? rpmdb/Name
2020-04-01 00:56:43.268491 +0000 build-debian4: ?? rpmdb/Obsoletename
2020-04-01 00:56:43.268498 +0000 build-debian4: ?? rpmdb/Packages
2020-04-01 00:56:43.268525 +0000 build-debian4: ?? rpmdb/Providename
2020-04-01 00:56:43.268532 +0000 build-debian4: ?? rpmdb/Recommendname
2020-04-01 00:56:43.268539 +0000 build-debian4: ?? rpmdb/Requirename
2020-04-01 00:56:43.268546 +0000 build-debian4: ?? rpmdb/Sha1header
2020-04-01 00:56:43.268552 +0000 build-debian4: ?? rpmdb/Sigmd5
2020-04-01 00:56:43.268559 +0000 build-debian4: ?? rpmdb/Suggestname
2020-04-01 00:56:43.268565 +0000 build-debian4: ?? rpmdb/Supplementname
2020-04-01 00:56:43.268573 +0000 build-debian4: ?? rpmdb/Transfiletriggername
2020-04-01 00:56:43.268579 +0000 build-debian4: ?? rpmdb/Triggername
2020-04-01 00:56:43.268586 +0000 build-debian4: ?? rpmdb/__db.001
2020-04-01 00:56:43.268592 +0000 build-debian4: ?? rpmdb/__db.002
2020-04-01 00:56:43.268599 +0000 build-debian4: ?? rpmdb/__db.003
2020-04-01 00:56:43.268611 +0000 build-debian4: f9484959726e243e3d184de058d56dcf1101628cc531e8cf9a2837b1fd5b53c30c05ef58ed0a1c66ec0dcacf43bb536a2aced5740c8768eec7467aff515c1bc8  rpmdb/Basenames
2020-04-01 00:56:43.268625 +0000 build-debian4: 5ce361a48c11b4a0e2722784fc610f43818b4441eb3b5648e5c6c274c7f66ef3b061fd245619266f9d2a5cf1c50d0f1f45bb97bfdb2f6d6212b04f691d7b6aef  rpmdb/Conflictname
2020-04-01 00:56:43.268638 +0000 build-debian4: 7dedb7ed4ac43719d57277d494cd644b929bc96ce365022919969ea98d853d42e1303ee22d275e893211844af7f8fa6c731ca4cdb7c83139aeab3c1c840c73d1  rpmdb/Dirnames
2020-04-01 00:56:43.268651 +0000 build-debian4: 27940c3a0722eb19cc490599a53d0a534de2c8620a57687e097e9bf139394a3ce0ae712687d5960b89db3b03f3b621f2796586bb96a41458c9b44d7d1607853f  rpmdb/Enhancename
2020-04-01 00:56:43.268664 +0000 build-debian4: 2a3776bd6dea62e65b3112882cdd4d2f643cd529ab1b5be1cec5e95e906565a9e237bd335c9154ef8aa74d71b1de36287f1083289a988c56419c858b0fd1200e  rpmdb/Filetriggername
2020-04-01 00:56:43.268677 +0000 build-debian4: f7453568e8a63f2d330e3d6d8c0655f4b3776bc732281a509801e7db296d17af088079415265cdd58b3f5cee6d55d7e4112c7a3894abe892722373e8eb8b359c  rpmdb/Group
2020-04-01 00:56:43.268691 +0000 build-debian4: 36976438c0cef020739dc44f95c9342ff3d82547fff0fee98162c7cb3278d72a07b27305b5e8b4549315a835f794f84b276b33d013ef0eb3f472aa08f15d1ddd  rpmdb/Installtid
2020-04-01 00:56:43.268703 +0000 build-debian4: 9d3f5ce45b0cd3cd75943b4d8eab36328bf9fdc0b005a56df223dcede352abe5f6e212ee969caeb4e3239b417ae73b261bb3f44c1205a2fbf4710ab908a1e789  rpmdb/Name
2020-04-01 00:56:43.268716 +0000 build-debian4: 73f6d8020ad5e85a7bc028c70c8d8335f849255947e759986a0da8762df0386531c289ec327336513a60e556631c64b57fff34f43b14c8881ad5b6e3f675a85b  rpmdb/Obsoletename
2020-04-01 00:56:43.268729 +0000 build-debian4: 4601587f6d1406187244e01588f86620775f8eb640d21fb17dd1b5d7daf82891237077f1751d91ab70bc7e940761ce228167b75c43d4002bb8087b890f8554fd  rpmdb/Packages
2020-04-01 00:56:43.268742 +0000 build-debian4: cf647d1e3ea3065ef2e1323310dbad5f88171bcfcb4b7da3a1f378284c40de0b9daf03dd3e2c574d5a2e56c9f4e8dd30edb3eb3b4ad55b0ed458e4ca951dac76  rpmdb/Providename
2020-04-01 00:56:43.268762 +0000 build-debian4: 167808bb514e56c005fd52f93e75dfc7f3bb5bcd5e931619d9fa4519984b8e5dc28d14bf15c4e8f04be9a5f197123e187b4f2f70bcf0a6ea4a0bd874913273d0  rpmdb/Recommendname
2020-04-01 00:56:43.268776 +0000 build-debian4: 56bcb88ad3b4bbb61237df6ec16fb9e391e80dd4da706616553e8c408fea9f06f54f581d4bb14a410dfd39fdb47101f4853675978d84ee278c8a701ce70859f4  rpmdb/Requirename
2020-04-01 00:56:43.268789 +0000 build-debian4: 859d9e7577557ca74dc6fd23db196d68ffca756b54a9726d88f7b4dff506ab689e27c45ba1f7cb8ecb255c925935f04490bacc4e8c4fc1aab43e9bb7cc6e0415  rpmdb/Sha1header
2020-04-01 00:56:43.268802 +0000 build-debian4: 554e001752739cc3c965fc2ad91e87a01c27d13a04a6ccb520e56fd0c9e7adcbd6a60073861715ec9268d6ae5fd6e7c348044063c25dfbd8cbe39ba5ac50d28a  rpmdb/Sigmd5
2020-04-01 00:56:43.268815 +0000 build-debian4: 9b78015c3c9d4a7357e7cf1b073d9110de413708182d7d94d9a6d9e6a4fa699e7bfe3a317d68e9de3fc244a602dfba8751d93d93a0f92b648475e3f1518ac609  rpmdb/Suggestname
2020-04-01 00:56:43.268828 +0000 build-debian4: a8a91e0fd37a8121c242cf1cedf1819126504195fbe3a46d3ab0d36b6af58d1ae6580589f713c8a0b5d14324602e6c5d0cdee1ba5a95c55bbc67941a8d90032f  rpmdb/Supplementname
2020-04-01 00:56:43.268841 +0000 build-debian4: 9974c6888ab51dad699baa928ed12660cf5f0018b1d408afa3f1a041dc32d84a631a433e23792b49c9f23a6ab2d4e2726bfe46f936fa3ec5414a90d4d1db67d7  rpmdb/Transfiletriggername
2020-04-01 00:56:43.268854 +0000 build-debian4: 7b7e1e3cf0821e73fc29a692208f09aeba9cd4c186f91190c41b7b49a222cd29e33a357539e4fb95ee4fe9e9fe3ff0895d3596e90dd06a0a7580825cc47bfa5e  rpmdb/Triggername
2020-04-01 00:56:43.268867 +0000 build-debian4: de71f239b54f9afc281a58dde8361a4df89e45dce03ce0af0593761ce163e6de4b4fdaedf947839fd9e4d88b03944769beb1e25b2af7a773330941f1edb083a5  rpmdb/__db.001
2020-04-01 00:56:43.268880 +0000 build-debian4: f5fc7dd638f50bcc55f9bcb61e2b24ce3b3ffb373830d79c9924b1e18c73140630dd173354da9b64c7e00cf52e141d2f7b16cb3711444b204a2c72973bd77ea1  rpmdb/__db.002
2020-04-01 00:56:43.268892 +0000 build-debian4: f5b71bfeb498c72d715243abda3ebf18b800296d1b37e2eb39c00c890300c695ba160456d97189c0370581aff3663416d29581540f0979c0205dfa89171f8e3d  rpmdb/__db.003
2020-04-01 00:56:43.268903 +0000 build-debian4: >> qubes-builder/qubes-src/app-linux-usb-proxy 45f670773a0e7136ea8ca92c98ae4778dd354301
2020-04-01 00:56:43.268927 +0000 build-debian4: !! pkgs/vm-bullseye/qubes-usb-proxy_1.0.21+deb11u1.dsc
2020-04-01 00:56:43.268937 +0000 build-debian4: !! pkgs/vm-bullseye/qubes-usb-proxy_1.0.21+deb11u1.tar.xz
2020-04-01 00:56:43.268953 +0000 build-debian4: !! pkgs/vm-bullseye/qubes-usb-proxy_1.0.21+deb11u1_amd64.buildinfo
2020-04-01 00:56:43.268962 +0000 build-debian4: !! pkgs/vm-bullseye/qubes-usb-proxy_1.0.21+deb11u1_amd64.changes
2020-04-01 00:56:43.268971 +0000 build-debian4: !! pkgs/vm-bullseye/qubes-usb-proxy_1.0.21+deb11u1_amd64.deb
2020-04-01 00:56:43.268979 +0000 build-debian4: !! pkgs/vm-bullseye/qubes-usb-proxy_1.0.22+deb11u1.dsc
2020-04-01 00:56:43.268988 +0000 build-debian4: !! pkgs/vm-bullseye/qubes-usb-proxy_1.0.22+deb11u1.tar.xz
2020-04-01 00:56:43.268997 +0000 build-debian4: !! pkgs/vm-bullseye/qubes-usb-proxy_1.0.22+deb11u1_amd64.buildinfo
2020-04-01 00:56:43.269005 +0000 build-debian4: !! pkgs/vm-bullseye/qubes-usb-proxy_1.0.22+deb11u1_amd64.changes
2020-04-01 00:56:43.269014 +0000 build-debian4: !! pkgs/vm-bullseye/qubes-usb-proxy_1.0.22+deb11u1_amd64.deb
2020-04-01 00:56:43.269022 +0000 build-debian4: !! pkgs/vm-bullseye/qubes-usb-proxy_1.0.23+deb11u1.dsc
2020-04-01 00:56:43.269031 +0000 build-debian4: !! pkgs/vm-bullseye/qubes-usb-proxy_1.0.23+deb11u1.tar.xz
2020-04-01 00:56:43.269039 +0000 build-debian4: !! pkgs/vm-bullseye/qubes-usb-proxy_1.0.23+deb11u1_amd64.buildinfo
2020-04-01 00:56:43.272464 +0000 build-debian4: !! pkgs/vm-bullseye/qubes-usb-proxy_1.0.23+deb11u1_amd64.changes
2020-04-01 00:56:43.272488 +0000 build-debian4: !! pkgs/vm-bullseye/qubes-usb-proxy_1.0.23+deb11u1_amd64.deb
2020-04-01 00:56:43.272512 +0000 build-debian4: !! pkgs/vm-bullseye/qubes-usb-proxy_1.0.24+deb11u1.dsc
2020-04-01 00:56:43.272523 +0000 build-debian4: !! pkgs/vm-bullseye/qubes-usb-proxy_1.0.24+deb11u1.tar.xz
2020-04-01 00:56:43.272532 +0000 build-debian4: !! pkgs/vm-bullseye/qubes-usb-proxy_1.0.24+deb11u1_amd64.buildinfo
2020-04-01 00:56:43.272541 +0000 build-debian4: !! pkgs/vm-bullseye/qubes-usb-proxy_1.0.24+deb11u1_amd64.changes
2020-04-01 00:56:43.272550 +0000 build-debian4: !! pkgs/vm-bullseye/qubes-usb-proxy_1.0.24+deb11u1_amd64.deb
2020-04-01 00:56:43.272558 +0000 build-debian4: !! pkgs/vm-bullseye/qubes-usb-proxy_1.0.25+deb11u1.dsc
2020-04-01 00:56:43.272567 +0000 build-debian4: !! pkgs/vm-bullseye/qubes-usb-proxy_1.0.25+deb11u1.tar.xz
2020-04-01 00:56:43.272576 +0000 build-debian4: !! pkgs/vm-bullseye/qubes-usb-proxy_1.0.25+deb11u1_amd64.buildinfo
2020-04-01 00:56:43.272585 +0000 build-debian4: !! pkgs/vm-bullseye/qubes-usb-proxy_1.0.25+deb11u1_amd64.changes
2020-04-01 00:56:43.272593 +0000 build-debian4: !! pkgs/vm-bullseye/qubes-usb-proxy_1.0.25+deb11u1_amd64.deb
2020-04-01 00:56:43.272602 +0000 build-debian4: !! pkgs/vm-bullseye/qubes-usb-proxy_1.0.26+deb11u1.dsc
2020-04-01 00:56:43.272610 +0000 build-debian4: !! pkgs/vm-bullseye/qubes-usb-proxy_1.0.26+deb11u1.tar.xz
2020-04-01 00:56:43.272619 +0000 build-debian4: !! pkgs/vm-bullseye/qubes-usb-proxy_1.0.26+deb11u1_amd64.buildinfo
2020-04-01 00:56:43.272628 +0000 build-debian4: !! pkgs/vm-bullseye/qubes-usb-proxy_1.0.26+deb11u1_amd64.changes
2020-04-01 00:56:43.272637 +0000 build-debian4: !! pkgs/vm-bullseye/qubes-usb-proxy_1.0.26+deb11u1_amd64.deb
2020-04-01 00:56:43.272645 +0000 build-debian4: !! pkgs/vm-bullseye/qubes-usb-proxy_1.0.27+deb11u1.dsc
2020-04-01 00:56:43.272654 +0000 build-debian4: !! pkgs/vm-bullseye/qubes-usb-proxy_1.0.27+deb11u1.tar.xz
2020-04-01 00:56:43.272663 +0000 build-debian4: !! pkgs/vm-bullseye/qubes-usb-proxy_1.0.27+deb11u1_amd64.buildinfo
2020-04-01 00:56:43.272672 +0000 build-debian4: !! pkgs/vm-bullseye/qubes-usb-proxy_1.0.27+deb11u1_amd64.changes
2020-04-01 00:56:43.272680 +0000 build-debian4: !! pkgs/vm-bullseye/qubes-usb-proxy_1.0.27+deb11u1_amd64.deb
2020-04-01 00:56:43.272689 +0000 build-debian4: !! pkgs/vm-buster/qubes-usb-proxy_1.0.15+deb10u1.dsc
2020-04-01 00:56:43.272702 +0000 build-debian4: !! pkgs/vm-buster/qubes-usb-proxy_1.0.15+deb10u1.tar.xz
2020-04-01 00:56:43.272712 +0000 build-debian4: !! pkgs/vm-buster/qubes-usb-proxy_1.0.15+deb10u1_amd64.buildinfo
2020-04-01 00:56:43.272721 +0000 build-debian4: !! pkgs/vm-buster/qubes-usb-proxy_1.0.15+deb10u1_amd64.changes
2020-04-01 00:56:43.272729 +0000 build-debian4: !! pkgs/vm-buster/qubes-usb-proxy_1.0.15+deb10u1_amd64.deb
2020-04-01 00:56:43.272738 +0000 build-debian4: !! pkgs/vm-buster/qubes-usb-proxy_1.0.16+deb10u1.dsc
2020-04-01 00:56:43.272746 +0000 build-debian4: !! pkgs/vm-buster/qubes-usb-proxy_1.0.16+deb10u1.tar.xz
2020-04-01 00:56:43.272755 +0000 build-debian4: !! pkgs/vm-buster/qubes-usb-proxy_1.0.16+deb10u1_amd64.buildinfo
2020-04-01 00:56:43.272764 +0000 build-debian4: !! pkgs/vm-buster/qubes-usb-proxy_1.0.16+deb10u1_amd64.changes
2020-04-01 00:56:43.272773 +0000 build-debian4: !! pkgs/vm-buster/qubes-usb-proxy_1.0.16+deb10u1_amd64.deb
2020-04-01 00:56:43.272781 +0000 build-debian4: !! pkgs/vm-buster/qubes-usb-proxy_1.0.17+deb10u1.dsc
2020-04-01 00:56:43.272790 +0000 build-debian4: !! pkgs/vm-buster/qubes-usb-proxy_1.0.17+deb10u1.tar.xz
2020-04-01 00:56:43.272799 +0000 build-debian4: !! pkgs/vm-buster/qubes-usb-proxy_1.0.17+deb10u1_amd64.buildinfo
2020-04-01 00:56:43.272808 +0000 build-debian4: !! pkgs/vm-buster/qubes-usb-proxy_1.0.17+deb10u1_amd64.changes
2020-04-01 00:56:43.272817 +0000 build-debian4: !! pkgs/vm-buster/qubes-usb-proxy_1.0.17+deb10u1_amd64.deb
2020-04-01 00:56:43.272825 +0000 build-debian4: !! pkgs/vm-buster/qubes-usb-proxy_1.0.18+deb10u1.dsc
2020-04-01 00:56:43.272834 +0000 build-debian4: !! pkgs/vm-buster/qubes-usb-proxy_1.0.18+deb10u1.tar.xz
2020-04-01 00:56:43.272847 +0000 build-debian4: !! pkgs/vm-buster/qubes-usb-proxy_1.0.18+deb10u1_amd64.buildinfo
2020-04-01 00:56:43.272857 +0000 build-debian4: !! pkgs/vm-buster/qubes-usb-proxy_1.0.18+deb10u1_amd64.changes
2020-04-01 00:56:43.272866 +0000 build-debian4: !! pkgs/vm-buster/qubes-usb-proxy_1.0.18+deb10u1_amd64.deb
2020-04-01 00:56:43.272874 +0000 build-debian4: !! pkgs/vm-buster/qubes-usb-proxy_1.0.19+deb10u1.dsc
2020-04-01 00:56:43.272883 +0000 build-debian4: !! pkgs/vm-buster/qubes-usb-proxy_1.0.19+deb10u1.tar.xz
2020-04-01 00:56:43.272892 +0000 build-debian4: !! pkgs/vm-buster/qubes-usb-proxy_1.0.19+deb10u1_amd64.buildinfo
2020-04-01 00:56:43.272901 +0000 build-debian4: !! pkgs/vm-buster/qubes-usb-proxy_1.0.19+deb10u1_amd64.changes
2020-04-01 00:56:43.272921 +0000 build-debian4: !! pkgs/vm-buster/qubes-usb-proxy_1.0.19+deb10u1_amd64.deb
2020-04-01 00:56:43.272931 +0000 build-debian4: !! pkgs/vm-buster/qubes-usb-proxy_1.0.20+deb10u1.dsc
2020-04-01 00:56:43.272940 +0000 build-debian4: !! pkgs/vm-buster/qubes-usb-proxy_1.0.20+deb10u1.tar.xz
2020-04-01 00:56:43.272949 +0000 build-debian4: !! pkgs/vm-buster/qubes-usb-proxy_1.0.20+deb10u1_amd64.buildinfo
2020-04-01 00:56:43.272957 +0000 build-debian4: !! pkgs/vm-buster/qubes-usb-proxy_1.0.20+deb10u1_amd64.changes
2020-04-01 00:56:43.272966 +0000 build-debian4: !! pkgs/vm-buster/qubes-usb-proxy_1.0.20+deb10u1_amd64.deb
2020-04-01 00:56:43.272974 +0000 build-debian4: !! pkgs/vm-buster/qubes-usb-proxy_1.0.21+deb10u1.dsc
2020-04-01 00:56:43.272983 +0000 build-debian4: !! pkgs/vm-buster/qubes-usb-proxy_1.0.21+deb10u1.tar.xz
2020-04-01 00:56:43.272991 +0000 build-debian4: !! pkgs/vm-buster/qubes-usb-proxy_1.0.21+deb10u1_amd64.buildinfo
2020-04-01 00:56:43.273000 +0000 build-debian4: !! pkgs/vm-buster/qubes-usb-proxy_1.0.21+deb10u1_amd64.changes
2020-04-01 00:56:43.273019 +0000 build-debian4: !! pkgs/vm-buster/qubes-usb-proxy_1.0.21+deb10u1_amd64.deb
2020-04-01 00:56:43.273028 +0000 build-debian4: !! pkgs/vm-buster/qubes-usb-proxy_1.0.22+deb10u1.dsc
2020-04-01 00:56:43.273040 +0000 build-debian4: !! pkgs/vm-buster/qubes-usb-proxy_1.0.22+deb10u1.tar.xz
2020-04-01 00:56:43.273049 +0000 build-debian4: !! pkgs/vm-buster/qubes-usb-proxy_1.0.22+deb10u1_amd64.buildinfo
2020-04-01 00:56:43.273058 +0000 build-debian4: !! pkgs/vm-buster/qubes-usb-proxy_1.0.22+deb10u1_amd64.changes
2020-04-01 00:56:43.273067 +0000 build-debian4: !! pkgs/vm-buster/qubes-usb-proxy_1.0.22+deb10u1_amd64.deb
2020-04-01 00:56:43.273075 +0000 build-debian4: !! pkgs/vm-buster/qubes-usb-proxy_1.0.23+deb10u1.dsc
2020-04-01 00:56:43.273083 +0000 build-debian4: !! pkgs/vm-buster/qubes-usb-proxy_1.0.23+deb10u1.tar.xz
2020-04-01 00:56:43.273092 +0000 build-debian4: !! pkgs/vm-buster/qubes-usb-proxy_1.0.23+deb10u1_amd64.buildinfo
2020-04-01 00:56:43.273101 +0000 build-debian4: !! pkgs/vm-buster/qubes-usb-proxy_1.0.23+deb10u1_amd64.changes
2020-04-01 00:56:43.273110 +0000 build-debian4: !! pkgs/vm-buster/qubes-usb-proxy_1.0.23+deb10u1_amd64.deb
2020-04-01 00:56:43.273118 +0000 build-debian4: !! pkgs/vm-buster/qubes-usb-proxy_1.0.24+deb10u1.dsc
2020-04-01 00:56:43.273127 +0000 build-debian4: !! pkgs/vm-buster/qubes-usb-proxy_1.0.24+deb10u1.tar.xz
2020-04-01 00:56:43.273135 +0000 build-debian4: !! pkgs/vm-buster/qubes-usb-proxy_1.0.24+deb10u1_amd64.buildinfo
2020-04-01 00:56:43.273144 +0000 build-debian4: !! pkgs/vm-buster/qubes-usb-proxy_1.0.24+deb10u1_amd64.changes
2020-04-01 00:56:43.273153 +0000 build-debian4: !! pkgs/vm-buster/qubes-usb-proxy_1.0.24+deb10u1_amd64.deb
2020-04-01 00:56:43.273161 +0000 build-debian4: !! pkgs/vm-buster/qubes-usb-proxy_1.0.25+deb10u1.dsc
2020-04-01 00:56:43.273170 +0000 build-debian4: !! pkgs/vm-buster/qubes-usb-proxy_1.0.25+deb10u1.tar.xz
2020-04-01 00:56:43.273179 +0000 build-debian4: !! pkgs/vm-buster/qubes-usb-proxy_1.0.25+deb10u1_amd64.buildinfo
2020-04-01 00:56:43.273187 +0000 build-debian4: !! pkgs/vm-buster/qubes-usb-proxy_1.0.25+deb10u1_amd64.changes
2020-04-01 00:56:43.273196 +0000 build-debian4: !! pkgs/vm-buster/qubes-usb-proxy_1.0.25+deb10u1_amd64.deb
2020-04-01 00:56:43.273208 +0000 build-debian4: !! pkgs/vm-buster/qubes-usb-proxy_1.0.26+deb10u1.dsc
2020-04-01 00:56:43.273218 +0000 build-debian4: !! pkgs/vm-buster/qubes-usb-proxy_1.0.26+deb10u1.tar.xz
2020-04-01 00:56:43.273227 +0000 build-debian4: !! pkgs/vm-buster/qubes-usb-proxy_1.0.26+deb10u1_amd64.buildinfo
2020-04-01 00:56:43.273236 +0000 build-debian4: !! pkgs/vm-buster/qubes-usb-proxy_1.0.26+deb10u1_amd64.changes
2020-04-01 00:56:43.273244 +0000 build-debian4: !! pkgs/vm-buster/qubes-usb-proxy_1.0.26+deb10u1_amd64.deb
2020-04-01 00:56:43.273252 +0000 build-debian4: !! pkgs/vm-buster/qubes-usb-proxy_1.0.27+deb10u1.dsc
2020-04-01 00:56:43.273261 +0000 build-debian4: !! pkgs/vm-buster/qubes-usb-proxy_1.0.27+deb10u1.tar.xz
2020-04-01 00:56:43.273270 +0000 build-debian4: !! pkgs/vm-buster/qubes-usb-proxy_1.0.27+deb10u1_amd64.buildinfo
2020-04-01 00:56:43.273279 +0000 build-debian4: !! pkgs/vm-buster/qubes-usb-proxy_1.0.27+deb10u1_amd64.changes
2020-04-01 00:56:43.273287 +0000 build-debian4: !! pkgs/vm-buster/qubes-usb-proxy_1.0.27+deb10u1_amd64.deb
2020-04-01 00:56:43.273296 +0000 build-debian4: !! pkgs/vm-jessie/qubes-usb-proxy_1.0.10+deb8u1.dsc
2020-04-01 00:56:43.273304 +0000 build-debian4: !! pkgs/vm-jessie/qubes-usb-proxy_1.0.10+deb8u1.tar.xz
2020-04-01 00:56:43.273313 +0000 build-debian4: !! pkgs/vm-jessie/qubes-usb-proxy_1.0.10+deb8u1_amd64.changes
2020-04-01 00:56:43.273322 +0000 build-debian4: !! pkgs/vm-jessie/qubes-usb-proxy_1.0.10+deb8u1_amd64.deb
2020-04-01 00:56:43.273330 +0000 build-debian4: !! pkgs/vm-jessie/qubes-usb-proxy_1.0.11+deb8u1.dsc
2020-04-01 00:56:43.273338 +0000 build-debian4: !! pkgs/vm-jessie/qubes-usb-proxy_1.0.11+deb8u1.tar.xz
2020-04-01 00:56:43.273347 +0000 build-debian4: !! pkgs/vm-jessie/qubes-usb-proxy_1.0.11+deb8u1_amd64.changes
2020-04-01 00:56:43.276111 +0000 build-debian4: !! pkgs/vm-jessie/qubes-usb-proxy_1.0.11+deb8u1_amd64.deb
2020-04-01 00:56:43.276145 +0000 build-debian4: !! pkgs/vm-jessie/qubes-usb-proxy_1.0.12+deb8u1.dsc
2020-04-01 00:56:43.276158 +0000 build-debian4: !! pkgs/vm-jessie/qubes-usb-proxy_1.0.12+deb8u1.tar.xz
2020-04-01 00:56:43.276168 +0000 build-debian4: !! pkgs/vm-jessie/qubes-usb-proxy_1.0.12+deb8u1_amd64.changes
2020-04-01 00:56:43.276177 +0000 build-debian4: !! pkgs/vm-jessie/qubes-usb-proxy_1.0.12+deb8u1_amd64.deb
2020-04-01 00:56:43.276186 +0000 build-debian4: !! pkgs/vm-jessie/qubes-usb-proxy_1.0.13+deb8u1.dsc
2020-04-01 00:56:43.276194 +0000 build-debian4: !! pkgs/vm-jessie/qubes-usb-proxy_1.0.13+deb8u1.tar.xz
2020-04-01 00:56:43.276205 +0000 build-debian4: !! pkgs/vm-jessie/qubes-usb-proxy_1.0.13+deb8u1_amd64.changes
2020-04-01 00:56:43.276215 +0000 build-debian4: !! pkgs/vm-jessie/qubes-usb-proxy_1.0.13+deb8u1_amd64.deb
2020-04-01 00:56:43.276224 +0000 build-debian4: !! pkgs/vm-jessie/qubes-usb-proxy_1.0.14+deb8u1.dsc
2020-04-01 00:56:43.276232 +0000 build-debian4: !! pkgs/vm-jessie/qubes-usb-proxy_1.0.14+deb8u1.tar.xz
2020-04-01 00:56:43.276241 +0000 build-debian4: !! pkgs/vm-jessie/qubes-usb-proxy_1.0.14+deb8u1_amd64.changes
2020-04-01 00:56:43.276249 +0000 build-debian4: !! pkgs/vm-jessie/qubes-usb-proxy_1.0.14+deb8u1_amd64.deb
2020-04-01 00:56:43.276257 +0000 build-debian4: !! pkgs/vm-jessie/qubes-usb-proxy_1.0.15+deb8u1.dsc
2020-04-01 00:56:43.276266 +0000 build-debian4: !! pkgs/vm-jessie/qubes-usb-proxy_1.0.15+deb8u1.tar.xz
2020-04-01 00:56:43.276274 +0000 build-debian4: !! pkgs/vm-jessie/qubes-usb-proxy_1.0.15+deb8u1_amd64.changes
2020-04-01 00:56:43.276283 +0000 build-debian4: !! pkgs/vm-jessie/qubes-usb-proxy_1.0.15+deb8u1_amd64.deb
2020-04-01 00:56:43.276291 +0000 build-debian4: !! pkgs/vm-jessie/qubes-usb-proxy_1.0.16+deb8u1.dsc
2020-04-01 00:56:43.276299 +0000 build-debian4: !! pkgs/vm-jessie/qubes-usb-proxy_1.0.16+deb8u1.tar.xz
2020-04-01 00:56:43.276308 +0000 build-debian4: !! pkgs/vm-jessie/qubes-usb-proxy_1.0.16+deb8u1_amd64.changes
2020-04-01 00:56:43.276317 +0000 build-debian4: !! pkgs/vm-jessie/qubes-usb-proxy_1.0.16+deb8u1_amd64.deb
2020-04-01 00:56:43.276342 +0000 build-debian4: !! pkgs/vm-jessie/qubes-usb-proxy_1.0.17+deb8u1.dsc
2020-04-01 00:56:43.276352 +0000 build-debian4: !! pkgs/vm-jessie/qubes-usb-proxy_1.0.17+deb8u1.tar.xz
2020-04-01 00:56:43.276361 +0000 build-debian4: !! pkgs/vm-jessie/qubes-usb-proxy_1.0.17+deb8u1_amd64.changes
2020-04-01 00:56:43.276370 +0000 build-debian4: !! pkgs/vm-jessie/qubes-usb-proxy_1.0.17+deb8u1_amd64.deb
2020-04-01 00:56:43.276378 +0000 build-debian4: !! pkgs/vm-jessie/qubes-usb-proxy_1.0.18+deb8u1.dsc
2020-04-01 00:56:43.276386 +0000 build-debian4: !! pkgs/vm-jessie/qubes-usb-proxy_1.0.18+deb8u1.tar.xz
2020-04-01 00:56:43.276395 +0000 build-debian4: !! pkgs/vm-jessie/qubes-usb-proxy_1.0.18+deb8u1_amd64.changes
2020-04-01 00:56:43.276403 +0000 build-debian4: !! pkgs/vm-jessie/qubes-usb-proxy_1.0.18+deb8u1_amd64.deb
2020-04-01 00:56:43.276411 +0000 build-debian4: !! pkgs/vm-jessie/qubes-usb-proxy_1.0.19+deb8u1.dsc
2020-04-01 00:56:43.276419 +0000 build-debian4: !! pkgs/vm-jessie/qubes-usb-proxy_1.0.19+deb8u1.tar.xz
2020-04-01 00:56:43.276428 +0000 build-debian4: !! pkgs/vm-jessie/qubes-usb-proxy_1.0.19+deb8u1_amd64.changes
2020-04-01 00:56:43.276437 +0000 build-debian4: !! pkgs/vm-jessie/qubes-usb-proxy_1.0.19+deb8u1_amd64.deb
2020-04-01 00:56:43.276455 +0000 build-debian4: !! pkgs/vm-jessie/qubes-usb-proxy_1.0.20+deb8u1.dsc
2020-04-01 00:56:43.276465 +0000 build-debian4: !! pkgs/vm-jessie/qubes-usb-proxy_1.0.20+deb8u1.tar.xz
2020-04-01 00:56:43.276492 +0000 build-debian4: !! pkgs/vm-jessie/qubes-usb-proxy_1.0.20+deb8u1_amd64.changes
2020-04-01 00:56:43.276501 +0000 build-debian4: !! pkgs/vm-jessie/qubes-usb-proxy_1.0.20+deb8u1_amd64.deb
2020-04-01 00:56:43.276509 +0000 build-debian4: !! pkgs/vm-jessie/qubes-usb-proxy_1.0.21+deb8u1.dsc
2020-04-01 00:56:43.276518 +0000 build-debian4: !! pkgs/vm-jessie/qubes-usb-proxy_1.0.21+deb8u1.tar.xz
2020-04-01 00:56:43.276526 +0000 build-debian4: !! pkgs/vm-jessie/qubes-usb-proxy_1.0.21+deb8u1_amd64.changes
2020-04-01 00:56:43.276535 +0000 build-debian4: !! pkgs/vm-jessie/qubes-usb-proxy_1.0.21+deb8u1_amd64.deb
2020-04-01 00:56:43.276543 +0000 build-debian4: !! pkgs/vm-jessie/qubes-usb-proxy_1.0.22+deb8u1.dsc
2020-04-01 00:56:43.276551 +0000 build-debian4: !! pkgs/vm-jessie/qubes-usb-proxy_1.0.22+deb8u1.tar.xz
2020-04-01 00:56:43.276560 +0000 build-debian4: !! pkgs/vm-jessie/qubes-usb-proxy_1.0.22+deb8u1_amd64.changes
2020-04-01 00:56:43.276568 +0000 build-debian4: !! pkgs/vm-jessie/qubes-usb-proxy_1.0.22+deb8u1_amd64.deb
2020-04-01 00:56:43.276576 +0000 build-debian4: !! pkgs/vm-jessie/qubes-usb-proxy_1.0.6+deb8u1.dsc
2020-04-01 00:56:43.276585 +0000 build-debian4: !! pkgs/vm-jessie/qubes-usb-proxy_1.0.6+deb8u1.tar.xz
2020-04-01 00:56:43.276593 +0000 build-debian4: !! pkgs/vm-jessie/qubes-usb-proxy_1.0.6+deb8u1_amd64.changes
2020-04-01 00:56:43.276602 +0000 build-debian4: !! pkgs/vm-jessie/qubes-usb-proxy_1.0.6+deb8u1_amd64.deb
2020-04-01 00:56:43.276610 +0000 build-debian4: !! pkgs/vm-jessie/qubes-usb-proxy_1.0.7+deb8u1.dsc
2020-04-01 00:56:43.276618 +0000 build-debian4: !! pkgs/vm-jessie/qubes-usb-proxy_1.0.7+deb8u1.tar.xz
2020-04-01 00:56:43.276627 +0000 build-debian4: !! pkgs/vm-jessie/qubes-usb-proxy_1.0.7+deb8u1_amd64.changes
2020-04-01 00:56:43.276638 +0000 build-debian4: !! pkgs/vm-jessie/qubes-usb-proxy_1.0.7+deb8u1_amd64.deb
2020-04-01 00:56:43.276646 +0000 build-debian4: !! pkgs/vm-jessie/qubes-usb-proxy_1.0.8+deb8u1.dsc
2020-04-01 00:56:43.276655 +0000 build-debian4: !! pkgs/vm-jessie/qubes-usb-proxy_1.0.8+deb8u1.tar.xz
2020-04-01 00:56:43.276663 +0000 build-debian4: !! pkgs/vm-jessie/qubes-usb-proxy_1.0.8+deb8u1_amd64.changes
2020-04-01 00:56:43.276672 +0000 build-debian4: !! pkgs/vm-jessie/qubes-usb-proxy_1.0.8+deb8u1_amd64.deb
2020-04-01 00:56:43.276680 +0000 build-debian4: !! pkgs/vm-stretch/qubes-usb-proxy_1.0.10+deb9u1.dsc
2020-04-01 00:56:43.276688 +0000 build-debian4: !! pkgs/vm-stretch/qubes-usb-proxy_1.0.10+deb9u1.tar.xz
2020-04-01 00:56:43.276697 +0000 build-debian4: !! pkgs/vm-stretch/qubes-usb-proxy_1.0.10+deb9u1_amd64.buildinfo
2020-04-01 00:56:43.276710 +0000 build-debian4: !! pkgs/vm-stretch/qubes-usb-proxy_1.0.10+deb9u1_amd64.changes
2020-04-01 00:56:43.276719 +0000 build-debian4: !! pkgs/vm-stretch/qubes-usb-proxy_1.0.10+deb9u1_amd64.deb
2020-04-01 00:56:43.276728 +0000 build-debian4: !! pkgs/vm-stretch/qubes-usb-proxy_1.0.11+deb9u1.dsc
2020-04-01 00:56:43.276736 +0000 build-debian4: !! pkgs/vm-stretch/qubes-usb-proxy_1.0.11+deb9u1.tar.xz
2020-04-01 00:56:43.276745 +0000 build-debian4: !! pkgs/vm-stretch/qubes-usb-proxy_1.0.11+deb9u1_amd64.buildinfo
2020-04-01 00:56:43.276754 +0000 build-debian4: !! pkgs/vm-stretch/qubes-usb-proxy_1.0.11+deb9u1_amd64.changes
2020-04-01 00:56:43.276762 +0000 build-debian4: !! pkgs/vm-stretch/qubes-usb-proxy_1.0.11+deb9u1_amd64.deb
2020-04-01 00:56:43.276770 +0000 build-debian4: !! pkgs/vm-stretch/qubes-usb-proxy_1.0.12+deb9u1.dsc
2020-04-01 00:56:43.276779 +0000 build-debian4: !! pkgs/vm-stretch/qubes-usb-proxy_1.0.12+deb9u1.tar.xz
2020-04-01 00:56:43.276788 +0000 build-debian4: !! pkgs/vm-stretch/qubes-usb-proxy_1.0.12+deb9u1_amd64.buildinfo
2020-04-01 00:56:43.276796 +0000 build-debian4: !! pkgs/vm-stretch/qubes-usb-proxy_1.0.12+deb9u1_amd64.changes
2020-04-01 00:56:43.276805 +0000 build-debian4: !! pkgs/vm-stretch/qubes-usb-proxy_1.0.12+deb9u1_amd64.deb
2020-04-01 00:56:43.276813 +0000 build-debian4: !! pkgs/vm-stretch/qubes-usb-proxy_1.0.13+deb9u1.dsc
2020-04-01 00:56:43.276840 +0000 build-debian4: !! pkgs/vm-stretch/qubes-usb-proxy_1.0.13+deb9u1.tar.xz
2020-04-01 00:56:43.276850 +0000 build-debian4: !! pkgs/vm-stretch/qubes-usb-proxy_1.0.13+deb9u1_amd64.buildinfo
2020-04-01 00:56:43.276859 +0000 build-debian4: !! pkgs/vm-stretch/qubes-usb-proxy_1.0.13+deb9u1_amd64.changes
2020-04-01 00:56:43.276867 +0000 build-debian4: !! pkgs/vm-stretch/qubes-usb-proxy_1.0.13+deb9u1_amd64.deb
2020-04-01 00:56:43.276876 +0000 build-debian4: !! pkgs/vm-stretch/qubes-usb-proxy_1.0.14+deb9u1.dsc
2020-04-01 00:56:43.276884 +0000 build-debian4: !! pkgs/vm-stretch/qubes-usb-proxy_1.0.14+deb9u1.tar.xz
2020-04-01 00:56:43.276893 +0000 build-debian4: !! pkgs/vm-stretch/qubes-usb-proxy_1.0.14+deb9u1_amd64.buildinfo
2020-04-01 00:56:43.276902 +0000 build-debian4: !! pkgs/vm-stretch/qubes-usb-proxy_1.0.14+deb9u1_amd64.changes
2020-04-01 00:56:43.276924 +0000 build-debian4: !! pkgs/vm-stretch/qubes-usb-proxy_1.0.14+deb9u1_amd64.deb
2020-04-01 00:56:43.276934 +0000 build-debian4: !! pkgs/vm-stretch/qubes-usb-proxy_1.0.15+deb9u1.dsc
2020-04-01 00:56:43.276943 +0000 build-debian4: !! pkgs/vm-stretch/qubes-usb-proxy_1.0.15+deb9u1.tar.xz
2020-04-01 00:56:43.276952 +0000 build-debian4: !! pkgs/vm-stretch/qubes-usb-proxy_1.0.15+deb9u1_amd64.buildinfo
2020-04-01 00:56:43.276965 +0000 build-debian4: !! pkgs/vm-stretch/qubes-usb-proxy_1.0.15+deb9u1_amd64.changes
2020-04-01 00:56:43.276974 +0000 build-debian4: !! pkgs/vm-stretch/qubes-usb-proxy_1.0.15+deb9u1_amd64.deb
2020-04-01 00:56:43.276982 +0000 build-debian4: !! pkgs/vm-stretch/qubes-usb-proxy_1.0.16+deb9u1.dsc
2020-04-01 00:56:43.276990 +0000 build-debian4: !! pkgs/vm-stretch/qubes-usb-proxy_1.0.16+deb9u1.tar.xz
2020-04-01 00:56:43.276999 +0000 build-debian4: !! pkgs/vm-stretch/qubes-usb-proxy_1.0.16+deb9u1_amd64.buildinfo
2020-04-01 00:56:43.277008 +0000 build-debian4: !! pkgs/vm-stretch/qubes-usb-proxy_1.0.16+deb9u1_amd64.changes
2020-04-01 00:56:43.277017 +0000 build-debian4: !! pkgs/vm-stretch/qubes-usb-proxy_1.0.16+deb9u1_amd64.deb
2020-04-01 00:56:43.277025 +0000 build-debian4: !! pkgs/vm-stretch/qubes-usb-proxy_1.0.17+deb9u1.dsc
2020-04-01 00:56:43.277034 +0000 build-debian4: !! pkgs/vm-stretch/qubes-usb-proxy_1.0.17+deb9u1.tar.xz
2020-04-01 00:56:43.284810 +0000 build-debian4: !! pkgs/vm-stretch/qubes-usb-proxy_1.0.17+deb9u1_amd64.buildinfo
2020-04-01 00:56:43.284859 +0000 build-debian4: !! pkgs/vm-stretch/qubes-usb-proxy_1.0.17+deb9u1_amd64.changes
2020-04-01 00:56:43.284871 +0000 build-debian4: !! pkgs/vm-stretch/qubes-usb-proxy_1.0.17+deb9u1_amd64.deb
2020-04-01 00:56:43.284881 +0000 build-debian4: !! pkgs/vm-stretch/qubes-usb-proxy_1.0.18+deb9u1.dsc
2020-04-01 00:56:43.284905 +0000 build-debian4: !! pkgs/vm-stretch/qubes-usb-proxy_1.0.18+deb9u1.tar.xz
2020-04-01 00:56:43.284927 +0000 build-debian4: !! pkgs/vm-stretch/qubes-usb-proxy_1.0.18+deb9u1_amd64.buildinfo
2020-04-01 00:56:43.284936 +0000 build-debian4: !! pkgs/vm-stretch/qubes-usb-proxy_1.0.18+deb9u1_amd64.changes
2020-04-01 00:56:43.284945 +0000 build-debian4: !! pkgs/vm-stretch/qubes-usb-proxy_1.0.18+deb9u1_amd64.deb
2020-04-01 00:56:43.284953 +0000 build-debian4: !! pkgs/vm-stretch/qubes-usb-proxy_1.0.19+deb9u1.dsc
2020-04-01 00:56:43.284961 +0000 build-debian4: !! pkgs/vm-stretch/qubes-usb-proxy_1.0.19+deb9u1.tar.xz
2020-04-01 00:56:43.284981 +0000 build-debian4: !! pkgs/vm-stretch/qubes-usb-proxy_1.0.19+deb9u1_amd64.buildinfo
2020-04-01 00:56:43.284991 +0000 build-debian4: !! pkgs/vm-stretch/qubes-usb-proxy_1.0.19+deb9u1_amd64.changes
2020-04-01 00:56:43.284999 +0000 build-debian4: !! pkgs/vm-stretch/qubes-usb-proxy_1.0.19+deb9u1_amd64.deb
2020-04-01 00:56:43.285010 +0000 build-debian4: !! pkgs/vm-stretch/qubes-usb-proxy_1.0.20+deb9u1.dsc
2020-04-01 00:56:43.285019 +0000 build-debian4: !! pkgs/vm-stretch/qubes-usb-proxy_1.0.20+deb9u1.tar.xz
2020-04-01 00:56:43.285028 +0000 build-debian4: !! pkgs/vm-stretch/qubes-usb-proxy_1.0.20+deb9u1_amd64.buildinfo
2020-04-01 00:56:43.285043 +0000 build-debian4: !! pkgs/vm-stretch/qubes-usb-proxy_1.0.20+deb9u1_amd64.changes
2020-04-01 00:56:43.285052 +0000 build-debian4: !! pkgs/vm-stretch/qubes-usb-proxy_1.0.20+deb9u1_amd64.deb
2020-04-01 00:56:43.285060 +0000 build-debian4: !! pkgs/vm-stretch/qubes-usb-proxy_1.0.21+deb9u1.dsc
2020-04-01 00:56:43.285068 +0000 build-debian4: !! pkgs/vm-stretch/qubes-usb-proxy_1.0.21+deb9u1.tar.xz
2020-04-01 00:56:43.285077 +0000 build-debian4: !! pkgs/vm-stretch/qubes-usb-proxy_1.0.21+deb9u1_amd64.buildinfo
2020-04-01 00:56:43.285086 +0000 build-debian4: !! pkgs/vm-stretch/qubes-usb-proxy_1.0.21+deb9u1_amd64.changes
2020-04-01 00:56:43.285094 +0000 build-debian4: !! pkgs/vm-stretch/qubes-usb-proxy_1.0.21+deb9u1_amd64.deb
2020-04-01 00:56:43.285103 +0000 build-debian4: !! pkgs/vm-stretch/qubes-usb-proxy_1.0.22+deb9u1.dsc
2020-04-01 00:56:43.285111 +0000 build-debian4: !! pkgs/vm-stretch/qubes-usb-proxy_1.0.22+deb9u1.tar.xz
2020-04-01 00:56:43.285120 +0000 build-debian4: !! pkgs/vm-stretch/qubes-usb-proxy_1.0.22+deb9u1_amd64.buildinfo
2020-04-01 00:56:43.285129 +0000 build-debian4: !! pkgs/vm-stretch/qubes-usb-proxy_1.0.22+deb9u1_amd64.changes
2020-04-01 00:56:43.285137 +0000 build-debian4: !! pkgs/vm-stretch/qubes-usb-proxy_1.0.22+deb9u1_amd64.deb
2020-04-01 00:56:43.285145 +0000 build-debian4: !! pkgs/vm-stretch/qubes-usb-proxy_1.0.23+deb9u1.dsc
2020-04-01 00:56:43.285154 +0000 build-debian4: !! pkgs/vm-stretch/qubes-usb-proxy_1.0.23+deb9u1.tar.xz
2020-04-01 00:56:43.285162 +0000 build-debian4: !! pkgs/vm-stretch/qubes-usb-proxy_1.0.23+deb9u1_amd64.buildinfo
2020-04-01 00:56:43.285171 +0000 build-debian4: !! pkgs/vm-stretch/qubes-usb-proxy_1.0.23+deb9u1_amd64.changes
2020-04-01 00:56:43.285180 +0000 build-debian4: !! pkgs/vm-stretch/qubes-usb-proxy_1.0.23+deb9u1_amd64.deb
2020-04-01 00:56:43.285188 +0000 build-debian4: !! pkgs/vm-stretch/qubes-usb-proxy_1.0.24+deb9u1.dsc
2020-04-01 00:56:43.285196 +0000 build-debian4: !! pkgs/vm-stretch/qubes-usb-proxy_1.0.24+deb9u1.tar.xz
2020-04-01 00:56:43.285205 +0000 build-debian4: !! pkgs/vm-stretch/qubes-usb-proxy_1.0.24+deb9u1_amd64.buildinfo
2020-04-01 00:56:43.285214 +0000 build-debian4: !! pkgs/vm-stretch/qubes-usb-proxy_1.0.24+deb9u1_amd64.changes
2020-04-01 00:56:43.285222 +0000 build-debian4: !! pkgs/vm-stretch/qubes-usb-proxy_1.0.24+deb9u1_amd64.deb
2020-04-01 00:56:43.285230 +0000 build-debian4: !! pkgs/vm-stretch/qubes-usb-proxy_1.0.25+deb9u1.dsc
2020-04-01 00:56:43.285239 +0000 build-debian4: !! pkgs/vm-stretch/qubes-usb-proxy_1.0.25+deb9u1.tar.xz
2020-04-01 00:56:43.285248 +0000 build-debian4: !! pkgs/vm-stretch/qubes-usb-proxy_1.0.25+deb9u1_amd64.buildinfo
2020-04-01 00:56:43.285256 +0000 build-debian4: !! pkgs/vm-stretch/qubes-usb-proxy_1.0.25+deb9u1_amd64.changes
2020-04-01 00:56:43.285270 +0000 build-debian4: !! pkgs/vm-stretch/qubes-usb-proxy_1.0.25+deb9u1_amd64.deb
2020-04-01 00:56:43.285279 +0000 build-debian4: !! pkgs/vm-stretch/qubes-usb-proxy_1.0.26+deb9u1.dsc
2020-04-01 00:56:43.285288 +0000 build-debian4: !! pkgs/vm-stretch/qubes-usb-proxy_1.0.26+deb9u1.tar.xz
2020-04-01 00:56:43.285296 +0000 build-debian4: !! pkgs/vm-stretch/qubes-usb-proxy_1.0.26+deb9u1_amd64.buildinfo
2020-04-01 00:56:43.285305 +0000 build-debian4: !! pkgs/vm-stretch/qubes-usb-proxy_1.0.26+deb9u1_amd64.changes
2020-04-01 00:56:43.285314 +0000 build-debian4: !! pkgs/vm-stretch/qubes-usb-proxy_1.0.26+deb9u1_amd64.deb
2020-04-01 00:56:43.285322 +0000 build-debian4: !! pkgs/vm-stretch/qubes-usb-proxy_1.0.27+deb9u1.dsc
2020-04-01 00:56:43.285330 +0000 build-debian4: !! pkgs/vm-stretch/qubes-usb-proxy_1.0.27+deb9u1.tar.xz
2020-04-01 00:56:43.285339 +0000 build-debian4: !! pkgs/vm-stretch/qubes-usb-proxy_1.0.27+deb9u1_amd64.buildinfo
2020-04-01 00:56:43.285348 +0000 build-debian4: !! pkgs/vm-stretch/qubes-usb-proxy_1.0.27+deb9u1_amd64.changes
2020-04-01 00:56:43.285377 +0000 build-debian4: !! pkgs/vm-stretch/qubes-usb-proxy_1.0.27+deb9u1_amd64.deb
2020-04-01 00:56:43.285386 +0000 build-debian4: !! pkgs/vm-stretch/qubes-usb-proxy_1.0.6+deb9u1.dsc
2020-04-01 00:56:43.285395 +0000 build-debian4: !! pkgs/vm-stretch/qubes-usb-proxy_1.0.6+deb9u1.tar.xz
2020-04-01 00:56:43.285404 +0000 build-debian4: !! pkgs/vm-stretch/qubes-usb-proxy_1.0.6+deb9u1_amd64.buildinfo
2020-04-01 00:56:43.285413 +0000 build-debian4: !! pkgs/vm-stretch/qubes-usb-proxy_1.0.6+deb9u1_amd64.changes
2020-04-01 00:56:43.285421 +0000 build-debian4: !! pkgs/vm-stretch/qubes-usb-proxy_1.0.6+deb9u1_amd64.deb
2020-04-01 00:56:43.285430 +0000 build-debian4: !! pkgs/vm-stretch/qubes-usb-proxy_1.0.7+deb9u1.dsc
2020-04-01 00:56:43.285438 +0000 build-debian4: !! pkgs/vm-stretch/qubes-usb-proxy_1.0.7+deb9u1.tar.xz
2020-04-01 00:56:43.285447 +0000 build-debian4: !! pkgs/vm-stretch/qubes-usb-proxy_1.0.7+deb9u1_amd64.buildinfo
2020-04-01 00:56:43.285456 +0000 build-debian4: !! pkgs/vm-stretch/qubes-usb-proxy_1.0.7+deb9u1_amd64.changes
2020-04-01 00:56:43.285465 +0000 build-debian4: !! pkgs/vm-stretch/qubes-usb-proxy_1.0.7+deb9u1_amd64.deb
2020-04-01 00:56:43.285473 +0000 build-debian4: !! pkgs/vm-stretch/qubes-usb-proxy_1.0.8+deb9u1.dsc
2020-04-01 00:56:43.285481 +0000 build-debian4: !! pkgs/vm-stretch/qubes-usb-proxy_1.0.8+deb9u1.tar.xz
2020-04-01 00:56:43.285490 +0000 build-debian4: !! pkgs/vm-stretch/qubes-usb-proxy_1.0.8+deb9u1_amd64.buildinfo
2020-04-01 00:56:43.285499 +0000 build-debian4: !! pkgs/vm-stretch/qubes-usb-proxy_1.0.8+deb9u1_amd64.changes
2020-04-01 00:56:43.285508 +0000 build-debian4: !! pkgs/vm-stretch/qubes-usb-proxy_1.0.8+deb9u1_amd64.deb
2020-04-01 00:56:43.285523 +0000 build-debian4: 4a5444386a956f013836dc81827ae6595e83c2658a95c9c1c747e9dc8dbd7b77491503833feec167f5c192b94920877e1b6f052535511b546722c3c617adfe23  pkgs/vm-bullseye/qubes-usb-proxy_1.0.21+deb11u1.dsc
2020-04-01 00:56:43.285539 +0000 build-debian4: d6ae91f6fae3545da323c153aa5165827b5031bfa2b52f4e0c84f479887f41d00e6c0768f13c7f7adfbaaaf1fbfe2c4559d61e6742e768d044043ae42ad82e60  pkgs/vm-bullseye/qubes-usb-proxy_1.0.21+deb11u1.tar.xz
2020-04-01 00:56:43.285556 +0000 build-debian4: 33bcf2e41533e5daba13f93160970c5aaae149a4e6a320e222bfade6b3d766f6ad165c690537fb992ae891ff14cf8821ebdad971cd06bf449d51019f67e874fa  pkgs/vm-bullseye/qubes-usb-proxy_1.0.21+deb11u1_amd64.buildinfo
2020-04-01 00:56:43.285582 +0000 build-debian4: 6660f26644c1372a50e3e60f9a526a6cc87dfbede74ea0631748411f727db3e1a6710f4b37494dafca68ee41db60cedb3ecd51f6defeac49d898357e950c5e78  pkgs/vm-bullseye/qubes-usb-proxy_1.0.21+deb11u1_amd64.changes
2020-04-01 00:56:43.285599 +0000 build-debian4: 85d09cc0dda24924137e135909fa66440e604f8a4290df46f8ff73266559e2ba44397955881675ea795d67ec0a2913bf1947e57e8c6c6ec9fc25e38b2ed21258  pkgs/vm-bullseye/qubes-usb-proxy_1.0.21+deb11u1_amd64.deb
2020-04-01 00:56:43.285614 +0000 build-debian4: 2a41b50d304e37d5c6773ebe5c620a0c5ec186ddc0e76f222d71adeb9a4bf9d4dcd1aed0723eefb10f43d11eaab02cf308bd1c838beadd91d0cda186e14a57cc  pkgs/vm-bullseye/qubes-usb-proxy_1.0.22+deb11u1.dsc
2020-04-01 00:56:43.285633 +0000 build-debian4: 9c60d84b6586e521550b44431ecdb2a4923144603c41e48e0fa476dcbb1c432738a51d48ca81f95d93beb9b28fe066ae7fbf01f0dd1c3c0c0055f300e05e6db3  pkgs/vm-bullseye/qubes-usb-proxy_1.0.22+deb11u1.tar.xz
2020-04-01 00:56:43.285649 +0000 build-debian4: f214df4072bed315077b8015402bb7cd181fb9c260433f7ee9f831eba0006c98141a4f3643371f773c67b8f1f91c345982780a9abc9da75b39ac9aa9e2e5de98  pkgs/vm-bullseye/qubes-usb-proxy_1.0.22+deb11u1_amd64.buildinfo
2020-04-01 00:56:43.285664 +0000 build-debian4: 9bd6116553605b822e6682f97522425dc9a982d7adec590b528ff3b11d26034480005e8c5ab0073a6ed65381f90ba6b658319a5bd22f7217942a790f34dc4308  pkgs/vm-bullseye/qubes-usb-proxy_1.0.22+deb11u1_amd64.changes
2020-04-01 00:56:43.285680 +0000 build-debian4: a5d12f084248e94a78b3705bd16fdea2894bbaaf1bc6c4a7102d231231a4c124a7d49109d9541eed67b05c2f331edcfad0c7ca3cd02690a00f96a17a23474bc9  pkgs/vm-bullseye/qubes-usb-proxy_1.0.22+deb11u1_amd64.deb
2020-04-01 00:56:43.285694 +0000 build-debian4: 38f0dad9626df81989e96feda5a0e5b897feb6a736dc5723d3a2967401c332ace0e91600e9f5bc87fa3b4ac7258770e7e662560dd0269ce5987e03e5c86d2975  pkgs/vm-bullseye/qubes-usb-proxy_1.0.23+deb11u1.dsc
2020-04-01 00:56:43.285709 +0000 build-debian4: e9d2efa9b608162e0f5066b5cdc52c0fdc124ad1df5262ba518b79ee9fd55bfb6a4db7bf20dcacfd147de128627e7de1a480867898b55b1c7610235f568baafe  pkgs/vm-bullseye/qubes-usb-proxy_1.0.23+deb11u1.tar.xz
2020-04-01 00:56:43.285724 +0000 build-debian4: 38e8ca8bb6f395d03f3c656cab20e3d800f665134e14a24694b3497dd25d78cd07e40a646e1ba7a295213975abf7f69a4b88ae4c0e986bb011816f4fbe1dc52d  pkgs/vm-bullseye/qubes-usb-proxy_1.0.23+deb11u1_amd64.buildinfo
2020-04-01 00:56:43.285740 +0000 build-debian4: f840bbb1ce2a1460d884f2afe6aaa353d578981437d2ed974836f5c5d64f30076cddf200e4fcd1e68a98a84d0402241188bac43982eeea6b4f797e51ced6ecee  pkgs/vm-bullseye/qubes-usb-proxy_1.0.23+deb11u1_amd64.changes
2020-04-01 00:56:43.285755 +0000 build-debian4: fa334021f1fa8a160c5dc9349e3cff0118d32c49bb8cf8716617eaa627163b0cf3648955e4e15aa54d3ff7b1671bc30fd232b5eb58f3209bc677287adbbd6762  pkgs/vm-bullseye/qubes-usb-proxy_1.0.23+deb11u1_amd64.deb
2020-04-01 00:56:43.288649 +0000 build-debian4: 90e325e3d0064130ad5781c83fd90fd4d6d182589d83ff745bf9235b7e81601ac99f7a34cbea192d3ba061d690a611bb714dc64835584f932a3adde89f3d61aa  pkgs/vm-bullseye/qubes-usb-proxy_1.0.24+deb11u1.dsc
2020-04-01 00:56:43.288698 +0000 build-debian4: 5063b46d9e466188dc9cecb42315bfe7ca00c92994752c41ae8b15647b0fb2b1562ceb7b5ab4f9d3f9ba67c6b7b9ee70f27576676b938aee75457efa16f5ef22  pkgs/vm-bullseye/qubes-usb-proxy_1.0.24+deb11u1.tar.xz
2020-04-01 00:56:43.288717 +0000 build-debian4: 2f95829b7f491dbfbb95790003a43519e900522187aff34078c5484a12d03328bd50612cc7b8cb36192ce96e770cfd6c4c357f4ed32445117e062f700e087ef9  pkgs/vm-bullseye/qubes-usb-proxy_1.0.24+deb11u1_amd64.buildinfo
2020-04-01 00:56:43.288733 +0000 build-debian4: a598b1a375d2d2dfbfa9c340c67cbfa01de627792a236400be03891703a7aea8c124004d0b53879cdbc73a4e601a76e54a2a3d6671cd7ab7428d42c33117ee17  pkgs/vm-bullseye/qubes-usb-proxy_1.0.24+deb11u1_amd64.changes
2020-04-01 00:56:43.288749 +0000 build-debian4: 70b9aa803a1a522422709110d7d386fc1d0c9a5b26e967ace590b37dafbdd34b20ad31b8212ecf73149c91b6b557ecefe5611922fd6408b77f45342184d0c22d  pkgs/vm-bullseye/qubes-usb-proxy_1.0.24+deb11u1_amd64.deb
