2023-10-17 00:34:40.026501 +0000 > starting log
2023-10-17 00:34:40.026740 +0000 build-debian4: > starting build with log
2023-10-17 00:34:40.026753 +0000 build-debian4: >> make args: update-repo-current
2023-10-17 00:34:40.026761 +0000 build-debian4: >> MAKEFLAGS=
2023-10-17 00:34:40.026768 +0000 build-debian4: >> COMPONENTS=app-yubikey
2023-10-17 00:34:40.026775 +0000 build-debian4: >> DISTS_VM=buster bullseye bookworm
2023-10-17 00:34:40.026781 +0000 build-debian4: >> DIST_DOM0=
2023-10-17 00:34:40.026789 +0000 build-debian4: >> qubes-builder 9b3260ddee54989a7d18fd6c6907dd81d3d2be7a
2023-10-17 00:34:40.026803 +0000 build-debian4: >> qubes-builder/qubes-src/app-yubikey 229bb29c04d02cc3004b29a02f4a9a0d5177f548
2023-10-17 00:34:40.026812 +0000 build-debian4: ================================================================================
2023-10-17 00:34:40.026821 +0000 build-debian4:                            B U I L D   I N F O                                  
2023-10-17 00:34:40.026829 +0000 build-debian4: Items in red indicate it was automatically generated by configuration file(s)
2023-10-17 00:34:40.026838 +0000 build-debian4: Items in white indicate it was automatically removed by configuration file(s)
2023-10-17 00:34:40.026846 +0000 build-debian4: ================================================================================
2023-10-17 00:34:40.026852 +0000 build-debian4: DISTS_VM:
2023-10-17 00:34:40.026861 +0000 build-debian4:      buster+gnome, bullseye+gnome+firmware, bookworm+gnome+firmware, buster bullseye bookworm
2023-10-17 00:34:40.026867 +0000 build-debian4: DISTS_ALL:
2023-10-17 00:34:40.026874 +0000 build-debian4:      vm-bookworm, vm-bullseye, vm-buster,
2023-10-17 00:34:40.026880 +0000 build-debian4: DIST_DOM0:
2023-10-17 00:34:40.026886 +0000 build-debian4:     
2023-10-17 00:34:40.026892 +0000 build-debian4: BUILDER_PLUGINS:
2023-10-17 00:34:40.026900 +0000 build-debian4:      builder-debian, mgmt-salt, release-configs, linux-deb, builder-github,
2023-10-17 00:34:40.026906 +0000 build-debian4: COMPONENTS:
2023-10-17 00:34:40.026912 +0000 build-debian4:      app-yubikey,
2023-10-17 00:34:40.026918 +0000 build-debian4: GIT_REPOS:
2023-10-17 00:34:40.026924 +0000 build-debian4:      qubes-src/app-yubikey,
2023-10-17 00:34:40.026930 +0000 build-debian4: TEMPLATE:
2023-10-17 00:34:40.026936 +0000 build-debian4:     
2023-10-17 00:34:40.026942 +0000 build-debian4: TEMPLATE_FLAVOR_DIR:
2023-10-17 00:34:40.026948 +0000 build-debian4:     
2023-10-17 00:34:40.026954 +0000 build-debian4: TEMPLATE_ALIAS:
2023-10-17 00:34:40.026961 +0000 build-debian4:      stretch:stretch+standard, stretch+gnome:stretch+gnome+standard,
2023-10-17 00:34:40.026969 +0000 build-debian4:      stretch+minimal:stretch+minimal+no-recommends, buster:buster+gnome,
2023-10-17 00:34:40.026977 +0000 build-debian4:      buster+minimal:buster+minimal+no-recommends, bullseye:bullseye+gnome+firmware,
2023-10-17 00:34:40.026986 +0000 build-debian4:      bullseye+minimal:bullseye+minimal+no-recommends, bookworm:bookworm+gnome+firmware,
2023-10-17 00:34:40.026994 +0000 build-debian4:      bookworm+minimal:bookworm+minimal+no-recommends, bionic:bionic+standard,
2023-10-17 00:34:40.027003 +0000 build-debian4:      focal:focal+standard, whonix-gateway-15:buster+whonix-gateway+minimal+no-recommends,
2023-10-17 00:34:40.027011 +0000 build-debian4:      whonix-workstation-15:buster+whonix-workstation+minimal+no-recommends,
2023-10-17 00:34:40.027019 +0000 build-debian4:      whonix-gateway-16:bullseye+whonix-gateway+minimal+no-recommends,
2023-10-17 00:34:40.027027 +0000 build-debian4:      whonix-workstation-16:bullseye+whonix-workstation+minimal+no-recommends,
2023-10-17 00:34:40.027033 +0000 build-debian4: TEMPLATE_LABEL:
2023-10-17 00:34:40.027041 +0000 build-debian4:      buster+gnome:debian-10, buster+gnome:buster, bullseye+gnome+firmware:bullseye,
2023-10-17 00:34:40.027051 +0000 build-debian4:      bookworm+gnome+firmware:bookworm, fc34:fedora-34 fc35:fedora-35 fc36:fedora-36 fc37:fedora-37 fc38:fedora-38
2023-10-17 00:34:40.027060 +0000 build-debian4:      fc34+minimal:fedora-34-minimal fc35+minimal:fedora-35-minimal fc36+minimal:fedora-36-minimal
2023-10-17 00:34:40.027075 +0000 build-debian4:      fc37+minimal:fedora-37-minimal fc38+minimal:fedora-38-minimal fc34+xfce:fedora-34-xfce
2023-10-17 00:34:40.027085 +0000 build-debian4:      fc35+xfce:fedora-35-xfce fc36+xfce:fedora-36-xfce fc37+xfce:fedora-37-xfce fc38+xfce:fedora-38-xfce
2023-10-17 00:34:40.027094 +0000 build-debian4:      stretch:debian-9 stretch+standard:debian-9 stretch+xfce:debian-9-xfce buster+xfce:debian-10-xfce
2023-10-17 00:34:40.027103 +0000 build-debian4:      bullseye:debian-11 bullseye+standard+firmware:debian-11 bullseye+xfce:debian-11-xfce
2023-10-17 00:34:40.027112 +0000 build-debian4:      bookworm:debian-12 bookworm+standard:debian-12 bookworm+xfce:debian-12-xfce bionic+standard:bionic
2023-10-17 00:34:40.027120 +0000 build-debian4:      focal+standard:focal buster+whonix-gateway+minimal+no-recommends:whonix-gw-15
2023-10-17 00:34:40.027128 +0000 build-debian4:      buster+whonix-workstation+minimal+no-recommends:whonix-ws-15
2023-10-17 00:34:40.027135 +0000 build-debian4:      bullseye+whonix-gateway+minimal+no-recommends:whonix-gw-16
2023-10-17 00:34:40.027144 +0000 build-debian4:      bullseye+whonix-workstation+minimal+no-recommends:whonix-ws-16 centos7:centos-7
2023-10-17 00:34:40.027152 +0000 build-debian4:      centos7+minimal:centos-7-minimal centos7+xfce:centos-7-xfce centos-stream8:centos-stream-8
2023-10-17 00:34:40.027161 +0000 build-debian4:      centos-stream8+minimal:centos-stream-8-minimal centos-stream8+xfce:centos-stream-8-xfce
2023-10-17 00:34:40.027167 +0000 build-debian4: > running make
2023-10-17 00:34:40.027176 +0000 build-debian4: Makefile:863: update target 'internal-update-repo-current.vm.bookworm.app-yubikey' due to: target does not exist
2023-10-17 00:34:40.027183 +0000 build-debian4: repo_base_var="LINUX_REPO_${DIST//-/_}_BASEDIR"; \
2023-10-17 00:34:40.027191 +0000 build-debian4: if [ "app-yubikey" = linux-template-builder ]; then \
2023-10-17 00:34:40.027199 +0000 build-debian4: .# templates belongs to dom0 repository, even though PACKAGE_SET=vm
2023-10-17 00:34:40.027206 +0000 build-debian4: repo_base_var="LINUX_REPO__BASEDIR"; \
2023-10-17 00:34:40.027211 +0000 build-debian4: fi; \
2023-10-17 00:34:40.027218 +0000 build-debian4: if [ -n "${!repo_base_var}" ]; then \
2023-10-17 00:34:40.027225 +0000 build-debian4: .repo_basedir="${!repo_base_var}"; \
2023-10-17 00:34:40.027230 +0000 build-debian4: else \
2023-10-17 00:34:40.027238 +0000 build-debian4: .repo_basedir="qubes-src/linux-deb/r4.1"; \
2023-10-17 00:34:40.027243 +0000 build-debian4: fi; \
2023-10-17 00:34:40.027251 +0000 build-debian4: if [ -r qubes-src/app-yubikey/Makefile.builder ]; then \
2023-10-17 00:34:40.027258 +0000 build-debian4: .echo -n "Updating qubes-src/app-yubikey... "; \
2023-10-17 00:34:40.027265 +0000 build-debian4: .if [ "0" -eq 1 ]; then \
2023-10-17 00:34:40.027273 +0000 build-debian4: ..vtag=`git -C qubes-src/app-yubikey tag --points-at HEAD --list v*`; \
2023-10-17 00:34:40.027280 +0000 build-debian4: ..if [ -z "$vtag" ]; then \
2023-10-17 00:34:40.027286 +0000 build-debian4: ...echo "no version tag"; \
2023-10-17 00:34:40.027292 +0000 build-debian4: ...exit 0; \
2023-10-17 00:34:40.027298 +0000 build-debian4: ..fi; \
2023-10-17 00:34:40.027304 +0000 build-debian4: .fi; \
2023-10-17 00:34:40.027311 +0000 build-debian4: .if [ "app-yubikey" = linux-template-builder ]; then
2023-10-17 00:34:40.027321 +0000 build-debian4: export TEMPLATE_NAME=$(MAKEFLAGS= make -s -C qubes-src/linux-template-builder DIST=bookworm template-name)
2023-10-17 00:34:40.027326 +0000 build-debian4: fi
2023-10-17 00:34:40.027349 +0000 build-debian4: component_packages=$(MAKEFLAGS= make -s -f Makefile.generic DIST=bookworm PACKAGE_SET=vm COMPONENT=`basename qubes-src/app-yubikey` UPDATE_REPO=/home/user/builder-r4.1/$repo_basedir/current/vm/bookworm get-var GET_VAR=PACKAGE_LIST); \
2023-10-17 00:34:40.027357 +0000 build-debian4: .if [ -z "$component_packages" ]; then \
2023-10-17 00:34:40.027369 +0000 build-debian4: ..echo "no packages."; \
2023-10-17 00:34:40.027376 +0000 build-debian4: ..exit 0; \
2023-10-17 00:34:40.027382 +0000 build-debian4: .fi; \
2023-10-17 00:34:40.027390 +0000 build-debian4: .make -s -f Makefile.generic DIST=bookworm PACKAGE_SET=vm \
2023-10-17 00:34:40.027397 +0000 build-debian4: ..COMPONENT=`basename qubes-src/app-yubikey` \
2023-10-17 00:34:40.027404 +0000 build-debian4: ..SNAPSHOT_REPO=current-testing \
2023-10-17 00:34:40.027411 +0000 build-debian4: ..TARGET_REPO=current \
2023-10-17 00:34:40.027419 +0000 build-debian4: ..UPDATE_REPO=/home/user/builder-r4.1/$repo_basedir/current/vm/bookworm \
2023-10-17 00:34:40.027429 +0000 build-debian4: ..SNAPSHOT_FILE=/home/user/builder-r4.1/repo-latest-snapshot/current-testing-vm-bookworm-`basename qubes-src/app-yubikey` \
2023-10-17 00:34:40.027435 +0000 build-debian4: ..BUILD_LOG_URL= \
2023-10-17 00:34:40.027442 +0000 build-debian4: ..update-repo-from-snapshot || exit 1; \
2023-10-17 00:34:40.027451 +0000 build-debian4: elif make -C qubes-src/app-yubikey -n update-repo-current >/dev/null 2>/dev/null; then \
2023-10-17 00:34:40.027458 +0000 build-debian4: .echo "Updating qubes-src/app-yubikey... "; \
2023-10-17 00:34:40.027467 +0000 build-debian4: .DIST=bookworm UPDATE_REPO=/home/user/builder-r4.1/$repo_basedir/current/vm/bookworm \
2023-10-17 00:34:40.027475 +0000 build-debian4: .make -s -C qubes-src/app-yubikey update-repo-current || exit 1; \
2023-10-17 00:34:40.027481 +0000 build-debian4: else \
2023-10-17 00:34:40.027488 +0000 build-debian4: .echo -n "Updating qubes-src/app-yubikey... skipping."; \
2023-10-17 00:34:40.027494 +0000 build-debian4: fi; \
2023-10-17 00:34:40.027499 +0000 build-debian4: echo
2023-10-17 00:34:40.027521 +0000 build-debian4: Updating qubes-src/app-yubikey... no packages.
2023-10-17 00:34:40.027531 +0000 build-debian4: Makefile:832: update target 'internal-update-repo-current.vm.bookworm' due to: target does not exist
2023-10-17 00:34:40.027552 +0000 build-debian4: true
2023-10-17 00:34:40.027561 +0000 build-debian4: Makefile:863: update target 'internal-update-repo-current.vm.bullseye.app-yubikey' due to: target does not exist
2023-10-17 00:34:40.027568 +0000 build-debian4: repo_base_var="LINUX_REPO_${DIST//-/_}_BASEDIR"; \
2023-10-17 00:34:40.027576 +0000 build-debian4: if [ "app-yubikey" = linux-template-builder ]; then \
2023-10-17 00:34:40.027583 +0000 build-debian4: .# templates belongs to dom0 repository, even though PACKAGE_SET=vm
2023-10-17 00:34:40.027590 +0000 build-debian4: repo_base_var="LINUX_REPO__BASEDIR"; \
2023-10-17 00:34:40.027595 +0000 build-debian4: fi; \
2023-10-17 00:34:40.027602 +0000 build-debian4: if [ -n "${!repo_base_var}" ]; then \
2023-10-17 00:34:40.027608 +0000 build-debian4: .repo_basedir="${!repo_base_var}"; \
2023-10-17 00:34:40.027614 +0000 build-debian4: else \
2023-10-17 00:34:40.027620 +0000 build-debian4: .repo_basedir="qubes-src/linux-deb/r4.1"; \
2023-10-17 00:34:40.027626 +0000 build-debian4: fi; \
2023-10-17 00:34:40.027633 +0000 build-debian4: if [ -r qubes-src/app-yubikey/Makefile.builder ]; then \
2023-10-17 00:34:40.027640 +0000 build-debian4: .echo -n "Updating qubes-src/app-yubikey... "; \
2023-10-17 00:34:40.027646 +0000 build-debian4: .if [ "0" -eq 1 ]; then \
2023-10-17 00:34:40.027654 +0000 build-debian4: ..vtag=`git -C qubes-src/app-yubikey tag --points-at HEAD --list v*`; \
2023-10-17 00:34:40.027660 +0000 build-debian4: ..if [ -z "$vtag" ]; then \
2023-10-17 00:34:40.027667 +0000 build-debian4: ...echo "no version tag"; \
2023-10-17 00:34:40.027672 +0000 build-debian4: ...exit 0; \
2023-10-17 00:34:40.027678 +0000 build-debian4: ..fi; \
2023-10-17 00:34:40.027683 +0000 build-debian4: .fi; \
2023-10-17 00:34:40.027691 +0000 build-debian4: .if [ "app-yubikey" = linux-template-builder ]; then
2023-10-17 00:34:40.027699 +0000 build-debian4: export TEMPLATE_NAME=$(MAKEFLAGS= make -s -C qubes-src/linux-template-builder DIST=bullseye template-name)
2023-10-17 00:34:40.027710 +0000 build-debian4: fi
2023-10-17 00:34:40.027725 +0000 build-debian4: component_packages=$(MAKEFLAGS= make -s -f Makefile.generic DIST=bullseye PACKAGE_SET=vm COMPONENT=`basename qubes-src/app-yubikey` UPDATE_REPO=/home/user/builder-r4.1/$repo_basedir/current/vm/bullseye get-var GET_VAR=PACKAGE_LIST); \
2023-10-17 00:34:40.027732 +0000 build-debian4: .if [ -z "$component_packages" ]; then \
2023-10-17 00:34:40.027738 +0000 build-debian4: ..echo "no packages."; \
2023-10-17 00:34:40.027744 +0000 build-debian4: ..exit 0; \
2023-10-17 00:34:40.027750 +0000 build-debian4: .fi; \
2023-10-17 00:34:40.027757 +0000 build-debian4: .make -s -f Makefile.generic DIST=bullseye PACKAGE_SET=vm \
2023-10-17 00:34:40.027764 +0000 build-debian4: ..COMPONENT=`basename qubes-src/app-yubikey` \
2023-10-17 00:34:40.027770 +0000 build-debian4: ..SNAPSHOT_REPO=current-testing \
2023-10-17 00:34:40.027777 +0000 build-debian4: ..TARGET_REPO=current \
2023-10-17 00:34:40.027784 +0000 build-debian4: ..UPDATE_REPO=/home/user/builder-r4.1/$repo_basedir/current/vm/bullseye \
2023-10-17 00:34:40.027794 +0000 build-debian4: ..SNAPSHOT_FILE=/home/user/builder-r4.1/repo-latest-snapshot/current-testing-vm-bullseye-`basename qubes-src/app-yubikey` \
2023-10-17 00:34:40.027800 +0000 build-debian4: ..BUILD_LOG_URL= \
2023-10-17 00:34:40.027807 +0000 build-debian4: ..update-repo-from-snapshot || exit 1; \
2023-10-17 00:34:40.027815 +0000 build-debian4: elif make -C qubes-src/app-yubikey -n update-repo-current >/dev/null 2>/dev/null; then \
2023-10-17 00:34:40.027822 +0000 build-debian4: .echo "Updating qubes-src/app-yubikey... "; \
2023-10-17 00:34:40.027830 +0000 build-debian4: .DIST=bullseye UPDATE_REPO=/home/user/builder-r4.1/$repo_basedir/current/vm/bullseye \
2023-10-17 00:34:40.027838 +0000 build-debian4: .make -s -C qubes-src/app-yubikey update-repo-current || exit 1; \
2023-10-17 00:34:40.027843 +0000 build-debian4: else \
2023-10-17 00:34:40.027850 +0000 build-debian4: .echo -n "Updating qubes-src/app-yubikey... skipping."; \
2023-10-17 00:34:40.027856 +0000 build-debian4: fi; \
2023-10-17 00:34:40.027861 +0000 build-debian4: echo
2023-10-17 00:34:40.027868 +0000 build-debian4: Updating qubes-src/app-yubikey... no packages.
2023-10-17 00:34:40.027877 +0000 build-debian4: Makefile:832: update target 'internal-update-repo-current.vm.bullseye' due to: target does not exist
2023-10-17 00:34:40.027882 +0000 build-debian4: true
2023-10-17 00:34:40.027891 +0000 build-debian4: Makefile:863: update target 'internal-update-repo-current.vm.buster.app-yubikey' due to: target does not exist
2023-10-17 00:34:40.027898 +0000 build-debian4: repo_base_var="LINUX_REPO_${DIST//-/_}_BASEDIR"; \
2023-10-17 00:34:40.027905 +0000 build-debian4: if [ "app-yubikey" = linux-template-builder ]; then \
2023-10-17 00:34:40.027913 +0000 build-debian4: .# templates belongs to dom0 repository, even though PACKAGE_SET=vm
2023-10-17 00:34:40.027919 +0000 build-debian4: repo_base_var="LINUX_REPO__BASEDIR"; \
2023-10-17 00:34:40.027925 +0000 build-debian4: fi; \
2023-10-17 00:34:40.027931 +0000 build-debian4: if [ -n "${!repo_base_var}" ]; then \
2023-10-17 00:34:40.027938 +0000 build-debian4: .repo_basedir="${!repo_base_var}"; \
2023-10-17 00:34:40.027943 +0000 build-debian4: else \
2023-10-17 00:34:40.027950 +0000 build-debian4: .repo_basedir="qubes-src/linux-deb/r4.1"; \
2023-10-17 00:34:40.027955 +0000 build-debian4: fi; \
2023-10-17 00:34:40.027962 +0000 build-debian4: if [ -r qubes-src/app-yubikey/Makefile.builder ]; then \
2023-10-17 00:34:40.027969 +0000 build-debian4: .echo -n "Updating qubes-src/app-yubikey... "; \
2023-10-17 00:34:40.027975 +0000 build-debian4: .if [ "0" -eq 1 ]; then \
2023-10-17 00:34:40.027983 +0000 build-debian4: ..vtag=`git -C qubes-src/app-yubikey tag --points-at HEAD --list v*`; \
2023-10-17 00:34:40.027989 +0000 build-debian4: ..if [ -z "$vtag" ]; then \
2023-10-17 00:34:40.027996 +0000 build-debian4: ...echo "no version tag"; \
2023-10-17 00:34:40.028005 +0000 build-debian4: ...exit 0; \
2023-10-17 00:34:40.028011 +0000 build-debian4: ..fi; \
2023-10-17 00:34:40.028017 +0000 build-debian4: .fi; \
2023-10-17 00:34:40.028032 +0000 build-debian4: .if [ "app-yubikey" = linux-template-builder ]; then
2023-10-17 00:34:40.028042 +0000 build-debian4: export TEMPLATE_NAME=$(MAKEFLAGS= make -s -C qubes-src/linux-template-builder DIST=buster template-name)
2023-10-17 00:34:40.028047 +0000 build-debian4: fi
2023-10-17 00:34:40.028060 +0000 build-debian4: component_packages=$(MAKEFLAGS= make -s -f Makefile.generic DIST=buster PACKAGE_SET=vm COMPONENT=`basename qubes-src/app-yubikey` UPDATE_REPO=/home/user/builder-r4.1/$repo_basedir/current/vm/buster get-var GET_VAR=PACKAGE_LIST); \
2023-10-17 00:34:40.028068 +0000 build-debian4: .if [ -z "$component_packages" ]; then \
2023-10-17 00:34:40.028074 +0000 build-debian4: ..echo "no packages."; \
2023-10-17 00:34:40.028079 +0000 build-debian4: ..exit 0; \
2023-10-17 00:34:40.028085 +0000 build-debian4: .fi; \
2023-10-17 00:34:40.028092 +0000 build-debian4: .make -s -f Makefile.generic DIST=buster PACKAGE_SET=vm \
2023-10-17 00:34:40.028099 +0000 build-debian4: ..COMPONENT=`basename qubes-src/app-yubikey` \
2023-10-17 00:34:40.028105 +0000 build-debian4: ..SNAPSHOT_REPO=current-testing \
2023-10-17 00:34:40.028111 +0000 build-debian4: ..TARGET_REPO=current \
2023-10-17 00:34:40.028119 +0000 build-debian4: ..UPDATE_REPO=/home/user/builder-r4.1/$repo_basedir/current/vm/buster \
2023-10-17 00:34:40.028129 +0000 build-debian4: ..SNAPSHOT_FILE=/home/user/builder-r4.1/repo-latest-snapshot/current-testing-vm-buster-`basename qubes-src/app-yubikey` \
2023-10-17 00:34:40.028135 +0000 build-debian4: ..BUILD_LOG_URL= \
2023-10-17 00:34:40.028142 +0000 build-debian4: ..update-repo-from-snapshot || exit 1; \
2023-10-17 00:34:40.028150 +0000 build-debian4: elif make -C qubes-src/app-yubikey -n update-repo-current >/dev/null 2>/dev/null; then \
2023-10-17 00:34:40.028157 +0000 build-debian4: .echo "Updating qubes-src/app-yubikey... "; \
2023-10-17 00:34:40.028165 +0000 build-debian4: .DIST=buster UPDATE_REPO=/home/user/builder-r4.1/$repo_basedir/current/vm/buster \
2023-10-17 00:34:40.028172 +0000 build-debian4: .make -s -C qubes-src/app-yubikey update-repo-current || exit 1; \
2023-10-17 00:34:40.028178 +0000 build-debian4: else \
2023-10-17 00:34:40.028185 +0000 build-debian4: .echo -n "Updating qubes-src/app-yubikey... skipping."; \
2023-10-17 00:34:40.028190 +0000 build-debian4: fi; \
2023-10-17 00:34:40.028196 +0000 build-debian4: echo
2023-10-17 00:34:40.028202 +0000 build-debian4: Updating qubes-src/app-yubikey... no packages.
2023-10-17 00:34:40.028211 +0000 build-debian4: Makefile:832: update target 'internal-update-repo-current.vm.buster' due to: target does not exist
2023-10-17 00:34:40.028216 +0000 build-debian4: true
2023-10-17 00:34:40.028225 +0000 build-debian4: Makefile:945: update target 'post-update-repo-current' due to: target does not exist
2023-10-17 00:34:40.028230 +0000 build-debian4: true
2023-10-17 00:34:40.028238 +0000 build-debian4: Makefile:819: update target 'update-repo-current' due to: target does not exist
2023-10-17 00:34:40.028243 +0000 build-debian4: true
2023-10-17 00:34:40.028249 +0000 build-debian4: > done
2023-10-17 00:34:40.028256 +0000 > closing log
