2020-06-14 00:40:45.140968 +0000 > starting log
2020-06-14 00:40:45.141313 +0000 build-debian4: > starting build with log
2020-06-14 00:40:45.141329 +0000 build-debian4: >> make args: update-repo-current
2020-06-14 00:40:45.141338 +0000 build-debian4: >> MAKEFLAGS=
2020-06-14 00:40:45.141347 +0000 build-debian4: >> COMPONENTS=linux-scrypt
2020-06-14 00:40:45.141356 +0000 build-debian4: >> DISTS_VM=stretch buster bullseye
2020-06-14 00:40:45.141363 +0000 build-debian4: >> DIST_DOM0=
2020-06-14 00:40:45.141373 +0000 build-debian4: >> qubes-builder 8f62427b204a04149aacf8f9f29565fed6cc964f
2020-06-14 00:40:45.141385 +0000 build-debian4: >> qubes-builder/qubes-src/linux-scrypt 813226de1818a24dee0345957bbd42379f8ccdef
2020-06-14 00:40:45.141393 +0000 build-debian4: !! scrypt-1.2.1.tgz
2020-06-14 00:40:45.141400 +0000 build-debian4: !! scrypt-sigs-1.2.1
2020-06-14 00:40:45.141408 +0000 build-debian4: !! scrypt-sigs-1.2.1.asc
2020-06-14 00:40:45.141423 +0000 build-debian4: ffda0ee90d283985245b77cc1d04b13c52aff78e925f323075d3b2c0439f16bbba1c432de8607820af945e6fa4e3be0e22a422b0b43a1fca0504cee3761004cd  scrypt-1.2.1.tgz
2020-06-14 00:40:45.141439 +0000 build-debian4: 49b040232bb3ffe6988bbb30d1b0e01c7c409e79d096faa04db9beae022a2e2c36ac87abcb9f1e0c2b8e057861764f4b8f7ae01e356e4d3d7cde5d387dbb2e05  scrypt-sigs-1.2.1
2020-06-14 00:40:45.141455 +0000 build-debian4: fd6b16671a4d53cf6714d2a86cb634b33bc6e0da3ddde66fbac4db3a0b23c8c5812edc4e7eb0fa3d07f942bd1aff7aa23a196ad0c1296a8d4229ae2e2270cffc  scrypt-sigs-1.2.1.asc
2020-06-14 00:40:45.212578 +0000 build-debian4: ================================================================================
2020-06-14 00:40:45.212634 +0000 build-debian4:                            B U I L D   I N F O                                  
2020-06-14 00:40:45.212651 +0000 build-debian4: Items in red indicate it was automatically generated by configuration file(s)
2020-06-14 00:40:45.212664 +0000 build-debian4: Items in white indicate it was automatically removed by configuration file(s)
2020-06-14 00:40:45.212677 +0000 build-debian4: ================================================================================
2020-06-14 00:40:45.212685 +0000 build-debian4: DISTS_VM:
2020-06-14 00:40:45.221768 +0000 build-debian4:      stretch+standard, buster+standard, bullseye+standard, stretch buster bullseye
2020-06-14 00:40:45.221809 +0000 build-debian4: DISTS_ALL:
2020-06-14 00:40:45.221822 +0000 build-debian4:      vm-bullseye, vm-buster, vm-stretch,
2020-06-14 00:40:45.221831 +0000 build-debian4: DIST_DOM0:
2020-06-14 00:40:45.228315 +0000 build-debian4:     
2020-06-14 00:40:45.228356 +0000 build-debian4: BUILDER_PLUGINS:
2020-06-14 00:40:45.234430 +0000 build-debian4:      builder-debian, mgmt-salt, linux-deb, release-configs, builder-github,
2020-06-14 00:40:45.234471 +0000 build-debian4: COMPONENTS:
2020-06-14 00:40:45.237275 +0000 build-debian4:      linux-scrypt,
2020-06-14 00:40:45.237314 +0000 build-debian4: GIT_REPOS:
2020-06-14 00:40:45.242695 +0000 build-debian4:      qubes-src/linux-scrypt,
2020-06-14 00:40:45.242735 +0000 build-debian4: TEMPLATE:
2020-06-14 00:40:45.251096 +0000 build-debian4:     
2020-06-14 00:40:45.251136 +0000 build-debian4: TEMPLATE_FLAVOR_DIR:
2020-06-14 00:40:45.259803 +0000 build-debian4:     
2020-06-14 00:40:45.259846 +0000 build-debian4: TEMPLATE_ALIAS:
2020-06-14 00:40:45.280973 +0000 build-debian4:      jessie:jessie+standard, jessie+gnome:jessie+gnome+standard,
2020-06-14 00:40:45.281024 +0000 build-debian4:      jessie+minimal:jessie+minimal+no-recommends, stretch:stretch+standard, stretch+gnome:stretch+gnome+standard,
2020-06-14 00:40:45.281042 +0000 build-debian4:      stretch+minimal:stretch+minimal+no-recommends, buster:buster+standard, buster+gnome:buster+gnome+standard,
2020-06-14 00:40:45.281055 +0000 build-debian4:      buster+minimal:buster+minimal+no-recommends, bullseye:bullseye+standard,
2020-06-14 00:40:45.281069 +0000 build-debian4:      bullseye+gnome:bullseye+gnome+standard, bullseye+minimal:bullseye+minimal+no-recommends,
2020-06-14 00:40:45.281080 +0000 build-debian4:      whonix-gateway:jessie+whonix-gateway+minimal+no-recommends,
2020-06-14 00:40:45.281107 +0000 build-debian4:      whonix-workstation:jessie+whonix-workstation+minimal+no-recommends,
2020-06-14 00:40:45.281119 +0000 build-debian4:      whonix-gateway-14:stretch+whonix-gateway+minimal+no-recommends,
2020-06-14 00:40:45.281131 +0000 build-debian4:      whonix-workstation-14:stretch+whonix-workstation+minimal+no-recommends,
2020-06-14 00:40:45.281141 +0000 build-debian4:      whonix-gateway-15:buster+whonix-gateway+minimal+no-recommends,
2020-06-14 00:40:45.281154 +0000 build-debian4:      whonix-workstation-15:buster+whonix-workstation+minimal+no-recommends,
2020-06-14 00:40:45.281162 +0000 build-debian4: TEMPLATE_LABEL:
2020-06-14 00:40:45.282870 +0000 build-debian4:      stretch+standard:debian-9, buster+standard:debian-10, bullseye+standard:debian-11,
2020-06-14 00:40:45.282915 +0000 build-debian4:      stretch+standard:stretch, buster+standard:buster, bullseye+standard:bullseye, fc25:fedora-25
2020-06-14 00:40:45.282932 +0000 build-debian4:      fc29:fedora-29 fc30:fedora-30 fc31:fedora-31 fc32:fedora-32 fc29+minimal:fedora-29-minimal
2020-06-14 00:40:45.282945 +0000 build-debian4:      fc30+minimal:fedora-30-minimal fc31+minimal:fedora-31-minimal fc32+minimal:fedora-32-minimal
2020-06-14 00:40:45.282959 +0000 build-debian4:      fc29+xfce:fedora-29-xfce fc30+xfce:fedora-30-xfce fc31+xfce:fedora-31-xfce fc32+xfce:fedora-32-xfce
2020-06-14 00:40:45.282972 +0000 build-debian4:      wheezy:debian-7 wheezy+standard:debian-7 jessie:debian-8 jessie+standard:debian-8 stretch:debian-9
2020-06-14 00:40:45.282984 +0000 build-debian4:      buster:debian-10 bullseye:debian-11 jessie+whonix-gateway+minimal+no-recommends:whonix-gw
2020-06-14 00:40:45.282995 +0000 build-debian4:      jessie+whonix-workstation+minimal+no-recommends:whonix-ws
2020-06-14 00:40:45.283006 +0000 build-debian4:      stretch+whonix-gateway+minimal+no-recommends:whonix-gw-14
2020-06-14 00:40:45.283016 +0000 build-debian4:      stretch+whonix-workstation+minimal+no-recommends:whonix-ws-14
2020-06-14 00:40:45.283027 +0000 build-debian4:      buster+whonix-gateway+minimal+no-recommends:whonix-gw-15
2020-06-14 00:40:45.283038 +0000 build-debian4:      buster+whonix-workstation+minimal+no-recommends:whonix-ws-15 centos7:centos-7
2020-06-14 00:40:45.283049 +0000 build-debian4:      centos7+minimal:centos-7-minimal centos7+xfce:centos-7-xfce
2020-06-14 00:40:45.318425 +0000 build-debian4: > running make
2020-06-14 00:40:45.318473 +0000 build-debian4: Makefile:818: target 'internal-update-repo-current.vm.bullseye.linux-scrypt' does not exist
2020-06-14 00:40:45.318487 +0000 build-debian4: repo_base_var="LINUX_REPO_bullseye_BASEDIR"; \
2020-06-14 00:40:45.318498 +0000 build-debian4: if [ "linux-scrypt" = linux-template-builder ]; then \
2020-06-14 00:40:45.318510 +0000 build-debian4: .# templates belongs to dom0 repository, even though PACKAGE_SET=vm
2020-06-14 00:40:45.318519 +0000 build-debian4: repo_base_var="LINUX_REPO__BASEDIR"; \
2020-06-14 00:40:45.318527 +0000 build-debian4: fi; \
2020-06-14 00:40:45.318536 +0000 build-debian4: if [ -n "${!repo_base_var}" ]; then \
2020-06-14 00:40:45.318545 +0000 build-debian4: .repo_basedir="${!repo_base_var}"; \
2020-06-14 00:40:45.318552 +0000 build-debian4: else \
2020-06-14 00:40:45.318561 +0000 build-debian4: .repo_basedir="qubes-src/linux-deb/r4.0"; \
2020-06-14 00:40:45.318568 +0000 build-debian4: fi; \
2020-06-14 00:40:45.318578 +0000 build-debian4: if [ -r qubes-src/linux-scrypt/Makefile.builder ]; then \
2020-06-14 00:40:45.318588 +0000 build-debian4: .echo -n "Updating qubes-src/linux-scrypt... "; \
2020-06-14 00:40:45.318597 +0000 build-debian4: .if [ "0" -eq 1 ]; then \
2020-06-14 00:40:45.318608 +0000 build-debian4: ..vtag=`git -C qubes-src/linux-scrypt tag --points-at HEAD --list v*`; \
2020-06-14 00:40:45.318617 +0000 build-debian4: ..if [ -z "$vtag" ]; then \
2020-06-14 00:40:45.318625 +0000 build-debian4: ...echo "no version tag"; \
2020-06-14 00:40:45.318632 +0000 build-debian4: ...exit 0; \
2020-06-14 00:40:45.318654 +0000 build-debian4: ..fi; \
2020-06-14 00:40:45.318663 +0000 build-debian4: .fi; \
2020-06-14 00:40:45.318673 +0000 build-debian4: .if [ "linux-scrypt" = linux-template-builder ]; then
2020-06-14 00:40:45.318691 +0000 build-debian4: export TEMPLATE_NAME=$(MAKEFLAGS= make -s -C qubes-src/linux-template-builder DIST=bullseye template-name)
2020-06-14 00:40:45.318699 +0000 build-debian4: fi
2020-06-14 00:40:45.318721 +0000 build-debian4: component_packages=$(MAKEFLAGS= make -s -f Makefile.generic DIST=bullseye PACKAGE_SET=vm COMPONENT=`basename qubes-src/linux-scrypt` UPDATE_REPO=/home/user/builder-r4.0/$repo_basedir/current/vm/bullseye get-var GET_VAR=PACKAGE_LIST); \
2020-06-14 00:40:45.318732 +0000 build-debian4: .if [ -z "$component_packages" ]; then \
2020-06-14 00:40:45.318740 +0000 build-debian4: ..echo "no packages."; \
2020-06-14 00:40:45.318751 +0000 build-debian4: ..exit 0; \
2020-06-14 00:40:45.318759 +0000 build-debian4: .fi; \
2020-06-14 00:40:45.318769 +0000 build-debian4: .make -s -f Makefile.generic DIST=bullseye PACKAGE_SET=vm \
2020-06-14 00:40:45.318779 +0000 build-debian4: ..COMPONENT=`basename qubes-src/linux-scrypt` \
2020-06-14 00:40:45.318787 +0000 build-debian4: ..SNAPSHOT_REPO=current-testing \
2020-06-14 00:40:45.318796 +0000 build-debian4: ..TARGET_REPO=current \
2020-06-14 00:40:45.318807 +0000 build-debian4: ..UPDATE_REPO=/home/user/builder-r4.0/$repo_basedir/current/vm/bullseye \
2020-06-14 00:40:45.318821 +0000 build-debian4: ..SNAPSHOT_FILE=/home/user/builder-r4.0/repo-latest-snapshot/current-testing-vm-bullseye-`basename qubes-src/linux-scrypt` \
2020-06-14 00:40:45.318829 +0000 build-debian4: ..BUILD_LOG_URL= \
2020-06-14 00:40:45.318838 +0000 build-debian4: ..update-repo-from-snapshot || exit 1; \
2020-06-14 00:40:45.318850 +0000 build-debian4: elif make -C qubes-src/linux-scrypt -n update-repo-current >/dev/null 2>/dev/null; then \
2020-06-14 00:40:45.318860 +0000 build-debian4: .echo "Updating qubes-src/linux-scrypt... "; \
2020-06-14 00:40:45.318872 +0000 build-debian4: .DIST=bullseye UPDATE_REPO=/home/user/builder-r4.0/$repo_basedir/current/vm/bullseye \
2020-06-14 00:40:45.318882 +0000 build-debian4: .make -s -C qubes-src/linux-scrypt update-repo-current || exit 1; \
2020-06-14 00:40:45.318889 +0000 build-debian4: else \
2020-06-14 00:40:45.318900 +0000 build-debian4: .echo -n "Updating qubes-src/linux-scrypt... skipping."; \
2020-06-14 00:40:45.318906 +0000 build-debian4: fi; \
2020-06-14 00:40:45.318913 +0000 build-debian4: echo
2020-06-14 00:40:45.336106 +0000 build-debian4: Updating qubes-src/linux-scrypt... no packages.
2020-06-14 00:40:45.336156 +0000 build-debian4: Makefile:791: update target 'internal-update-repo-current.vm.bullseye' due to: internal-update-repo-current.vm.bullseye.linux-scrypt
2020-06-14 00:40:45.336167 +0000 build-debian4: true
2020-06-14 00:40:45.337477 +0000 build-debian4: Makefile:818: target 'internal-update-repo-current.vm.buster.linux-scrypt' does not exist
2020-06-14 00:40:45.337514 +0000 build-debian4: repo_base_var="LINUX_REPO_buster_BASEDIR"; \
2020-06-14 00:40:45.337528 +0000 build-debian4: if [ "linux-scrypt" = linux-template-builder ]; then \
2020-06-14 00:40:45.337540 +0000 build-debian4: .# templates belongs to dom0 repository, even though PACKAGE_SET=vm
2020-06-14 00:40:45.337550 +0000 build-debian4: repo_base_var="LINUX_REPO__BASEDIR"; \
2020-06-14 00:40:45.337557 +0000 build-debian4: fi; \
2020-06-14 00:40:45.337567 +0000 build-debian4: if [ -n "${!repo_base_var}" ]; then \
2020-06-14 00:40:45.337576 +0000 build-debian4: .repo_basedir="${!repo_base_var}"; \
2020-06-14 00:40:45.337582 +0000 build-debian4: else \
2020-06-14 00:40:45.337592 +0000 build-debian4: .repo_basedir="qubes-src/linux-deb/r4.0"; \
2020-06-14 00:40:45.337599 +0000 build-debian4: fi; \
2020-06-14 00:40:45.337609 +0000 build-debian4: if [ -r qubes-src/linux-scrypt/Makefile.builder ]; then \
2020-06-14 00:40:45.337619 +0000 build-debian4: .echo -n "Updating qubes-src/linux-scrypt... "; \
2020-06-14 00:40:45.337640 +0000 build-debian4: .if [ "0" -eq 1 ]; then \
2020-06-14 00:40:45.337652 +0000 build-debian4: ..vtag=`git -C qubes-src/linux-scrypt tag --points-at HEAD --list v*`; \
2020-06-14 00:40:45.337661 +0000 build-debian4: ..if [ -z "$vtag" ]; then \
2020-06-14 00:40:45.337670 +0000 build-debian4: ...echo "no version tag"; \
2020-06-14 00:40:45.337677 +0000 build-debian4: ...exit 0; \
2020-06-14 00:40:45.337684 +0000 build-debian4: ..fi; \
2020-06-14 00:40:45.337691 +0000 build-debian4: .fi; \
2020-06-14 00:40:45.337701 +0000 build-debian4: .if [ "linux-scrypt" = linux-template-builder ]; then
2020-06-14 00:40:45.337714 +0000 build-debian4: export TEMPLATE_NAME=$(MAKEFLAGS= make -s -C qubes-src/linux-template-builder DIST=buster template-name)
2020-06-14 00:40:45.337721 +0000 build-debian4: fi
2020-06-14 00:40:45.337743 +0000 build-debian4: component_packages=$(MAKEFLAGS= make -s -f Makefile.generic DIST=buster PACKAGE_SET=vm COMPONENT=`basename qubes-src/linux-scrypt` UPDATE_REPO=/home/user/builder-r4.0/$repo_basedir/current/vm/buster get-var GET_VAR=PACKAGE_LIST); \
2020-06-14 00:40:45.337758 +0000 build-debian4: .if [ -z "$component_packages" ]; then \
2020-06-14 00:40:45.337766 +0000 build-debian4: ..echo "no packages."; \
2020-06-14 00:40:45.337773 +0000 build-debian4: ..exit 0; \
2020-06-14 00:40:45.337781 +0000 build-debian4: .fi; \
2020-06-14 00:40:45.337791 +0000 build-debian4: .make -s -f Makefile.generic DIST=buster PACKAGE_SET=vm \
2020-06-14 00:40:45.337801 +0000 build-debian4: ..COMPONENT=`basename qubes-src/linux-scrypt` \
2020-06-14 00:40:45.337809 +0000 build-debian4: ..SNAPSHOT_REPO=current-testing \
2020-06-14 00:40:45.337817 +0000 build-debian4: ..TARGET_REPO=current \
2020-06-14 00:40:45.337829 +0000 build-debian4: ..UPDATE_REPO=/home/user/builder-r4.0/$repo_basedir/current/vm/buster \
2020-06-14 00:40:45.337843 +0000 build-debian4: ..SNAPSHOT_FILE=/home/user/builder-r4.0/repo-latest-snapshot/current-testing-vm-buster-`basename qubes-src/linux-scrypt` \
2020-06-14 00:40:45.337851 +0000 build-debian4: ..BUILD_LOG_URL= \
2020-06-14 00:40:45.337860 +0000 build-debian4: ..update-repo-from-snapshot || exit 1; \
2020-06-14 00:40:45.337872 +0000 build-debian4: elif make -C qubes-src/linux-scrypt -n update-repo-current >/dev/null 2>/dev/null; then \
2020-06-14 00:40:45.337882 +0000 build-debian4: .echo "Updating qubes-src/linux-scrypt... "; \
2020-06-14 00:40:45.337893 +0000 build-debian4: .DIST=buster UPDATE_REPO=/home/user/builder-r4.0/$repo_basedir/current/vm/buster \
2020-06-14 00:40:45.337904 +0000 build-debian4: .make -s -C qubes-src/linux-scrypt update-repo-current || exit 1; \
2020-06-14 00:40:45.337911 +0000 build-debian4: else \
2020-06-14 00:40:45.337922 +0000 build-debian4: .echo -n "Updating qubes-src/linux-scrypt... skipping."; \
2020-06-14 00:40:45.337928 +0000 build-debian4: fi; \
2020-06-14 00:40:45.337935 +0000 build-debian4: echo
2020-06-14 00:40:45.360128 +0000 build-debian4: Updating qubes-src/linux-scrypt... no packages.
2020-06-14 00:40:45.360180 +0000 build-debian4: Makefile:791: update target 'internal-update-repo-current.vm.buster' due to: internal-update-repo-current.vm.buster.linux-scrypt
2020-06-14 00:40:45.360191 +0000 build-debian4: true
2020-06-14 00:40:45.363854 +0000 build-debian4: Makefile:818: target 'internal-update-repo-current.vm.stretch.linux-scrypt' does not exist
2020-06-14 00:40:45.363896 +0000 build-debian4: repo_base_var="LINUX_REPO_stretch_BASEDIR"; \
2020-06-14 00:40:45.363909 +0000 build-debian4: if [ "linux-scrypt" = linux-template-builder ]; then \
2020-06-14 00:40:45.363922 +0000 build-debian4: .# templates belongs to dom0 repository, even though PACKAGE_SET=vm
2020-06-14 00:40:45.363932 +0000 build-debian4: repo_base_var="LINUX_REPO__BASEDIR"; \
2020-06-14 00:40:45.363939 +0000 build-debian4: fi; \
2020-06-14 00:40:45.363949 +0000 build-debian4: if [ -n "${!repo_base_var}" ]; then \
2020-06-14 00:40:45.363958 +0000 build-debian4: .repo_basedir="${!repo_base_var}"; \
2020-06-14 00:40:45.363978 +0000 build-debian4: else \
2020-06-14 00:40:45.363989 +0000 build-debian4: .repo_basedir="qubes-src/linux-deb/r4.0"; \
2020-06-14 00:40:45.363996 +0000 build-debian4: fi; \
2020-06-14 00:40:45.364007 +0000 build-debian4: if [ -r qubes-src/linux-scrypt/Makefile.builder ]; then \
2020-06-14 00:40:45.364016 +0000 build-debian4: .echo -n "Updating qubes-src/linux-scrypt... "; \
2020-06-14 00:40:45.364025 +0000 build-debian4: .if [ "0" -eq 1 ]; then \
2020-06-14 00:40:45.364036 +0000 build-debian4: ..vtag=`git -C qubes-src/linux-scrypt tag --points-at HEAD --list v*`; \
2020-06-14 00:40:45.364045 +0000 build-debian4: ..if [ -z "$vtag" ]; then \
2020-06-14 00:40:45.364053 +0000 build-debian4: ...echo "no version tag"; \
2020-06-14 00:40:45.364060 +0000 build-debian4: ...exit 0; \
2020-06-14 00:40:45.364068 +0000 build-debian4: ..fi; \
2020-06-14 00:40:45.364075 +0000 build-debian4: .fi; \
2020-06-14 00:40:45.364084 +0000 build-debian4: .if [ "linux-scrypt" = linux-template-builder ]; then
2020-06-14 00:40:45.364098 +0000 build-debian4: export TEMPLATE_NAME=$(MAKEFLAGS= make -s -C qubes-src/linux-template-builder DIST=stretch template-name)
2020-06-14 00:40:45.364105 +0000 build-debian4: fi
2020-06-14 00:40:45.364127 +0000 build-debian4: component_packages=$(MAKEFLAGS= make -s -f Makefile.generic DIST=stretch PACKAGE_SET=vm COMPONENT=`basename qubes-src/linux-scrypt` UPDATE_REPO=/home/user/builder-r4.0/$repo_basedir/current/vm/stretch get-var GET_VAR=PACKAGE_LIST); \
2020-06-14 00:40:45.364138 +0000 build-debian4: .if [ -z "$component_packages" ]; then \
2020-06-14 00:40:45.364146 +0000 build-debian4: ..echo "no packages."; \
2020-06-14 00:40:45.364153 +0000 build-debian4: ..exit 0; \
2020-06-14 00:40:45.364161 +0000 build-debian4: .fi; \
2020-06-14 00:40:45.364171 +0000 build-debian4: .make -s -f Makefile.generic DIST=stretch PACKAGE_SET=vm \
2020-06-14 00:40:45.364180 +0000 build-debian4: ..COMPONENT=`basename qubes-src/linux-scrypt` \
2020-06-14 00:40:45.364189 +0000 build-debian4: ..SNAPSHOT_REPO=current-testing \
2020-06-14 00:40:45.364197 +0000 build-debian4: ..TARGET_REPO=current \
2020-06-14 00:40:45.364233 +0000 build-debian4: ..UPDATE_REPO=/home/user/builder-r4.0/$repo_basedir/current/vm/stretch \
2020-06-14 00:40:45.364248 +0000 build-debian4: ..SNAPSHOT_FILE=/home/user/builder-r4.0/repo-latest-snapshot/current-testing-vm-stretch-`basename qubes-src/linux-scrypt` \
2020-06-14 00:40:45.364256 +0000 build-debian4: ..BUILD_LOG_URL= \
2020-06-14 00:40:45.364265 +0000 build-debian4: ..update-repo-from-snapshot || exit 1; \
2020-06-14 00:40:45.364277 +0000 build-debian4: elif make -C qubes-src/linux-scrypt -n update-repo-current >/dev/null 2>/dev/null; then \
2020-06-14 00:40:45.364287 +0000 build-debian4: .echo "Updating qubes-src/linux-scrypt... "; \
2020-06-14 00:40:45.364299 +0000 build-debian4: .DIST=stretch UPDATE_REPO=/home/user/builder-r4.0/$repo_basedir/current/vm/stretch \
2020-06-14 00:40:45.364310 +0000 build-debian4: .make -s -C qubes-src/linux-scrypt update-repo-current || exit 1; \
2020-06-14 00:40:45.364316 +0000 build-debian4: else \
2020-06-14 00:40:45.364327 +0000 build-debian4: .echo -n "Updating qubes-src/linux-scrypt... skipping."; \
2020-06-14 00:40:45.364334 +0000 build-debian4: fi; \
2020-06-14 00:40:45.364340 +0000 build-debian4: echo
2020-06-14 00:40:45.387548 +0000 build-debian4: Updating qubes-src/linux-scrypt... no packages.
2020-06-14 00:40:45.387597 +0000 build-debian4: Makefile:791: update target 'internal-update-repo-current.vm.stretch' due to: internal-update-repo-current.vm.stretch.linux-scrypt
2020-06-14 00:40:45.387608 +0000 build-debian4: true
2020-06-14 00:40:45.389841 +0000 build-debian4: Makefile:872: target 'post-update-repo-current' does not exist
2020-06-14 00:40:45.389882 +0000 build-debian4: for dist in  bullseye buster stretch; do \
2020-06-14 00:40:45.389895 +0000 build-debian4: .repo_base_var="LINUX_REPO_${dist}_BASEDIR"; \
2020-06-14 00:40:45.389904 +0000 build-debian4: .if [ -n "${!repo_base_var}" ]; then \
2020-06-14 00:40:45.389927 +0000 build-debian4: ..repo_basedir="${!repo_base_var}"; \
2020-06-14 00:40:45.389936 +0000 build-debian4: .else \
2020-06-14 00:40:45.389946 +0000 build-debian4: ..repo_basedir="qubes-src/linux-deb/r4.0"; \
2020-06-14 00:40:45.389953 +0000 build-debian4: .fi; \
2020-06-14 00:40:45.389963 +0000 build-debian4: .repos_to_update="$repos_to_update $repo_basedir"; \
2020-06-14 00:40:45.389970 +0000 build-debian4: done; \
2020-06-14 00:40:45.389977 +0000 build-debian4: pkgset_dist= ; \
2020-06-14 00:40:45.389985 +0000 build-debian4: for dist in ; do \
2020-06-14 00:40:45.389994 +0000 build-debian4: .pkgset_dist="$pkgset_dist dom0/$dist"; \
2020-06-14 00:40:45.390001 +0000 build-debian4: done; \
2020-06-14 00:40:45.390010 +0000 build-debian4: for dist in bullseye buster stretch; do \
2020-06-14 00:40:45.390019 +0000 build-debian4: .pkgset_dist="$pkgset_dist vm/$dist"; \
2020-06-14 00:40:45.390026 +0000 build-debian4: done; \
2020-06-14 00:40:45.390036 +0000 build-debian4: for repo in `echo $repos_to_update|tr ' ' '\n'|sort|uniq`; do \
2020-06-14 00:40:45.390045 +0000 build-debian4: .[ -z "$repo" ] && continue; \
2020-06-14 00:40:45.390055 +0000 build-debian4: .[ -x "$repo/../update_repo-current.sh" ] || continue; \
2020-06-14 00:40:45.390065 +0000 build-debian4: .(cd $repo/.. && ./update_repo-current.sh r4.0 $pkgset_dist); \
2020-06-14 00:40:45.390072 +0000 build-debian4: done
2020-06-14 00:40:45.403374 +0000 build-debian4: --> Processing repo: r4.0/vm/dists/bullseye...
2020-06-14 00:40:45.906794 +0000 build-debian4: --> Processing repo: r4.0/vm/dists/buster...
2020-06-14 00:40:46.402090 +0000 build-debian4: --> Processing repo: r4.0/vm/dists/jessie...
2020-06-14 00:40:46.887555 +0000 build-debian4: --> Processing repo: r4.0/vm/dists/stretch...
2020-06-14 00:40:47.292963 +0000 build-debian4: Done.
2020-06-14 00:40:47.305393 +0000 build-debian4: ~/builder-r4.0/qubes-src/linux-deb ~/builder-r4.0/qubes-src/linux-deb
2020-06-14 00:40:47.417388 +0000 build-debian4: sending incremental file list
2020-06-14 00:40:47.606370 +0000 build-debian4: Syncing r4.0/vm/bullseye...
2020-06-14 00:40:47.752742 +0000 build-debian4: sending incremental file list
2020-06-14 00:40:47.795872 +0000 build-debian4: .d..t...... bullseye/
2020-06-14 00:40:47.795920 +0000 build-debian4: <f..t...... bullseye/InRelease
2020-06-14 00:40:47.795940 +0000 build-debian4: .            700  27%    0.00kB/s    0:00:00  .          2,507 100%    1.72MB/s    0:00:00 (xfr#1, to-chk=10/12)
2020-06-14 00:40:47.795951 +0000 build-debian4: <f..t...... bullseye/Release.gpg
2020-06-14 00:40:47.795966 +0000 build-debian4: .            833 100%  813.48kB/s    0:00:00  .            833 100%  813.48kB/s    0:00:00 (xfr#2, to-chk=8/12)
2020-06-14 00:40:47.873160 +0000 build-debian4: Syncing r4.0/vm/bullseye-securitytesting...
2020-06-14 00:40:48.006359 +0000 build-debian4: sending incremental file list
2020-06-14 00:40:48.094701 +0000 build-debian4: Syncing r4.0/vm/bullseye-testing...
2020-06-14 00:40:48.237892 +0000 build-debian4: sending incremental file list
2020-06-14 00:40:48.384915 +0000 build-debian4: Syncing r4.0/vm/buster...
2020-06-14 00:40:48.534776 +0000 build-debian4: sending incremental file list
2020-06-14 00:40:48.583377 +0000 build-debian4: .d..t...... buster/
2020-06-14 00:40:48.583425 +0000 build-debian4: <f..t...... buster/InRelease
2020-06-14 00:40:48.583442 +0000 build-debian4: .            700  28%    0.00kB/s    0:00:00  .          2,500 100%    1.72MB/s    0:00:00 (xfr#1, to-chk=10/12)
2020-06-14 00:40:48.583453 +0000 build-debian4: <f..t...... buster/Release.gpg
2020-06-14 00:40:48.583468 +0000 build-debian4: .            833 100%  813.48kB/s    0:00:00  .            833 100%  813.48kB/s    0:00:00 (xfr#2, to-chk=8/12)
2020-06-14 00:40:48.654256 +0000 build-debian4: Syncing r4.0/vm/buster-securitytesting...
2020-06-14 00:40:48.798531 +0000 build-debian4: sending incremental file list
2020-06-14 00:40:48.938326 +0000 build-debian4: Syncing r4.0/vm/buster-testing...
2020-06-14 00:40:49.104496 +0000 build-debian4: sending incremental file list
2020-06-14 00:40:49.217696 +0000 build-debian4: Syncing r4.0/vm/jessie...
2020-06-14 00:40:49.403108 +0000 build-debian4: sending incremental file list
2020-06-14 00:40:49.495974 +0000 build-debian4: .d..t...... jessie/
2020-06-14 00:40:49.496027 +0000 build-debian4: <f..t...... jessie/InRelease
2020-06-14 00:40:49.496046 +0000 build-debian4: .            700  28%    0.00kB/s    0:00:00  .          2,500 100%    1.72MB/s    0:00:00 (xfr#1, to-chk=10/12)
2020-06-14 00:40:49.496057 +0000 build-debian4: <f..t...... jessie/Release.gpg
2020-06-14 00:40:49.496071 +0000 build-debian4: .            833 100%  813.48kB/s    0:00:00  .            833 100%  813.48kB/s    0:00:00 (xfr#2, to-chk=8/12)
2020-06-14 00:40:49.612223 +0000 build-debian4: Syncing r4.0/vm/jessie-securitytesting...
2020-06-14 00:40:49.757775 +0000 build-debian4: sending incremental file list
2020-06-14 00:40:49.900753 +0000 build-debian4: Syncing r4.0/vm/jessie-testing...
2020-06-14 00:40:50.046873 +0000 build-debian4: sending incremental file list
2020-06-14 00:40:50.208873 +0000 build-debian4: Syncing r4.0/vm/stretch...
2020-06-14 00:40:50.381919 +0000 build-debian4: sending incremental file list
2020-06-14 00:40:50.467630 +0000 build-debian4: .d..t...... stretch/
2020-06-14 00:40:50.467682 +0000 build-debian4: <f..t...... stretch/InRelease
2020-06-14 00:40:50.467701 +0000 build-debian4: .            700  27%    0.00kB/s    0:00:00  .          2,502 100%    1.72MB/s    0:00:00 (xfr#1, to-chk=10/12)
2020-06-14 00:40:50.467711 +0000 build-debian4: <f..t...... stretch/Release.gpg
2020-06-14 00:40:50.467725 +0000 build-debian4: .            833 100%  813.48kB/s    0:00:00  .            833 100%  813.48kB/s    0:00:00 (xfr#2, to-chk=8/12)
2020-06-14 00:40:50.584277 +0000 build-debian4: Syncing r4.0/vm/stretch-securitytesting...
2020-06-14 00:40:50.733029 +0000 build-debian4: sending incremental file list
2020-06-14 00:40:50.915067 +0000 build-debian4: Syncing r4.0/vm/stretch-testing...
2020-06-14 00:40:51.046925 +0000 build-debian4: sending incremental file list
2020-06-14 00:40:51.188728 +0000 build-debian4: ~/builder-r4.0/qubes-src/linux-deb
2020-06-14 00:40:51.191275 +0000 build-debian4: Makefile:778: update target 'update-repo-current' due to: internal-update-repo-current.vm.bullseye internal-update-repo-current.vm.buster internal-update-repo-current.vm.stretch post-update-repo-current
2020-06-14 00:40:51.191318 +0000 build-debian4: true
2020-06-14 00:40:51.191965 +0000 build-debian4: > done
2020-06-14 00:40:51.192000 +0000 > closing log
