2024-07-11 17:41:30.088569 +0000 > starting log
2024-07-11 17:41:30.091409 +0000 build-debian4: > starting build with log
2024-07-11 17:41:30.091438 +0000 build-debian4: >> make args: update-repo-current
2024-07-11 17:41:30.091451 +0000 build-debian4: >> MAKEFLAGS=
2024-07-11 17:41:30.091461 +0000 build-debian4: >> COMPONENTS=infrastructure
2024-07-11 17:41:30.091471 +0000 build-debian4: >> DISTS_VM=buster bullseye bookworm
2024-07-11 17:41:30.091480 +0000 build-debian4: >> DIST_DOM0=
2024-07-11 17:41:30.091490 +0000 build-debian4: >> qubes-builder 3678e5fc7d685cf1ccbdc720f6e9ee2146a2a92e
2024-07-11 17:41:30.091502 +0000 build-debian4: >> qubes-builder/qubes-src/infrastructure 0ce56ded6e42859404429162f8fce033a313acba
2024-07-11 17:41:30.179014 +0000 build-debian4: >> qubes-builder/qubes-src/infrastructure/build-infra/qubes-builder 3d3e766de05b37cd858f0d3cb2c6ebf716510cd8
2024-07-11 17:41:30.334545 +0000 build-debian4: >> qubes-builder/qubes-src/infrastructure/build-infra/qubes-builder-github a48840cb18aa0c423697220861bc44f7a27d7454
2024-07-11 17:41:30.557258 +0000 build-debian4: >> qubes-builder/qubes-src/infrastructure/build-infra/qubes-builderv2 a4f43777fdfff823379c273f86e921d151c6b01a
2024-07-11 17:41:30.839771 +0000 build-debian4: >> qubes-builder/qubes-src/infrastructure/build-infra/qubes-builderv2/qubesbuilder/plugins/installer/meta-packages 369f8a55071684c4d5937ceee58a6b4797444251
2024-07-11 17:41:30.982158 +0000 build-debian4: >> qubes-builder/qubes-src/infrastructure/build-infra/qubes-builderv2/qubesbuilder/plugins/installer/qubes-release 5523df7fac068cc6f662a5624ff66d8c89e54acc
2024-07-11 17:41:31.112919 +0000 build-debian4: >> qubes-builder/qubes-src/infrastructure/build-infra/qubes-builderv2-github cb1da55d09e357def14cf608d93f462292c2a1bd
2024-07-11 17:41:31.350490 +0000 build-debian4: >> qubes-builder/qubes-src/infrastructure/build-infra/qubes-infrastructure-mirrors 29eb6ffbbc721540d6f0bb512182b18e2aa891b5
2024-07-11 17:41:31.473096 +0000 build-debian4: ================================================================================
2024-07-11 17:41:31.473143 +0000 build-debian4:                            B U I L D   I N F O                                  
2024-07-11 17:41:31.473158 +0000 build-debian4: Items in red indicate it was automatically generated by configuration file(s)
2024-07-11 17:41:31.473171 +0000 build-debian4: Items in white indicate it was automatically removed by configuration file(s)
2024-07-11 17:41:31.473182 +0000 build-debian4: ================================================================================
2024-07-11 17:41:31.473194 +0000 build-debian4: DISTS_VM:
2024-07-11 17:41:31.473207 +0000 build-debian4:      buster+gnome, bullseye+gnome+firmware, bookworm+gnome+firmware, buster bullseye bookworm
2024-07-11 17:41:31.475360 +0000 build-debian4: DISTS_ALL:
2024-07-11 17:41:31.475407 +0000 build-debian4:      vm-bookworm, vm-bullseye, vm-buster,
2024-07-11 17:41:31.481065 +0000 build-debian4: DIST_DOM0:
2024-07-11 17:41:31.481102 +0000 build-debian4:     
2024-07-11 17:41:31.481814 +0000 build-debian4: BUILDER_PLUGINS:
2024-07-11 17:41:31.496315 +0000 build-debian4:      builder-debian, mgmt-salt, release-configs, linux-deb, builder-github,
2024-07-11 17:41:31.504547 +0000 build-debian4: COMPONENTS:
2024-07-11 17:41:31.508288 +0000 build-debian4:      infrastructure,
2024-07-11 17:41:31.508325 +0000 build-debian4: GIT_REPOS:
2024-07-11 17:41:31.508347 +0000 build-debian4:      qubes-src/infrastructure,
2024-07-11 17:41:31.508358 +0000 build-debian4: TEMPLATE:
2024-07-11 17:41:31.509605 +0000 build-debian4:     
2024-07-11 17:41:31.511334 +0000 build-debian4: TEMPLATE_FLAVOR_DIR:
2024-07-11 17:41:31.512802 +0000 build-debian4:     
2024-07-11 17:41:31.512839 +0000 build-debian4: TEMPLATE_ALIAS:
2024-07-11 17:41:31.517845 +0000 build-debian4:      stretch:stretch+standard, stretch+gnome:stretch+gnome+standard,
2024-07-11 17:41:31.517885 +0000 build-debian4:      stretch+minimal:stretch+minimal+no-recommends, buster:buster+gnome,
2024-07-11 17:41:31.517900 +0000 build-debian4:      buster+minimal:buster+minimal+no-recommends, bullseye:bullseye+gnome+firmware,
2024-07-11 17:41:31.517930 +0000 build-debian4:      bullseye+minimal:bullseye+minimal+no-recommends, bookworm:bookworm+gnome+firmware,
2024-07-11 17:41:31.517943 +0000 build-debian4:      bookworm+minimal:bookworm+minimal+no-recommends, bionic:bionic+standard,
2024-07-11 17:41:31.517955 +0000 build-debian4:      focal:focal+standard, whonix-gateway-15:buster+whonix-gateway+minimal+no-recommends,
2024-07-11 17:41:31.517966 +0000 build-debian4:      whonix-workstation-15:buster+whonix-workstation+minimal+no-recommends,
2024-07-11 17:41:31.517977 +0000 build-debian4:      whonix-gateway-16:bullseye+whonix-gateway+minimal+no-recommends,
2024-07-11 17:41:31.517988 +0000 build-debian4:      whonix-workstation-16:bullseye+whonix-workstation+minimal+no-recommends,
2024-07-11 17:41:31.517997 +0000 build-debian4: TEMPLATE_LABEL:
2024-07-11 17:41:31.528280 +0000 build-debian4:      buster+gnome:debian-10, buster+gnome:buster, bullseye+gnome+firmware:bullseye,
2024-07-11 17:41:31.528321 +0000 build-debian4:      bookworm+gnome+firmware:bookworm, fc34:fedora-34 fc35:fedora-35 fc36:fedora-36 fc37:fedora-37 fc38:fedora-38
2024-07-11 17:41:31.528338 +0000 build-debian4:      fc34+minimal:fedora-34-minimal fc35+minimal:fedora-35-minimal fc36+minimal:fedora-36-minimal
2024-07-11 17:41:31.528351 +0000 build-debian4:      fc37+minimal:fedora-37-minimal fc38+minimal:fedora-38-minimal fc34+xfce:fedora-34-xfce
2024-07-11 17:41:31.528364 +0000 build-debian4:      fc35+xfce:fedora-35-xfce fc36+xfce:fedora-36-xfce fc37+xfce:fedora-37-xfce fc38+xfce:fedora-38-xfce
2024-07-11 17:41:31.528376 +0000 build-debian4:      stretch:debian-9 stretch+standard:debian-9 stretch+xfce:debian-9-xfce buster+xfce:debian-10-xfce
2024-07-11 17:41:31.528388 +0000 build-debian4:      bullseye:debian-11 bullseye+standard+firmware:debian-11 bullseye+xfce:debian-11-xfce
2024-07-11 17:41:31.528400 +0000 build-debian4:      bookworm:debian-12 bookworm+standard:debian-12 bookworm+xfce:debian-12-xfce bionic+standard:bionic
2024-07-11 17:41:31.528411 +0000 build-debian4:      focal+standard:focal buster+whonix-gateway+minimal+no-recommends:whonix-gw-15
2024-07-11 17:41:31.528422 +0000 build-debian4:      buster+whonix-workstation+minimal+no-recommends:whonix-ws-15
2024-07-11 17:41:31.528434 +0000 build-debian4:      bullseye+whonix-gateway+minimal+no-recommends:whonix-gw-16
2024-07-11 17:41:31.528445 +0000 build-debian4:      bullseye+whonix-workstation+minimal+no-recommends:whonix-ws-16 centos7:centos-7
2024-07-11 17:41:31.528457 +0000 build-debian4:      centos7+minimal:centos-7-minimal centos7+xfce:centos-7-xfce centos-stream8:centos-stream-8
2024-07-11 17:41:31.528469 +0000 build-debian4:      centos-stream8+minimal:centos-stream-8-minimal centos-stream8+xfce:centos-stream-8-xfce
2024-07-11 17:41:31.568608 +0000 build-debian4: > running make
2024-07-11 17:41:31.595264 +0000 build-debian4: Makefile:863: update target 'internal-update-repo-current.vm.bookworm.infrastructure' due to: target does not exist
2024-07-11 17:41:31.595307 +0000 build-debian4: repo_base_var="LINUX_REPO_${DIST//-/_}_BASEDIR"; \
2024-07-11 17:41:31.595322 +0000 build-debian4: if [ "infrastructure" = linux-template-builder ]; then \
2024-07-11 17:41:31.595334 +0000 build-debian4: .# templates belongs to dom0 repository, even though PACKAGE_SET=vm
2024-07-11 17:41:31.595343 +0000 build-debian4: repo_base_var="LINUX_REPO__BASEDIR"; \
2024-07-11 17:41:31.595352 +0000 build-debian4: fi; \
2024-07-11 17:41:31.595362 +0000 build-debian4: if [ -n "${!repo_base_var}" ]; then \
2024-07-11 17:41:31.595372 +0000 build-debian4: .repo_basedir="${!repo_base_var}"; \
2024-07-11 17:41:31.595380 +0000 build-debian4: else \
2024-07-11 17:41:31.595389 +0000 build-debian4: .repo_basedir="qubes-src/linux-deb/r4.1"; \
2024-07-11 17:41:31.595397 +0000 build-debian4: fi; \
2024-07-11 17:41:31.595407 +0000 build-debian4: if [ -r qubes-src/infrastructure/Makefile.builder ]; then \
2024-07-11 17:41:31.595417 +0000 build-debian4: .echo -n "Updating qubes-src/infrastructure... "; \
2024-07-11 17:41:31.595446 +0000 build-debian4: .if [ "0" -eq 1 ]; then \
2024-07-11 17:41:31.595458 +0000 build-debian4: ..vtag=`git -C qubes-src/infrastructure tag --points-at HEAD --list v*`; \
2024-07-11 17:41:31.595468 +0000 build-debian4: ..if [ -z "$vtag" ]; then \
2024-07-11 17:41:31.595478 +0000 build-debian4: ...echo "no version tag"; \
2024-07-11 17:41:31.595487 +0000 build-debian4: ...exit 0; \
2024-07-11 17:41:31.595495 +0000 build-debian4: ..fi; \
2024-07-11 17:41:31.595504 +0000 build-debian4: .fi; \
2024-07-11 17:41:31.595514 +0000 build-debian4: .if [ "infrastructure" = linux-template-builder ]; then
2024-07-11 17:41:31.595526 +0000 build-debian4: export TEMPLATE_NAME=$(MAKEFLAGS= make -s -C qubes-src/linux-template-builder DIST=bookworm template-name)
2024-07-11 17:41:31.595534 +0000 build-debian4: fi
2024-07-11 17:41:31.595551 +0000 build-debian4: component_packages=$(MAKEFLAGS= make -s -f Makefile.generic DIST=bookworm PACKAGE_SET=vm COMPONENT=`basename qubes-src/infrastructure` UPDATE_REPO=/home/user/builder-r4.1/$repo_basedir/current/vm/bookworm get-var GET_VAR=PACKAGE_LIST); \
2024-07-11 17:41:31.595562 +0000 build-debian4: .if [ -z "$component_packages" ]; then \
2024-07-11 17:41:31.595571 +0000 build-debian4: ..echo "no packages."; \
2024-07-11 17:41:31.595586 +0000 build-debian4: ..exit 0; \
2024-07-11 17:41:31.595595 +0000 build-debian4: .fi; \
2024-07-11 17:41:31.595634 +0000 build-debian4: .make -s -f Makefile.generic DIST=bookworm PACKAGE_SET=vm \
2024-07-11 17:41:31.595646 +0000 build-debian4: ..COMPONENT=`basename qubes-src/infrastructure` \
2024-07-11 17:41:31.595658 +0000 build-debian4: ..SNAPSHOT_REPO=current-testing \
2024-07-11 17:41:31.595667 +0000 build-debian4: ..TARGET_REPO=current \
2024-07-11 17:41:31.595678 +0000 build-debian4: ..UPDATE_REPO=/home/user/builder-r4.1/$repo_basedir/current/vm/bookworm \
2024-07-11 17:41:31.595690 +0000 build-debian4: ..SNAPSHOT_FILE=/home/user/builder-r4.1/repo-latest-snapshot/current-testing-vm-bookworm-`basename qubes-src/infrastructure` \
2024-07-11 17:41:31.595699 +0000 build-debian4: ..BUILD_LOG_URL= \
2024-07-11 17:41:31.595708 +0000 build-debian4: ..update-repo-from-snapshot || exit 1; \
2024-07-11 17:41:31.595720 +0000 build-debian4: elif make -C qubes-src/infrastructure -n update-repo-current >/dev/null 2>/dev/null; then \
2024-07-11 17:41:31.595729 +0000 build-debian4: .echo "Updating qubes-src/infrastructure... "; \
2024-07-11 17:41:31.595740 +0000 build-debian4: .DIST=bookworm UPDATE_REPO=/home/user/builder-r4.1/$repo_basedir/current/vm/bookworm \
2024-07-11 17:41:31.595750 +0000 build-debian4: .make -s -C qubes-src/infrastructure update-repo-current || exit 1; \
2024-07-11 17:41:31.595758 +0000 build-debian4: else \
2024-07-11 17:41:31.595768 +0000 build-debian4: .echo -n "Updating qubes-src/infrastructure... skipping."; \
2024-07-11 17:41:31.595776 +0000 build-debian4: fi; \
2024-07-11 17:41:31.595784 +0000 build-debian4: echo
2024-07-11 17:41:31.622119 +0000 build-debian4: Updating qubes-src/infrastructure... no packages.
2024-07-11 17:41:31.622164 +0000 build-debian4: Makefile:832: update target 'internal-update-repo-current.vm.bookworm' due to: target does not exist
2024-07-11 17:41:31.622177 +0000 build-debian4: true
2024-07-11 17:41:31.622459 +0000 build-debian4: Makefile:863: update target 'internal-update-repo-current.vm.bullseye.infrastructure' due to: target does not exist
2024-07-11 17:41:31.622482 +0000 build-debian4: repo_base_var="LINUX_REPO_${DIST//-/_}_BASEDIR"; \
2024-07-11 17:41:31.622494 +0000 build-debian4: if [ "infrastructure" = linux-template-builder ]; then \
2024-07-11 17:41:31.622505 +0000 build-debian4: .# templates belongs to dom0 repository, even though PACKAGE_SET=vm
2024-07-11 17:41:31.622515 +0000 build-debian4: repo_base_var="LINUX_REPO__BASEDIR"; \
2024-07-11 17:41:31.622523 +0000 build-debian4: fi; \
2024-07-11 17:41:31.622533 +0000 build-debian4: if [ -n "${!repo_base_var}" ]; then \
2024-07-11 17:41:31.622542 +0000 build-debian4: .repo_basedir="${!repo_base_var}"; \
2024-07-11 17:41:31.622565 +0000 build-debian4: else \
2024-07-11 17:41:31.622577 +0000 build-debian4: .repo_basedir="qubes-src/linux-deb/r4.1"; \
2024-07-11 17:41:31.622586 +0000 build-debian4: fi; \
2024-07-11 17:41:31.622597 +0000 build-debian4: if [ -r qubes-src/infrastructure/Makefile.builder ]; then \
2024-07-11 17:41:31.622633 +0000 build-debian4: .echo -n "Updating qubes-src/infrastructure... "; \
2024-07-11 17:41:31.622644 +0000 build-debian4: .if [ "0" -eq 1 ]; then \
2024-07-11 17:41:31.622658 +0000 build-debian4: ..vtag=`git -C qubes-src/infrastructure tag --points-at HEAD --list v*`; \
2024-07-11 17:41:31.622667 +0000 build-debian4: ..if [ -z "$vtag" ]; then \
2024-07-11 17:41:31.622676 +0000 build-debian4: ...echo "no version tag"; \
2024-07-11 17:41:31.622685 +0000 build-debian4: ...exit 0; \
2024-07-11 17:41:31.622694 +0000 build-debian4: ..fi; \
2024-07-11 17:41:31.622702 +0000 build-debian4: .fi; \
2024-07-11 17:41:31.622712 +0000 build-debian4: .if [ "infrastructure" = linux-template-builder ]; then
2024-07-11 17:41:31.622724 +0000 build-debian4: export TEMPLATE_NAME=$(MAKEFLAGS= make -s -C qubes-src/linux-template-builder DIST=bullseye template-name)
2024-07-11 17:41:31.622732 +0000 build-debian4: fi
2024-07-11 17:41:31.622750 +0000 build-debian4: component_packages=$(MAKEFLAGS= make -s -f Makefile.generic DIST=bullseye PACKAGE_SET=vm COMPONENT=`basename qubes-src/infrastructure` UPDATE_REPO=/home/user/builder-r4.1/$repo_basedir/current/vm/bullseye get-var GET_VAR=PACKAGE_LIST); \
2024-07-11 17:41:31.622760 +0000 build-debian4: .if [ -z "$component_packages" ]; then \
2024-07-11 17:41:31.622769 +0000 build-debian4: ..echo "no packages."; \
2024-07-11 17:41:31.622778 +0000 build-debian4: ..exit 0; \
2024-07-11 17:41:31.622786 +0000 build-debian4: .fi; \
2024-07-11 17:41:31.622796 +0000 build-debian4: .make -s -f Makefile.generic DIST=bullseye PACKAGE_SET=vm \
2024-07-11 17:41:31.622805 +0000 build-debian4: ..COMPONENT=`basename qubes-src/infrastructure` \
2024-07-11 17:41:31.622814 +0000 build-debian4: ..SNAPSHOT_REPO=current-testing \
2024-07-11 17:41:31.622823 +0000 build-debian4: ..TARGET_REPO=current \
2024-07-11 17:41:31.622833 +0000 build-debian4: ..UPDATE_REPO=/home/user/builder-r4.1/$repo_basedir/current/vm/bullseye \
2024-07-11 17:41:31.622846 +0000 build-debian4: ..SNAPSHOT_FILE=/home/user/builder-r4.1/repo-latest-snapshot/current-testing-vm-bullseye-`basename qubes-src/infrastructure` \
2024-07-11 17:41:31.622855 +0000 build-debian4: ..BUILD_LOG_URL= \
2024-07-11 17:41:31.622865 +0000 build-debian4: ..update-repo-from-snapshot || exit 1; \
2024-07-11 17:41:31.622877 +0000 build-debian4: elif make -C qubes-src/infrastructure -n update-repo-current >/dev/null 2>/dev/null; then \
2024-07-11 17:41:31.622886 +0000 build-debian4: .echo "Updating qubes-src/infrastructure... "; \
2024-07-11 17:41:31.622897 +0000 build-debian4: .DIST=bullseye UPDATE_REPO=/home/user/builder-r4.1/$repo_basedir/current/vm/bullseye \
2024-07-11 17:41:31.622908 +0000 build-debian4: .make -s -C qubes-src/infrastructure update-repo-current || exit 1; \
2024-07-11 17:41:31.622916 +0000 build-debian4: else \
2024-07-11 17:41:31.622926 +0000 build-debian4: .echo -n "Updating qubes-src/infrastructure... skipping."; \
2024-07-11 17:41:31.622934 +0000 build-debian4: fi; \
2024-07-11 17:41:31.622942 +0000 build-debian4: echo
2024-07-11 17:41:31.650856 +0000 build-debian4: Updating qubes-src/infrastructure... no packages.
2024-07-11 17:41:31.650901 +0000 build-debian4: Makefile:832: update target 'internal-update-repo-current.vm.bullseye' due to: target does not exist
2024-07-11 17:41:31.650913 +0000 build-debian4: true
2024-07-11 17:41:31.652412 +0000 build-debian4: Makefile:863: update target 'internal-update-repo-current.vm.buster.infrastructure' due to: target does not exist
2024-07-11 17:41:31.652450 +0000 build-debian4: repo_base_var="LINUX_REPO_${DIST//-/_}_BASEDIR"; \
2024-07-11 17:41:31.652463 +0000 build-debian4: if [ "infrastructure" = linux-template-builder ]; then \
2024-07-11 17:41:31.652491 +0000 build-debian4: .# templates belongs to dom0 repository, even though PACKAGE_SET=vm
2024-07-11 17:41:31.652502 +0000 build-debian4: repo_base_var="LINUX_REPO__BASEDIR"; \
2024-07-11 17:41:31.652512 +0000 build-debian4: fi; \
2024-07-11 17:41:31.652522 +0000 build-debian4: if [ -n "${!repo_base_var}" ]; then \
2024-07-11 17:41:31.652532 +0000 build-debian4: .repo_basedir="${!repo_base_var}"; \
2024-07-11 17:41:31.652540 +0000 build-debian4: else \
2024-07-11 17:41:31.652550 +0000 build-debian4: .repo_basedir="qubes-src/linux-deb/r4.1"; \
2024-07-11 17:41:31.652559 +0000 build-debian4: fi; \
2024-07-11 17:41:31.652570 +0000 build-debian4: if [ -r qubes-src/infrastructure/Makefile.builder ]; then \
2024-07-11 17:41:31.652580 +0000 build-debian4: .echo -n "Updating qubes-src/infrastructure... "; \
2024-07-11 17:41:31.652590 +0000 build-debian4: .if [ "0" -eq 1 ]; then \
2024-07-11 17:41:31.652602 +0000 build-debian4: ..vtag=`git -C qubes-src/infrastructure tag --points-at HEAD --list v*`; \
2024-07-11 17:41:31.652639 +0000 build-debian4: ..if [ -z "$vtag" ]; then \
2024-07-11 17:41:31.652648 +0000 build-debian4: ...echo "no version tag"; \
2024-07-11 17:41:31.652657 +0000 build-debian4: ...exit 0; \
2024-07-11 17:41:31.652666 +0000 build-debian4: ..fi; \
2024-07-11 17:41:31.652674 +0000 build-debian4: .fi; \
2024-07-11 17:41:31.652684 +0000 build-debian4: .if [ "infrastructure" = linux-template-builder ]; then
2024-07-11 17:41:31.652696 +0000 build-debian4: export TEMPLATE_NAME=$(MAKEFLAGS= make -s -C qubes-src/linux-template-builder DIST=buster template-name)
2024-07-11 17:41:31.652704 +0000 build-debian4: fi
2024-07-11 17:41:31.652721 +0000 build-debian4: component_packages=$(MAKEFLAGS= make -s -f Makefile.generic DIST=buster PACKAGE_SET=vm COMPONENT=`basename qubes-src/infrastructure` UPDATE_REPO=/home/user/builder-r4.1/$repo_basedir/current/vm/buster get-var GET_VAR=PACKAGE_LIST); \
2024-07-11 17:41:31.652732 +0000 build-debian4: .if [ -z "$component_packages" ]; then \
2024-07-11 17:41:31.652740 +0000 build-debian4: ..echo "no packages."; \
2024-07-11 17:41:31.652749 +0000 build-debian4: ..exit 0; \
2024-07-11 17:41:31.652757 +0000 build-debian4: .fi; \
2024-07-11 17:41:31.652767 +0000 build-debian4: .make -s -f Makefile.generic DIST=buster PACKAGE_SET=vm \
2024-07-11 17:41:31.652777 +0000 build-debian4: ..COMPONENT=`basename qubes-src/infrastructure` \
2024-07-11 17:41:31.652786 +0000 build-debian4: ..SNAPSHOT_REPO=current-testing \
2024-07-11 17:41:31.652794 +0000 build-debian4: ..TARGET_REPO=current \
2024-07-11 17:41:31.652805 +0000 build-debian4: ..UPDATE_REPO=/home/user/builder-r4.1/$repo_basedir/current/vm/buster \
2024-07-11 17:41:31.652818 +0000 build-debian4: ..SNAPSHOT_FILE=/home/user/builder-r4.1/repo-latest-snapshot/current-testing-vm-buster-`basename qubes-src/infrastructure` \
2024-07-11 17:41:31.652827 +0000 build-debian4: ..BUILD_LOG_URL= \
2024-07-11 17:41:31.652836 +0000 build-debian4: ..update-repo-from-snapshot || exit 1; \
2024-07-11 17:41:31.652847 +0000 build-debian4: elif make -C qubes-src/infrastructure -n update-repo-current >/dev/null 2>/dev/null; then \
2024-07-11 17:41:31.652857 +0000 build-debian4: .echo "Updating qubes-src/infrastructure... "; \
2024-07-11 17:41:31.652868 +0000 build-debian4: .DIST=buster UPDATE_REPO=/home/user/builder-r4.1/$repo_basedir/current/vm/buster \
2024-07-11 17:41:31.652879 +0000 build-debian4: .make -s -C qubes-src/infrastructure update-repo-current || exit 1; \
2024-07-11 17:41:31.652887 +0000 build-debian4: else \
2024-07-11 17:41:31.652897 +0000 build-debian4: .echo -n "Updating qubes-src/infrastructure... skipping."; \
2024-07-11 17:41:31.652905 +0000 build-debian4: fi; \
2024-07-11 17:41:31.652913 +0000 build-debian4: echo
2024-07-11 17:41:31.678285 +0000 build-debian4: Updating qubes-src/infrastructure... no packages.
2024-07-11 17:41:31.678328 +0000 build-debian4: Makefile:832: update target 'internal-update-repo-current.vm.buster' due to: target does not exist
2024-07-11 17:41:31.678359 +0000 build-debian4: true
2024-07-11 17:41:31.685161 +0000 build-debian4: Makefile:945: update target 'post-update-repo-current' due to: target does not exist
2024-07-11 17:41:31.685202 +0000 build-debian4: true
2024-07-11 17:41:31.687756 +0000 build-debian4: Makefile:819: update target 'update-repo-current' due to: target does not exist
2024-07-11 17:41:31.687793 +0000 build-debian4: true
2024-07-11 17:41:31.687804 +0000 build-debian4: > done
2024-07-11 17:41:31.687818 +0000 > closing log
