2019-09-16 16:53:07.032309 +0000 > starting log
2019-09-16 16:53:07.033310 +0000 build-debian4: > starting build with log
2019-09-16 16:53:07.033331 +0000 build-debian4: >> make args: update-repo-current
2019-09-16 16:53:07.033342 +0000 build-debian4: >> MAKEFLAGS=
2019-09-16 16:53:07.033351 +0000 build-debian4: >> COMPONENTS=manager
2019-09-16 16:53:07.033360 +0000 build-debian4: >> DISTS_VM=jessie stretch buster bullseye
2019-09-16 16:53:07.033368 +0000 build-debian4: >> DIST_DOM0=
2019-09-16 16:53:07.033377 +0000 build-debian4: >> qubes-builder f1f5c27e6f83f407d50a38011d9e05caeb52e145
2019-09-16 16:53:07.033388 +0000 build-debian4: >> qubes-builder/qubes-src/manager dde21e39ce4c554301827fe8d9ddc3d352e4464c
2019-09-16 16:53:07.033398 +0000 build-debian4: ================================================================================
2019-09-16 16:53:07.033408 +0000 build-debian4:                            B U I L D   I N F O                                  
2019-09-16 16:53:07.033418 +0000 build-debian4: Items in red indicate it was automatically generated by configuration file(s)
2019-09-16 16:53:07.033428 +0000 build-debian4: Items in white indicate it was automatically removed by configuration file(s)
2019-09-16 16:53:07.033439 +0000 build-debian4: ================================================================================
2019-09-16 16:53:07.033446 +0000 build-debian4: DISTS_VM:
2019-09-16 16:53:07.033476 +0000 build-debian4:      jessie+standard, stretch+standard, buster+standard, bullseye+standard, jessie stretch buster bullseye
2019-09-16 16:53:07.033485 +0000 build-debian4: DISTS_ALL:
2019-09-16 16:53:07.033494 +0000 build-debian4:      vm-bullseye, vm-buster, vm-jessie, vm-stretch,
2019-09-16 16:53:07.033501 +0000 build-debian4: DIST_DOM0:
2019-09-16 16:53:07.033508 +0000 build-debian4:     
2019-09-16 16:53:07.033515 +0000 build-debian4: BUILDER_PLUGINS:
2019-09-16 16:53:07.033524 +0000 build-debian4:      builder-debian, mgmt-salt, linux-deb, builder-github,
2019-09-16 16:53:07.033532 +0000 build-debian4: COMPONENTS:
2019-09-16 16:53:07.033539 +0000 build-debian4:      manager,
2019-09-16 16:53:07.033545 +0000 build-debian4: GIT_REPOS:
2019-09-16 16:53:07.033553 +0000 build-debian4:      qubes-src/manager,
2019-09-16 16:53:07.033560 +0000 build-debian4: TEMPLATE:
2019-09-16 16:53:07.033567 +0000 build-debian4:     
2019-09-16 16:53:07.033574 +0000 build-debian4: TEMPLATE_FLAVOR_DIR:
2019-09-16 16:53:07.033581 +0000 build-debian4:     
2019-09-16 16:53:07.033588 +0000 build-debian4: TEMPLATE_ALIAS:
2019-09-16 16:53:07.033779 +0000 build-debian4:      jessie:jessie+standard, jessie+gnome:jessie+gnome+standard,
2019-09-16 16:53:07.033805 +0000 build-debian4:      jessie+minimal:jessie+minimal+no-recommends, stretch:stretch+standard, stretch+gnome:stretch+gnome+standard,
2019-09-16 16:53:07.033819 +0000 build-debian4:      stretch+minimal:stretch+minimal+no-recommends, buster:buster+standard, buster+gnome:buster+gnome+standard,
2019-09-16 16:53:07.033831 +0000 build-debian4:      buster+minimal:buster+minimal+no-recommends, bullseye:bullseye+standard,
2019-09-16 16:53:07.033843 +0000 build-debian4:      bullseye+gnome:bullseye+gnome+standard, bullseye+minimal:bullseye+minimal+no-recommends,
2019-09-16 16:53:07.033853 +0000 build-debian4:      whonix-gateway:jessie+whonix-gateway+minimal+no-recommends,
2019-09-16 16:53:07.033863 +0000 build-debian4:      whonix-workstation:jessie+whonix-workstation+minimal+no-recommends,
2019-09-16 16:53:07.033873 +0000 build-debian4:      whonix-gateway-14:stretch+whonix-gateway+minimal+no-recommends,
2019-09-16 16:53:07.033884 +0000 build-debian4:      whonix-workstation-14:stretch+whonix-workstation+minimal+no-recommends,
2019-09-16 16:53:07.033894 +0000 build-debian4:      whonix-gateway-15:buster+whonix-gateway+minimal+no-recommends,
2019-09-16 16:53:07.033904 +0000 build-debian4:      whonix-workstation-15:buster+whonix-workstation+minimal+no-recommends,
2019-09-16 16:53:07.033912 +0000 build-debian4: TEMPLATE_LABEL:
2019-09-16 16:53:07.033922 +0000 build-debian4:      jessie+standard:debian-8, stretch+standard:debian-9, buster+standard:debian-10,
2019-09-16 16:53:07.033941 +0000 build-debian4:      bullseye+standard:bullseye-11, jessie+standard:jessie, stretch+standard:stretch,
2019-09-16 16:53:07.033953 +0000 build-debian4:      buster+standard:buster, bullseye+standard:bullseye, fc25:fedora-25 fc29:fedora-29
2019-09-16 16:53:07.033964 +0000 build-debian4:      fc30:fedora-30 fc31:fedora-31 fc29+minimal:fedora-29-minimal fc30+minimal:fedora-30-minimal
2019-09-16 16:53:07.033975 +0000 build-debian4:      fc31+minimal:fedora-31-minimal fc29+xfce:fedora-29-xfce fc30+xfce:fedora-30-xfce
2019-09-16 16:53:07.033986 +0000 build-debian4:      fc31+xfce:fedora-31-xfce wheezy:debian-7 wheezy+standard:debian-7 jessie:debian-8 stretch:debian-9
2019-09-16 16:53:07.033998 +0000 build-debian4:      buster:debian-10 bullseye:debian-11 jessie+whonix-gateway+minimal+no-recommends:whonix-gw
2019-09-16 16:53:07.034008 +0000 build-debian4:      jessie+whonix-workstation+minimal+no-recommends:whonix-ws
2019-09-16 16:53:07.034017 +0000 build-debian4:      stretch+whonix-gateway+minimal+no-recommends:whonix-gw-14
2019-09-16 16:53:07.034027 +0000 build-debian4:      stretch+whonix-workstation+minimal+no-recommends:whonix-ws-14
2019-09-16 16:53:07.034036 +0000 build-debian4:      buster+whonix-gateway+minimal+no-recommends:whonix-gw-15
2019-09-16 16:53:07.034047 +0000 build-debian4:      buster+whonix-workstation+minimal+no-recommends:whonix-ws-15 centos7:centos-7
2019-09-16 16:53:07.034056 +0000 build-debian4:      centos7+minimal:centos-7-minimal centos7+xfce:centos-7-xfce
2019-09-16 16:53:07.044206 +0000 build-debian4: > running make
2019-09-16 16:53:07.054834 +0000 build-debian4: Makefile:812: target 'internal-update-repo-current.vm.bullseye.manager' does not exist
2019-09-16 16:53:07.054880 +0000 build-debian4: repo_base_var="LINUX_REPO_bullseye_BASEDIR"; \
2019-09-16 16:53:07.054893 +0000 build-debian4: if [ "manager" = linux-template-builder ]; then \
2019-09-16 16:53:07.054906 +0000 build-debian4: .# templates belongs to dom0 repository, even though PACKAGE_SET=vm
2019-09-16 16:53:07.054917 +0000 build-debian4: repo_base_var="LINUX_REPO__BASEDIR"; \
2019-09-16 16:53:07.054926 +0000 build-debian4: fi; \
2019-09-16 16:53:07.054936 +0000 build-debian4: if [ -n "${!repo_base_var}" ]; then \
2019-09-16 16:53:07.054944 +0000 build-debian4: .repo_basedir="${!repo_base_var}"; \
2019-09-16 16:53:07.054952 +0000 build-debian4: else \
2019-09-16 16:53:07.054961 +0000 build-debian4: .repo_basedir="qubes-src/linux-deb/r4.0"; \
2019-09-16 16:53:07.054968 +0000 build-debian4: fi; \
2019-09-16 16:53:07.054977 +0000 build-debian4: if [ -r qubes-src/manager/Makefile.builder ]; then \
2019-09-16 16:53:07.054986 +0000 build-debian4: .echo -n "Updating qubes-src/manager... "; \
2019-09-16 16:53:07.054995 +0000 build-debian4: .if [ "0" -eq 1 ]; then \
2019-09-16 16:53:07.055005 +0000 build-debian4: ..vtag=`git -C qubes-src/manager tag --points-at HEAD --list v*`; \
2019-09-16 16:53:07.055013 +0000 build-debian4: ..if [ -z "$vtag" ]; then \
2019-09-16 16:53:07.055021 +0000 build-debian4: ...echo "no version tag"; \
2019-09-16 16:53:07.055029 +0000 build-debian4: ...exit 0; \
2019-09-16 16:53:07.055036 +0000 build-debian4: ..fi; \
2019-09-16 16:53:07.055043 +0000 build-debian4: .fi; \
2019-09-16 16:53:07.055052 +0000 build-debian4: .if [ "manager" = linux-template-builder ]; then
2019-09-16 16:53:07.055065 +0000 build-debian4: export TEMPLATE_NAME=$(MAKEFLAGS= make -s -C qubes-src/linux-template-builder DIST=bullseye template-name)
2019-09-16 16:53:07.055073 +0000 build-debian4: fi
2019-09-16 16:53:07.055090 +0000 build-debian4: component_packages=$(MAKEFLAGS= make -s -f Makefile.generic DIST=bullseye PACKAGE_SET=vm COMPONENT=`basename qubes-src/manager` UPDATE_REPO=/home/user/builder-r4.0/$repo_basedir/current/vm/bullseye get-var GET_VAR=PACKAGE_LIST); \
2019-09-16 16:53:07.055101 +0000 build-debian4: .if [ -z "$component_packages" ]; then \
2019-09-16 16:53:07.055109 +0000 build-debian4: ..echo "no packages."; \
2019-09-16 16:53:07.055117 +0000 build-debian4: ..exit 0; \
2019-09-16 16:53:07.055136 +0000 build-debian4: .fi; \
2019-09-16 16:53:07.055146 +0000 build-debian4: .make -s -f Makefile.generic DIST=bullseye PACKAGE_SET=vm \
2019-09-16 16:53:07.055155 +0000 build-debian4: ..COMPONENT=`basename qubes-src/manager` \
2019-09-16 16:53:07.055163 +0000 build-debian4: ..SNAPSHOT_REPO=current-testing \
2019-09-16 16:53:07.055171 +0000 build-debian4: ..TARGET_REPO=current \
2019-09-16 16:53:07.055181 +0000 build-debian4: ..UPDATE_REPO=/home/user/builder-r4.0/$repo_basedir/current/vm/bullseye \
2019-09-16 16:53:07.055194 +0000 build-debian4: ..SNAPSHOT_FILE=/home/user/builder-r4.0/repo-latest-snapshot/current-testing-vm-bullseye-`basename qubes-src/manager` \
2019-09-16 16:53:07.055203 +0000 build-debian4: ..BUILD_LOG_URL= \
2019-09-16 16:53:07.055211 +0000 build-debian4: ..update-repo-from-snapshot || exit 1; \
2019-09-16 16:53:07.055222 +0000 build-debian4: elif make -C qubes-src/manager -n update-repo-current >/dev/null 2>/dev/null; then \
2019-09-16 16:53:07.055231 +0000 build-debian4: .echo "Updating qubes-src/manager... "; \
2019-09-16 16:53:07.055242 +0000 build-debian4: .DIST=bullseye UPDATE_REPO=/home/user/builder-r4.0/$repo_basedir/current/vm/bullseye \
2019-09-16 16:53:07.055252 +0000 build-debian4: .make -s -C qubes-src/manager update-repo-current || exit 1; \
2019-09-16 16:53:07.055259 +0000 build-debian4: else \
2019-09-16 16:53:07.055268 +0000 build-debian4: .echo -n "Updating qubes-src/manager... skipping."; \
2019-09-16 16:53:07.055275 +0000 build-debian4: fi; \
2019-09-16 16:53:07.055282 +0000 build-debian4: echo
2019-09-16 16:53:07.072718 +0000 build-debian4: Updating qubes-src/manager... no packages.
2019-09-16 16:53:07.072900 +0000 build-debian4: Makefile:785: update target 'internal-update-repo-current.vm.bullseye' due to: internal-update-repo-current.vm.bullseye.manager
2019-09-16 16:53:07.072955 +0000 build-debian4: true
2019-09-16 16:53:07.073893 +0000 build-debian4: Makefile:812: target 'internal-update-repo-current.vm.buster.manager' does not exist
2019-09-16 16:53:07.073923 +0000 build-debian4: repo_base_var="LINUX_REPO_buster_BASEDIR"; \
2019-09-16 16:53:07.073936 +0000 build-debian4: if [ "manager" = linux-template-builder ]; then \
2019-09-16 16:53:07.073949 +0000 build-debian4: .# templates belongs to dom0 repository, even though PACKAGE_SET=vm
2019-09-16 16:53:07.073959 +0000 build-debian4: repo_base_var="LINUX_REPO__BASEDIR"; \
2019-09-16 16:53:07.073967 +0000 build-debian4: fi; \
2019-09-16 16:53:07.073977 +0000 build-debian4: if [ -n "${!repo_base_var}" ]; then \
2019-09-16 16:53:07.073985 +0000 build-debian4: .repo_basedir="${!repo_base_var}"; \
2019-09-16 16:53:07.073992 +0000 build-debian4: else \
2019-09-16 16:53:07.074001 +0000 build-debian4: .repo_basedir="qubes-src/linux-deb/r4.0"; \
2019-09-16 16:53:07.074008 +0000 build-debian4: fi; \
2019-09-16 16:53:07.074017 +0000 build-debian4: if [ -r qubes-src/manager/Makefile.builder ]; then \
2019-09-16 16:53:07.074026 +0000 build-debian4: .echo -n "Updating qubes-src/manager... "; \
2019-09-16 16:53:07.074034 +0000 build-debian4: .if [ "0" -eq 1 ]; then \
2019-09-16 16:53:07.074045 +0000 build-debian4: ..vtag=`git -C qubes-src/manager tag --points-at HEAD --list v*`; \
2019-09-16 16:53:07.074053 +0000 build-debian4: ..if [ -z "$vtag" ]; then \
2019-09-16 16:53:07.074061 +0000 build-debian4: ...echo "no version tag"; \
2019-09-16 16:53:07.074069 +0000 build-debian4: ...exit 0; \
2019-09-16 16:53:07.074076 +0000 build-debian4: ..fi; \
2019-09-16 16:53:07.074083 +0000 build-debian4: .fi; \
2019-09-16 16:53:07.074092 +0000 build-debian4: .if [ "manager" = linux-template-builder ]; then
2019-09-16 16:53:07.074105 +0000 build-debian4: export TEMPLATE_NAME=$(MAKEFLAGS= make -s -C qubes-src/linux-template-builder DIST=buster template-name)
2019-09-16 16:53:07.074113 +0000 build-debian4: fi
2019-09-16 16:53:07.074131 +0000 build-debian4: component_packages=$(MAKEFLAGS= make -s -f Makefile.generic DIST=buster PACKAGE_SET=vm COMPONENT=`basename qubes-src/manager` UPDATE_REPO=/home/user/builder-r4.0/$repo_basedir/current/vm/buster get-var GET_VAR=PACKAGE_LIST); \
2019-09-16 16:53:07.074153 +0000 build-debian4: .if [ -z "$component_packages" ]; then \
2019-09-16 16:53:07.074162 +0000 build-debian4: ..echo "no packages."; \
2019-09-16 16:53:07.074171 +0000 build-debian4: ..exit 0; \
2019-09-16 16:53:07.074178 +0000 build-debian4: .fi; \
2019-09-16 16:53:07.074187 +0000 build-debian4: .make -s -f Makefile.generic DIST=buster PACKAGE_SET=vm \
2019-09-16 16:53:07.074196 +0000 build-debian4: ..COMPONENT=`basename qubes-src/manager` \
2019-09-16 16:53:07.074205 +0000 build-debian4: ..SNAPSHOT_REPO=current-testing \
2019-09-16 16:53:07.074213 +0000 build-debian4: ..TARGET_REPO=current \
2019-09-16 16:53:07.074223 +0000 build-debian4: ..UPDATE_REPO=/home/user/builder-r4.0/$repo_basedir/current/vm/buster \
2019-09-16 16:53:07.074235 +0000 build-debian4: ..SNAPSHOT_FILE=/home/user/builder-r4.0/repo-latest-snapshot/current-testing-vm-buster-`basename qubes-src/manager` \
2019-09-16 16:53:07.074244 +0000 build-debian4: ..BUILD_LOG_URL= \
2019-09-16 16:53:07.074252 +0000 build-debian4: ..update-repo-from-snapshot || exit 1; \
2019-09-16 16:53:07.074263 +0000 build-debian4: elif make -C qubes-src/manager -n update-repo-current >/dev/null 2>/dev/null; then \
2019-09-16 16:53:07.074272 +0000 build-debian4: .echo "Updating qubes-src/manager... "; \
2019-09-16 16:53:07.074282 +0000 build-debian4: .DIST=buster UPDATE_REPO=/home/user/builder-r4.0/$repo_basedir/current/vm/buster \
2019-09-16 16:53:07.074293 +0000 build-debian4: .make -s -C qubes-src/manager update-repo-current || exit 1; \
2019-09-16 16:53:07.074300 +0000 build-debian4: else \
2019-09-16 16:53:07.074309 +0000 build-debian4: .echo -n "Updating qubes-src/manager... skipping."; \
2019-09-16 16:53:07.074316 +0000 build-debian4: fi; \
2019-09-16 16:53:07.074323 +0000 build-debian4: echo
2019-09-16 16:53:07.091609 +0000 build-debian4: Updating qubes-src/manager... no packages.
2019-09-16 16:53:07.091663 +0000 build-debian4: Makefile:785: update target 'internal-update-repo-current.vm.buster' due to: internal-update-repo-current.vm.buster.manager
2019-09-16 16:53:07.091676 +0000 build-debian4: true
2019-09-16 16:53:07.092908 +0000 build-debian4: Makefile:812: target 'internal-update-repo-current.vm.jessie.manager' does not exist
2019-09-16 16:53:07.092944 +0000 build-debian4: repo_base_var="LINUX_REPO_jessie_BASEDIR"; \
2019-09-16 16:53:07.092956 +0000 build-debian4: if [ "manager" = linux-template-builder ]; then \
2019-09-16 16:53:07.092968 +0000 build-debian4: .# templates belongs to dom0 repository, even though PACKAGE_SET=vm
2019-09-16 16:53:07.092978 +0000 build-debian4: repo_base_var="LINUX_REPO__BASEDIR"; \
2019-09-16 16:53:07.092986 +0000 build-debian4: fi; \
2019-09-16 16:53:07.092995 +0000 build-debian4: if [ -n "${!repo_base_var}" ]; then \
2019-09-16 16:53:07.093004 +0000 build-debian4: .repo_basedir="${!repo_base_var}"; \
2019-09-16 16:53:07.093011 +0000 build-debian4: else \
2019-09-16 16:53:07.093020 +0000 build-debian4: .repo_basedir="qubes-src/linux-deb/r4.0"; \
2019-09-16 16:53:07.093027 +0000 build-debian4: fi; \
2019-09-16 16:53:07.093036 +0000 build-debian4: if [ -r qubes-src/manager/Makefile.builder ]; then \
2019-09-16 16:53:07.093046 +0000 build-debian4: .echo -n "Updating qubes-src/manager... "; \
2019-09-16 16:53:07.093054 +0000 build-debian4: .if [ "0" -eq 1 ]; then \
2019-09-16 16:53:07.093064 +0000 build-debian4: ..vtag=`git -C qubes-src/manager tag --points-at HEAD --list v*`; \
2019-09-16 16:53:07.093072 +0000 build-debian4: ..if [ -z "$vtag" ]; then \
2019-09-16 16:53:07.093080 +0000 build-debian4: ...echo "no version tag"; \
2019-09-16 16:53:07.093088 +0000 build-debian4: ...exit 0; \
2019-09-16 16:53:07.093095 +0000 build-debian4: ..fi; \
2019-09-16 16:53:07.093102 +0000 build-debian4: .fi; \
2019-09-16 16:53:07.093111 +0000 build-debian4: .if [ "manager" = linux-template-builder ]; then
2019-09-16 16:53:07.093124 +0000 build-debian4: export TEMPLATE_NAME=$(MAKEFLAGS= make -s -C qubes-src/linux-template-builder DIST=jessie template-name)
2019-09-16 16:53:07.093143 +0000 build-debian4: fi
2019-09-16 16:53:07.093161 +0000 build-debian4: component_packages=$(MAKEFLAGS= make -s -f Makefile.generic DIST=jessie PACKAGE_SET=vm COMPONENT=`basename qubes-src/manager` UPDATE_REPO=/home/user/builder-r4.0/$repo_basedir/current/vm/jessie get-var GET_VAR=PACKAGE_LIST); \
2019-09-16 16:53:07.093174 +0000 build-debian4: .if [ -z "$component_packages" ]; then \
2019-09-16 16:53:07.093182 +0000 build-debian4: ..echo "no packages."; \
2019-09-16 16:53:07.093189 +0000 build-debian4: ..exit 0; \
2019-09-16 16:53:07.093196 +0000 build-debian4: .fi; \
2019-09-16 16:53:07.093205 +0000 build-debian4: .make -s -f Makefile.generic DIST=jessie PACKAGE_SET=vm \
2019-09-16 16:53:07.093214 +0000 build-debian4: ..COMPONENT=`basename qubes-src/manager` \
2019-09-16 16:53:07.093223 +0000 build-debian4: ..SNAPSHOT_REPO=current-testing \
2019-09-16 16:53:07.093230 +0000 build-debian4: ..TARGET_REPO=current \
2019-09-16 16:53:07.093240 +0000 build-debian4: ..UPDATE_REPO=/home/user/builder-r4.0/$repo_basedir/current/vm/jessie \
2019-09-16 16:53:07.093253 +0000 build-debian4: ..SNAPSHOT_FILE=/home/user/builder-r4.0/repo-latest-snapshot/current-testing-vm-jessie-`basename qubes-src/manager` \
2019-09-16 16:53:07.093261 +0000 build-debian4: ..BUILD_LOG_URL= \
2019-09-16 16:53:07.093270 +0000 build-debian4: ..update-repo-from-snapshot || exit 1; \
2019-09-16 16:53:07.093280 +0000 build-debian4: elif make -C qubes-src/manager -n update-repo-current >/dev/null 2>/dev/null; then \
2019-09-16 16:53:07.093289 +0000 build-debian4: .echo "Updating qubes-src/manager... "; \
2019-09-16 16:53:07.093300 +0000 build-debian4: .DIST=jessie UPDATE_REPO=/home/user/builder-r4.0/$repo_basedir/current/vm/jessie \
2019-09-16 16:53:07.093310 +0000 build-debian4: .make -s -C qubes-src/manager update-repo-current || exit 1; \
2019-09-16 16:53:07.093317 +0000 build-debian4: else \
2019-09-16 16:53:07.093326 +0000 build-debian4: .echo -n "Updating qubes-src/manager... skipping."; \
2019-09-16 16:53:07.093333 +0000 build-debian4: fi; \
2019-09-16 16:53:07.093340 +0000 build-debian4: echo
2019-09-16 16:53:07.110567 +0000 build-debian4: Updating qubes-src/manager... no packages.
2019-09-16 16:53:07.110620 +0000 build-debian4: Makefile:785: update target 'internal-update-repo-current.vm.jessie' due to: internal-update-repo-current.vm.jessie.manager
2019-09-16 16:53:07.110633 +0000 build-debian4: true
2019-09-16 16:53:07.111731 +0000 build-debian4: Makefile:812: target 'internal-update-repo-current.vm.stretch.manager' does not exist
2019-09-16 16:53:07.111760 +0000 build-debian4: repo_base_var="LINUX_REPO_stretch_BASEDIR"; \
2019-09-16 16:53:07.111771 +0000 build-debian4: if [ "manager" = linux-template-builder ]; then \
2019-09-16 16:53:07.111783 +0000 build-debian4: .# templates belongs to dom0 repository, even though PACKAGE_SET=vm
2019-09-16 16:53:07.111792 +0000 build-debian4: repo_base_var="LINUX_REPO__BASEDIR"; \
2019-09-16 16:53:07.111799 +0000 build-debian4: fi; \
2019-09-16 16:53:07.111809 +0000 build-debian4: if [ -n "${!repo_base_var}" ]; then \
2019-09-16 16:53:07.111817 +0000 build-debian4: .repo_basedir="${!repo_base_var}"; \
2019-09-16 16:53:07.111825 +0000 build-debian4: else \
2019-09-16 16:53:07.111833 +0000 build-debian4: .repo_basedir="qubes-src/linux-deb/r4.0"; \
2019-09-16 16:53:07.111841 +0000 build-debian4: fi; \
2019-09-16 16:53:07.111850 +0000 build-debian4: if [ -r qubes-src/manager/Makefile.builder ]; then \
2019-09-16 16:53:07.111859 +0000 build-debian4: .echo -n "Updating qubes-src/manager... "; \
2019-09-16 16:53:07.111867 +0000 build-debian4: .if [ "0" -eq 1 ]; then \
2019-09-16 16:53:07.111878 +0000 build-debian4: ..vtag=`git -C qubes-src/manager tag --points-at HEAD --list v*`; \
2019-09-16 16:53:07.111886 +0000 build-debian4: ..if [ -z "$vtag" ]; then \
2019-09-16 16:53:07.111894 +0000 build-debian4: ...echo "no version tag"; \
2019-09-16 16:53:07.111901 +0000 build-debian4: ...exit 0; \
2019-09-16 16:53:07.111909 +0000 build-debian4: ..fi; \
2019-09-16 16:53:07.111916 +0000 build-debian4: .fi; \
2019-09-16 16:53:07.111935 +0000 build-debian4: .if [ "manager" = linux-template-builder ]; then
2019-09-16 16:53:07.111949 +0000 build-debian4: export TEMPLATE_NAME=$(MAKEFLAGS= make -s -C qubes-src/linux-template-builder DIST=stretch template-name)
2019-09-16 16:53:07.111957 +0000 build-debian4: fi
2019-09-16 16:53:07.111974 +0000 build-debian4: component_packages=$(MAKEFLAGS= make -s -f Makefile.generic DIST=stretch PACKAGE_SET=vm COMPONENT=`basename qubes-src/manager` UPDATE_REPO=/home/user/builder-r4.0/$repo_basedir/current/vm/stretch get-var GET_VAR=PACKAGE_LIST); \
2019-09-16 16:53:07.111986 +0000 build-debian4: .if [ -z "$component_packages" ]; then \
2019-09-16 16:53:07.111994 +0000 build-debian4: ..echo "no packages."; \
2019-09-16 16:53:07.112001 +0000 build-debian4: ..exit 0; \
2019-09-16 16:53:07.112008 +0000 build-debian4: .fi; \
2019-09-16 16:53:07.112018 +0000 build-debian4: .make -s -f Makefile.generic DIST=stretch PACKAGE_SET=vm \
2019-09-16 16:53:07.112027 +0000 build-debian4: ..COMPONENT=`basename qubes-src/manager` \
2019-09-16 16:53:07.112035 +0000 build-debian4: ..SNAPSHOT_REPO=current-testing \
2019-09-16 16:53:07.112043 +0000 build-debian4: ..TARGET_REPO=current \
2019-09-16 16:53:07.112053 +0000 build-debian4: ..UPDATE_REPO=/home/user/builder-r4.0/$repo_basedir/current/vm/stretch \
2019-09-16 16:53:07.112066 +0000 build-debian4: ..SNAPSHOT_FILE=/home/user/builder-r4.0/repo-latest-snapshot/current-testing-vm-stretch-`basename qubes-src/manager` \
2019-09-16 16:53:07.112074 +0000 build-debian4: ..BUILD_LOG_URL= \
2019-09-16 16:53:07.112083 +0000 build-debian4: ..update-repo-from-snapshot || exit 1; \
2019-09-16 16:53:07.112093 +0000 build-debian4: elif make -C qubes-src/manager -n update-repo-current >/dev/null 2>/dev/null; then \
2019-09-16 16:53:07.112102 +0000 build-debian4: .echo "Updating qubes-src/manager... "; \
2019-09-16 16:53:07.112113 +0000 build-debian4: .DIST=stretch UPDATE_REPO=/home/user/builder-r4.0/$repo_basedir/current/vm/stretch \
2019-09-16 16:53:07.112123 +0000 build-debian4: .make -s -C qubes-src/manager update-repo-current || exit 1; \
2019-09-16 16:53:07.112130 +0000 build-debian4: else \
2019-09-16 16:53:07.112139 +0000 build-debian4: .echo -n "Updating qubes-src/manager... skipping."; \
2019-09-16 16:53:07.112146 +0000 build-debian4: fi; \
2019-09-16 16:53:07.112153 +0000 build-debian4: echo
2019-09-16 16:53:07.129628 +0000 build-debian4: Updating qubes-src/manager... no packages.
2019-09-16 16:53:07.129772 +0000 build-debian4: Makefile:785: update target 'internal-update-repo-current.vm.stretch' due to: internal-update-repo-current.vm.stretch.manager
2019-09-16 16:53:07.129792 +0000 build-debian4: true
2019-09-16 16:53:07.130766 +0000 build-debian4: Makefile:866: target 'post-update-repo-current' does not exist
2019-09-16 16:53:07.130792 +0000 build-debian4: for dist in  bullseye buster jessie stretch; do \
2019-09-16 16:53:07.130805 +0000 build-debian4: .repo_base_var="LINUX_REPO_${dist}_BASEDIR"; \
2019-09-16 16:53:07.130815 +0000 build-debian4: .if [ -n "${!repo_base_var}" ]; then \
2019-09-16 16:53:07.130824 +0000 build-debian4: ..repo_basedir="${!repo_base_var}"; \
2019-09-16 16:53:07.130832 +0000 build-debian4: .else \
2019-09-16 16:53:07.130842 +0000 build-debian4: ..repo_basedir="qubes-src/linux-deb/r4.0"; \
2019-09-16 16:53:07.130849 +0000 build-debian4: .fi; \
2019-09-16 16:53:07.130859 +0000 build-debian4: .repos_to_update="$repos_to_update $repo_basedir"; \
2019-09-16 16:53:07.130866 +0000 build-debian4: done; \
2019-09-16 16:53:07.130874 +0000 build-debian4: pkgset_dist= ; \
2019-09-16 16:53:07.130882 +0000 build-debian4: for dist in ; do \
2019-09-16 16:53:07.130891 +0000 build-debian4: .pkgset_dist="$pkgset_dist dom0/$dist"; \
2019-09-16 16:53:07.130898 +0000 build-debian4: done; \
2019-09-16 16:53:07.130908 +0000 build-debian4: for dist in bullseye buster jessie stretch; do \
2019-09-16 16:53:07.130919 +0000 build-debian4: .pkgset_dist="$pkgset_dist vm/$dist"; \
2019-09-16 16:53:07.130926 +0000 build-debian4: done; \
2019-09-16 16:53:07.130946 +0000 build-debian4: for repo in `echo $repos_to_update|tr ' ' '\n'|sort|uniq`; do \
2019-09-16 16:53:07.130955 +0000 build-debian4: .[ -z "$repo" ] && continue; \
2019-09-16 16:53:07.130965 +0000 build-debian4: .[ -x "$repo/../update_repo-current.sh" ] || continue; \
2019-09-16 16:53:07.130975 +0000 build-debian4: .(cd $repo/.. && ./update_repo-current.sh r4.0 $pkgset_dist); \
2019-09-16 16:53:07.130982 +0000 build-debian4: done
2019-09-16 16:53:07.137551 +0000 build-debian4: --> Processing repo: r4.0/vm/dists/bullseye...
2019-09-16 16:53:07.377397 +0000 build-debian4: --> Processing repo: r4.0/vm/dists/buster...
2019-09-16 16:53:07.924883 +0000 build-debian4: --> Processing repo: r4.0/vm/dists/jessie...
2019-09-16 16:53:08.257811 +0000 build-debian4: --> Processing repo: r4.0/vm/dists/stretch...
2019-09-16 16:53:08.626920 +0000 build-debian4: Done.
2019-09-16 16:53:08.626970 +0000 build-debian4: ~/builder-r4.0/qubes-src/linux-deb ~/builder-r4.0/qubes-src/linux-deb
2019-09-16 16:53:09.299554 +0000 build-debian4: sending incremental file list
2019-09-16 16:53:09.500789 +0000 build-debian4: Syncing r4.0/vm/bullseye...
2019-09-16 16:53:09.648556 +0000 build-debian4: sending incremental file list
2019-09-16 16:53:09.687902 +0000 build-debian4: .d..t...... bullseye/
2019-09-16 16:53:09.687945 +0000 build-debian4: <f..t...... bullseye/InRelease
2019-09-16 16:53:09.687963 +0000 build-debian4: .            700  28%    0.00kB/s    0:00:00  .          2,498 100%    1.71MB/s    0:00:00 (xfr#1, to-chk=10/12)
2019-09-16 16:53:09.687974 +0000 build-debian4: <f..t...... bullseye/Release.gpg
2019-09-16 16:53:09.687987 +0000 build-debian4: .            833 100%  813.48kB/s    0:00:00  .            833 100%  813.48kB/s    0:00:00 (xfr#2, to-chk=8/12)
2019-09-16 16:53:09.786422 +0000 build-debian4: Syncing r4.0/vm/bullseye-securitytesting...
2019-09-16 16:53:09.932104 +0000 build-debian4: sending incremental file list
2019-09-16 16:53:10.089717 +0000 build-debian4: Syncing r4.0/vm/bullseye-testing...
2019-09-16 16:53:10.246012 +0000 build-debian4: sending incremental file list
2019-09-16 16:53:10.344289 +0000 build-debian4: Syncing r4.0/vm/buster...
2019-09-16 16:53:10.483423 +0000 build-debian4: sending incremental file list
2019-09-16 16:53:10.520260 +0000 build-debian4: .d..t...... buster/
2019-09-16 16:53:10.520303 +0000 build-debian4: <f..t...... buster/InRelease
2019-09-16 16:53:10.520321 +0000 build-debian4: .            700  28%    0.00kB/s    0:00:00  .          2,500 100%    1.72MB/s    0:00:00 (xfr#1, to-chk=10/12)
2019-09-16 16:53:10.520332 +0000 build-debian4: <f..t...... buster/Release.gpg
2019-09-16 16:53:10.520345 +0000 build-debian4: .            833 100%  813.48kB/s    0:00:00  .            833 100%  813.48kB/s    0:00:00 (xfr#2, to-chk=8/12)
2019-09-16 16:53:10.599498 +0000 build-debian4: Syncing r4.0/vm/buster-securitytesting...
2019-09-16 16:53:10.739871 +0000 build-debian4: sending incremental file list
2019-09-16 16:53:10.841939 +0000 build-debian4: Syncing r4.0/vm/buster-testing...
2019-09-16 16:53:10.992352 +0000 build-debian4: sending incremental file list
2019-09-16 16:53:11.081182 +0000 build-debian4: Syncing r4.0/vm/jessie...
2019-09-16 16:53:11.247467 +0000 build-debian4: sending incremental file list
2019-09-16 16:53:11.281366 +0000 build-debian4: .d..t...... jessie/
2019-09-16 16:53:11.281410 +0000 build-debian4: <f..t...... jessie/InRelease
2019-09-16 16:53:11.281428 +0000 build-debian4: .            700  28%    0.00kB/s    0:00:00  .          2,500 100%    1.72MB/s    0:00:00 (xfr#1, to-chk=10/12)
2019-09-16 16:53:11.281439 +0000 build-debian4: <f..t...... jessie/Release.gpg
2019-09-16 16:53:11.281474 +0000 build-debian4: .            833 100%  813.48kB/s    0:00:00  .            833 100%  813.48kB/s    0:00:00 (xfr#2, to-chk=8/12)
2019-09-16 16:53:11.364303 +0000 build-debian4: Syncing r4.0/vm/jessie-securitytesting...
2019-09-16 16:53:11.502560 +0000 build-debian4: sending incremental file list
2019-09-16 16:53:11.604029 +0000 build-debian4: Syncing r4.0/vm/jessie-testing...
2019-09-16 16:53:11.763591 +0000 build-debian4: sending incremental file list
2019-09-16 16:53:11.872152 +0000 build-debian4: Syncing r4.0/vm/stretch...
2019-09-16 16:53:12.018906 +0000 build-debian4: sending incremental file list
2019-09-16 16:53:12.055737 +0000 build-debian4: .d..t...... stretch/
2019-09-16 16:53:12.055781 +0000 build-debian4: <f..t...... stretch/InRelease
2019-09-16 16:53:12.055799 +0000 build-debian4: .            700  27%    0.00kB/s    0:00:00  .          2,502 100%    1.72MB/s    0:00:00 (xfr#1, to-chk=10/12)
2019-09-16 16:53:12.055810 +0000 build-debian4: <f..t...... stretch/Release.gpg
2019-09-16 16:53:12.055823 +0000 build-debian4: .            833 100%  813.48kB/s    0:00:00  .            833 100%  813.48kB/s    0:00:00 (xfr#2, to-chk=8/12)
2019-09-16 16:53:12.140445 +0000 build-debian4: Syncing r4.0/vm/stretch-securitytesting...
2019-09-16 16:53:12.282417 +0000 build-debian4: sending incremental file list
2019-09-16 16:53:12.373413 +0000 build-debian4: Syncing r4.0/vm/stretch-testing...
2019-09-16 16:53:12.517208 +0000 build-debian4: sending incremental file list
2019-09-16 16:53:12.592393 +0000 build-debian4: ~/builder-r4.0/qubes-src/linux-deb
2019-09-16 16:53:12.592865 +0000 build-debian4: Makefile:772: update target 'update-repo-current' due to: internal-update-repo-current.vm.bullseye internal-update-repo-current.vm.buster internal-update-repo-current.vm.jessie internal-update-repo-current.vm.stretch post-update-repo-current
2019-09-16 16:53:12.592898 +0000 build-debian4: true
2019-09-16 16:53:12.594699 +0000 build-debian4: > done
2019-09-16 16:54:12.652525 +0000 > closing log
