2021-08-31 02:09:56.119554 +0000 > starting log
2021-08-31 02:09:56.124675 +0000 build-debian4: > starting build with log
2021-08-31 02:09:56.124699 +0000 build-debian4: >> make args: update-repo-current
2021-08-31 02:09:56.124707 +0000 build-debian4: >> MAKEFLAGS=
2021-08-31 02:09:56.124715 +0000 build-debian4: >> COMPONENTS=xdotool
2021-08-31 02:09:56.124722 +0000 build-debian4: >> DISTS_VM=stretch buster bullseye
2021-08-31 02:09:56.124728 +0000 build-debian4: >> DIST_DOM0=
2021-08-31 02:09:56.124737 +0000 build-debian4: >> qubes-builder b9f0322e4f311561d3910b65396e428990b70f6a
2021-08-31 02:09:56.586574 +0000 build-debian4: >> qubes-builder/qubes-src/xdotool 33d8154398a11b1b94c3ff8075b6e367ffa5ea2d
2021-08-31 02:09:56.627596 +0000 build-debian4: !! xdotool-3.20210804.2.tar.gz
2021-08-31 02:09:56.632902 +0000 build-debian4: 45eaa0a2bdff0bdbd8bbe1374e72d58beccdc908581d40867dbacb4209a6273b040b332a6b95ddc8e7fa8d018734c016c1687f1d6963395da3f100799ffa079d  xdotool-3.20210804.2.tar.gz
2021-08-31 02:09:57.069023 +0000 build-debian4: ================================================================================
2021-08-31 02:09:57.069076 +0000 build-debian4:                            B U I L D   I N F O                                  
2021-08-31 02:09:57.069089 +0000 build-debian4: Items in red indicate it was automatically generated by configuration file(s)
2021-08-31 02:09:57.069100 +0000 build-debian4: Items in white indicate it was automatically removed by configuration file(s)
2021-08-31 02:09:57.069110 +0000 build-debian4: ================================================================================
2021-08-31 02:09:57.069117 +0000 build-debian4: DISTS_VM:
2021-08-31 02:09:57.133460 +0000 build-debian4:      stretch+standard, buster+standard, bullseye+standard, stretch buster bullseye
2021-08-31 02:09:57.133507 +0000 build-debian4: DISTS_ALL:
2021-08-31 02:09:57.165673 +0000 build-debian4:      vm-bullseye, vm-buster, vm-stretch,
2021-08-31 02:09:57.165718 +0000 build-debian4: DIST_DOM0:
2021-08-31 02:09:57.187951 +0000 build-debian4:     
2021-08-31 02:09:57.187996 +0000 build-debian4: BUILDER_PLUGINS:
2021-08-31 02:09:57.217017 +0000 build-debian4:      builder-debian, mgmt-salt, linux-deb, release-configs, builder-github,
2021-08-31 02:09:57.236062 +0000 build-debian4: COMPONENTS:
2021-08-31 02:09:57.238346 +0000 build-debian4:      xdotool,
2021-08-31 02:09:57.239559 +0000 build-debian4: GIT_REPOS:
2021-08-31 02:09:57.282248 +0000 build-debian4:      qubes-src/xdotool,
2021-08-31 02:09:57.307711 +0000 build-debian4: TEMPLATE:
2021-08-31 02:09:57.327376 +0000 build-debian4:     
2021-08-31 02:09:57.328605 +0000 build-debian4: TEMPLATE_FLAVOR_DIR:
2021-08-31 02:09:57.364775 +0000 build-debian4:     
2021-08-31 02:09:57.364821 +0000 build-debian4: TEMPLATE_ALIAS:
2021-08-31 02:09:57.385728 +0000 build-debian4:      stretch:stretch+standard, stretch+gnome:stretch+gnome+standard,
2021-08-31 02:09:57.385773 +0000 build-debian4:      stretch+minimal:stretch+minimal+no-recommends, buster:buster+standard,
2021-08-31 02:09:57.385786 +0000 build-debian4:      buster+gnome:buster+gnome+standard, buster+minimal:buster+minimal+no-recommends,
2021-08-31 02:09:57.385796 +0000 build-debian4:      bullseye:bullseye+standard, bullseye+gnome:bullseye+gnome+standard,
2021-08-31 02:09:57.385806 +0000 build-debian4:      bullseye+minimal:bullseye+minimal+no-recommends, bionic:bionic+standard,
2021-08-31 02:09:57.385817 +0000 build-debian4:      focal:focal+standard, whonix-gateway-14:stretch+whonix-gateway+minimal+no-recommends,
2021-08-31 02:09:57.385827 +0000 build-debian4:      whonix-workstation-14:stretch+whonix-workstation+minimal+no-recommends,
2021-08-31 02:09:57.385836 +0000 build-debian4:      whonix-gateway-15:buster+whonix-gateway+minimal+no-recommends,
2021-08-31 02:09:57.385846 +0000 build-debian4:      whonix-workstation-15:buster+whonix-workstation+minimal+no-recommends,
2021-08-31 02:09:57.385852 +0000 build-debian4: TEMPLATE_LABEL:
2021-08-31 02:09:57.397295 +0000 build-debian4:      stretch+standard:debian-9, buster+standard:debian-10, bullseye+standard:debian-11,
2021-08-31 02:09:57.397358 +0000 build-debian4:      stretch+standard:stretch, buster+standard:buster, bullseye+standard:bullseye, fc25:fedora-25
2021-08-31 02:09:57.397394 +0000 build-debian4:      fc32:fedora-32 fc33:fedora-33 fc34:fedora-34 fc35:fedora-35 fc32+minimal:fedora-32-minimal
2021-08-31 02:09:57.397407 +0000 build-debian4:      fc33+minimal:fedora-33-minimal fc34+minimal:fedora-34-minimal fc35+minimal:fedora-35-minimal
2021-08-31 02:09:57.397418 +0000 build-debian4:      fc32+xfce:fedora-32-xfce fc33+xfce:fedora-33-xfce fc34+xfce:fedora-34-xfce
2021-08-31 02:09:57.397432 +0000 build-debian4:      fc35+xfce:fedora-35-xfce stretch:debian-9 stretch+xfce:debian-9-xfce buster:debian-10
2021-08-31 02:09:57.397443 +0000 build-debian4:      buster+xfce:debian-10-xfce bullseye:debian-11 bullseye+xfce:debian-11-xfce bionic+standard:bionic
2021-08-31 02:09:57.397453 +0000 build-debian4:      focal+standard:focal stretch+whonix-gateway+minimal+no-recommends:whonix-gw-14
2021-08-31 02:09:57.397462 +0000 build-debian4:      stretch+whonix-workstation+minimal+no-recommends:whonix-ws-14
2021-08-31 02:09:57.397471 +0000 build-debian4:      buster+whonix-gateway+minimal+no-recommends:whonix-gw-15
2021-08-31 02:09:57.397481 +0000 build-debian4:      buster+whonix-workstation+minimal+no-recommends:whonix-ws-15 centos7:centos-7
2021-08-31 02:09:57.397492 +0000 build-debian4:      centos7+minimal:centos-7-minimal centos7+xfce:centos-7-xfce centos-stream8:centos-stream-8
2021-08-31 02:09:57.397503 +0000 build-debian4:      centos-stream8+minimal:centos-stream-8-minimal centos-stream8+xfce:centos-stream-8-xfce
2021-08-31 02:09:57.590959 +0000 build-debian4: > running make
2021-08-31 02:09:57.639780 +0000 build-debian4: Makefile:857: target 'internal-update-repo-current.vm.bullseye.xdotool' does not exist
2021-08-31 02:09:57.639829 +0000 build-debian4: repo_base_var="LINUX_REPO_${DIST//-/_}_BASEDIR"; \
2021-08-31 02:09:57.639841 +0000 build-debian4: if [ "xdotool" = linux-template-builder ]; then \
2021-08-31 02:09:57.639851 +0000 build-debian4: .# templates belongs to dom0 repository, even though PACKAGE_SET=vm
2021-08-31 02:09:57.639859 +0000 build-debian4: repo_base_var="LINUX_REPO__BASEDIR"; \
2021-08-31 02:09:57.639866 +0000 build-debian4: fi; \
2021-08-31 02:09:57.639874 +0000 build-debian4: if [ -n "${!repo_base_var}" ]; then \
2021-08-31 02:09:57.639881 +0000 build-debian4: .repo_basedir="${!repo_base_var}"; \
2021-08-31 02:09:57.639887 +0000 build-debian4: else \
2021-08-31 02:09:57.639895 +0000 build-debian4: .repo_basedir="qubes-src/linux-deb/r4.0"; \
2021-08-31 02:09:57.639901 +0000 build-debian4: fi; \
2021-08-31 02:09:57.639909 +0000 build-debian4: if [ -r qubes-src/xdotool/Makefile.builder ]; then \
2021-08-31 02:09:57.639917 +0000 build-debian4: .echo -n "Updating qubes-src/xdotool... "; \
2021-08-31 02:09:57.639924 +0000 build-debian4: .if [ "0" -eq 1 ]; then \
2021-08-31 02:09:57.639934 +0000 build-debian4: ..vtag=`git -C qubes-src/xdotool tag --points-at HEAD --list v*`; \
2021-08-31 02:09:57.639941 +0000 build-debian4: ..if [ -z "$vtag" ]; then \
2021-08-31 02:09:57.639948 +0000 build-debian4: ...echo "no version tag"; \
2021-08-31 02:09:57.639954 +0000 build-debian4: ...exit 0; \
2021-08-31 02:09:57.639960 +0000 build-debian4: ..fi; \
2021-08-31 02:09:57.639966 +0000 build-debian4: .fi; \
2021-08-31 02:09:57.639974 +0000 build-debian4: .if [ "xdotool" = linux-template-builder ]; then
2021-08-31 02:09:57.639985 +0000 build-debian4: export TEMPLATE_NAME=$(MAKEFLAGS= make -s -C qubes-src/linux-template-builder DIST=bullseye template-name)
2021-08-31 02:09:57.639992 +0000 build-debian4: fi
2021-08-31 02:09:57.640011 +0000 build-debian4: component_packages=$(MAKEFLAGS= make -s -f Makefile.generic DIST=bullseye PACKAGE_SET=vm COMPONENT=`basename qubes-src/xdotool` UPDATE_REPO=/home/user/builder-r4.0/$repo_basedir/current/vm/bullseye get-var GET_VAR=PACKAGE_LIST); \
2021-08-31 02:09:57.640020 +0000 build-debian4: .if [ -z "$component_packages" ]; then \
2021-08-31 02:09:57.640047 +0000 build-debian4: ..echo "no packages."; \
2021-08-31 02:09:57.640055 +0000 build-debian4: ..exit 0; \
2021-08-31 02:09:57.640060 +0000 build-debian4: .fi; \
2021-08-31 02:09:57.640069 +0000 build-debian4: .make -s -f Makefile.generic DIST=bullseye PACKAGE_SET=vm \
2021-08-31 02:09:57.640077 +0000 build-debian4: ..COMPONENT=`basename qubes-src/xdotool` \
2021-08-31 02:09:57.640085 +0000 build-debian4: ..SNAPSHOT_REPO=current-testing \
2021-08-31 02:09:57.640091 +0000 build-debian4: ..TARGET_REPO=current \
2021-08-31 02:09:57.640101 +0000 build-debian4: ..UPDATE_REPO=/home/user/builder-r4.0/$repo_basedir/current/vm/bullseye \
2021-08-31 02:09:57.640113 +0000 build-debian4: ..SNAPSHOT_FILE=/home/user/builder-r4.0/repo-latest-snapshot/current-testing-vm-bullseye-`basename qubes-src/xdotool` \
2021-08-31 02:09:57.640120 +0000 build-debian4: ..BUILD_LOG_URL= \
2021-08-31 02:09:57.640128 +0000 build-debian4: ..update-repo-from-snapshot || exit 1; \
2021-08-31 02:09:57.640139 +0000 build-debian4: elif make -C qubes-src/xdotool -n update-repo-current >/dev/null 2>/dev/null; then \
2021-08-31 02:09:57.640146 +0000 build-debian4: .echo "Updating qubes-src/xdotool... "; \
2021-08-31 02:09:57.640157 +0000 build-debian4: .DIST=bullseye UPDATE_REPO=/home/user/builder-r4.0/$repo_basedir/current/vm/bullseye \
2021-08-31 02:09:57.640166 +0000 build-debian4: .make -s -C qubes-src/xdotool update-repo-current || exit 1; \
2021-08-31 02:09:57.640171 +0000 build-debian4: else \
2021-08-31 02:09:57.640180 +0000 build-debian4: .echo -n "Updating qubes-src/xdotool... skipping."; \
2021-08-31 02:09:57.640185 +0000 build-debian4: fi; \
2021-08-31 02:09:57.640191 +0000 build-debian4: echo
2021-08-31 02:09:57.875492 +0000 build-debian4: Updating qubes-src/xdotool... no packages.
2021-08-31 02:09:57.875545 +0000 build-debian4: Makefile:826: update target 'internal-update-repo-current.vm.bullseye' due to: internal-update-repo-current.vm.bullseye.xdotool
2021-08-31 02:09:57.875555 +0000 build-debian4: true
2021-08-31 02:09:57.884189 +0000 build-debian4: Makefile:857: target 'internal-update-repo-current.vm.buster.xdotool' does not exist
2021-08-31 02:09:57.884230 +0000 build-debian4: repo_base_var="LINUX_REPO_${DIST//-/_}_BASEDIR"; \
2021-08-31 02:09:57.884241 +0000 build-debian4: if [ "xdotool" = linux-template-builder ]; then \
2021-08-31 02:09:57.884252 +0000 build-debian4: .# templates belongs to dom0 repository, even though PACKAGE_SET=vm
2021-08-31 02:09:57.884260 +0000 build-debian4: repo_base_var="LINUX_REPO__BASEDIR"; \
2021-08-31 02:09:57.884266 +0000 build-debian4: fi; \
2021-08-31 02:09:57.884274 +0000 build-debian4: if [ -n "${!repo_base_var}" ]; then \
2021-08-31 02:09:57.884282 +0000 build-debian4: .repo_basedir="${!repo_base_var}"; \
2021-08-31 02:09:57.884287 +0000 build-debian4: else \
2021-08-31 02:09:57.884295 +0000 build-debian4: .repo_basedir="qubes-src/linux-deb/r4.0"; \
2021-08-31 02:09:57.884301 +0000 build-debian4: fi; \
2021-08-31 02:09:57.884309 +0000 build-debian4: if [ -r qubes-src/xdotool/Makefile.builder ]; then \
2021-08-31 02:09:57.884317 +0000 build-debian4: .echo -n "Updating qubes-src/xdotool... "; \
2021-08-31 02:09:57.884324 +0000 build-debian4: .if [ "0" -eq 1 ]; then \
2021-08-31 02:09:57.884334 +0000 build-debian4: ..vtag=`git -C qubes-src/xdotool tag --points-at HEAD --list v*`; \
2021-08-31 02:09:57.884341 +0000 build-debian4: ..if [ -z "$vtag" ]; then \
2021-08-31 02:09:57.884348 +0000 build-debian4: ...echo "no version tag"; \
2021-08-31 02:09:57.884354 +0000 build-debian4: ...exit 0; \
2021-08-31 02:09:57.884360 +0000 build-debian4: ..fi; \
2021-08-31 02:09:57.884383 +0000 build-debian4: .fi; \
2021-08-31 02:09:57.884393 +0000 build-debian4: .if [ "xdotool" = linux-template-builder ]; then
2021-08-31 02:09:57.884404 +0000 build-debian4: export TEMPLATE_NAME=$(MAKEFLAGS= make -s -C qubes-src/linux-template-builder DIST=buster template-name)
2021-08-31 02:09:57.884410 +0000 build-debian4: fi
2021-08-31 02:09:57.884446 +0000 build-debian4: component_packages=$(MAKEFLAGS= make -s -f Makefile.generic DIST=buster PACKAGE_SET=vm COMPONENT=`basename qubes-src/xdotool` UPDATE_REPO=/home/user/builder-r4.0/$repo_basedir/current/vm/buster get-var GET_VAR=PACKAGE_LIST); \
2021-08-31 02:09:57.884456 +0000 build-debian4: .if [ -z "$component_packages" ]; then \
2021-08-31 02:09:57.884464 +0000 build-debian4: ..echo "no packages."; \
2021-08-31 02:09:57.884470 +0000 build-debian4: ..exit 0; \
2021-08-31 02:09:57.884476 +0000 build-debian4: .fi; \
2021-08-31 02:09:57.884485 +0000 build-debian4: .make -s -f Makefile.generic DIST=buster PACKAGE_SET=vm \
2021-08-31 02:09:57.884493 +0000 build-debian4: ..COMPONENT=`basename qubes-src/xdotool` \
2021-08-31 02:09:57.884500 +0000 build-debian4: ..SNAPSHOT_REPO=current-testing \
2021-08-31 02:09:57.884507 +0000 build-debian4: ..TARGET_REPO=current \
2021-08-31 02:09:57.884517 +0000 build-debian4: ..UPDATE_REPO=/home/user/builder-r4.0/$repo_basedir/current/vm/buster \
2021-08-31 02:09:57.884529 +0000 build-debian4: ..SNAPSHOT_FILE=/home/user/builder-r4.0/repo-latest-snapshot/current-testing-vm-buster-`basename qubes-src/xdotool` \
2021-08-31 02:09:57.884536 +0000 build-debian4: ..BUILD_LOG_URL= \
2021-08-31 02:09:57.884547 +0000 build-debian4: ..update-repo-from-snapshot || exit 1; \
2021-08-31 02:09:57.884557 +0000 build-debian4: elif make -C qubes-src/xdotool -n update-repo-current >/dev/null 2>/dev/null; then \
2021-08-31 02:09:57.884565 +0000 build-debian4: .echo "Updating qubes-src/xdotool... "; \
2021-08-31 02:09:57.884575 +0000 build-debian4: .DIST=buster UPDATE_REPO=/home/user/builder-r4.0/$repo_basedir/current/vm/buster \
2021-08-31 02:09:57.884584 +0000 build-debian4: .make -s -C qubes-src/xdotool update-repo-current || exit 1; \
2021-08-31 02:09:57.884590 +0000 build-debian4: else \
2021-08-31 02:09:57.884598 +0000 build-debian4: .echo -n "Updating qubes-src/xdotool... skipping."; \
2021-08-31 02:09:57.884604 +0000 build-debian4: fi; \
2021-08-31 02:09:57.884609 +0000 build-debian4: echo
2021-08-31 02:09:58.029624 +0000 build-debian4: Updating qubes-src/xdotool... no packages.
2021-08-31 02:09:58.029682 +0000 build-debian4: Makefile:826: update target 'internal-update-repo-current.vm.buster' due to: internal-update-repo-current.vm.buster.xdotool
2021-08-31 02:09:58.029692 +0000 build-debian4: true
2021-08-31 02:09:58.029704 +0000 build-debian4: Makefile:857: target 'internal-update-repo-current.vm.stretch.xdotool' does not exist
2021-08-31 02:09:58.029713 +0000 build-debian4: repo_base_var="LINUX_REPO_${DIST//-/_}_BASEDIR"; \
2021-08-31 02:09:58.029721 +0000 build-debian4: if [ "xdotool" = linux-template-builder ]; then \
2021-08-31 02:09:58.029731 +0000 build-debian4: .# templates belongs to dom0 repository, even though PACKAGE_SET=vm
2021-08-31 02:09:58.029739 +0000 build-debian4: repo_base_var="LINUX_REPO__BASEDIR"; \
2021-08-31 02:09:58.029744 +0000 build-debian4: fi; \
2021-08-31 02:09:58.029752 +0000 build-debian4: if [ -n "${!repo_base_var}" ]; then \
2021-08-31 02:09:58.029760 +0000 build-debian4: .repo_basedir="${!repo_base_var}"; \
2021-08-31 02:09:58.029766 +0000 build-debian4: else \
2021-08-31 02:09:58.029773 +0000 build-debian4: .repo_basedir="qubes-src/linux-deb/r4.0"; \
2021-08-31 02:09:58.029779 +0000 build-debian4: fi; \
2021-08-31 02:09:58.029787 +0000 build-debian4: if [ -r qubes-src/xdotool/Makefile.builder ]; then \
2021-08-31 02:09:58.029795 +0000 build-debian4: .echo -n "Updating qubes-src/xdotool... "; \
2021-08-31 02:09:58.029802 +0000 build-debian4: .if [ "0" -eq 1 ]; then \
2021-08-31 02:09:58.029812 +0000 build-debian4: ..vtag=`git -C qubes-src/xdotool tag --points-at HEAD --list v*`; \
2021-08-31 02:09:58.029819 +0000 build-debian4: ..if [ -z "$vtag" ]; then \
2021-08-31 02:09:58.029826 +0000 build-debian4: ...echo "no version tag"; \
2021-08-31 02:09:58.029832 +0000 build-debian4: ...exit 0; \
2021-08-31 02:09:58.029838 +0000 build-debian4: ..fi; \
2021-08-31 02:09:58.029844 +0000 build-debian4: .fi; \
2021-08-31 02:09:58.029871 +0000 build-debian4: .if [ "xdotool" = linux-template-builder ]; then
2021-08-31 02:09:58.029884 +0000 build-debian4: export TEMPLATE_NAME=$(MAKEFLAGS= make -s -C qubes-src/linux-template-builder DIST=stretch template-name)
2021-08-31 02:09:58.029890 +0000 build-debian4: fi
2021-08-31 02:09:58.029909 +0000 build-debian4: component_packages=$(MAKEFLAGS= make -s -f Makefile.generic DIST=stretch PACKAGE_SET=vm COMPONENT=`basename qubes-src/xdotool` UPDATE_REPO=/home/user/builder-r4.0/$repo_basedir/current/vm/stretch get-var GET_VAR=PACKAGE_LIST); \
2021-08-31 02:09:58.029918 +0000 build-debian4: .if [ -z "$component_packages" ]; then \
2021-08-31 02:09:58.029925 +0000 build-debian4: ..echo "no packages."; \
2021-08-31 02:09:58.029931 +0000 build-debian4: ..exit 0; \
2021-08-31 02:09:58.029937 +0000 build-debian4: .fi; \
2021-08-31 02:09:58.029946 +0000 build-debian4: .make -s -f Makefile.generic DIST=stretch PACKAGE_SET=vm \
2021-08-31 02:09:58.029954 +0000 build-debian4: ..COMPONENT=`basename qubes-src/xdotool` \
2021-08-31 02:09:58.029961 +0000 build-debian4: ..SNAPSHOT_REPO=current-testing \
2021-08-31 02:09:58.029968 +0000 build-debian4: ..TARGET_REPO=current \
2021-08-31 02:09:58.029978 +0000 build-debian4: ..UPDATE_REPO=/home/user/builder-r4.0/$repo_basedir/current/vm/stretch \
2021-08-31 02:09:58.029990 +0000 build-debian4: ..SNAPSHOT_FILE=/home/user/builder-r4.0/repo-latest-snapshot/current-testing-vm-stretch-`basename qubes-src/xdotool` \
2021-08-31 02:09:58.029998 +0000 build-debian4: ..BUILD_LOG_URL= \
2021-08-31 02:09:58.030010 +0000 build-debian4: ..update-repo-from-snapshot || exit 1; \
2021-08-31 02:09:58.030020 +0000 build-debian4: elif make -C qubes-src/xdotool -n update-repo-current >/dev/null 2>/dev/null; then \
2021-08-31 02:09:58.030028 +0000 build-debian4: .echo "Updating qubes-src/xdotool... "; \
2021-08-31 02:09:58.030038 +0000 build-debian4: .DIST=stretch UPDATE_REPO=/home/user/builder-r4.0/$repo_basedir/current/vm/stretch \
2021-08-31 02:09:58.030047 +0000 build-debian4: .make -s -C qubes-src/xdotool update-repo-current || exit 1; \
2021-08-31 02:09:58.030053 +0000 build-debian4: else \
2021-08-31 02:09:58.030062 +0000 build-debian4: .echo -n "Updating qubes-src/xdotool... skipping."; \
2021-08-31 02:09:58.030067 +0000 build-debian4: fi; \
2021-08-31 02:09:58.030073 +0000 build-debian4: echo
2021-08-31 02:09:58.137476 +0000 build-debian4: Updating qubes-src/xdotool... no packages.
2021-08-31 02:09:58.137534 +0000 build-debian4: Makefile:826: update target 'internal-update-repo-current.vm.stretch' due to: internal-update-repo-current.vm.stretch.xdotool
2021-08-31 02:09:58.137545 +0000 build-debian4: true
2021-08-31 02:09:58.137557 +0000 build-debian4: Makefile:939: target 'post-update-repo-current' does not exist
2021-08-31 02:09:58.137563 +0000 build-debian4: true
2021-08-31 02:09:58.137581 +0000 build-debian4: Makefile:813: update target 'update-repo-current' due to: internal-update-repo-current.vm.bullseye internal-update-repo-current.vm.buster internal-update-repo-current.vm.stretch post-update-repo-current
2021-08-31 02:09:58.137588 +0000 build-debian4: true
2021-08-31 02:09:58.137594 +0000 build-debian4: > done
2021-08-31 02:09:58.137605 +0000 > closing log
