2018-02-20 00:54:22.889262 +0000 > starting log
2018-02-20 00:54:22.891444 +0000 build-debian4: > starting build with log
2018-02-20 00:54:22.891489 +0000 build-debian4: >> make args: update-repo-security-testing
2018-02-20 00:54:22.891518 +0000 build-debian4: >> MAKEFLAGS=
2018-02-20 00:54:22.891544 +0000 build-debian4: >> COMPONENTS=core-admin
2018-02-20 00:54:22.891568 +0000 build-debian4: >> DISTS_VM=
2018-02-20 00:54:22.891591 +0000 build-debian4: >> DIST_DOM0=
2018-02-20 00:54:22.891617 +0000 build-debian4: >> qubes-builder 0a40cd6e71c95743d79f791e9febfdb21cb7ba43
2018-02-20 00:54:22.891645 +0000 build-debian4: >> qubes-builder/qubes-src/core-admin 4f52a3b62e0a69b745a554d9510f5205e889595e
2018-02-20 00:54:22.891675 +0000 build-debian4: ================================================================================
2018-02-20 00:54:22.891705 +0000 build-debian4:                            B U I L D   I N F O                                  
2018-02-20 00:54:22.891735 +0000 build-debian4: Items in red indicate it was automatically generated by configuration file(s)
2018-02-20 00:54:22.891763 +0000 build-debian4: Items in white indicate it was automatically removed by configuration file(s)
2018-02-20 00:54:22.891791 +0000 build-debian4: ================================================================================
2018-02-20 00:54:22.891815 +0000 build-debian4: DISTS_VM:
2018-02-20 00:54:22.891844 +0000 build-debian4:      jessie+standard, stretch+standard, buster, jessie stretch
2018-02-20 00:54:22.891868 +0000 build-debian4: DISTS_ALL:
2018-02-20 00:54:22.891895 +0000 build-debian4:      buster, jessie, stretch,
2018-02-20 00:54:22.891943 +0000 build-debian4: DIST_DOM0:
2018-02-20 00:54:22.892809 +0000 build-debian4:     
2018-02-20 00:54:22.893227 +0000 build-debian4: BUILDER_PLUGINS:
2018-02-20 00:54:22.899442 +0000 build-debian4:      builder-debian, mgmt-salt, builder-github,
2018-02-20 00:54:22.899768 +0000 build-debian4: COMPONENTS:
2018-02-20 00:54:22.905872 +0000 build-debian4:      core-admin,
2018-02-20 00:54:22.906372 +0000 build-debian4: GIT_REPOS:
2018-02-20 00:54:22.912155 +0000 build-debian4:      qubes-src/core-admin,
2018-02-20 00:54:22.912658 +0000 build-debian4: TEMPLATE:
2018-02-20 00:54:22.918470 +0000 build-debian4:     
2018-02-20 00:54:22.918962 +0000 build-debian4: TEMPLATE_FLAVOR_DIR:
2018-02-20 00:54:22.924749 +0000 build-debian4:     
2018-02-20 00:54:22.925267 +0000 build-debian4: TEMPLATE_ALIAS:
2018-02-20 00:54:22.930872 +0000 build-debian4:      jessie:jessie+standard, jessie+gnome:jessie+gnome+standard, jessie+minimal:jessie+minimal+no-recommends,
2018-02-20 00:54:22.930957 +0000 build-debian4:      stretch:stretch+standard, stretch+gnome:stretch+gnome+standard,
2018-02-20 00:54:22.930989 +0000 build-debian4:      stretch+minimal:stretch+minimal+no-recommends,
2018-02-20 00:54:22.931242 +0000 build-debian4: TEMPLATE_LABEL:
2018-02-20 00:54:22.936831 +0000 build-debian4:      jessie+standard:debian-8, stretch+standard:debian-9, jessie+standard:jessie, stretch+standard:stretch,
2018-02-20 00:54:22.936895 +0000 build-debian4:      fc20:fedora-20 fc21:fedora-21 fc22:fedora-22 fc23:fedora-23 fc24:fedora-24 fc25:fedora-25 fc26:fedora-26
2018-02-20 00:54:22.936953 +0000 build-debian4:      fc20+minimal:fedora-20-minimal fc21+minimal:fedora-21-minimal fc23+minimal:fedora-23-minimal
2018-02-20 00:54:22.936986 +0000 build-debian4:      fc24+minimal:fedora-24-minimal fc25+minimal:fedora-25-minimal fc26+minimal:fedora-26-minimal
2018-02-20 00:54:22.937020 +0000 build-debian4:      fc25+xfce:fedora-25-xfce fc26+xfce:fedora-26-xfce wheezy:debian-7 wheezy+standard:debian-7 jessie:debian-8
2018-02-20 00:54:22.937050 +0000 build-debian4:      stretch:debian-9 centos7:centos-7 centos7+minimal:centos-7-minimal
2018-02-20 00:54:22.986101 +0000 build-debian4: > running make
2018-02-20 00:54:23.023892 +0000 build-debian4: Makefile:721: target 'internal-update-repo-security-testing.vm.buster.core-admin' does not exist
2018-02-20 00:54:23.023979 +0000 build-debian4: repo_base_var="LINUX_REPO_buster_BASEDIR"; \
2018-02-20 00:54:23.024028 +0000 build-debian4: if [ -n "${!repo_base_var}" ]; then \
2018-02-20 00:54:23.024057 +0000 build-debian4: .repo_basedir="${!repo_base_var}"; \
2018-02-20 00:54:23.024082 +0000 build-debian4: else \
2018-02-20 00:54:23.024110 +0000 build-debian4: .repo_basedir="qubes-src/linux-deb/r4.0"; \
2018-02-20 00:54:23.024133 +0000 build-debian4: fi; \
2018-02-20 00:54:23.024161 +0000 build-debian4: if [ -r qubes-src/core-admin/Makefile.builder ]; then \
2018-02-20 00:54:23.024187 +0000 build-debian4: .echo -n "Updating qubes-src/core-admin... "; \
2018-02-20 00:54:23.024210 +0000 build-debian4: .if [ "0" -eq 1 ]; then \
2018-02-20 00:54:23.024236 +0000 build-debian4: ..vtag=`git -C qubes-src/core-admin tag --points-at HEAD --list v*`; \
2018-02-20 00:54:23.024260 +0000 build-debian4: ..if [ -z "$vtag" ]; then \
2018-02-20 00:54:23.024282 +0000 build-debian4: ...echo "no version tag"; \
2018-02-20 00:54:23.024302 +0000 build-debian4: ...exit 0; \
2018-02-20 00:54:23.024322 +0000 build-debian4: ..fi; \
2018-02-20 00:54:23.024344 +0000 build-debian4: .fi; \
2018-02-20 00:54:23.024384 +0000 build-debian4: .component_packages=$(MAKEFLAGS= make -s -f Makefile.generic DIST=buster PACKAGE_SET=vm COMPONENT=`basename qubes-src/core-admin` UPDATE_REPO=/home/user/builder-r4.0/$repo_basedir/security-testing/vm/buster get-var GET_VAR=PACKAGE_LIST); \
2018-02-20 00:54:23.024411 +0000 build-debian4: .if [ -z "$component_packages" ]; then \
2018-02-20 00:54:23.024434 +0000 build-debian4: ..echo "no packages."; \
2018-02-20 00:54:23.024456 +0000 build-debian4: ..exit 0; \
2018-02-20 00:54:23.024478 +0000 build-debian4: .fi; \
2018-02-20 00:54:23.024503 +0000 build-debian4: .make -s -f Makefile.generic DIST=buster PACKAGE_SET=vm \
2018-02-20 00:54:23.024529 +0000 build-debian4: ..COMPONENT=`basename qubes-src/core-admin` \
2018-02-20 00:54:23.024554 +0000 build-debian4: ..SNAPSHOT_REPO=security-testing \
2018-02-20 00:54:23.024578 +0000 build-debian4: ..TARGET_REPO=security-testing \
2018-02-20 00:54:23.024605 +0000 build-debian4: ..UPDATE_REPO=/home/user/builder-r4.0/$repo_basedir/security-testing/vm/buster \
2018-02-20 00:54:23.024638 +0000 build-debian4: ..SNAPSHOT_FILE=/home/user/builder-r4.0/repo-latest-snapshot/security-testing-vm-buster-`basename qubes-src/core-admin` \
2018-02-20 00:54:23.024662 +0000 build-debian4: ..BUILD_LOG_URL= \
2018-02-20 00:54:23.024687 +0000 build-debian4: ..update-repo || exit 1; \
2018-02-20 00:54:23.024721 +0000 build-debian4: elif make -C qubes-src/core-admin -n update-repo-security-testing >/dev/null 2>/dev/null; then \
2018-02-20 00:54:23.024748 +0000 build-debian4: .echo "Updating qubes-src/core-admin... "; \
2018-02-20 00:54:23.024777 +0000 build-debian4: .make -s -C qubes-src/core-admin update-repo-security-testing || exit 1; \
2018-02-20 00:54:23.024799 +0000 build-debian4: else \
2018-02-20 00:54:23.024825 +0000 build-debian4: .echo -n "Updating qubes-src/core-admin... skipping."; \
2018-02-20 00:54:23.024844 +0000 build-debian4: fi; \
2018-02-20 00:54:23.024864 +0000 build-debian4: echo
2018-02-20 00:54:23.140443 +0000 build-debian4: Updating qubes-src/core-admin... no packages.
2018-02-20 00:54:23.141042 +0000 build-debian4: Makefile:704: update target 'internal-update-repo-security-testing.vm.buster' due to: internal-update-repo-security-testing.vm.buster.core-admin
2018-02-20 00:54:23.141084 +0000 build-debian4: true
2018-02-20 00:54:23.145377 +0000 build-debian4: Makefile:721: target 'internal-update-repo-security-testing.vm.jessie.core-admin' does not exist
2018-02-20 00:54:23.145427 +0000 build-debian4: repo_base_var="LINUX_REPO_jessie_BASEDIR"; \
2018-02-20 00:54:23.145449 +0000 build-debian4: if [ -n "${!repo_base_var}" ]; then \
2018-02-20 00:54:23.145466 +0000 build-debian4: .repo_basedir="${!repo_base_var}"; \
2018-02-20 00:54:23.145481 +0000 build-debian4: else \
2018-02-20 00:54:23.145497 +0000 build-debian4: .repo_basedir="qubes-src/linux-deb/r4.0"; \
2018-02-20 00:54:23.145511 +0000 build-debian4: fi; \
2018-02-20 00:54:23.145526 +0000 build-debian4: if [ -r qubes-src/core-admin/Makefile.builder ]; then \
2018-02-20 00:54:23.145567 +0000 build-debian4: .echo -n "Updating qubes-src/core-admin... "; \
2018-02-20 00:54:23.145594 +0000 build-debian4: .if [ "0" -eq 1 ]; then \
2018-02-20 00:54:23.145621 +0000 build-debian4: ..vtag=`git -C qubes-src/core-admin tag --points-at HEAD --list v*`; \
2018-02-20 00:54:23.145646 +0000 build-debian4: ..if [ -z "$vtag" ]; then \
2018-02-20 00:54:23.145671 +0000 build-debian4: ...echo "no version tag"; \
2018-02-20 00:54:23.145694 +0000 build-debian4: ...exit 0; \
2018-02-20 00:54:23.145716 +0000 build-debian4: ..fi; \
2018-02-20 00:54:23.145737 +0000 build-debian4: .fi; \
2018-02-20 00:54:23.145781 +0000 build-debian4: .component_packages=$(MAKEFLAGS= make -s -f Makefile.generic DIST=jessie PACKAGE_SET=vm COMPONENT=`basename qubes-src/core-admin` UPDATE_REPO=/home/user/builder-r4.0/$repo_basedir/security-testing/vm/jessie get-var GET_VAR=PACKAGE_LIST); \
2018-02-20 00:54:23.145808 +0000 build-debian4: .if [ -z "$component_packages" ]; then \
2018-02-20 00:54:23.145823 +0000 build-debian4: ..echo "no packages."; \
2018-02-20 00:54:23.145837 +0000 build-debian4: ..exit 0; \
2018-02-20 00:54:23.145850 +0000 build-debian4: .fi; \
2018-02-20 00:54:23.145865 +0000 build-debian4: .make -s -f Makefile.generic DIST=jessie PACKAGE_SET=vm \
2018-02-20 00:54:23.145880 +0000 build-debian4: ..COMPONENT=`basename qubes-src/core-admin` \
2018-02-20 00:54:23.145894 +0000 build-debian4: ..SNAPSHOT_REPO=security-testing \
2018-02-20 00:54:23.145929 +0000 build-debian4: ..TARGET_REPO=security-testing \
2018-02-20 00:54:23.145961 +0000 build-debian4: ..UPDATE_REPO=/home/user/builder-r4.0/$repo_basedir/security-testing/vm/jessie \
2018-02-20 00:54:23.145984 +0000 build-debian4: ..SNAPSHOT_FILE=/home/user/builder-r4.0/repo-latest-snapshot/security-testing-vm-jessie-`basename qubes-src/core-admin` \
2018-02-20 00:54:23.145999 +0000 build-debian4: ..BUILD_LOG_URL= \
2018-02-20 00:54:23.146013 +0000 build-debian4: ..update-repo || exit 1; \
2018-02-20 00:54:23.146032 +0000 build-debian4: elif make -C qubes-src/core-admin -n update-repo-security-testing >/dev/null 2>/dev/null; then \
2018-02-20 00:54:23.146047 +0000 build-debian4: .echo "Updating qubes-src/core-admin... "; \
2018-02-20 00:54:23.146064 +0000 build-debian4: .make -s -C qubes-src/core-admin update-repo-security-testing || exit 1; \
2018-02-20 00:54:23.146077 +0000 build-debian4: else \
2018-02-20 00:54:23.146093 +0000 build-debian4: .echo -n "Updating qubes-src/core-admin... skipping."; \
2018-02-20 00:54:23.146106 +0000 build-debian4: fi; \
2018-02-20 00:54:23.146118 +0000 build-debian4: echo
2018-02-20 00:54:23.260553 +0000 build-debian4: Updating qubes-src/core-admin... no packages.
2018-02-20 00:54:23.260888 +0000 build-debian4: Makefile:704: update target 'internal-update-repo-security-testing.vm.jessie' due to: internal-update-repo-security-testing.vm.jessie.core-admin
2018-02-20 00:54:23.260932 +0000 build-debian4: true
2018-02-20 00:54:23.264398 +0000 build-debian4: Makefile:721: target 'internal-update-repo-security-testing.vm.stretch.core-admin' does not exist
2018-02-20 00:54:23.264456 +0000 build-debian4: repo_base_var="LINUX_REPO_stretch_BASEDIR"; \
2018-02-20 00:54:23.264488 +0000 build-debian4: if [ -n "${!repo_base_var}" ]; then \
2018-02-20 00:54:23.264517 +0000 build-debian4: .repo_basedir="${!repo_base_var}"; \
2018-02-20 00:54:23.264542 +0000 build-debian4: else \
2018-02-20 00:54:23.264569 +0000 build-debian4: .repo_basedir="qubes-src/linux-deb/r4.0"; \
2018-02-20 00:54:23.264592 +0000 build-debian4: fi; \
2018-02-20 00:54:23.264622 +0000 build-debian4: if [ -r qubes-src/core-admin/Makefile.builder ]; then \
2018-02-20 00:54:23.264651 +0000 build-debian4: .echo -n "Updating qubes-src/core-admin... "; \
2018-02-20 00:54:23.264675 +0000 build-debian4: .if [ "0" -eq 1 ]; then \
2018-02-20 00:54:23.264704 +0000 build-debian4: ..vtag=`git -C qubes-src/core-admin tag --points-at HEAD --list v*`; \
2018-02-20 00:54:23.264726 +0000 build-debian4: ..if [ -z "$vtag" ]; then \
2018-02-20 00:54:23.264750 +0000 build-debian4: ...echo "no version tag"; \
2018-02-20 00:54:23.264790 +0000 build-debian4: ...exit 0; \
2018-02-20 00:54:23.264812 +0000 build-debian4: ..fi; \
2018-02-20 00:54:23.264833 +0000 build-debian4: .fi; \
2018-02-20 00:54:23.264875 +0000 build-debian4: .component_packages=$(MAKEFLAGS= make -s -f Makefile.generic DIST=stretch PACKAGE_SET=vm COMPONENT=`basename qubes-src/core-admin` UPDATE_REPO=/home/user/builder-r4.0/$repo_basedir/security-testing/vm/stretch get-var GET_VAR=PACKAGE_LIST); \
2018-02-20 00:54:23.264902 +0000 build-debian4: .if [ -z "$component_packages" ]; then \
2018-02-20 00:54:23.264951 +0000 build-debian4: ..echo "no packages."; \
2018-02-20 00:54:23.264973 +0000 build-debian4: ..exit 0; \
2018-02-20 00:54:23.264994 +0000 build-debian4: .fi; \
2018-02-20 00:54:23.265020 +0000 build-debian4: .make -s -f Makefile.generic DIST=stretch PACKAGE_SET=vm \
2018-02-20 00:54:23.265044 +0000 build-debian4: ..COMPONENT=`basename qubes-src/core-admin` \
2018-02-20 00:54:23.265068 +0000 build-debian4: ..SNAPSHOT_REPO=security-testing \
2018-02-20 00:54:23.265093 +0000 build-debian4: ..TARGET_REPO=security-testing \
2018-02-20 00:54:23.265121 +0000 build-debian4: ..UPDATE_REPO=/home/user/builder-r4.0/$repo_basedir/security-testing/vm/stretch \
2018-02-20 00:54:23.265153 +0000 build-debian4: ..SNAPSHOT_FILE=/home/user/builder-r4.0/repo-latest-snapshot/security-testing-vm-stretch-`basename qubes-src/core-admin` \
2018-02-20 00:54:23.265178 +0000 build-debian4: ..BUILD_LOG_URL= \
2018-02-20 00:54:23.265201 +0000 build-debian4: ..update-repo || exit 1; \
2018-02-20 00:54:23.265233 +0000 build-debian4: elif make -C qubes-src/core-admin -n update-repo-security-testing >/dev/null 2>/dev/null; then \
2018-02-20 00:54:23.265261 +0000 build-debian4: .echo "Updating qubes-src/core-admin... "; \
2018-02-20 00:54:23.265290 +0000 build-debian4: .make -s -C qubes-src/core-admin update-repo-security-testing || exit 1; \
2018-02-20 00:54:23.265313 +0000 build-debian4: else \
2018-02-20 00:54:23.265339 +0000 build-debian4: .echo -n "Updating qubes-src/core-admin... skipping."; \
2018-02-20 00:54:23.265360 +0000 build-debian4: fi; \
2018-02-20 00:54:23.265381 +0000 build-debian4: echo
2018-02-20 00:54:23.386290 +0000 build-debian4: Updating qubes-src/core-admin... no packages.
2018-02-20 00:54:23.386631 +0000 build-debian4: Makefile:704: update target 'internal-update-repo-security-testing.vm.stretch' due to: internal-update-repo-security-testing.vm.stretch.core-admin
2018-02-20 00:54:23.386668 +0000 build-debian4: true
2018-02-20 00:54:23.390491 +0000 build-debian4: Makefile:764: target 'post-update-repo-security-testing' does not exist
2018-02-20 00:54:23.390535 +0000 build-debian4: for dist in  buster jessie stretch; do \
2018-02-20 00:54:23.390557 +0000 build-debian4: .repo_base_var="LINUX_REPO_${dist}_BASEDIR"; \
2018-02-20 00:54:23.390573 +0000 build-debian4: .if [ -n "${!repo_base_var}" ]; then \
2018-02-20 00:54:23.390589 +0000 build-debian4: ..repo_basedir="${!repo_base_var}"; \
2018-02-20 00:54:23.390602 +0000 build-debian4: .else \
2018-02-20 00:54:23.390619 +0000 build-debian4: ..repo_basedir="qubes-src/linux-deb/r4.0"; \
2018-02-20 00:54:23.390632 +0000 build-debian4: .fi; \
2018-02-20 00:54:23.390648 +0000 build-debian4: .repos_to_update="$repos_to_update $repo_basedir"; \
2018-02-20 00:54:23.390661 +0000 build-debian4: done; \
2018-02-20 00:54:23.390681 +0000 build-debian4: for repo in `echo $repos_to_update|tr ' ' '\n'|sort|uniq`; do \
2018-02-20 00:54:23.390706 +0000 build-debian4: .[ -z "$repo" ] && continue; \
2018-02-20 00:54:23.390735 +0000 build-debian4: .(cd $repo/.. && ./update_repo-security-testing.sh `basename $repo`); \
2018-02-20 00:54:23.390757 +0000 build-debian4: done
2018-02-20 00:54:23.419224 +0000 build-debian4: --> Processing repo: r4.0/vm/dists/buster-securitytesting...
2018-02-20 00:54:24.079929 +0000 build-debian4: --> Processing repo: r4.0/vm/dists/jessie-securitytesting...
2018-02-20 00:54:24.756934 +0000 build-debian4: --> Processing repo: r4.0/vm/dists/stretch-securitytesting...
2018-02-20 00:54:25.428595 +0000 build-debian4: Done.
2018-02-20 00:54:25.443870 +0000 build-debian4: ~/builder-r4.0/qubes-src/linux-deb ~/builder-r4.0/qubes-src/linux-deb
2018-02-20 00:54:26.409244 +0000 build-debian4: sending incremental file list
2018-02-20 00:54:26.647467 +0000 build-debian4: Syncing r4.0/vm/buster...
2018-02-20 00:54:26.844906 +0000 build-debian4: sending incremental file list
2018-02-20 00:54:27.050463 +0000 build-debian4: Syncing r4.0/vm/buster-securitytesting...
2018-02-20 00:54:27.252075 +0000 build-debian4: sending incremental file list
2018-02-20 00:54:27.404165 +0000 build-debian4: .d..t...... buster-securitytesting/
2018-02-20 00:54:27.404208 +0000 build-debian4: <f..t...... buster-securitytesting/InRelease
2018-02-20 00:54:27.404711 +0000 build-debian4: .            700  27%    0.00kB/s    0:00:00  .          2,525 100%    1.74MB/s    0:00:00 (xfr#1, to-chk=10/12)
2018-02-20 00:54:27.404857 +0000 build-debian4: <f..t...... buster-securitytesting/Release.gpg
2018-02-20 00:54:27.404906 +0000 build-debian4: .            833 100%  813.48kB/s    0:00:00  .            833 100%  813.48kB/s    0:00:00 (xfr#2, to-chk=8/12)
2018-02-20 00:54:27.487308 +0000 build-debian4: Syncing r4.0/vm/buster-testing...
2018-02-20 00:54:27.688230 +0000 build-debian4: sending incremental file list
2018-02-20 00:54:27.891586 +0000 build-debian4: Syncing r4.0/vm/jessie...
2018-02-20 00:54:28.107392 +0000 build-debian4: sending incremental file list
2018-02-20 00:54:28.323021 +0000 build-debian4: Syncing r4.0/vm/jessie-securitytesting...
2018-02-20 00:54:28.533324 +0000 build-debian4: sending incremental file list
2018-02-20 00:54:28.697503 +0000 build-debian4: .d..t...... jessie-securitytesting/
2018-02-20 00:54:28.697549 +0000 build-debian4: <f..t...... jessie-securitytesting/InRelease
2018-02-20 00:54:28.698041 +0000 build-debian4: .            700  27%    0.00kB/s    0:00:00  .          2,525 100%    1.74MB/s    0:00:00 (xfr#1, to-chk=10/12)
2018-02-20 00:54:28.698175 +0000 build-debian4: <f..t...... jessie-securitytesting/Release.gpg
2018-02-20 00:54:28.698216 +0000 build-debian4: .            833 100%  813.48kB/s    0:00:00  .            833 100%  813.48kB/s    0:00:00 (xfr#2, to-chk=8/12)
2018-02-20 00:54:28.785667 +0000 build-debian4: Syncing r4.0/vm/jessie-testing...
2018-02-20 00:54:28.994142 +0000 build-debian4: sending incremental file list
2018-02-20 00:54:29.197688 +0000 build-debian4: Syncing r4.0/vm/stretch...
2018-02-20 00:54:29.394457 +0000 build-debian4: sending incremental file list
2018-02-20 00:54:29.600324 +0000 build-debian4: Syncing r4.0/vm/stretch-securitytesting...
2018-02-20 00:54:29.802350 +0000 build-debian4: sending incremental file list
2018-02-20 00:54:29.832358 +0000 build-debian4: .d..t...... stretch-securitytesting/
2018-02-20 00:54:29.832402 +0000 build-debian4: <f..t...... stretch-securitytesting/InRelease
2018-02-20 00:54:29.832904 +0000 build-debian4: .            700  27%    0.00kB/s    0:00:00  .          2,527 100%    1.74MB/s    0:00:00 (xfr#1, to-chk=10/12)
2018-02-20 00:54:29.832942 +0000 build-debian4: <f..t...... stretch-securitytesting/Release.gpg
2018-02-20 00:54:29.833138 +0000 build-debian4: .            833 100%  813.48kB/s    0:00:00  .            833 100%  813.48kB/s    0:00:00 (xfr#2, to-chk=8/12)
2018-02-20 00:54:29.911616 +0000 build-debian4: Syncing r4.0/vm/stretch-testing...
2018-02-20 00:54:30.113145 +0000 build-debian4: sending incremental file list
2018-02-20 00:54:30.317101 +0000 build-debian4: ~/builder-r4.0/qubes-src/linux-deb
2018-02-20 00:54:30.318720 +0000 build-debian4: Makefile:689: update target 'update-repo-security-testing' due to: internal-update-repo-security-testing.vm.buster internal-update-repo-security-testing.vm.jessie internal-update-repo-security-testing.vm.stretch post-update-repo-security-testing
2018-02-20 00:54:30.318774 +0000 build-debian4: true
2018-02-20 00:54:30.322795 +0000 build-debian4: > done
2018-02-20 00:55:30.322957 +0000 > closing log
