2018-06-29 18:29:16.661267 +0000 > starting log
2018-06-29 18:29:16.664879 +0000 build-debian4: > starting build with log
2018-06-29 18:29:16.664948 +0000 build-debian4: >> make args: update-repo-current
2018-06-29 18:29:16.664991 +0000 build-debian4: >> MAKEFLAGS=
2018-06-29 18:29:16.665029 +0000 build-debian4: >> COMPONENTS=linux-pvgrub2
2018-06-29 18:29:16.665059 +0000 build-debian4: >> DISTS_VM=
2018-06-29 18:29:16.665086 +0000 build-debian4: >> DIST_DOM0=
2018-06-29 18:29:16.665115 +0000 build-debian4: >> qubes-builder 2b22b50e36e6901d127dda5473906e15bc0551b8
2018-06-29 18:29:16.665147 +0000 build-debian4: >> qubes-builder/qubes-src/linux-pvgrub2 9cb4988175e98c11924ac4a5fc94b2328304ab8e
2018-06-29 18:29:16.665176 +0000 build-debian4: !! grub-2.02~beta2.tar.xz
2018-06-29 18:29:16.665203 +0000 build-debian4: !! grub-2.02~beta2.tar.xz.sig
2018-06-29 18:29:16.665248 +0000 build-debian4: 359903928febce1df53b3bd38aab701b4ea010dfad0dee434e853c865af4bbc60d115e61eac100c79f18d89aa78b2216ef20123f4ef04cc948ecbe226ea1a58c  grub-2.02~beta2.tar.xz
2018-06-29 18:29:16.665287 +0000 build-debian4: bfb3266fdd5fa12ea580d506cdbffd6b02cdb6af7f1629ca4617d17306e86d2f3534e09595e1b402b35a7b734b471b9545aada0e0d84accf8002800cbf5a405a  grub-2.02~beta2.tar.xz.sig
2018-06-29 18:29:17.004344 +0000 build-debian4: ================================================================================
2018-06-29 18:29:17.004409 +0000 build-debian4:                            B U I L D   I N F O                                  
2018-06-29 18:29:17.004440 +0000 build-debian4: Items in red indicate it was automatically generated by configuration file(s)
2018-06-29 18:29:17.004469 +0000 build-debian4: Items in white indicate it was automatically removed by configuration file(s)
2018-06-29 18:29:17.004496 +0000 build-debian4: ================================================================================
2018-06-29 18:29:17.004516 +0000 build-debian4: DISTS_VM:
2018-06-29 18:29:17.022971 +0000 build-debian4:      jessie+standard, stretch+standard, buster, jessie stretch
2018-06-29 18:29:17.023035 +0000 build-debian4: DISTS_ALL:
2018-06-29 18:29:17.031131 +0000 build-debian4:      buster, jessie, stretch,
2018-06-29 18:29:17.037063 +0000 build-debian4: DIST_DOM0:
2018-06-29 18:29:17.063655 +0000 build-debian4:     
2018-06-29 18:29:17.065289 +0000 build-debian4: BUILDER_PLUGINS:
2018-06-29 18:29:17.079728 +0000 build-debian4:      builder-debian, mgmt-salt, builder-github,
2018-06-29 18:29:17.082151 +0000 build-debian4: COMPONENTS:
2018-06-29 18:29:17.142568 +0000 build-debian4:      linux-pvgrub2,
2018-06-29 18:29:17.142627 +0000 build-debian4: GIT_REPOS:
2018-06-29 18:29:17.154570 +0000 build-debian4:      qubes-src/linux-pvgrub2,
2018-06-29 18:29:17.158342 +0000 build-debian4: TEMPLATE:
2018-06-29 18:29:17.190801 +0000 build-debian4:     
2018-06-29 18:29:17.190894 +0000 build-debian4: TEMPLATE_FLAVOR_DIR:
2018-06-29 18:29:17.217415 +0000 build-debian4:     
2018-06-29 18:29:17.217465 +0000 build-debian4: TEMPLATE_ALIAS:
2018-06-29 18:29:17.237013 +0000 build-debian4:      jessie:jessie+standard, jessie+gnome:jessie+gnome+standard, jessie+minimal:jessie+minimal+no-recommends,
2018-06-29 18:29:17.237071 +0000 build-debian4:      stretch:stretch+standard, stretch+gnome:stretch+gnome+standard,
2018-06-29 18:29:17.237100 +0000 build-debian4:      stretch+minimal:stretch+minimal+no-recommends,
2018-06-29 18:29:17.238309 +0000 build-debian4: TEMPLATE_LABEL:
2018-06-29 18:29:17.253897 +0000 build-debian4:      jessie+standard:debian-8, stretch+standard:debian-9, jessie+standard:jessie, stretch+standard:stretch,
2018-06-29 18:29:17.253987 +0000 build-debian4:      fc20:fedora-20 fc21:fedora-21 fc22:fedora-22 fc23:fedora-23 fc24:fedora-24 fc25:fedora-25 fc26:fedora-26
2018-06-29 18:29:17.254027 +0000 build-debian4:      fc27:fedora-27 fc28:fedora-28 fc20+minimal:fedora-20-minimal fc21+minimal:fedora-21-minimal
2018-06-29 18:29:17.254063 +0000 build-debian4:      fc23+minimal:fedora-23-minimal fc24+minimal:fedora-24-minimal fc25+minimal:fedora-25-minimal
2018-06-29 18:29:17.254098 +0000 build-debian4:      fc26+minimal:fedora-26-minimal fc25+xfce:fedora-25-xfce fc26+xfce:fedora-26-xfce wheezy:debian-7
2018-06-29 18:29:17.254157 +0000 build-debian4:      wheezy+standard:debian-7 jessie:debian-8 stretch:debian-9 centos7:centos-7 centos7+minimal:centos-7-minimal
2018-06-29 18:29:17.254186 +0000 build-debian4:      centos7+xfce:centos-7-xfce
2018-06-29 18:29:17.482802 +0000 build-debian4: > running make
2018-06-29 18:29:17.652878 +0000 build-debian4: Makefile:734: target 'internal-update-repo-current.vm.buster.linux-pvgrub2' does not exist
2018-06-29 18:29:17.652932 +0000 build-debian4: repo_base_var="LINUX_REPO_buster_BASEDIR"; \
2018-06-29 18:29:17.652958 +0000 build-debian4: if [ -n "${!repo_base_var}" ]; then \
2018-06-29 18:29:17.652981 +0000 build-debian4: .repo_basedir="${!repo_base_var}"; \
2018-06-29 18:29:17.653005 +0000 build-debian4: else \
2018-06-29 18:29:17.653029 +0000 build-debian4: .repo_basedir="qubes-src/linux-deb/r4.0"; \
2018-06-29 18:29:17.653048 +0000 build-debian4: fi; \
2018-06-29 18:29:17.653072 +0000 build-debian4: if [ -r qubes-src/linux-pvgrub2/Makefile.builder ]; then \
2018-06-29 18:29:17.653095 +0000 build-debian4: .echo -n "Updating qubes-src/linux-pvgrub2... "; \
2018-06-29 18:29:17.653115 +0000 build-debian4: .if [ "0" -eq 1 ]; then \
2018-06-29 18:29:17.653141 +0000 build-debian4: ..vtag=`git -C qubes-src/linux-pvgrub2 tag --points-at HEAD --list v*`; \
2018-06-29 18:29:17.653162 +0000 build-debian4: ..if [ -z "$vtag" ]; then \
2018-06-29 18:29:17.653182 +0000 build-debian4: ...echo "no version tag"; \
2018-06-29 18:29:17.653202 +0000 build-debian4: ...exit 0; \
2018-06-29 18:29:17.653224 +0000 build-debian4: ..fi; \
2018-06-29 18:29:17.653247 +0000 build-debian4: .fi; \
2018-06-29 18:29:17.653289 +0000 build-debian4: .component_packages=$(MAKEFLAGS= make -s -f Makefile.generic DIST=buster PACKAGE_SET=vm COMPONENT=`basename qubes-src/linux-pvgrub2` UPDATE_REPO=/home/user/builder-r4.0/$repo_basedir/current/vm/buster get-var GET_VAR=PACKAGE_LIST); \
2018-06-29 18:29:17.653313 +0000 build-debian4: .if [ -z "$component_packages" ]; then \
2018-06-29 18:29:17.653334 +0000 build-debian4: ..echo "no packages."; \
2018-06-29 18:29:17.653353 +0000 build-debian4: ..exit 0; \
2018-06-29 18:29:17.653370 +0000 build-debian4: .fi; \
2018-06-29 18:29:17.653398 +0000 build-debian4: .make -s -f Makefile.generic DIST=buster PACKAGE_SET=vm \
2018-06-29 18:29:17.653421 +0000 build-debian4: ..COMPONENT=`basename qubes-src/linux-pvgrub2` \
2018-06-29 18:29:17.653443 +0000 build-debian4: ..SNAPSHOT_REPO=current-testing \
2018-06-29 18:29:17.653463 +0000 build-debian4: ..TARGET_REPO=current \
2018-06-29 18:29:17.653490 +0000 build-debian4: ..UPDATE_REPO=/home/user/builder-r4.0/$repo_basedir/current/vm/buster \
2018-06-29 18:29:17.653522 +0000 build-debian4: ..SNAPSHOT_FILE=/home/user/builder-r4.0/repo-latest-snapshot/current-testing-vm-buster-`basename qubes-src/linux-pvgrub2` \
2018-06-29 18:29:17.653543 +0000 build-debian4: ..BUILD_LOG_URL= \
2018-06-29 18:29:17.653564 +0000 build-debian4: ..update-repo-from-snapshot || exit 1; \
2018-06-29 18:29:17.653591 +0000 build-debian4: elif make -C qubes-src/linux-pvgrub2 -n update-repo-current >/dev/null 2>/dev/null; then \
2018-06-29 18:29:17.653614 +0000 build-debian4: .echo "Updating qubes-src/linux-pvgrub2... "; \
2018-06-29 18:29:17.653639 +0000 build-debian4: .make -s -C qubes-src/linux-pvgrub2 update-repo-current || exit 1; \
2018-06-29 18:29:17.653658 +0000 build-debian4: else \
2018-06-29 18:29:17.653681 +0000 build-debian4: .echo -n "Updating qubes-src/linux-pvgrub2... skipping."; \
2018-06-29 18:29:17.653700 +0000 build-debian4: fi; \
2018-06-29 18:29:17.653750 +0000 build-debian4: echo
2018-06-29 18:29:17.981346 +0000 build-debian4: Updating qubes-src/linux-pvgrub2... no packages.
2018-06-29 18:29:17.981419 +0000 build-debian4: Makefile:713: update target 'internal-update-repo-current.vm.buster' due to: internal-update-repo-current.vm.buster.linux-pvgrub2
2018-06-29 18:29:17.981450 +0000 build-debian4: true
2018-06-29 18:29:17.994139 +0000 build-debian4: Makefile:734: target 'internal-update-repo-current.vm.jessie.linux-pvgrub2' does not exist
2018-06-29 18:29:17.994221 +0000 build-debian4: repo_base_var="LINUX_REPO_jessie_BASEDIR"; \
2018-06-29 18:29:17.994255 +0000 build-debian4: if [ -n "${!repo_base_var}" ]; then \
2018-06-29 18:29:17.994283 +0000 build-debian4: .repo_basedir="${!repo_base_var}"; \
2018-06-29 18:29:17.994307 +0000 build-debian4: else \
2018-06-29 18:29:17.994334 +0000 build-debian4: .repo_basedir="qubes-src/linux-deb/r4.0"; \
2018-06-29 18:29:17.994357 +0000 build-debian4: fi; \
2018-06-29 18:29:17.994390 +0000 build-debian4: if [ -r qubes-src/linux-pvgrub2/Makefile.builder ]; then \
2018-06-29 18:29:17.994419 +0000 build-debian4: .echo -n "Updating qubes-src/linux-pvgrub2... "; \
2018-06-29 18:29:17.994446 +0000 build-debian4: .if [ "0" -eq 1 ]; then \
2018-06-29 18:29:17.994478 +0000 build-debian4: ..vtag=`git -C qubes-src/linux-pvgrub2 tag --points-at HEAD --list v*`; \
2018-06-29 18:29:17.994508 +0000 build-debian4: ..if [ -z "$vtag" ]; then \
2018-06-29 18:29:17.994534 +0000 build-debian4: ...echo "no version tag"; \
2018-06-29 18:29:17.994557 +0000 build-debian4: ...exit 0; \
2018-06-29 18:29:17.994579 +0000 build-debian4: ..fi; \
2018-06-29 18:29:17.994600 +0000 build-debian4: .fi; \
2018-06-29 18:29:17.994645 +0000 build-debian4: .component_packages=$(MAKEFLAGS= make -s -f Makefile.generic DIST=jessie PACKAGE_SET=vm COMPONENT=`basename qubes-src/linux-pvgrub2` UPDATE_REPO=/home/user/builder-r4.0/$repo_basedir/current/vm/jessie get-var GET_VAR=PACKAGE_LIST); \
2018-06-29 18:29:17.994672 +0000 build-debian4: .if [ -z "$component_packages" ]; then \
2018-06-29 18:29:17.994696 +0000 build-debian4: ..echo "no packages."; \
2018-06-29 18:29:17.994718 +0000 build-debian4: ..exit 0; \
2018-06-29 18:29:17.994740 +0000 build-debian4: .fi; \
2018-06-29 18:29:17.994766 +0000 build-debian4: .make -s -f Makefile.generic DIST=jessie PACKAGE_SET=vm \
2018-06-29 18:29:17.994793 +0000 build-debian4: ..COMPONENT=`basename qubes-src/linux-pvgrub2` \
2018-06-29 18:29:17.994817 +0000 build-debian4: ..SNAPSHOT_REPO=current-testing \
2018-06-29 18:29:17.994841 +0000 build-debian4: ..TARGET_REPO=current \
2018-06-29 18:29:17.994911 +0000 build-debian4: ..UPDATE_REPO=/home/user/builder-r4.0/$repo_basedir/current/vm/jessie \
2018-06-29 18:29:17.994946 +0000 build-debian4: ..SNAPSHOT_FILE=/home/user/builder-r4.0/repo-latest-snapshot/current-testing-vm-jessie-`basename qubes-src/linux-pvgrub2` \
2018-06-29 18:29:17.994971 +0000 build-debian4: ..BUILD_LOG_URL= \
2018-06-29 18:29:17.994998 +0000 build-debian4: ..update-repo-from-snapshot || exit 1; \
2018-06-29 18:29:17.995030 +0000 build-debian4: elif make -C qubes-src/linux-pvgrub2 -n update-repo-current >/dev/null 2>/dev/null; then \
2018-06-29 18:29:17.995059 +0000 build-debian4: .echo "Updating qubes-src/linux-pvgrub2... "; \
2018-06-29 18:29:17.995089 +0000 build-debian4: .make -s -C qubes-src/linux-pvgrub2 update-repo-current || exit 1; \
2018-06-29 18:29:17.995112 +0000 build-debian4: else \
2018-06-29 18:29:17.995140 +0000 build-debian4: .echo -n "Updating qubes-src/linux-pvgrub2... skipping."; \
2018-06-29 18:29:17.995162 +0000 build-debian4: fi; \
2018-06-29 18:29:17.995183 +0000 build-debian4: echo
2018-06-29 18:29:18.440334 +0000 build-debian4: Updating qubes-src/linux-pvgrub2... no packages.
2018-06-29 18:29:18.440419 +0000 build-debian4: Makefile:713: update target 'internal-update-repo-current.vm.jessie' due to: internal-update-repo-current.vm.jessie.linux-pvgrub2
2018-06-29 18:29:18.440465 +0000 build-debian4: true
2018-06-29 18:29:18.446134 +0000 build-debian4: Makefile:734: target 'internal-update-repo-current.vm.stretch.linux-pvgrub2' does not exist
2018-06-29 18:29:18.446211 +0000 build-debian4: repo_base_var="LINUX_REPO_stretch_BASEDIR"; \
2018-06-29 18:29:18.446265 +0000 build-debian4: if [ -n "${!repo_base_var}" ]; then \
2018-06-29 18:29:18.446306 +0000 build-debian4: .repo_basedir="${!repo_base_var}"; \
2018-06-29 18:29:18.446337 +0000 build-debian4: else \
2018-06-29 18:29:18.446369 +0000 build-debian4: .repo_basedir="qubes-src/linux-deb/r4.0"; \
2018-06-29 18:29:18.446416 +0000 build-debian4: fi; \
2018-06-29 18:29:18.446446 +0000 build-debian4: if [ -r qubes-src/linux-pvgrub2/Makefile.builder ]; then \
2018-06-29 18:29:18.446475 +0000 build-debian4: .echo -n "Updating qubes-src/linux-pvgrub2... "; \
2018-06-29 18:29:18.446507 +0000 build-debian4: .if [ "0" -eq 1 ]; then \
2018-06-29 18:29:18.446537 +0000 build-debian4: ..vtag=`git -C qubes-src/linux-pvgrub2 tag --points-at HEAD --list v*`; \
2018-06-29 18:29:18.446564 +0000 build-debian4: ..if [ -z "$vtag" ]; then \
2018-06-29 18:29:18.446589 +0000 build-debian4: ...echo "no version tag"; \
2018-06-29 18:29:18.446613 +0000 build-debian4: ...exit 0; \
2018-06-29 18:29:18.446637 +0000 build-debian4: ..fi; \
2018-06-29 18:29:18.446661 +0000 build-debian4: .fi; \
2018-06-29 18:29:18.446708 +0000 build-debian4: .component_packages=$(MAKEFLAGS= make -s -f Makefile.generic DIST=stretch PACKAGE_SET=vm COMPONENT=`basename qubes-src/linux-pvgrub2` UPDATE_REPO=/home/user/builder-r4.0/$repo_basedir/current/vm/stretch get-var GET_VAR=PACKAGE_LIST); \
2018-06-29 18:29:18.446737 +0000 build-debian4: .if [ -z "$component_packages" ]; then \
2018-06-29 18:29:18.446763 +0000 build-debian4: ..echo "no packages."; \
2018-06-29 18:29:18.446791 +0000 build-debian4: ..exit 0; \
2018-06-29 18:29:18.446814 +0000 build-debian4: .fi; \
2018-06-29 18:29:18.446843 +0000 build-debian4: .make -s -f Makefile.generic DIST=stretch PACKAGE_SET=vm \
2018-06-29 18:29:18.446897 +0000 build-debian4: ..COMPONENT=`basename qubes-src/linux-pvgrub2` \
2018-06-29 18:29:18.446923 +0000 build-debian4: ..SNAPSHOT_REPO=current-testing \
2018-06-29 18:29:18.446947 +0000 build-debian4: ..TARGET_REPO=current \
2018-06-29 18:29:18.446978 +0000 build-debian4: ..UPDATE_REPO=/home/user/builder-r4.0/$repo_basedir/current/vm/stretch \
2018-06-29 18:29:18.447014 +0000 build-debian4: ..SNAPSHOT_FILE=/home/user/builder-r4.0/repo-latest-snapshot/current-testing-vm-stretch-`basename qubes-src/linux-pvgrub2` \
2018-06-29 18:29:18.447040 +0000 build-debian4: ..BUILD_LOG_URL= \
2018-06-29 18:29:18.447067 +0000 build-debian4: ..update-repo-from-snapshot || exit 1; \
2018-06-29 18:29:18.447100 +0000 build-debian4: elif make -C qubes-src/linux-pvgrub2 -n update-repo-current >/dev/null 2>/dev/null; then \
2018-06-29 18:29:18.447129 +0000 build-debian4: .echo "Updating qubes-src/linux-pvgrub2... "; \
2018-06-29 18:29:18.447158 +0000 build-debian4: .make -s -C qubes-src/linux-pvgrub2 update-repo-current || exit 1; \
2018-06-29 18:29:18.447181 +0000 build-debian4: else \
2018-06-29 18:29:18.447208 +0000 build-debian4: .echo -n "Updating qubes-src/linux-pvgrub2... skipping."; \
2018-06-29 18:29:18.447230 +0000 build-debian4: fi; \
2018-06-29 18:29:18.447252 +0000 build-debian4: echo
2018-06-29 18:29:18.782267 +0000 build-debian4: Updating qubes-src/linux-pvgrub2... no packages.
2018-06-29 18:29:18.782340 +0000 build-debian4: Makefile:713: update target 'internal-update-repo-current.vm.stretch' due to: internal-update-repo-current.vm.stretch.linux-pvgrub2
2018-06-29 18:29:18.782372 +0000 build-debian4: true
2018-06-29 18:29:18.789939 +0000 build-debian4: Makefile:777: target 'post-update-repo-current' does not exist
2018-06-29 18:29:18.790010 +0000 build-debian4: for dist in  buster jessie stretch; do \
2018-06-29 18:29:18.790054 +0000 build-debian4: .repo_base_var="LINUX_REPO_${dist}_BASEDIR"; \
2018-06-29 18:29:18.790089 +0000 build-debian4: .if [ -n "${!repo_base_var}" ]; then \
2018-06-29 18:29:18.790121 +0000 build-debian4: ..repo_basedir="${!repo_base_var}"; \
2018-06-29 18:29:18.790148 +0000 build-debian4: .else \
2018-06-29 18:29:18.790177 +0000 build-debian4: ..repo_basedir="qubes-src/linux-deb/r4.0"; \
2018-06-29 18:29:18.790210 +0000 build-debian4: .fi; \
2018-06-29 18:29:18.790240 +0000 build-debian4: .repos_to_update="$repos_to_update $repo_basedir"; \
2018-06-29 18:29:18.790264 +0000 build-debian4: done; \
2018-06-29 18:29:18.790295 +0000 build-debian4: for repo in `echo $repos_to_update|tr ' ' '\n'|sort|uniq`; do \
2018-06-29 18:29:18.790344 +0000 build-debian4: .[ -z "$repo" ] && continue; \
2018-06-29 18:29:18.790376 +0000 build-debian4: .(cd $repo/.. && ./update_repo-current.sh `basename $repo`); \
2018-06-29 18:29:18.790400 +0000 build-debian4: done
2018-06-29 18:29:18.920094 +0000 build-debian4: --> Processing repo: r4.0/vm/dists/buster...
2018-06-29 18:58:18.948278 +0000 build-debian4: --> Processing repo: r4.0/vm/dists/jessie...
2018-06-29 18:58:19.791461 +0000 build-debian4: --> Processing repo: r4.0/vm/dists/stretch...
2018-06-29 18:58:20.610533 +0000 build-debian4: Done.
2018-06-29 18:58:20.626037 +0000 build-debian4: ~/builder-r4.0/qubes-src/linux-deb ~/builder-r4.0/qubes-src/linux-deb
2018-06-29 18:58:22.000160 +0000 build-debian4: sending incremental file list
2018-06-29 18:58:22.242762 +0000 build-debian4: Syncing r4.0/vm/buster...
2018-06-29 18:58:22.441020 +0000 build-debian4: sending incremental file list
2018-06-29 18:58:22.602730 +0000 build-debian4: .d..t...... buster/
2018-06-29 18:58:22.602789 +0000 build-debian4: <f..t...... buster/InRelease
2018-06-29 18:58:22.603184 +0000 build-debian4: .            700  28%    0.00kB/s    0:00:00  .          2,482 100%    1.70MB/s    0:00:00 (xfr#1, to-chk=10/12)
2018-06-29 18:58:22.603273 +0000 build-debian4: <f..t...... buster/Release.gpg
2018-06-29 18:58:22.603504 +0000 build-debian4: .            833 100%  813.48kB/s    0:00:00  .            833 100%  813.48kB/s    0:00:00 (xfr#2, to-chk=8/12)
2018-06-29 18:58:22.691250 +0000 build-debian4: Syncing r4.0/vm/buster-securitytesting...
2018-06-29 18:58:22.889237 +0000 build-debian4: sending incremental file list
2018-06-29 18:58:23.122728 +0000 build-debian4: Syncing r4.0/vm/buster-testing...
2018-06-29 18:58:23.322552 +0000 build-debian4: sending incremental file list
2018-06-29 18:58:23.540363 +0000 build-debian4: Syncing r4.0/vm/jessie...
2018-06-29 18:58:23.741393 +0000 build-debian4: sending incremental file list
2018-06-29 18:58:23.897919 +0000 build-debian4: .d..t...... jessie/
2018-06-29 18:58:23.898058 +0000 build-debian4: <f..t...... jessie/InRelease
2018-06-29 18:58:23.899843 +0000 build-debian4: .            700  28%    0.00kB/s    0:00:00  .          2,482 100%    1.70MB/s    0:00:00 (xfr#1, to-chk=10/12)
2018-06-29 18:58:23.900091 +0000 build-debian4: <f..t...... jessie/Release.gpg
2018-06-29 18:58:23.900290 +0000 build-debian4: .            833 100%  813.48kB/s    0:00:00  .            833 100%  813.48kB/s    0:00:00 (xfr#2, to-chk=8/12)
2018-06-29 18:58:23.996715 +0000 build-debian4: Syncing r4.0/vm/jessie-securitytesting...
2018-06-29 18:58:24.205385 +0000 build-debian4: sending incremental file list
2018-06-29 18:58:24.439136 +0000 build-debian4: Syncing r4.0/vm/jessie-testing...
2018-06-29 18:58:24.641682 +0000 build-debian4: sending incremental file list
2018-06-29 18:58:24.855901 +0000 build-debian4: Syncing r4.0/vm/stretch...
2018-06-29 18:58:25.059593 +0000 build-debian4: sending incremental file list
2018-06-29 18:58:25.215566 +0000 build-debian4: .d..t...... stretch/
2018-06-29 18:58:25.215700 +0000 build-debian4: <f..t...... stretch/InRelease
2018-06-29 18:58:25.217441 +0000 build-debian4: .            700  28%    0.00kB/s    0:00:00  .          2,484 100%    1.70MB/s    0:00:00 (xfr#1, to-chk=10/12)
2018-06-29 18:58:25.218125 +0000 build-debian4: <f..t...... stretch/Release.gpg
2018-06-29 18:58:25.218349 +0000 build-debian4: .            833 100%  813.48kB/s    0:00:00  .            833 100%  813.48kB/s    0:00:00 (xfr#2, to-chk=8/12)
2018-06-29 18:58:25.311583 +0000 build-debian4: Syncing r4.0/vm/stretch-securitytesting...
2018-06-29 18:58:25.515317 +0000 build-debian4: sending incremental file list
2018-06-29 18:58:25.731705 +0000 build-debian4: Syncing r4.0/vm/stretch-testing...
2018-06-29 18:58:25.934705 +0000 build-debian4: sending incremental file list
2018-06-29 18:58:26.155311 +0000 build-debian4: ~/builder-r4.0/qubes-src/linux-deb
2018-06-29 18:58:26.162122 +0000 build-debian4: Makefile:702: update target 'update-repo-current' due to: internal-update-repo-current.vm.buster internal-update-repo-current.vm.jessie internal-update-repo-current.vm.stretch post-update-repo-current
2018-06-29 18:58:26.162226 +0000 build-debian4: true
2018-06-29 18:58:26.166741 +0000 build-debian4: > done
2018-06-29 18:59:26.162439 +0000 > closing log
