2020-04-01 04:43:51.986975 +0000 > starting log
2020-04-01 04:43:51.987262 +0000 build-debian4: > starting build with log
2020-04-01 04:43:51.987277 +0000 build-debian4: >> make args: DISTS_VM=buster DIST_DOM0= qubes
2020-04-01 04:43:51.987285 +0000 build-debian4: >> MAKEFLAGS=
2020-04-01 04:43:51.987293 +0000 build-debian4: >> COMPONENTS=linux-utils
2020-04-01 04:43:51.987299 +0000 build-debian4: >> DISTS_VM=
2020-04-01 04:43:51.987306 +0000 build-debian4: >> DIST_DOM0=
2020-04-01 04:43:51.987314 +0000 build-debian4: >> qubes-builder 5560315de93ce32850e7557356de3dd67edb9300
2020-04-01 04:43:51.987321 +0000 build-debian4: ?? rpmdb/Basenames
2020-04-01 04:43:51.987327 +0000 build-debian4: ?? rpmdb/Conflictname
2020-04-01 04:43:51.987334 +0000 build-debian4: ?? rpmdb/Dirnames
2020-04-01 04:43:51.987340 +0000 build-debian4: ?? rpmdb/Enhancename
2020-04-01 04:43:51.987347 +0000 build-debian4: ?? rpmdb/Filetriggername
2020-04-01 04:43:51.987353 +0000 build-debian4: ?? rpmdb/Group
2020-04-01 04:43:51.987360 +0000 build-debian4: ?? rpmdb/Installtid
2020-04-01 04:43:51.987366 +0000 build-debian4: ?? rpmdb/Name
2020-04-01 04:43:51.987373 +0000 build-debian4: ?? rpmdb/Obsoletename
2020-04-01 04:43:51.987379 +0000 build-debian4: ?? rpmdb/Packages
2020-04-01 04:43:51.987385 +0000 build-debian4: ?? rpmdb/Providename
2020-04-01 04:43:51.987392 +0000 build-debian4: ?? rpmdb/Recommendname
2020-04-01 04:43:51.987398 +0000 build-debian4: ?? rpmdb/Requirename
2020-04-01 04:43:51.987405 +0000 build-debian4: ?? rpmdb/Sha1header
2020-04-01 04:43:51.987411 +0000 build-debian4: ?? rpmdb/Sigmd5
2020-04-01 04:43:51.987418 +0000 build-debian4: ?? rpmdb/Suggestname
2020-04-01 04:43:51.987424 +0000 build-debian4: ?? rpmdb/Supplementname
2020-04-01 04:43:51.987431 +0000 build-debian4: ?? rpmdb/Transfiletriggername
2020-04-01 04:43:51.987438 +0000 build-debian4: ?? rpmdb/Triggername
2020-04-01 04:43:51.987444 +0000 build-debian4: ?? rpmdb/__db.001
2020-04-01 04:43:51.987450 +0000 build-debian4: ?? rpmdb/__db.002
2020-04-01 04:43:51.987457 +0000 build-debian4: ?? rpmdb/__db.003
2020-04-01 04:43:51.987469 +0000 build-debian4: cff35fce8f5cfbc00390291ade07bafccdfb62eca60f94d10f138680a08af08e3e6f2ba334848ecd5915104466fd3faab090227da8a3e038c9ff1ef6f2f6d8d9  rpmdb/Basenames
2020-04-01 04:43:51.990451 +0000 build-debian4: 9abba56e01d26ba25bc7176f8d544ee17658cb97cea4b06bc337f4aa968cd7e3a27197354ff28d8b9a155e9865df0938face2a33c460c72c754d304cdc547dbf  rpmdb/Conflictname
2020-04-01 04:43:51.990503 +0000 build-debian4: a851c9f3609e28dc16f60dcb51effe890a99fb49603103bed0f20c3ac93a794ab22721897bfa9259b24cb532654f63fd7db112c89c9dadb4f26e31d0730478b5  rpmdb/Dirnames
2020-04-01 04:43:51.990520 +0000 build-debian4: 91c34df76153fd0d8b074ad63af09218bfc8b972a402373d8f916e2672c6e71b00757d8da9ee4b2f5adf4227d03f06f6ceaba0c127b5c7af6703fc6184f5a603  rpmdb/Enhancename
2020-04-01 04:43:51.990534 +0000 build-debian4: da8ccb9717df1d6f24edd370a280ce816f879f4117ae03241ddd250f4dd74c94484cfee31037fb49a71cb4112c9fed7742d5bc5943538971aef03b2e3da218ae  rpmdb/Filetriggername
2020-04-01 04:43:51.990547 +0000 build-debian4: 7300f317899eb30adeec7e0c239e55b7d126e9d1d32053f31705e3814b523535984923485e14e6467d04de345d63fb0d1ca4fb1b28263b9bb762cd8340dc722f  rpmdb/Group
2020-04-01 04:43:51.990561 +0000 build-debian4: 08b269da63ce678411235e53ee54ab375ba60181138b17531f8b06afea4a5948d36077ab36397ca8f74d6f10aa7530df818d029d8d8ffe6e28cce2f37459ee80  rpmdb/Installtid
2020-04-01 04:43:51.990574 +0000 build-debian4: f3d167ce5dd5095647b21fff0024539708de45a57ddfc5da800cc5805fc37d7439ddc636b9ecd75459d6103330723ccf70ca53360fe3ac7b258875c5021d4a4c  rpmdb/Name
2020-04-01 04:43:51.990587 +0000 build-debian4: efa92d26ee53fec47e4c7a344932ef1fa9ff152c355e982c79efc162a3d8db3a102ff211887467dfb0d02dd471f7d3253739fc1d6fc398f0aab6bd757bf020e4  rpmdb/Obsoletename
2020-04-01 04:43:51.990600 +0000 build-debian4: 1dccbe52bab76f87c72343ef4bea1efa8edd4e7656f5e6bad13945a9a22bfcc43858906583dc2f52485616ca9a4e47c9beae5308d9c49ee4082d3dae5af2c9a5  rpmdb/Packages
2020-04-01 04:43:51.990613 +0000 build-debian4: 18d63ad3b2e468e8e4dc535a6ac495da306f3e86e6b8d1acc2f5b96ef8948821c3b13ad0ceae00ef66688265df86827c5418a52f78b20a5018f68ad8d35f495c  rpmdb/Providename
2020-04-01 04:43:51.990645 +0000 build-debian4: 0f7e20775dff284958ab37d22230e028e2cbb7bac14ca0a18c4f9dcf851af6c659b7b361c90745fb604ff2f9bc8073f43acb802a9e0fe77c518078579aaa1a77  rpmdb/Recommendname
2020-04-01 04:43:51.990660 +0000 build-debian4: 99caf69f7632e4972aaf5df642adde853737ebfe8c1d27d08377d4bfd2a0250b8e7dc4386a2fb9128183b31f39ebfc0672372fd7358361c7a7fd9a56ad3d4ff3  rpmdb/Requirename
2020-04-01 04:43:51.990673 +0000 build-debian4: 2205bb42662a209547fce7b8db8c8fd6ffbbf1d5dec17929d5078f34436ff39c6afebc3333a1a9c5f4032ccd9db35460d61f7d8c1fd948fb43f005af0e9b29a6  rpmdb/Sha1header
2020-04-01 04:43:51.990686 +0000 build-debian4: 73e58c825d7a3b94f8a6e70e577ea7706032604813c6c51842449beab93f00fdc5bb291b15053919c114553c302676520b5e96376720dbc4db1f8e55ff1bf8bf  rpmdb/Sigmd5
2020-04-01 04:43:51.990699 +0000 build-debian4: 3a553cace72ea2d82ffc7b8c09ef8db0ceababdcc7b20aa2798f3e39be7bb23122831c51430c3e3bbf4870eabf3c98d66a41003d41f1718a7ae0bdfe31360331  rpmdb/Suggestname
2020-04-01 04:43:51.990712 +0000 build-debian4: 30cfca733536946e75f55c1244344063b95ec694bb48d2b836e5b78a759fff65118bbea9138027f1f8f88edfc09b1b1e1e2faf13eb1d18feed03a61b615fc8b9  rpmdb/Supplementname
2020-04-01 04:43:51.990726 +0000 build-debian4: 8612faad7fd4e8766cdb350361e18c6dafcf6ede4b8b2919b8212bfb8140705bf777225291588a43d4afc96b65f8337264587da270457239e1e17d8084ae3d36  rpmdb/Transfiletriggername
2020-04-01 04:43:51.990739 +0000 build-debian4: 1c707af8aadf0b67e79c5917f947f67eed43f7e34e1830bac6fd7ac4c496336225d80ad01dc1b130448571ade3376aa2e89306a1537c0a3c0537bd67be4f9544  rpmdb/Triggername
2020-04-01 04:43:51.990751 +0000 build-debian4: 38041ba56d9b6ea8545eed639ec46946fe7687782b1442c5d00a319b0f247e22a833474f289f817c4c67e69a7abc68d3943af6337fff6c1b18193d1ce9fcada1  rpmdb/__db.001
2020-04-01 04:43:51.990764 +0000 build-debian4: 60831b37731b9aab2d84facf0456d6ae16283a2bb951c318222aebbbf916755585cb1f2425519744998deb12d85e34bd74ba4a71327d449053d3d58c236ad934  rpmdb/__db.002
2020-04-01 04:43:51.990777 +0000 build-debian4: 0c8c8843cebb3415418bf6791d0cc934cc66b72c317b42a22b241ed8f6c04479700f2d710a7c9a3f506bc442c25c7f4a203c32da5594c542389442019aaac741  rpmdb/__db.003
2020-04-01 04:43:51.990787 +0000 build-debian4: >> qubes-builder/qubes-src/linux-utils 20505a87803856443b3c21a31f9e0800a64f02a8
2020-04-01 04:43:51.990797 +0000 build-debian4: !! pkgs/vm-bullseye/libqubes-rpc-filecopy-dev_4.1.1+deb11u1_amd64.deb
2020-04-01 04:43:51.990816 +0000 build-debian4: !! pkgs/vm-bullseye/libqubes-rpc-filecopy-dev_4.1.2+deb11u1_amd64.deb
2020-04-01 04:43:51.990826 +0000 build-debian4: !! pkgs/vm-bullseye/libqubes-rpc-filecopy-dev_4.1.3+deb11u1_amd64.deb
2020-04-01 04:43:51.990835 +0000 build-debian4: !! pkgs/vm-bullseye/libqubes-rpc-filecopy-dev_4.1.4+deb11u1_amd64.deb
2020-04-01 04:43:51.990844 +0000 build-debian4: !! pkgs/vm-bullseye/libqubes-rpc-filecopy-dev_4.1.5+deb11u1_amd64.deb
2020-04-01 04:43:51.990853 +0000 build-debian4: !! pkgs/vm-bullseye/libqubes-rpc-filecopy-dev_4.1.6+deb11u1_amd64.deb
2020-04-01 04:43:51.990863 +0000 build-debian4: !! pkgs/vm-bullseye/libqubes-rpc-filecopy2-dbgsym_4.1.1+deb11u1_amd64.deb
2020-04-01 04:43:51.990872 +0000 build-debian4: !! pkgs/vm-bullseye/libqubes-rpc-filecopy2-dbgsym_4.1.2+deb11u1_amd64.deb
2020-04-01 04:43:51.990881 +0000 build-debian4: !! pkgs/vm-bullseye/libqubes-rpc-filecopy2-dbgsym_4.1.3+deb11u1_amd64.deb
2020-04-01 04:43:51.990890 +0000 build-debian4: !! pkgs/vm-bullseye/libqubes-rpc-filecopy2-dbgsym_4.1.4+deb11u1_amd64.deb
2020-04-01 04:43:51.990900 +0000 build-debian4: !! pkgs/vm-bullseye/libqubes-rpc-filecopy2-dbgsym_4.1.5+deb11u1_amd64.deb
2020-04-01 04:43:51.990921 +0000 build-debian4: !! pkgs/vm-bullseye/libqubes-rpc-filecopy2-dbgsym_4.1.6+deb11u1_amd64.deb
2020-04-01 04:43:51.990932 +0000 build-debian4: !! pkgs/vm-bullseye/libqubes-rpc-filecopy2_4.1.1+deb11u1_amd64.deb
2020-04-01 04:43:51.990941 +0000 build-debian4: !! pkgs/vm-bullseye/libqubes-rpc-filecopy2_4.1.2+deb11u1_amd64.deb
2020-04-01 04:43:51.990955 +0000 build-debian4: !! pkgs/vm-bullseye/libqubes-rpc-filecopy2_4.1.3+deb11u1_amd64.deb
2020-04-01 04:43:51.990965 +0000 build-debian4: !! pkgs/vm-bullseye/libqubes-rpc-filecopy2_4.1.4+deb11u1_amd64.deb
2020-04-01 04:43:51.990974 +0000 build-debian4: !! pkgs/vm-bullseye/libqubes-rpc-filecopy2_4.1.5+deb11u1_amd64.deb
2020-04-01 04:43:51.990983 +0000 build-debian4: !! pkgs/vm-bullseye/libqubes-rpc-filecopy2_4.1.6+deb11u1_amd64.deb
2020-04-01 04:43:51.990992 +0000 build-debian4: !! pkgs/vm-bullseye/qubes-kernel-vm-support_4.1.1+deb11u1_amd64.deb
2020-04-01 04:43:51.991000 +0000 build-debian4: !! pkgs/vm-bullseye/qubes-kernel-vm-support_4.1.2+deb11u1_amd64.deb
2020-04-01 04:43:51.991009 +0000 build-debian4: !! pkgs/vm-bullseye/qubes-kernel-vm-support_4.1.3+deb11u1_amd64.deb
2020-04-01 04:43:51.991018 +0000 build-debian4: !! pkgs/vm-bullseye/qubes-kernel-vm-support_4.1.4+deb11u1_amd64.deb
2020-04-01 04:43:51.991027 +0000 build-debian4: !! pkgs/vm-bullseye/qubes-kernel-vm-support_4.1.5+deb11u1_amd64.deb
2020-04-01 04:43:51.991036 +0000 build-debian4: !! pkgs/vm-bullseye/qubes-kernel-vm-support_4.1.6+deb11u1_amd64.deb
2020-04-01 04:43:51.991045 +0000 build-debian4: !! pkgs/vm-bullseye/qubes-utils-dbgsym_4.1.1+deb11u1_amd64.deb
2020-04-01 04:43:51.991054 +0000 build-debian4: !! pkgs/vm-bullseye/qubes-utils-dbgsym_4.1.2+deb11u1_amd64.deb
2020-04-01 04:43:51.991062 +0000 build-debian4: !! pkgs/vm-bullseye/qubes-utils-dbgsym_4.1.3+deb11u1_amd64.deb
2020-04-01 04:43:51.991071 +0000 build-debian4: !! pkgs/vm-bullseye/qubes-utils-dbgsym_4.1.4+deb11u1_amd64.deb
2020-04-01 04:43:51.991080 +0000 build-debian4: !! pkgs/vm-bullseye/qubes-utils-dbgsym_4.1.5+deb11u1_amd64.deb
2020-04-01 04:43:51.991088 +0000 build-debian4: !! pkgs/vm-bullseye/qubes-utils-dbgsym_4.1.6+deb11u1_amd64.deb
2020-04-01 04:43:51.991096 +0000 build-debian4: !! pkgs/vm-bullseye/qubes-utils_4.1.1+deb11u1.dsc
2020-04-01 04:43:51.991105 +0000 build-debian4: !! pkgs/vm-bullseye/qubes-utils_4.1.1+deb11u1.tar.xz
2020-04-01 04:43:51.991113 +0000 build-debian4: !! pkgs/vm-bullseye/qubes-utils_4.1.1+deb11u1_amd64.buildinfo
2020-04-01 04:43:51.991122 +0000 build-debian4: !! pkgs/vm-bullseye/qubes-utils_4.1.1+deb11u1_amd64.changes
2020-04-01 04:43:51.991130 +0000 build-debian4: !! pkgs/vm-bullseye/qubes-utils_4.1.1+deb11u1_amd64.deb
2020-04-01 04:43:51.991138 +0000 build-debian4: !! pkgs/vm-bullseye/qubes-utils_4.1.2+deb11u1.dsc
2020-04-01 04:43:51.991149 +0000 build-debian4: !! pkgs/vm-bullseye/qubes-utils_4.1.2+deb11u1.tar.xz
2020-04-01 04:43:51.991158 +0000 build-debian4: !! pkgs/vm-bullseye/qubes-utils_4.1.2+deb11u1_amd64.buildinfo
2020-04-01 04:43:51.991167 +0000 build-debian4: !! pkgs/vm-bullseye/qubes-utils_4.1.2+deb11u1_amd64.changes
2020-04-01 04:43:51.991175 +0000 build-debian4: !! pkgs/vm-bullseye/qubes-utils_4.1.2+deb11u1_amd64.deb
2020-04-01 04:43:51.991183 +0000 build-debian4: !! pkgs/vm-bullseye/qubes-utils_4.1.3+deb11u1.dsc
2020-04-01 04:43:51.991191 +0000 build-debian4: !! pkgs/vm-bullseye/qubes-utils_4.1.3+deb11u1.tar.xz
2020-04-01 04:43:51.991200 +0000 build-debian4: !! pkgs/vm-bullseye/qubes-utils_4.1.3+deb11u1_amd64.buildinfo
2020-04-01 04:43:51.991208 +0000 build-debian4: !! pkgs/vm-bullseye/qubes-utils_4.1.3+deb11u1_amd64.changes
2020-04-01 04:43:51.991217 +0000 build-debian4: !! pkgs/vm-bullseye/qubes-utils_4.1.3+deb11u1_amd64.deb
2020-04-01 04:43:51.991225 +0000 build-debian4: !! pkgs/vm-bullseye/qubes-utils_4.1.4+deb11u1.dsc
2020-04-01 04:43:51.991233 +0000 build-debian4: !! pkgs/vm-bullseye/qubes-utils_4.1.4+deb11u1.tar.xz
2020-04-01 04:43:51.991241 +0000 build-debian4: !! pkgs/vm-bullseye/qubes-utils_4.1.4+deb11u1_amd64.buildinfo
2020-04-01 04:43:51.991250 +0000 build-debian4: !! pkgs/vm-bullseye/qubes-utils_4.1.4+deb11u1_amd64.changes
2020-04-01 04:43:51.991258 +0000 build-debian4: !! pkgs/vm-bullseye/qubes-utils_4.1.4+deb11u1_amd64.deb
2020-04-01 04:43:51.991266 +0000 build-debian4: !! pkgs/vm-bullseye/qubes-utils_4.1.5+deb11u1.dsc
2020-04-01 04:43:51.991278 +0000 build-debian4: !! pkgs/vm-bullseye/qubes-utils_4.1.5+deb11u1.tar.xz
2020-04-01 04:43:51.991287 +0000 build-debian4: !! pkgs/vm-bullseye/qubes-utils_4.1.5+deb11u1_amd64.buildinfo
2020-04-01 04:43:51.991296 +0000 build-debian4: !! pkgs/vm-bullseye/qubes-utils_4.1.5+deb11u1_amd64.changes
2020-04-01 04:43:51.991304 +0000 build-debian4: !! pkgs/vm-bullseye/qubes-utils_4.1.5+deb11u1_amd64.deb
2020-04-01 04:43:51.991312 +0000 build-debian4: !! pkgs/vm-bullseye/qubes-utils_4.1.6+deb11u1.dsc
2020-04-01 04:43:51.991320 +0000 build-debian4: !! pkgs/vm-bullseye/qubes-utils_4.1.6+deb11u1.tar.xz
2020-04-01 04:43:51.991329 +0000 build-debian4: !! pkgs/vm-bullseye/qubes-utils_4.1.6+deb11u1_amd64.buildinfo
2020-04-01 04:43:51.991337 +0000 build-debian4: !! pkgs/vm-bullseye/qubes-utils_4.1.6+deb11u1_amd64.changes
2020-04-01 04:43:51.991346 +0000 build-debian4: !! pkgs/vm-bullseye/qubes-utils_4.1.6+deb11u1_amd64.deb
2020-04-01 04:43:51.991354 +0000 build-debian4: !! pkgs/vm-buster/libqrexec-utils-dev_4.0.23+deb10u1_amd64.deb
2020-04-01 04:43:51.991363 +0000 build-debian4: !! pkgs/vm-buster/libqrexec-utils-dev_4.0.24+deb10u1_amd64.deb
2020-04-01 04:43:51.991372 +0000 build-debian4: !! pkgs/vm-buster/libqrexec-utils2-dbgsym_4.0.23+deb10u1_amd64.deb
2020-04-01 04:43:51.991381 +0000 build-debian4: !! pkgs/vm-buster/libqrexec-utils2-dbgsym_4.0.24+deb10u1_amd64.deb
2020-04-01 04:43:51.995318 +0000 build-debian4: !! pkgs/vm-buster/libqrexec-utils2_4.0.23+deb10u1_amd64.deb
2020-04-01 04:43:51.995388 +0000 build-debian4: !! pkgs/vm-buster/libqrexec-utils2_4.0.24+deb10u1_amd64.deb
2020-04-01 04:43:51.995401 +0000 build-debian4: !! pkgs/vm-buster/libqubes-rpc-filecopy-dev_4.0.23+deb10u1_amd64.deb
2020-04-01 04:43:51.995426 +0000 build-debian4: !! pkgs/vm-buster/libqubes-rpc-filecopy-dev_4.0.24+deb10u1_amd64.deb
2020-04-01 04:43:51.995436 +0000 build-debian4: !! pkgs/vm-buster/libqubes-rpc-filecopy-dev_4.1.0+deb10u1_amd64.deb
2020-04-01 04:43:51.995445 +0000 build-debian4: !! pkgs/vm-buster/libqubes-rpc-filecopy-dev_4.1.1+deb10u1_amd64.deb
2020-04-01 04:43:51.995454 +0000 build-debian4: !! pkgs/vm-buster/libqubes-rpc-filecopy-dev_4.1.2+deb10u1_amd64.deb
2020-04-01 04:43:51.995463 +0000 build-debian4: !! pkgs/vm-buster/libqubes-rpc-filecopy-dev_4.1.3+deb10u1_amd64.deb
2020-04-01 04:43:51.995471 +0000 build-debian4: !! pkgs/vm-buster/libqubes-rpc-filecopy-dev_4.1.4+deb10u1_amd64.deb
2020-04-01 04:43:51.995480 +0000 build-debian4: !! pkgs/vm-buster/libqubes-rpc-filecopy-dev_4.1.5+deb10u1_amd64.deb
2020-04-01 04:43:51.995489 +0000 build-debian4: !! pkgs/vm-buster/libqubes-rpc-filecopy2-dbgsym_4.0.23+deb10u1_amd64.deb
2020-04-01 04:43:51.995498 +0000 build-debian4: !! pkgs/vm-buster/libqubes-rpc-filecopy2-dbgsym_4.0.24+deb10u1_amd64.deb
2020-04-01 04:43:51.995507 +0000 build-debian4: !! pkgs/vm-buster/libqubes-rpc-filecopy2-dbgsym_4.1.0+deb10u1_amd64.deb
2020-04-01 04:43:51.995516 +0000 build-debian4: !! pkgs/vm-buster/libqubes-rpc-filecopy2-dbgsym_4.1.1+deb10u1_amd64.deb
2020-04-01 04:43:51.995524 +0000 build-debian4: !! pkgs/vm-buster/libqubes-rpc-filecopy2-dbgsym_4.1.2+deb10u1_amd64.deb
2020-04-01 04:43:51.995533 +0000 build-debian4: !! pkgs/vm-buster/libqubes-rpc-filecopy2-dbgsym_4.1.3+deb10u1_amd64.deb
2020-04-01 04:43:51.995542 +0000 build-debian4: !! pkgs/vm-buster/libqubes-rpc-filecopy2-dbgsym_4.1.4+deb10u1_amd64.deb
2020-04-01 04:43:51.995551 +0000 build-debian4: !! pkgs/vm-buster/libqubes-rpc-filecopy2-dbgsym_4.1.5+deb10u1_amd64.deb
2020-04-01 04:43:51.995559 +0000 build-debian4: !! pkgs/vm-buster/libqubes-rpc-filecopy2_4.0.23+deb10u1_amd64.deb
2020-04-01 04:43:51.995568 +0000 build-debian4: !! pkgs/vm-buster/libqubes-rpc-filecopy2_4.0.24+deb10u1_amd64.deb
2020-04-01 04:43:51.995577 +0000 build-debian4: !! pkgs/vm-buster/libqubes-rpc-filecopy2_4.1.0+deb10u1_amd64.deb
2020-04-01 04:43:51.995585 +0000 build-debian4: !! pkgs/vm-buster/libqubes-rpc-filecopy2_4.1.1+deb10u1_amd64.deb
2020-04-01 04:43:51.995594 +0000 build-debian4: !! pkgs/vm-buster/libqubes-rpc-filecopy2_4.1.2+deb10u1_amd64.deb
2020-04-01 04:43:51.995613 +0000 build-debian4: !! pkgs/vm-buster/libqubes-rpc-filecopy2_4.1.3+deb10u1_amd64.deb
2020-04-01 04:43:51.995622 +0000 build-debian4: !! pkgs/vm-buster/libqubes-rpc-filecopy2_4.1.4+deb10u1_amd64.deb
2020-04-01 04:43:51.995631 +0000 build-debian4: !! pkgs/vm-buster/libqubes-rpc-filecopy2_4.1.5+deb10u1_amd64.deb
2020-04-01 04:43:51.995640 +0000 build-debian4: !! pkgs/vm-buster/qubes-kernel-vm-support_4.0.23+deb10u1_amd64.deb
2020-04-01 04:43:51.995649 +0000 build-debian4: !! pkgs/vm-buster/qubes-kernel-vm-support_4.0.24+deb10u1_amd64.deb
2020-04-01 04:43:51.995657 +0000 build-debian4: !! pkgs/vm-buster/qubes-kernel-vm-support_4.1.0+deb10u1_amd64.deb
2020-04-01 04:43:51.995666 +0000 build-debian4: !! pkgs/vm-buster/qubes-kernel-vm-support_4.1.1+deb10u1_amd64.deb
2020-04-01 04:43:51.995674 +0000 build-debian4: !! pkgs/vm-buster/qubes-kernel-vm-support_4.1.2+deb10u1_amd64.deb
2020-04-01 04:43:51.995683 +0000 build-debian4: !! pkgs/vm-buster/qubes-kernel-vm-support_4.1.3+deb10u1_amd64.deb
2020-04-01 04:43:51.995691 +0000 build-debian4: !! pkgs/vm-buster/qubes-kernel-vm-support_4.1.4+deb10u1_amd64.deb
2020-04-01 04:43:51.995705 +0000 build-debian4: !! pkgs/vm-buster/qubes-kernel-vm-support_4.1.5+deb10u1_amd64.deb
2020-04-01 04:43:51.995714 +0000 build-debian4: !! pkgs/vm-buster/qubes-utils-dbgsym_4.0.23+deb10u1_amd64.deb
2020-04-01 04:43:51.995723 +0000 build-debian4: !! pkgs/vm-buster/qubes-utils-dbgsym_4.0.24+deb10u1_amd64.deb
2020-04-01 04:43:51.995731 +0000 build-debian4: !! pkgs/vm-buster/qubes-utils-dbgsym_4.1.0+deb10u1_amd64.deb
2020-04-01 04:43:51.995740 +0000 build-debian4: !! pkgs/vm-buster/qubes-utils-dbgsym_4.1.1+deb10u1_amd64.deb
2020-04-01 04:43:51.995748 +0000 build-debian4: !! pkgs/vm-buster/qubes-utils-dbgsym_4.1.2+deb10u1_amd64.deb
2020-04-01 04:43:51.995757 +0000 build-debian4: !! pkgs/vm-buster/qubes-utils-dbgsym_4.1.3+deb10u1_amd64.deb
2020-04-01 04:43:51.995765 +0000 build-debian4: !! pkgs/vm-buster/qubes-utils-dbgsym_4.1.4+deb10u1_amd64.deb
2020-04-01 04:43:51.995774 +0000 build-debian4: !! pkgs/vm-buster/qubes-utils-dbgsym_4.1.5+deb10u1_amd64.deb
2020-04-01 04:43:51.995781 +0000 build-debian4: !! pkgs/vm-buster/qubes-utils_4.0.23+deb10u1.dsc
2020-04-01 04:43:51.995789 +0000 build-debian4: !! pkgs/vm-buster/qubes-utils_4.0.23+deb10u1.tar.xz
2020-04-01 04:43:51.995798 +0000 build-debian4: !! pkgs/vm-buster/qubes-utils_4.0.23+deb10u1_amd64.buildinfo
2020-04-01 04:43:51.995806 +0000 build-debian4: !! pkgs/vm-buster/qubes-utils_4.0.23+deb10u1_amd64.changes
2020-04-01 04:43:51.995814 +0000 build-debian4: !! pkgs/vm-buster/qubes-utils_4.0.23+deb10u1_amd64.deb
2020-04-01 04:43:51.995822 +0000 build-debian4: !! pkgs/vm-buster/qubes-utils_4.0.24+deb10u1.dsc
2020-04-01 04:43:51.995830 +0000 build-debian4: !! pkgs/vm-buster/qubes-utils_4.0.24+deb10u1.tar.xz
2020-04-01 04:43:51.995841 +0000 build-debian4: !! pkgs/vm-buster/qubes-utils_4.0.24+deb10u1_amd64.buildinfo
2020-04-01 04:43:51.995849 +0000 build-debian4: !! pkgs/vm-buster/qubes-utils_4.0.24+deb10u1_amd64.changes
2020-04-01 04:43:51.995858 +0000 build-debian4: !! pkgs/vm-buster/qubes-utils_4.0.24+deb10u1_amd64.deb
2020-04-01 04:43:51.995866 +0000 build-debian4: !! pkgs/vm-buster/qubes-utils_4.1.0+deb10u1.dsc
2020-04-01 04:43:51.995874 +0000 build-debian4: !! pkgs/vm-buster/qubes-utils_4.1.0+deb10u1.tar.xz
2020-04-01 04:43:51.995882 +0000 build-debian4: !! pkgs/vm-buster/qubes-utils_4.1.0+deb10u1_amd64.buildinfo
2020-04-01 04:43:51.995891 +0000 build-debian4: !! pkgs/vm-buster/qubes-utils_4.1.0+deb10u1_amd64.changes
2020-04-01 04:43:51.995899 +0000 build-debian4: !! pkgs/vm-buster/qubes-utils_4.1.0+deb10u1_amd64.deb
2020-04-01 04:43:51.995924 +0000 build-debian4: !! pkgs/vm-buster/qubes-utils_4.1.1+deb10u1.dsc
2020-04-01 04:43:51.995935 +0000 build-debian4: !! pkgs/vm-buster/qubes-utils_4.1.1+deb10u1.tar.xz
2020-04-01 04:43:51.995944 +0000 build-debian4: !! pkgs/vm-buster/qubes-utils_4.1.1+deb10u1_amd64.buildinfo
2020-04-01 04:43:51.995952 +0000 build-debian4: !! pkgs/vm-buster/qubes-utils_4.1.1+deb10u1_amd64.changes
2020-04-01 04:43:51.995965 +0000 build-debian4: !! pkgs/vm-buster/qubes-utils_4.1.1+deb10u1_amd64.deb
2020-04-01 04:43:51.995974 +0000 build-debian4: !! pkgs/vm-buster/qubes-utils_4.1.2+deb10u1.dsc
2020-04-01 04:43:51.995982 +0000 build-debian4: !! pkgs/vm-buster/qubes-utils_4.1.2+deb10u1.tar.xz
2020-04-01 04:43:51.995991 +0000 build-debian4: !! pkgs/vm-buster/qubes-utils_4.1.2+deb10u1_amd64.buildinfo
2020-04-01 04:43:51.995999 +0000 build-debian4: !! pkgs/vm-buster/qubes-utils_4.1.2+deb10u1_amd64.changes
2020-04-01 04:43:51.996007 +0000 build-debian4: !! pkgs/vm-buster/qubes-utils_4.1.2+deb10u1_amd64.deb
2020-04-01 04:43:51.996015 +0000 build-debian4: !! pkgs/vm-buster/qubes-utils_4.1.3+deb10u1.dsc
2020-04-01 04:43:51.996023 +0000 build-debian4: !! pkgs/vm-buster/qubes-utils_4.1.3+deb10u1.tar.xz
2020-04-01 04:43:51.996032 +0000 build-debian4: !! pkgs/vm-buster/qubes-utils_4.1.3+deb10u1_amd64.buildinfo
2020-04-01 04:43:51.996045 +0000 build-debian4: !! pkgs/vm-buster/qubes-utils_4.1.3+deb10u1_amd64.changes
2020-04-01 04:43:51.996053 +0000 build-debian4: !! pkgs/vm-buster/qubes-utils_4.1.3+deb10u1_amd64.deb
2020-04-01 04:43:51.996062 +0000 build-debian4: !! pkgs/vm-buster/qubes-utils_4.1.4+deb10u1.dsc
2020-04-01 04:43:51.996070 +0000 build-debian4: !! pkgs/vm-buster/qubes-utils_4.1.4+deb10u1.tar.xz
2020-04-01 04:43:51.996078 +0000 build-debian4: !! pkgs/vm-buster/qubes-utils_4.1.4+deb10u1_amd64.buildinfo
2020-04-01 04:43:51.996086 +0000 build-debian4: !! pkgs/vm-buster/qubes-utils_4.1.4+deb10u1_amd64.changes
2020-04-01 04:43:51.996094 +0000 build-debian4: !! pkgs/vm-buster/qubes-utils_4.1.4+deb10u1_amd64.deb
2020-04-01 04:43:51.996102 +0000 build-debian4: !! pkgs/vm-buster/qubes-utils_4.1.5+deb10u1.dsc
2020-04-01 04:43:51.996110 +0000 build-debian4: !! pkgs/vm-buster/qubes-utils_4.1.5+deb10u1.tar.xz
2020-04-01 04:43:51.996119 +0000 build-debian4: !! pkgs/vm-buster/qubes-utils_4.1.5+deb10u1_amd64.buildinfo
2020-04-01 04:43:51.996127 +0000 build-debian4: !! pkgs/vm-buster/qubes-utils_4.1.5+deb10u1_amd64.changes
2020-04-01 04:43:51.996135 +0000 build-debian4: !! pkgs/vm-buster/qubes-utils_4.1.5+deb10u1_amd64.deb
2020-04-01 04:43:51.996147 +0000 build-debian4: !! pkgs/vm-stretch/libqrexec-utils-dev_4.0.23+deb9u1_amd64.deb
2020-04-01 04:43:51.996156 +0000 build-debian4: !! pkgs/vm-stretch/libqrexec-utils-dev_4.0.24+deb9u1_amd64.deb
2020-04-01 04:43:51.996165 +0000 build-debian4: !! pkgs/vm-stretch/libqrexec-utils2-dbgsym_4.0.23+deb9u1_amd64.deb
2020-04-01 04:43:51.996174 +0000 build-debian4: !! pkgs/vm-stretch/libqrexec-utils2-dbgsym_4.0.24+deb9u1_amd64.deb
2020-04-01 04:43:51.996182 +0000 build-debian4: !! pkgs/vm-stretch/libqrexec-utils2_4.0.23+deb9u1_amd64.deb
2020-04-01 04:43:51.996191 +0000 build-debian4: !! pkgs/vm-stretch/libqrexec-utils2_4.0.24+deb9u1_amd64.deb
2020-04-01 04:43:51.996200 +0000 build-debian4: !! pkgs/vm-stretch/libqubes-rpc-filecopy-dev_4.0.23+deb9u1_amd64.deb
2020-04-01 04:43:51.996208 +0000 build-debian4: !! pkgs/vm-stretch/libqubes-rpc-filecopy-dev_4.0.24+deb9u1_amd64.deb
2020-04-01 04:43:51.996217 +0000 build-debian4: !! pkgs/vm-stretch/libqubes-rpc-filecopy-dev_4.1.0+deb9u1_amd64.deb
2020-04-01 04:43:51.996226 +0000 build-debian4: !! pkgs/vm-stretch/libqubes-rpc-filecopy-dev_4.1.1+deb9u1_amd64.deb
2020-04-01 04:43:51.996235 +0000 build-debian4: !! pkgs/vm-stretch/libqubes-rpc-filecopy-dev_4.1.2+deb9u1_amd64.deb
2020-04-01 04:43:51.996243 +0000 build-debian4: !! pkgs/vm-stretch/libqubes-rpc-filecopy-dev_4.1.3+deb9u1_amd64.deb
2020-04-01 04:43:51.996252 +0000 build-debian4: !! pkgs/vm-stretch/libqubes-rpc-filecopy-dev_4.1.4+deb9u1_amd64.deb
2020-04-01 04:43:51.996261 +0000 build-debian4: !! pkgs/vm-stretch/libqubes-rpc-filecopy-dev_4.1.5+deb9u1_amd64.deb
2020-04-01 04:43:51.996270 +0000 build-debian4: !! pkgs/vm-stretch/libqubes-rpc-filecopy2-dbgsym_4.0.23+deb9u1_amd64.deb
2020-04-01 04:43:51.996279 +0000 build-debian4: !! pkgs/vm-stretch/libqubes-rpc-filecopy2-dbgsym_4.0.24+deb9u1_amd64.deb
2020-04-01 04:43:51.996288 +0000 build-debian4: !! pkgs/vm-stretch/libqubes-rpc-filecopy2-dbgsym_4.1.0+deb9u1_amd64.deb
2020-04-01 04:43:51.998583 +0000 build-debian4: !! pkgs/vm-stretch/libqubes-rpc-filecopy2-dbgsym_4.1.1+deb9u1_amd64.deb
2020-04-01 04:43:51.998633 +0000 build-debian4: !! pkgs/vm-stretch/libqubes-rpc-filecopy2-dbgsym_4.1.2+deb9u1_amd64.deb
2020-04-01 04:43:51.998646 +0000 build-debian4: !! pkgs/vm-stretch/libqubes-rpc-filecopy2-dbgsym_4.1.3+deb9u1_amd64.deb
2020-04-01 04:43:51.998656 +0000 build-debian4: !! pkgs/vm-stretch/libqubes-rpc-filecopy2-dbgsym_4.1.4+deb9u1_amd64.deb
2020-04-01 04:43:51.998665 +0000 build-debian4: !! pkgs/vm-stretch/libqubes-rpc-filecopy2-dbgsym_4.1.5+deb9u1_amd64.deb
2020-04-01 04:43:51.998674 +0000 build-debian4: !! pkgs/vm-stretch/libqubes-rpc-filecopy2_4.0.23+deb9u1_amd64.deb
2020-04-01 04:43:51.998683 +0000 build-debian4: !! pkgs/vm-stretch/libqubes-rpc-filecopy2_4.0.24+deb9u1_amd64.deb
2020-04-01 04:43:51.998692 +0000 build-debian4: !! pkgs/vm-stretch/libqubes-rpc-filecopy2_4.1.0+deb9u1_amd64.deb
2020-04-01 04:43:51.998701 +0000 build-debian4: !! pkgs/vm-stretch/libqubes-rpc-filecopy2_4.1.1+deb9u1_amd64.deb
2020-04-01 04:43:51.998709 +0000 build-debian4: !! pkgs/vm-stretch/libqubes-rpc-filecopy2_4.1.2+deb9u1_amd64.deb
2020-04-01 04:43:51.998718 +0000 build-debian4: !! pkgs/vm-stretch/libqubes-rpc-filecopy2_4.1.3+deb9u1_amd64.deb
2020-04-01 04:43:51.998727 +0000 build-debian4: !! pkgs/vm-stretch/libqubes-rpc-filecopy2_4.1.4+deb9u1_amd64.deb
2020-04-01 04:43:51.998736 +0000 build-debian4: !! pkgs/vm-stretch/libqubes-rpc-filecopy2_4.1.5+deb9u1_amd64.deb
2020-04-01 04:43:51.998744 +0000 build-debian4: !! pkgs/vm-stretch/qubes-kernel-vm-support_4.0.23+deb9u1_amd64.deb
2020-04-01 04:43:51.998753 +0000 build-debian4: !! pkgs/vm-stretch/qubes-kernel-vm-support_4.0.24+deb9u1_amd64.deb
2020-04-01 04:43:51.998762 +0000 build-debian4: !! pkgs/vm-stretch/qubes-kernel-vm-support_4.1.0+deb9u1_amd64.deb
2020-04-01 04:43:51.998771 +0000 build-debian4: !! pkgs/vm-stretch/qubes-kernel-vm-support_4.1.1+deb9u1_amd64.deb
2020-04-01 04:43:51.998780 +0000 build-debian4: !! pkgs/vm-stretch/qubes-kernel-vm-support_4.1.2+deb9u1_amd64.deb
2020-04-01 04:43:51.998788 +0000 build-debian4: !! pkgs/vm-stretch/qubes-kernel-vm-support_4.1.3+deb9u1_amd64.deb
2020-04-01 04:43:51.998797 +0000 build-debian4: !! pkgs/vm-stretch/qubes-kernel-vm-support_4.1.4+deb9u1_amd64.deb
2020-04-01 04:43:51.998806 +0000 build-debian4: !! pkgs/vm-stretch/qubes-kernel-vm-support_4.1.5+deb9u1_amd64.deb
2020-04-01 04:43:51.998815 +0000 build-debian4: !! pkgs/vm-stretch/qubes-utils-dbgsym_4.0.23+deb9u1_amd64.deb
2020-04-01 04:43:51.998824 +0000 build-debian4: !! pkgs/vm-stretch/qubes-utils-dbgsym_4.0.24+deb9u1_amd64.deb
2020-04-01 04:43:51.998833 +0000 build-debian4: !! pkgs/vm-stretch/qubes-utils-dbgsym_4.1.0+deb9u1_amd64.deb
2020-04-01 04:43:51.998841 +0000 build-debian4: !! pkgs/vm-stretch/qubes-utils-dbgsym_4.1.1+deb9u1_amd64.deb
2020-04-01 04:43:51.998850 +0000 build-debian4: !! pkgs/vm-stretch/qubes-utils-dbgsym_4.1.2+deb9u1_amd64.deb
2020-04-01 04:43:51.998859 +0000 build-debian4: !! pkgs/vm-stretch/qubes-utils-dbgsym_4.1.3+deb9u1_amd64.deb
2020-04-01 04:43:51.998867 +0000 build-debian4: !! pkgs/vm-stretch/qubes-utils-dbgsym_4.1.4+deb9u1_amd64.deb
2020-04-01 04:43:51.998876 +0000 build-debian4: !! pkgs/vm-stretch/qubes-utils-dbgsym_4.1.5+deb9u1_amd64.deb
2020-04-01 04:43:51.998884 +0000 build-debian4: !! pkgs/vm-stretch/qubes-utils_4.0.23+deb9u1.dsc
2020-04-01 04:43:51.998892 +0000 build-debian4: !! pkgs/vm-stretch/qubes-utils_4.0.23+deb9u1.tar.xz
2020-04-01 04:43:51.998901 +0000 build-debian4: !! pkgs/vm-stretch/qubes-utils_4.0.23+deb9u1_amd64.buildinfo
2020-04-01 04:43:51.998920 +0000 build-debian4: !! pkgs/vm-stretch/qubes-utils_4.0.23+deb9u1_amd64.changes
2020-04-01 04:43:51.998930 +0000 build-debian4: !! pkgs/vm-stretch/qubes-utils_4.0.23+deb9u1_amd64.deb
2020-04-01 04:43:51.998939 +0000 build-debian4: !! pkgs/vm-stretch/qubes-utils_4.0.24+deb9u1.dsc
2020-04-01 04:43:51.998947 +0000 build-debian4: !! pkgs/vm-stretch/qubes-utils_4.0.24+deb9u1.tar.xz
2020-04-01 04:43:51.998981 +0000 build-debian4: !! pkgs/vm-stretch/qubes-utils_4.0.24+deb9u1_amd64.buildinfo
2020-04-01 04:43:51.998991 +0000 build-debian4: !! pkgs/vm-stretch/qubes-utils_4.0.24+deb9u1_amd64.changes
2020-04-01 04:43:51.998999 +0000 build-debian4: !! pkgs/vm-stretch/qubes-utils_4.0.24+deb9u1_amd64.deb
2020-04-01 04:43:51.999007 +0000 build-debian4: !! pkgs/vm-stretch/qubes-utils_4.1.0+deb9u1.dsc
2020-04-01 04:43:51.999015 +0000 build-debian4: !! pkgs/vm-stretch/qubes-utils_4.1.0+deb9u1.tar.xz
2020-04-01 04:43:51.999024 +0000 build-debian4: !! pkgs/vm-stretch/qubes-utils_4.1.0+deb9u1_amd64.buildinfo
2020-04-01 04:43:51.999032 +0000 build-debian4: !! pkgs/vm-stretch/qubes-utils_4.1.0+deb9u1_amd64.changes
2020-04-01 04:43:51.999040 +0000 build-debian4: !! pkgs/vm-stretch/qubes-utils_4.1.0+deb9u1_amd64.deb
2020-04-01 04:43:51.999048 +0000 build-debian4: !! pkgs/vm-stretch/qubes-utils_4.1.1+deb9u1.dsc
2020-04-01 04:43:51.999056 +0000 build-debian4: !! pkgs/vm-stretch/qubes-utils_4.1.1+deb9u1.tar.xz
2020-04-01 04:43:51.999065 +0000 build-debian4: !! pkgs/vm-stretch/qubes-utils_4.1.1+deb9u1_amd64.buildinfo
2020-04-01 04:43:51.999073 +0000 build-debian4: !! pkgs/vm-stretch/qubes-utils_4.1.1+deb9u1_amd64.changes
2020-04-01 04:43:51.999081 +0000 build-debian4: !! pkgs/vm-stretch/qubes-utils_4.1.1+deb9u1_amd64.deb
2020-04-01 04:43:51.999089 +0000 build-debian4: !! pkgs/vm-stretch/qubes-utils_4.1.2+deb9u1.dsc
2020-04-01 04:43:51.999097 +0000 build-debian4: !! pkgs/vm-stretch/qubes-utils_4.1.2+deb9u1.tar.xz
2020-04-01 04:43:51.999105 +0000 build-debian4: !! pkgs/vm-stretch/qubes-utils_4.1.2+deb9u1_amd64.buildinfo
2020-04-01 04:43:51.999114 +0000 build-debian4: !! pkgs/vm-stretch/qubes-utils_4.1.2+deb9u1_amd64.changes
2020-04-01 04:43:51.999122 +0000 build-debian4: !! pkgs/vm-stretch/qubes-utils_4.1.2+deb9u1_amd64.deb
2020-04-01 04:43:51.999130 +0000 build-debian4: !! pkgs/vm-stretch/qubes-utils_4.1.3+deb9u1.dsc
2020-04-01 04:43:51.999137 +0000 build-debian4: !! pkgs/vm-stretch/qubes-utils_4.1.3+deb9u1.tar.xz
2020-04-01 04:43:51.999149 +0000 build-debian4: !! pkgs/vm-stretch/qubes-utils_4.1.3+deb9u1_amd64.buildinfo
2020-04-01 04:43:51.999158 +0000 build-debian4: !! pkgs/vm-stretch/qubes-utils_4.1.3+deb9u1_amd64.changes
2020-04-01 04:43:51.999166 +0000 build-debian4: !! pkgs/vm-stretch/qubes-utils_4.1.3+deb9u1_amd64.deb
2020-04-01 04:43:51.999174 +0000 build-debian4: !! pkgs/vm-stretch/qubes-utils_4.1.4+deb9u1.dsc
2020-04-01 04:43:51.999182 +0000 build-debian4: !! pkgs/vm-stretch/qubes-utils_4.1.4+deb9u1.tar.xz
2020-04-01 04:43:51.999191 +0000 build-debian4: !! pkgs/vm-stretch/qubes-utils_4.1.4+deb9u1_amd64.buildinfo
2020-04-01 04:43:51.999199 +0000 build-debian4: !! pkgs/vm-stretch/qubes-utils_4.1.4+deb9u1_amd64.changes
2020-04-01 04:43:51.999207 +0000 build-debian4: !! pkgs/vm-stretch/qubes-utils_4.1.4+deb9u1_amd64.deb
2020-04-01 04:43:51.999215 +0000 build-debian4: !! pkgs/vm-stretch/qubes-utils_4.1.5+deb9u1.dsc
2020-04-01 04:43:51.999223 +0000 build-debian4: !! pkgs/vm-stretch/qubes-utils_4.1.5+deb9u1.tar.xz
2020-04-01 04:43:51.999231 +0000 build-debian4: !! pkgs/vm-stretch/qubes-utils_4.1.5+deb9u1_amd64.buildinfo
2020-04-01 04:43:51.999240 +0000 build-debian4: !! pkgs/vm-stretch/qubes-utils_4.1.5+deb9u1_amd64.changes
2020-04-01 04:43:51.999248 +0000 build-debian4: !! pkgs/vm-stretch/qubes-utils_4.1.5+deb9u1_amd64.deb
2020-04-01 04:43:51.999264 +0000 build-debian4: 3dd7fb80a88e057f9f1c2858c9e3bdbfa0d18a7545f174d272018726ef8b40a080074569c2dcd705832ca33a04693afd7c185d8e23b8d627741cf016cf8c0a60  pkgs/vm-bullseye/libqubes-rpc-filecopy-dev_4.1.1+deb11u1_amd64.deb
2020-04-01 04:43:51.999280 +0000 build-debian4: 3b28169ac7719ab990a789a096dd31b86da335befa42499f703e2b53d73ee6bb44ba35b55561d9b1b0fbcd272219caa97497f72481782e38f9bcfc26bf874505  pkgs/vm-bullseye/libqubes-rpc-filecopy-dev_4.1.2+deb11u1_amd64.deb
2020-04-01 04:43:51.999295 +0000 build-debian4: b6f555414604a0136a6dd960e9da22a0d8f01081b1dcc6525d21ed286b9900926c5c2995bcccc56aa37ec310c319f64419de8b69b25195e2dbab6382d78b22d6  pkgs/vm-bullseye/libqubes-rpc-filecopy-dev_4.1.3+deb11u1_amd64.deb
2020-04-01 04:43:51.999314 +0000 build-debian4: 300578800a480efc6ebc38fe5fcc1b4913245683610b6a5cd78f6f1de532b3d0563439bf59bde2fc22b04d7dc4419efcc7c59f098367d90d438d251130ba9053  pkgs/vm-bullseye/libqubes-rpc-filecopy-dev_4.1.4+deb11u1_amd64.deb
2020-04-01 04:43:51.999330 +0000 build-debian4: ac6fbdba51c443857bdf65477e18c94823e63aa97150ad4b6b23a07b84592ad40fbb05b97f8cc7782a89c860ce2ed071031224771b9d186a9ed8b910d8e71b8c  pkgs/vm-bullseye/libqubes-rpc-filecopy-dev_4.1.5+deb11u1_amd64.deb
2020-04-01 04:43:51.999345 +0000 build-debian4: 2047a97ce97e9b32c565a333b0d26c6e4f6e28ef625e85e3c1cded7474abe797369d0cbb784d03ff086ffdfd80bd86a07e4561d5102f62d35870ce9228425fef  pkgs/vm-bullseye/libqubes-rpc-filecopy-dev_4.1.6+deb11u1_amd64.deb
2020-04-01 04:43:51.999361 +0000 build-debian4: 61f3d953cadfcfd64e47bda3d4f7d265cc45d0e295fcbf4525952d3f5a0b363aa469da5f4d81ce8ce8f63689627cd51ea42a58fda64526f04c03a0fcb652e94e  pkgs/vm-bullseye/libqubes-rpc-filecopy2-dbgsym_4.1.1+deb11u1_amd64.deb
2020-04-01 04:43:51.999376 +0000 build-debian4: 9d9d634ea3464d12a6047175c4c15767c56fadbe89dab13aac0883e125bf3cdb6c7016e6ea4e065a32db4353ab8d94d7a1f95addaf62cefb6f7f9f278a9acb9a  pkgs/vm-bullseye/libqubes-rpc-filecopy2-dbgsym_4.1.2+deb11u1_amd64.deb
2020-04-01 04:43:51.999391 +0000 build-debian4: 0e2736f49e89ee079e5813617032072ad5c04682441ae0a88b3146ba426c330320b6fd9aa6717cfae958e0bd1a2642d8452242a06841a8898c751e3803f009fb  pkgs/vm-bullseye/libqubes-rpc-filecopy2-dbgsym_4.1.3+deb11u1_amd64.deb
2020-04-01 04:43:51.999407 +0000 build-debian4: 6650873682fc212025be4bdcae3ceef4c80f4b749c33e289117edd25b9c8e85c6c10c9ab7c7d1fc46353058c98197bfa9b89fee754a0075884f34243e51c7632  pkgs/vm-bullseye/libqubes-rpc-filecopy2-dbgsym_4.1.4+deb11u1_amd64.deb
2020-04-01 04:43:51.999422 +0000 build-debian4: a2f9cd4b4bcf6af082188efbcc6c25d9f845b2d08d46810a363467fb9cbd394e3a8ba5787e2f1cb5102ac4338681637eb5cfbf6f83f8d979c024d677066d7268  pkgs/vm-bullseye/libqubes-rpc-filecopy2-dbgsym_4.1.5+deb11u1_amd64.deb
2020-04-01 04:43:51.999441 +0000 build-debian4: 5d58d5b4b83f6acb06d569fc60d5c9062789f9b94a98ab423493812b7f9e083034159d9382bf60391cb22f0d7530ec8a74cb577bf6bb0c8b4256b6f24efb47d1  pkgs/vm-bullseye/libqubes-rpc-filecopy2-dbgsym_4.1.6+deb11u1_amd64.deb
2020-04-01 04:43:51.999457 +0000 build-debian4: e64ead40569a64a389d0c788237008e673a9fd580380271b30ee12a5e715d56d58cc0c5c405d0a79a761fed9325c09c30a4b477d62fb7cf5402b0dbae75f8f3e  pkgs/vm-bullseye/libqubes-rpc-filecopy2_4.1.1+deb11u1_amd64.deb
2020-04-01 04:43:51.999472 +0000 build-debian4: cd7f192537d5202698a4cb9a1784975671fa1d25d17045dfba9fe2164d88ee5e682f2888661b7260378fee3cfc3e7721b54d0b165e98be2e544e19c8b3b08378  pkgs/vm-bullseye/libqubes-rpc-filecopy2_4.1.2+deb11u1_amd64.deb
2020-04-01 04:43:51.999487 +0000 build-debian4: ef0c128186de9b0c054204ad3575931008213f68641da0c5ccfedeb9d41cf98b6b0d2d2e11b27fa2b8bef07196413e371a2f130b793e0480d5f95e9f6d508192  pkgs/vm-bullseye/libqubes-rpc-filecopy2_4.1.3+deb11u1_amd64.deb
2020-04-01 04:43:51.999502 +0000 build-debian4: b0f45c8f4617a0d47de42f40f45645f6759a50fce8e641dd5c2a0bcb969ba9b586b8897dc492f016747441dadb4071f3f25eaf856e3c1536e77b6b22f690de07  pkgs/vm-bullseye/libqubes-rpc-filecopy2_4.1.4+deb11u1_amd64.deb
2020-04-01 04:43:51.999517 +0000 build-debian4: 34c63b9fe2f7efcf85a14b0bb555b65ea7232ab25596d1fc017be2f7d4ed766ea1486fcfda89ba1b62acfa5e7fade0a063e157e233d0330d0a7dbe264a17d1bb  pkgs/vm-bullseye/libqubes-rpc-filecopy2_4.1.5+deb11u1_amd64.deb
2020-04-01 04:43:51.999532 +0000 build-debian4: 0397c8aac33300ef2b04b75cc58ba232bc1adf0ec283e7b5f84c7e57b299d33430de622a3881c810cc9b9a60ee4ad1e6851a9e21da88e953f05a2c198bdc8290  pkgs/vm-bullseye/libqubes-rpc-filecopy2_4.1.6+deb11u1_amd64.deb
2020-04-01 04:43:51.999547 +0000 build-debian4: 04bdb9e3ba9ff95c0b00652027e51e79200b6b7fc362b480c27dba750d4f5dc05b70d13f5ddfcefe52ef297c3239030e1a28c971d33b12f8508ffaee880621c1  pkgs/vm-bullseye/qubes-kernel-vm-support_4.1.1+deb11u1_amd64.deb
2020-04-01 04:43:51.999566 +0000 build-debian4: 399417c5bb8eb3e7ed60d65a4345f25da6b194e50bb595922da01a253391466341182d675f6104d13320dc5d2f6b3dafeca6b4c005613879b4a022585041e0d8  pkgs/vm-bullseye/qubes-kernel-vm-support_4.1.2+deb11u1_amd64.deb
2020-04-01 04:43:51.999581 +0000 build-debian4: d406ebc949a27b83b4901765ce20ba370ed658f82ca6d405915bb90586810754487207a680f102c74c17c800552b4acbb261475e0f801fefa5868cdea5f70bb1  pkgs/vm-bullseye/qubes-kernel-vm-support_4.1.3+deb11u1_amd64.deb
2020-04-01 04:43:51.999597 +0000 build-debian4: faf2fc08b5fc4ac4aa4536fb8b012982f37b1cbc3287b6af03af1f62d4475dbe946f5931bf81ef9581f0732f1de2db98fd30faceec66ed2a32afdf07745dbc21  pkgs/vm-bullseye/qubes-kernel-vm-support_4.1.4+deb11u1_amd64.deb
2020-04-01 04:43:51.999612 +0000 build-debian4: ac8f3010d43a69336b84780314c10cf61f77d5f56b5e326bf960481a08121e912c25ea17bba89ca91b9acba72653a0e0e3bd23c6152cc92b7d11b54cec8560f3  pkgs/vm-bullseye/qubes-kernel-vm-support_4.1.5+deb11u1_amd64.deb
2020-04-01 04:43:51.999627 +0000 build-debian4: da23297a43fde709cd2823b8ce53ffaf440d5dea5c6c4f1f8a1e289d2f5c1301b90373dddce7965f15c17985f138059ac74fc3751d6586fe5d7b6f1a0e379acc  pkgs/vm-bullseye/qubes-kernel-vm-support_4.1.6+deb11u1_amd64.deb
2020-04-01 04:43:51.999642 +0000 build-debian4: db27e564a0c26c58426fc9f52b8cbbd01c4f1155155a2072f65047533f582283453e193d24c6fd1cd6e25b813d897d1dfff62eefcf8649ea32dae6b240c90a15  pkgs/vm-bullseye/qubes-utils-dbgsym_4.1.1+deb11u1_amd64.deb
2020-04-01 04:43:51.999657 +0000 build-debian4: 759a78f0c0dea3a775cbd9fd83a32340e509342a2527967beb26ef5254086dc97516514f880906f6005f3d34fa3232c67807c6ccbabed2a9921280b3836e0677  pkgs/vm-bullseye/qubes-utils-dbgsym_4.1.2+deb11u1_amd64.deb
2020-04-01 04:43:51.999672 +0000 build-debian4: 074035e4042fd41df262f3c886468c831bb57720ad31835bcc2d814ec2cf15740ec308f9b9e7c0dfa32c6db4c37579d0dec6aa040f3afa0fcd82d21a56188f48  pkgs/vm-bullseye/qubes-utils-dbgsym_4.1.3+deb11u1_amd64.deb
2020-04-01 04:43:51.999687 +0000 build-debian4: 582c604fa88c5be2d1868f7e67f59cde7e29c4b19f6a1460cc4e049be88a8c70408ddd04f7e996c8a789a5230b0abf5239a2ca0bb6542bfcc79d2da6a118651a  pkgs/vm-bullseye/qubes-utils-dbgsym_4.1.4+deb11u1_amd64.deb
2020-04-01 04:43:51.999702 +0000 build-debian4: bdf04f0c3372392300453551600e92986db4522b161a242e4523b02615b9270ac00405858b65770dff43d359983013b406b1c9275a0ce184a31f95eb38b175d1  pkgs/vm-bullseye/qubes-utils-dbgsym_4.1.5+deb11u1_amd64.deb
2020-04-01 04:43:51.999716 +0000 build-debian4: 5fab328947786d71e01beb038891a8c399929cb00061ae4781c2f9f2d96925c0c965f669fd51898f7c73f49390298a80f95b1d4da9dfaece709642486f150e80  pkgs/vm-bullseye/qubes-utils-dbgsym_4.1.6+deb11u1_amd64.deb
2020-04-01 04:43:51.999731 +0000 build-debian4: 968a0d178246f37aa34d1a77e79b8e1cb13aa25da425e433de20844b6f91320295d81b47533925e6a3fdacf1159dba3dfdb79d3753aa561905d10239441c54b2  pkgs/vm-bullseye/qubes-utils_4.1.1+deb11u1.dsc
2020-04-01 04:43:51.999745 +0000 build-debian4: 77d3762b7141d3d62707da4cb3d2337f336c80d91cc03366cac9dc69a9eec8d609ed85368329baadac6cd49bb077e093bbe0beeb96e0c27163b587bfcaac3a51  pkgs/vm-bullseye/qubes-utils_4.1.1+deb11u1.tar.xz
2020-04-01 04:43:51.999760 +0000 build-debian4: 5fc00448083fbb8d07d46f7ee8e7e6b9c8d48230745a6f203797c1a97477536db7a4f7adb9830a2fa09e1602282018a93845e8441db85691fbf2c2f489fad345  pkgs/vm-bullseye/qubes-utils_4.1.1+deb11u1_amd64.buildinfo
