2020-01-17 03:26:54.477011 +0000 > starting log
2020-01-17 03:26:54.477963 +0000 build-debian4: > starting build with log
2020-01-17 03:26:54.477985 +0000 build-debian4: >> make args: DISTS_VM=buster DIST_DOM0= qubes
2020-01-17 03:26:54.477997 +0000 build-debian4: >> MAKEFLAGS=
2020-01-17 03:26:54.478006 +0000 build-debian4: >> COMPONENTS=app-linux-usb-proxy
2020-01-17 03:26:54.478014 +0000 build-debian4: >> DISTS_VM=
2020-01-17 03:26:54.478022 +0000 build-debian4: >> DIST_DOM0=
2020-01-17 03:26:54.478031 +0000 build-debian4: >> qubes-builder 4c9f61506fa2a46fcf52a2612feb1b97d8f52dd8
2020-01-17 03:26:54.478039 +0000 build-debian4: ?? rpmdb/Basenames
2020-01-17 03:26:54.478046 +0000 build-debian4: ?? rpmdb/Conflictname
2020-01-17 03:26:54.478054 +0000 build-debian4: ?? rpmdb/Dirnames
2020-01-17 03:26:54.478061 +0000 build-debian4: ?? rpmdb/Enhancename
2020-01-17 03:26:54.478068 +0000 build-debian4: ?? rpmdb/Filetriggername
2020-01-17 03:26:54.478076 +0000 build-debian4: ?? rpmdb/Group
2020-01-17 03:26:54.478083 +0000 build-debian4: ?? rpmdb/Installtid
2020-01-17 03:26:54.478090 +0000 build-debian4: ?? rpmdb/Name
2020-01-17 03:26:54.478097 +0000 build-debian4: ?? rpmdb/Obsoletename
2020-01-17 03:26:54.478105 +0000 build-debian4: ?? rpmdb/Packages
2020-01-17 03:26:54.478112 +0000 build-debian4: ?? rpmdb/Providename
2020-01-17 03:26:54.478119 +0000 build-debian4: ?? rpmdb/Recommendname
2020-01-17 03:26:54.478126 +0000 build-debian4: ?? rpmdb/Requirename
2020-01-17 03:26:54.478134 +0000 build-debian4: ?? rpmdb/Sha1header
2020-01-17 03:26:54.478141 +0000 build-debian4: ?? rpmdb/Sigmd5
2020-01-17 03:26:54.478149 +0000 build-debian4: ?? rpmdb/Suggestname
2020-01-17 03:26:54.478156 +0000 build-debian4: ?? rpmdb/Supplementname
2020-01-17 03:26:54.478164 +0000 build-debian4: ?? rpmdb/Transfiletriggername
2020-01-17 03:26:54.478171 +0000 build-debian4: ?? rpmdb/Triggername
2020-01-17 03:26:54.478178 +0000 build-debian4: ?? rpmdb/__db.001
2020-01-17 03:26:54.478185 +0000 build-debian4: ?? rpmdb/__db.002
2020-01-17 03:26:54.478193 +0000 build-debian4: ?? rpmdb/__db.003
2020-01-17 03:26:54.478205 +0000 build-debian4: f9484959726e243e3d184de058d56dcf1101628cc531e8cf9a2837b1fd5b53c30c05ef58ed0a1c66ec0dcacf43bb536a2aced5740c8768eec7467aff515c1bc8  rpmdb/Basenames
2020-01-17 03:26:54.478219 +0000 build-debian4: 5ce361a48c11b4a0e2722784fc610f43818b4441eb3b5648e5c6c274c7f66ef3b061fd245619266f9d2a5cf1c50d0f1f45bb97bfdb2f6d6212b04f691d7b6aef  rpmdb/Conflictname
2020-01-17 03:26:54.478232 +0000 build-debian4: 7dedb7ed4ac43719d57277d494cd644b929bc96ce365022919969ea98d853d42e1303ee22d275e893211844af7f8fa6c731ca4cdb7c83139aeab3c1c840c73d1  rpmdb/Dirnames
2020-01-17 03:26:54.478245 +0000 build-debian4: 27940c3a0722eb19cc490599a53d0a534de2c8620a57687e097e9bf139394a3ce0ae712687d5960b89db3b03f3b621f2796586bb96a41458c9b44d7d1607853f  rpmdb/Enhancename
2020-01-17 03:26:54.478259 +0000 build-debian4: 2a3776bd6dea62e65b3112882cdd4d2f643cd529ab1b5be1cec5e95e906565a9e237bd335c9154ef8aa74d71b1de36287f1083289a988c56419c858b0fd1200e  rpmdb/Filetriggername
2020-01-17 03:26:54.478288 +0000 build-debian4: f7453568e8a63f2d330e3d6d8c0655f4b3776bc732281a509801e7db296d17af088079415265cdd58b3f5cee6d55d7e4112c7a3894abe892722373e8eb8b359c  rpmdb/Group
2020-01-17 03:26:54.478303 +0000 build-debian4: 36976438c0cef020739dc44f95c9342ff3d82547fff0fee98162c7cb3278d72a07b27305b5e8b4549315a835f794f84b276b33d013ef0eb3f472aa08f15d1ddd  rpmdb/Installtid
2020-01-17 03:26:54.478316 +0000 build-debian4: 9d3f5ce45b0cd3cd75943b4d8eab36328bf9fdc0b005a56df223dcede352abe5f6e212ee969caeb4e3239b417ae73b261bb3f44c1205a2fbf4710ab908a1e789  rpmdb/Name
2020-01-17 03:26:54.478329 +0000 build-debian4: 73f6d8020ad5e85a7bc028c70c8d8335f849255947e759986a0da8762df0386531c289ec327336513a60e556631c64b57fff34f43b14c8881ad5b6e3f675a85b  rpmdb/Obsoletename
2020-01-17 03:26:54.478342 +0000 build-debian4: 4601587f6d1406187244e01588f86620775f8eb640d21fb17dd1b5d7daf82891237077f1751d91ab70bc7e940761ce228167b75c43d4002bb8087b890f8554fd  rpmdb/Packages
2020-01-17 03:26:54.478355 +0000 build-debian4: cf647d1e3ea3065ef2e1323310dbad5f88171bcfcb4b7da3a1f378284c40de0b9daf03dd3e2c574d5a2e56c9f4e8dd30edb3eb3b4ad55b0ed458e4ca951dac76  rpmdb/Providename
2020-01-17 03:26:54.478375 +0000 build-debian4: 167808bb514e56c005fd52f93e75dfc7f3bb5bcd5e931619d9fa4519984b8e5dc28d14bf15c4e8f04be9a5f197123e187b4f2f70bcf0a6ea4a0bd874913273d0  rpmdb/Recommendname
2020-01-17 03:26:54.478389 +0000 build-debian4: 56bcb88ad3b4bbb61237df6ec16fb9e391e80dd4da706616553e8c408fea9f06f54f581d4bb14a410dfd39fdb47101f4853675978d84ee278c8a701ce70859f4  rpmdb/Requirename
2020-01-17 03:26:54.478402 +0000 build-debian4: 859d9e7577557ca74dc6fd23db196d68ffca756b54a9726d88f7b4dff506ab689e27c45ba1f7cb8ecb255c925935f04490bacc4e8c4fc1aab43e9bb7cc6e0415  rpmdb/Sha1header
2020-01-17 03:26:54.478415 +0000 build-debian4: 554e001752739cc3c965fc2ad91e87a01c27d13a04a6ccb520e56fd0c9e7adcbd6a60073861715ec9268d6ae5fd6e7c348044063c25dfbd8cbe39ba5ac50d28a  rpmdb/Sigmd5
2020-01-17 03:26:54.478428 +0000 build-debian4: 9b78015c3c9d4a7357e7cf1b073d9110de413708182d7d94d9a6d9e6a4fa699e7bfe3a317d68e9de3fc244a602dfba8751d93d93a0f92b648475e3f1518ac609  rpmdb/Suggestname
2020-01-17 03:26:54.478441 +0000 build-debian4: a8a91e0fd37a8121c242cf1cedf1819126504195fbe3a46d3ab0d36b6af58d1ae6580589f713c8a0b5d14324602e6c5d0cdee1ba5a95c55bbc67941a8d90032f  rpmdb/Supplementname
2020-01-17 03:26:54.478455 +0000 build-debian4: 9974c6888ab51dad699baa928ed12660cf5f0018b1d408afa3f1a041dc32d84a631a433e23792b49c9f23a6ab2d4e2726bfe46f936fa3ec5414a90d4d1db67d7  rpmdb/Transfiletriggername
2020-01-17 03:26:54.478469 +0000 build-debian4: 7b7e1e3cf0821e73fc29a692208f09aeba9cd4c186f91190c41b7b49a222cd29e33a357539e4fb95ee4fe9e9fe3ff0895d3596e90dd06a0a7580825cc47bfa5e  rpmdb/Triggername
2020-01-17 03:26:54.478482 +0000 build-debian4: de71f239b54f9afc281a58dde8361a4df89e45dce03ce0af0593761ce163e6de4b4fdaedf947839fd9e4d88b03944769beb1e25b2af7a773330941f1edb083a5  rpmdb/__db.001
2020-01-17 03:26:54.506464 +0000 build-debian4: f5fc7dd638f50bcc55f9bcb61e2b24ce3b3ffb373830d79c9924b1e18c73140630dd173354da9b64c7e00cf52e141d2f7b16cb3711444b204a2c72973bd77ea1  rpmdb/__db.002
2020-01-17 03:26:54.506512 +0000 build-debian4: f5b71bfeb498c72d715243abda3ebf18b800296d1b37e2eb39c00c890300c695ba160456d97189c0370581aff3663416d29581540f0979c0205dfa89171f8e3d  rpmdb/__db.003
2020-01-17 03:26:54.670365 +0000 build-debian4: >> qubes-builder/qubes-src/app-linux-usb-proxy 2668a1f6ab372cec71177c699f74933f6f6cdba2
2020-01-17 03:26:54.696423 +0000 build-debian4: !! pkgs/vm-bullseye/qubes-usb-proxy_1.0.21+deb11u1.dsc
2020-01-17 03:26:54.696463 +0000 build-debian4: !! pkgs/vm-bullseye/qubes-usb-proxy_1.0.21+deb11u1.tar.xz
2020-01-17 03:26:54.696477 +0000 build-debian4: !! pkgs/vm-bullseye/qubes-usb-proxy_1.0.21+deb11u1_amd64.buildinfo
2020-01-17 03:26:54.696489 +0000 build-debian4: !! pkgs/vm-bullseye/qubes-usb-proxy_1.0.21+deb11u1_amd64.changes
2020-01-17 03:26:54.696499 +0000 build-debian4: !! pkgs/vm-bullseye/qubes-usb-proxy_1.0.21+deb11u1_amd64.deb
2020-01-17 03:26:54.696512 +0000 build-debian4: !! pkgs/vm-bullseye/qubes-usb-proxy_1.0.22+deb11u1.dsc
2020-01-17 03:26:54.696522 +0000 build-debian4: !! pkgs/vm-bullseye/qubes-usb-proxy_1.0.22+deb11u1.tar.xz
2020-01-17 03:26:54.696532 +0000 build-debian4: !! pkgs/vm-bullseye/qubes-usb-proxy_1.0.22+deb11u1_amd64.buildinfo
2020-01-17 03:26:54.696542 +0000 build-debian4: !! pkgs/vm-bullseye/qubes-usb-proxy_1.0.22+deb11u1_amd64.changes
2020-01-17 03:26:54.696551 +0000 build-debian4: !! pkgs/vm-bullseye/qubes-usb-proxy_1.0.22+deb11u1_amd64.deb
2020-01-17 03:26:54.696560 +0000 build-debian4: !! pkgs/vm-bullseye/qubes-usb-proxy_1.0.23+deb11u1.dsc
2020-01-17 03:26:54.696569 +0000 build-debian4: !! pkgs/vm-bullseye/qubes-usb-proxy_1.0.23+deb11u1.tar.xz
2020-01-17 03:26:54.696578 +0000 build-debian4: !! pkgs/vm-bullseye/qubes-usb-proxy_1.0.23+deb11u1_amd64.buildinfo
2020-01-17 03:26:54.696588 +0000 build-debian4: !! pkgs/vm-bullseye/qubes-usb-proxy_1.0.23+deb11u1_amd64.changes
2020-01-17 03:26:54.696597 +0000 build-debian4: !! pkgs/vm-bullseye/qubes-usb-proxy_1.0.23+deb11u1_amd64.deb
2020-01-17 03:26:54.696606 +0000 build-debian4: !! pkgs/vm-bullseye/qubes-usb-proxy_1.0.24+deb11u1.dsc
2020-01-17 03:26:54.696628 +0000 build-debian4: !! pkgs/vm-bullseye/qubes-usb-proxy_1.0.24+deb11u1.tar.xz
2020-01-17 03:26:54.696638 +0000 build-debian4: !! pkgs/vm-bullseye/qubes-usb-proxy_1.0.24+deb11u1_amd64.buildinfo
2020-01-17 03:26:54.696648 +0000 build-debian4: !! pkgs/vm-bullseye/qubes-usb-proxy_1.0.24+deb11u1_amd64.changes
2020-01-17 03:26:54.696657 +0000 build-debian4: !! pkgs/vm-bullseye/qubes-usb-proxy_1.0.24+deb11u1_amd64.deb
2020-01-17 03:26:54.696666 +0000 build-debian4: !! pkgs/vm-bullseye/qubes-usb-proxy_1.0.25+deb11u1.dsc
2020-01-17 03:26:54.696675 +0000 build-debian4: !! pkgs/vm-bullseye/qubes-usb-proxy_1.0.25+deb11u1.tar.xz
2020-01-17 03:26:54.696684 +0000 build-debian4: !! pkgs/vm-bullseye/qubes-usb-proxy_1.0.25+deb11u1_amd64.buildinfo
2020-01-17 03:26:54.696694 +0000 build-debian4: !! pkgs/vm-bullseye/qubes-usb-proxy_1.0.25+deb11u1_amd64.changes
2020-01-17 03:26:54.696703 +0000 build-debian4: !! pkgs/vm-bullseye/qubes-usb-proxy_1.0.25+deb11u1_amd64.deb
2020-01-17 03:26:54.696712 +0000 build-debian4: !! pkgs/vm-bullseye/qubes-usb-proxy_1.0.26+deb11u1.dsc
2020-01-17 03:26:54.696721 +0000 build-debian4: !! pkgs/vm-bullseye/qubes-usb-proxy_1.0.26+deb11u1.tar.xz
2020-01-17 03:26:54.696730 +0000 build-debian4: !! pkgs/vm-bullseye/qubes-usb-proxy_1.0.26+deb11u1_amd64.buildinfo
2020-01-17 03:26:54.696739 +0000 build-debian4: !! pkgs/vm-bullseye/qubes-usb-proxy_1.0.26+deb11u1_amd64.changes
2020-01-17 03:26:54.696749 +0000 build-debian4: !! pkgs/vm-bullseye/qubes-usb-proxy_1.0.26+deb11u1_amd64.deb
2020-01-17 03:26:54.696757 +0000 build-debian4: !! pkgs/vm-bullseye/qubes-usb-proxy_1.0.27+deb11u1.dsc
2020-01-17 03:26:54.696767 +0000 build-debian4: !! pkgs/vm-bullseye/qubes-usb-proxy_1.0.27+deb11u1.tar.xz
2020-01-17 03:26:54.696776 +0000 build-debian4: !! pkgs/vm-bullseye/qubes-usb-proxy_1.0.27+deb11u1_amd64.buildinfo
2020-01-17 03:26:54.696785 +0000 build-debian4: !! pkgs/vm-bullseye/qubes-usb-proxy_1.0.27+deb11u1_amd64.changes
2020-01-17 03:26:54.696794 +0000 build-debian4: !! pkgs/vm-bullseye/qubes-usb-proxy_1.0.27+deb11u1_amd64.deb
2020-01-17 03:26:54.696803 +0000 build-debian4: !! pkgs/vm-buster/qubes-usb-proxy_1.0.15+deb10u1.dsc
2020-01-17 03:26:54.696812 +0000 build-debian4: !! pkgs/vm-buster/qubes-usb-proxy_1.0.15+deb10u1.tar.xz
2020-01-17 03:26:54.696821 +0000 build-debian4: !! pkgs/vm-buster/qubes-usb-proxy_1.0.15+deb10u1_amd64.buildinfo
2020-01-17 03:26:54.696830 +0000 build-debian4: !! pkgs/vm-buster/qubes-usb-proxy_1.0.15+deb10u1_amd64.changes
2020-01-17 03:26:54.696839 +0000 build-debian4: !! pkgs/vm-buster/qubes-usb-proxy_1.0.15+deb10u1_amd64.deb
2020-01-17 03:26:54.696848 +0000 build-debian4: !! pkgs/vm-buster/qubes-usb-proxy_1.0.16+deb10u1.dsc
2020-01-17 03:26:54.696857 +0000 build-debian4: !! pkgs/vm-buster/qubes-usb-proxy_1.0.16+deb10u1.tar.xz
2020-01-17 03:26:54.696867 +0000 build-debian4: !! pkgs/vm-buster/qubes-usb-proxy_1.0.16+deb10u1_amd64.buildinfo
2020-01-17 03:26:54.696876 +0000 build-debian4: !! pkgs/vm-buster/qubes-usb-proxy_1.0.16+deb10u1_amd64.changes
2020-01-17 03:26:54.696885 +0000 build-debian4: !! pkgs/vm-buster/qubes-usb-proxy_1.0.16+deb10u1_amd64.deb
2020-01-17 03:26:54.696894 +0000 build-debian4: !! pkgs/vm-buster/qubes-usb-proxy_1.0.17+deb10u1.dsc
2020-01-17 03:26:54.696903 +0000 build-debian4: !! pkgs/vm-buster/qubes-usb-proxy_1.0.17+deb10u1.tar.xz
2020-01-17 03:26:54.696912 +0000 build-debian4: !! pkgs/vm-buster/qubes-usb-proxy_1.0.17+deb10u1_amd64.buildinfo
2020-01-17 03:26:54.696921 +0000 build-debian4: !! pkgs/vm-buster/qubes-usb-proxy_1.0.17+deb10u1_amd64.changes
2020-01-17 03:26:54.696930 +0000 build-debian4: !! pkgs/vm-buster/qubes-usb-proxy_1.0.17+deb10u1_amd64.deb
2020-01-17 03:26:54.696939 +0000 build-debian4: !! pkgs/vm-buster/qubes-usb-proxy_1.0.18+deb10u1.dsc
2020-01-17 03:26:54.696948 +0000 build-debian4: !! pkgs/vm-buster/qubes-usb-proxy_1.0.18+deb10u1.tar.xz
2020-01-17 03:26:54.696957 +0000 build-debian4: !! pkgs/vm-buster/qubes-usb-proxy_1.0.18+deb10u1_amd64.buildinfo
2020-01-17 03:26:54.696966 +0000 build-debian4: !! pkgs/vm-buster/qubes-usb-proxy_1.0.18+deb10u1_amd64.changes
2020-01-17 03:26:54.696978 +0000 build-debian4: !! pkgs/vm-buster/qubes-usb-proxy_1.0.18+deb10u1_amd64.deb
2020-01-17 03:26:54.696987 +0000 build-debian4: !! pkgs/vm-buster/qubes-usb-proxy_1.0.19+deb10u1.dsc
2020-01-17 03:26:54.696999 +0000 build-debian4: !! pkgs/vm-buster/qubes-usb-proxy_1.0.19+deb10u1.tar.xz
2020-01-17 03:26:54.697009 +0000 build-debian4: !! pkgs/vm-buster/qubes-usb-proxy_1.0.19+deb10u1_amd64.buildinfo
2020-01-17 03:26:54.697018 +0000 build-debian4: !! pkgs/vm-buster/qubes-usb-proxy_1.0.19+deb10u1_amd64.changes
2020-01-17 03:26:54.697027 +0000 build-debian4: !! pkgs/vm-buster/qubes-usb-proxy_1.0.19+deb10u1_amd64.deb
2020-01-17 03:26:54.697036 +0000 build-debian4: !! pkgs/vm-buster/qubes-usb-proxy_1.0.20+deb10u1.dsc
2020-01-17 03:26:54.697045 +0000 build-debian4: !! pkgs/vm-buster/qubes-usb-proxy_1.0.20+deb10u1.tar.xz
2020-01-17 03:26:54.697054 +0000 build-debian4: !! pkgs/vm-buster/qubes-usb-proxy_1.0.20+deb10u1_amd64.buildinfo
2020-01-17 03:26:54.697063 +0000 build-debian4: !! pkgs/vm-buster/qubes-usb-proxy_1.0.20+deb10u1_amd64.changes
2020-01-17 03:26:54.697072 +0000 build-debian4: !! pkgs/vm-buster/qubes-usb-proxy_1.0.20+deb10u1_amd64.deb
2020-01-17 03:26:54.697081 +0000 build-debian4: !! pkgs/vm-buster/qubes-usb-proxy_1.0.21+deb10u1.dsc
2020-01-17 03:26:54.697090 +0000 build-debian4: !! pkgs/vm-buster/qubes-usb-proxy_1.0.21+deb10u1.tar.xz
2020-01-17 03:26:54.697099 +0000 build-debian4: !! pkgs/vm-buster/qubes-usb-proxy_1.0.21+deb10u1_amd64.buildinfo
2020-01-17 03:26:54.697115 +0000 build-debian4: !! pkgs/vm-buster/qubes-usb-proxy_1.0.21+deb10u1_amd64.changes
2020-01-17 03:26:54.697125 +0000 build-debian4: !! pkgs/vm-buster/qubes-usb-proxy_1.0.21+deb10u1_amd64.deb
2020-01-17 03:26:54.697134 +0000 build-debian4: !! pkgs/vm-buster/qubes-usb-proxy_1.0.22+deb10u1.dsc
2020-01-17 03:26:54.697143 +0000 build-debian4: !! pkgs/vm-buster/qubes-usb-proxy_1.0.22+deb10u1.tar.xz
2020-01-17 03:26:54.697152 +0000 build-debian4: !! pkgs/vm-buster/qubes-usb-proxy_1.0.22+deb10u1_amd64.buildinfo
2020-01-17 03:26:54.697161 +0000 build-debian4: !! pkgs/vm-buster/qubes-usb-proxy_1.0.22+deb10u1_amd64.changes
2020-01-17 03:26:54.697170 +0000 build-debian4: !! pkgs/vm-buster/qubes-usb-proxy_1.0.22+deb10u1_amd64.deb
2020-01-17 03:26:54.697179 +0000 build-debian4: !! pkgs/vm-buster/qubes-usb-proxy_1.0.23+deb10u1.dsc
2020-01-17 03:26:54.697188 +0000 build-debian4: !! pkgs/vm-buster/qubes-usb-proxy_1.0.23+deb10u1.tar.xz
2020-01-17 03:26:54.697197 +0000 build-debian4: !! pkgs/vm-buster/qubes-usb-proxy_1.0.23+deb10u1_amd64.buildinfo
2020-01-17 03:26:54.697206 +0000 build-debian4: !! pkgs/vm-buster/qubes-usb-proxy_1.0.23+deb10u1_amd64.changes
2020-01-17 03:26:54.697215 +0000 build-debian4: !! pkgs/vm-buster/qubes-usb-proxy_1.0.23+deb10u1_amd64.deb
2020-01-17 03:26:54.697224 +0000 build-debian4: !! pkgs/vm-buster/qubes-usb-proxy_1.0.24+deb10u1.dsc
2020-01-17 03:26:54.697233 +0000 build-debian4: !! pkgs/vm-buster/qubes-usb-proxy_1.0.24+deb10u1.tar.xz
2020-01-17 03:26:54.697242 +0000 build-debian4: !! pkgs/vm-buster/qubes-usb-proxy_1.0.24+deb10u1_amd64.buildinfo
2020-01-17 03:26:54.697252 +0000 build-debian4: !! pkgs/vm-buster/qubes-usb-proxy_1.0.24+deb10u1_amd64.changes
2020-01-17 03:26:54.697261 +0000 build-debian4: !! pkgs/vm-buster/qubes-usb-proxy_1.0.24+deb10u1_amd64.deb
2020-01-17 03:26:54.697269 +0000 build-debian4: !! pkgs/vm-buster/qubes-usb-proxy_1.0.25+deb10u1.dsc
2020-01-17 03:26:54.697318 +0000 build-debian4: !! pkgs/vm-buster/qubes-usb-proxy_1.0.25+deb10u1.tar.xz
2020-01-17 03:26:54.697328 +0000 build-debian4: !! pkgs/vm-buster/qubes-usb-proxy_1.0.25+deb10u1_amd64.buildinfo
2020-01-17 03:26:54.697338 +0000 build-debian4: !! pkgs/vm-buster/qubes-usb-proxy_1.0.25+deb10u1_amd64.changes
2020-01-17 03:26:54.697347 +0000 build-debian4: !! pkgs/vm-buster/qubes-usb-proxy_1.0.25+deb10u1_amd64.deb
2020-01-17 03:26:54.697356 +0000 build-debian4: !! pkgs/vm-buster/qubes-usb-proxy_1.0.26+deb10u1.dsc
2020-01-17 03:26:54.697365 +0000 build-debian4: !! pkgs/vm-buster/qubes-usb-proxy_1.0.26+deb10u1.tar.xz
2020-01-17 03:26:54.697378 +0000 build-debian4: !! pkgs/vm-buster/qubes-usb-proxy_1.0.26+deb10u1_amd64.buildinfo
2020-01-17 03:26:54.697388 +0000 build-debian4: !! pkgs/vm-buster/qubes-usb-proxy_1.0.26+deb10u1_amd64.changes
2020-01-17 03:26:54.697397 +0000 build-debian4: !! pkgs/vm-buster/qubes-usb-proxy_1.0.26+deb10u1_amd64.deb
2020-01-17 03:26:54.697406 +0000 build-debian4: !! pkgs/vm-jessie/qubes-usb-proxy_1.0.10+deb8u1.dsc
2020-01-17 03:26:54.697415 +0000 build-debian4: !! pkgs/vm-jessie/qubes-usb-proxy_1.0.10+deb8u1.tar.xz
2020-01-17 03:26:54.697424 +0000 build-debian4: !! pkgs/vm-jessie/qubes-usb-proxy_1.0.10+deb8u1_amd64.changes
2020-01-17 03:26:54.697433 +0000 build-debian4: !! pkgs/vm-jessie/qubes-usb-proxy_1.0.10+deb8u1_amd64.deb
2020-01-17 03:26:54.697442 +0000 build-debian4: !! pkgs/vm-jessie/qubes-usb-proxy_1.0.11+deb8u1.dsc
2020-01-17 03:26:54.697451 +0000 build-debian4: !! pkgs/vm-jessie/qubes-usb-proxy_1.0.11+deb8u1.tar.xz
2020-01-17 03:26:54.697460 +0000 build-debian4: !! pkgs/vm-jessie/qubes-usb-proxy_1.0.11+deb8u1_amd64.changes
2020-01-17 03:26:54.697469 +0000 build-debian4: !! pkgs/vm-jessie/qubes-usb-proxy_1.0.11+deb8u1_amd64.deb
2020-01-17 03:26:54.697478 +0000 build-debian4: !! pkgs/vm-jessie/qubes-usb-proxy_1.0.12+deb8u1.dsc
2020-01-17 03:26:54.697487 +0000 build-debian4: !! pkgs/vm-jessie/qubes-usb-proxy_1.0.12+deb8u1.tar.xz
2020-01-17 03:26:54.697496 +0000 build-debian4: !! pkgs/vm-jessie/qubes-usb-proxy_1.0.12+deb8u1_amd64.changes
2020-01-17 03:26:54.697505 +0000 build-debian4: !! pkgs/vm-jessie/qubes-usb-proxy_1.0.12+deb8u1_amd64.deb
2020-01-17 03:26:54.697514 +0000 build-debian4: !! pkgs/vm-jessie/qubes-usb-proxy_1.0.13+deb8u1.dsc
2020-01-17 03:26:54.697522 +0000 build-debian4: !! pkgs/vm-jessie/qubes-usb-proxy_1.0.13+deb8u1.tar.xz
2020-01-17 03:26:54.697531 +0000 build-debian4: !! pkgs/vm-jessie/qubes-usb-proxy_1.0.13+deb8u1_amd64.changes
2020-01-17 03:26:54.697541 +0000 build-debian4: !! pkgs/vm-jessie/qubes-usb-proxy_1.0.13+deb8u1_amd64.deb
2020-01-17 03:26:54.697549 +0000 build-debian4: !! pkgs/vm-jessie/qubes-usb-proxy_1.0.14+deb8u1.dsc
2020-01-17 03:26:54.697558 +0000 build-debian4: !! pkgs/vm-jessie/qubes-usb-proxy_1.0.14+deb8u1.tar.xz
2020-01-17 03:26:54.697567 +0000 build-debian4: !! pkgs/vm-jessie/qubes-usb-proxy_1.0.14+deb8u1_amd64.changes
2020-01-17 03:26:54.697576 +0000 build-debian4: !! pkgs/vm-jessie/qubes-usb-proxy_1.0.14+deb8u1_amd64.deb
2020-01-17 03:26:54.697585 +0000 build-debian4: !! pkgs/vm-jessie/qubes-usb-proxy_1.0.15+deb8u1.dsc
2020-01-17 03:26:54.697594 +0000 build-debian4: !! pkgs/vm-jessie/qubes-usb-proxy_1.0.15+deb8u1.tar.xz
2020-01-17 03:26:54.697603 +0000 build-debian4: !! pkgs/vm-jessie/qubes-usb-proxy_1.0.15+deb8u1_amd64.changes
2020-01-17 03:26:54.697612 +0000 build-debian4: !! pkgs/vm-jessie/qubes-usb-proxy_1.0.15+deb8u1_amd64.deb
2020-01-17 03:26:54.697621 +0000 build-debian4: !! pkgs/vm-jessie/qubes-usb-proxy_1.0.16+deb8u1.dsc
2020-01-17 03:26:54.697630 +0000 build-debian4: !! pkgs/vm-jessie/qubes-usb-proxy_1.0.16+deb8u1.tar.xz
2020-01-17 03:26:54.697639 +0000 build-debian4: !! pkgs/vm-jessie/qubes-usb-proxy_1.0.16+deb8u1_amd64.changes
2020-01-17 03:26:54.697648 +0000 build-debian4: !! pkgs/vm-jessie/qubes-usb-proxy_1.0.16+deb8u1_amd64.deb
2020-01-17 03:26:54.697657 +0000 build-debian4: !! pkgs/vm-jessie/qubes-usb-proxy_1.0.17+deb8u1.dsc
2020-01-17 03:26:54.697666 +0000 build-debian4: !! pkgs/vm-jessie/qubes-usb-proxy_1.0.17+deb8u1.tar.xz
2020-01-17 03:26:54.697675 +0000 build-debian4: !! pkgs/vm-jessie/qubes-usb-proxy_1.0.17+deb8u1_amd64.changes
2020-01-17 03:26:54.697684 +0000 build-debian4: !! pkgs/vm-jessie/qubes-usb-proxy_1.0.17+deb8u1_amd64.deb
2020-01-17 03:26:54.697692 +0000 build-debian4: !! pkgs/vm-jessie/qubes-usb-proxy_1.0.18+deb8u1.dsc
2020-01-17 03:26:54.697701 +0000 build-debian4: !! pkgs/vm-jessie/qubes-usb-proxy_1.0.18+deb8u1.tar.xz
2020-01-17 03:26:54.697710 +0000 build-debian4: !! pkgs/vm-jessie/qubes-usb-proxy_1.0.18+deb8u1_amd64.changes
2020-01-17 03:26:54.697719 +0000 build-debian4: !! pkgs/vm-jessie/qubes-usb-proxy_1.0.18+deb8u1_amd64.deb
2020-01-17 03:26:54.697730 +0000 build-debian4: !! pkgs/vm-jessie/qubes-usb-proxy_1.0.19+deb8u1.dsc
2020-01-17 03:26:54.697740 +0000 build-debian4: !! pkgs/vm-jessie/qubes-usb-proxy_1.0.19+deb8u1.tar.xz
2020-01-17 03:26:54.697749 +0000 build-debian4: !! pkgs/vm-jessie/qubes-usb-proxy_1.0.19+deb8u1_amd64.changes
2020-01-17 03:26:54.697758 +0000 build-debian4: !! pkgs/vm-jessie/qubes-usb-proxy_1.0.19+deb8u1_amd64.deb
2020-01-17 03:26:54.697767 +0000 build-debian4: !! pkgs/vm-jessie/qubes-usb-proxy_1.0.20+deb8u1.dsc
2020-01-17 03:26:54.697776 +0000 build-debian4: !! pkgs/vm-jessie/qubes-usb-proxy_1.0.20+deb8u1.tar.xz
2020-01-17 03:26:54.697786 +0000 build-debian4: !! pkgs/vm-jessie/qubes-usb-proxy_1.0.20+deb8u1_amd64.changes
2020-01-17 03:26:54.697795 +0000 build-debian4: !! pkgs/vm-jessie/qubes-usb-proxy_1.0.20+deb8u1_amd64.deb
2020-01-17 03:26:54.707527 +0000 build-debian4: !! pkgs/vm-jessie/qubes-usb-proxy_1.0.21+deb8u1.dsc
2020-01-17 03:26:54.707566 +0000 build-debian4: !! pkgs/vm-jessie/qubes-usb-proxy_1.0.21+deb8u1.tar.xz
2020-01-17 03:26:54.707580 +0000 build-debian4: !! pkgs/vm-jessie/qubes-usb-proxy_1.0.21+deb8u1_amd64.changes
2020-01-17 03:26:54.707591 +0000 build-debian4: !! pkgs/vm-jessie/qubes-usb-proxy_1.0.21+deb8u1_amd64.deb
2020-01-17 03:26:54.707601 +0000 build-debian4: !! pkgs/vm-jessie/qubes-usb-proxy_1.0.22+deb8u1.dsc
2020-01-17 03:26:54.707610 +0000 build-debian4: !! pkgs/vm-jessie/qubes-usb-proxy_1.0.22+deb8u1.tar.xz
2020-01-17 03:26:54.707620 +0000 build-debian4: !! pkgs/vm-jessie/qubes-usb-proxy_1.0.22+deb8u1_amd64.changes
2020-01-17 03:26:54.707629 +0000 build-debian4: !! pkgs/vm-jessie/qubes-usb-proxy_1.0.22+deb8u1_amd64.deb
2020-01-17 03:26:54.707638 +0000 build-debian4: !! pkgs/vm-jessie/qubes-usb-proxy_1.0.6+deb8u1.dsc
2020-01-17 03:26:54.707647 +0000 build-debian4: !! pkgs/vm-jessie/qubes-usb-proxy_1.0.6+deb8u1.tar.xz
2020-01-17 03:26:54.707657 +0000 build-debian4: !! pkgs/vm-jessie/qubes-usb-proxy_1.0.6+deb8u1_amd64.changes
2020-01-17 03:26:54.707666 +0000 build-debian4: !! pkgs/vm-jessie/qubes-usb-proxy_1.0.6+deb8u1_amd64.deb
2020-01-17 03:26:54.707675 +0000 build-debian4: !! pkgs/vm-jessie/qubes-usb-proxy_1.0.7+deb8u1.dsc
2020-01-17 03:26:54.707684 +0000 build-debian4: !! pkgs/vm-jessie/qubes-usb-proxy_1.0.7+deb8u1.tar.xz
2020-01-17 03:26:54.707693 +0000 build-debian4: !! pkgs/vm-jessie/qubes-usb-proxy_1.0.7+deb8u1_amd64.changes
2020-01-17 03:26:54.707702 +0000 build-debian4: !! pkgs/vm-jessie/qubes-usb-proxy_1.0.7+deb8u1_amd64.deb
2020-01-17 03:26:54.707711 +0000 build-debian4: !! pkgs/vm-jessie/qubes-usb-proxy_1.0.8+deb8u1.dsc
2020-01-17 03:26:54.707720 +0000 build-debian4: !! pkgs/vm-jessie/qubes-usb-proxy_1.0.8+deb8u1.tar.xz
2020-01-17 03:26:54.707729 +0000 build-debian4: !! pkgs/vm-jessie/qubes-usb-proxy_1.0.8+deb8u1_amd64.changes
2020-01-17 03:26:54.707739 +0000 build-debian4: !! pkgs/vm-jessie/qubes-usb-proxy_1.0.8+deb8u1_amd64.deb
2020-01-17 03:26:54.707748 +0000 build-debian4: !! pkgs/vm-stretch/qubes-usb-proxy_1.0.10+deb9u1.dsc
2020-01-17 03:26:54.707757 +0000 build-debian4: !! pkgs/vm-stretch/qubes-usb-proxy_1.0.10+deb9u1.tar.xz
2020-01-17 03:26:54.707766 +0000 build-debian4: !! pkgs/vm-stretch/qubes-usb-proxy_1.0.10+deb9u1_amd64.buildinfo
2020-01-17 03:26:54.707776 +0000 build-debian4: !! pkgs/vm-stretch/qubes-usb-proxy_1.0.10+deb9u1_amd64.changes
2020-01-17 03:26:54.707785 +0000 build-debian4: !! pkgs/vm-stretch/qubes-usb-proxy_1.0.10+deb9u1_amd64.deb
2020-01-17 03:26:54.707794 +0000 build-debian4: !! pkgs/vm-stretch/qubes-usb-proxy_1.0.11+deb9u1.dsc
2020-01-17 03:26:54.707803 +0000 build-debian4: !! pkgs/vm-stretch/qubes-usb-proxy_1.0.11+deb9u1.tar.xz
2020-01-17 03:26:54.707812 +0000 build-debian4: !! pkgs/vm-stretch/qubes-usb-proxy_1.0.11+deb9u1_amd64.buildinfo
2020-01-17 03:26:54.707822 +0000 build-debian4: !! pkgs/vm-stretch/qubes-usb-proxy_1.0.11+deb9u1_amd64.changes
2020-01-17 03:26:54.707831 +0000 build-debian4: !! pkgs/vm-stretch/qubes-usb-proxy_1.0.11+deb9u1_amd64.deb
2020-01-17 03:26:54.707840 +0000 build-debian4: !! pkgs/vm-stretch/qubes-usb-proxy_1.0.12+deb9u1.dsc
2020-01-17 03:26:54.707860 +0000 build-debian4: !! pkgs/vm-stretch/qubes-usb-proxy_1.0.12+deb9u1.tar.xz
2020-01-17 03:26:54.707870 +0000 build-debian4: !! pkgs/vm-stretch/qubes-usb-proxy_1.0.12+deb9u1_amd64.buildinfo
2020-01-17 03:26:54.707879 +0000 build-debian4: !! pkgs/vm-stretch/qubes-usb-proxy_1.0.12+deb9u1_amd64.changes
2020-01-17 03:26:54.707888 +0000 build-debian4: !! pkgs/vm-stretch/qubes-usb-proxy_1.0.12+deb9u1_amd64.deb
2020-01-17 03:26:54.707897 +0000 build-debian4: !! pkgs/vm-stretch/qubes-usb-proxy_1.0.13+deb9u1.dsc
2020-01-17 03:26:54.707906 +0000 build-debian4: !! pkgs/vm-stretch/qubes-usb-proxy_1.0.13+deb9u1.tar.xz
2020-01-17 03:26:54.707915 +0000 build-debian4: !! pkgs/vm-stretch/qubes-usb-proxy_1.0.13+deb9u1_amd64.buildinfo
2020-01-17 03:26:54.707925 +0000 build-debian4: !! pkgs/vm-stretch/qubes-usb-proxy_1.0.13+deb9u1_amd64.changes
2020-01-17 03:26:54.707934 +0000 build-debian4: !! pkgs/vm-stretch/qubes-usb-proxy_1.0.13+deb9u1_amd64.deb
2020-01-17 03:26:54.707943 +0000 build-debian4: !! pkgs/vm-stretch/qubes-usb-proxy_1.0.14+deb9u1.dsc
2020-01-17 03:26:54.707952 +0000 build-debian4: !! pkgs/vm-stretch/qubes-usb-proxy_1.0.14+deb9u1.tar.xz
2020-01-17 03:26:54.707961 +0000 build-debian4: !! pkgs/vm-stretch/qubes-usb-proxy_1.0.14+deb9u1_amd64.buildinfo
2020-01-17 03:26:54.707970 +0000 build-debian4: !! pkgs/vm-stretch/qubes-usb-proxy_1.0.14+deb9u1_amd64.changes
2020-01-17 03:26:54.707979 +0000 build-debian4: !! pkgs/vm-stretch/qubes-usb-proxy_1.0.14+deb9u1_amd64.deb
2020-01-17 03:26:54.707988 +0000 build-debian4: !! pkgs/vm-stretch/qubes-usb-proxy_1.0.15+deb9u1.dsc
2020-01-17 03:26:54.708000 +0000 build-debian4: !! pkgs/vm-stretch/qubes-usb-proxy_1.0.15+deb9u1.tar.xz
2020-01-17 03:26:54.708010 +0000 build-debian4: !! pkgs/vm-stretch/qubes-usb-proxy_1.0.15+deb9u1_amd64.buildinfo
2020-01-17 03:26:54.708019 +0000 build-debian4: !! pkgs/vm-stretch/qubes-usb-proxy_1.0.15+deb9u1_amd64.changes
2020-01-17 03:26:54.708028 +0000 build-debian4: !! pkgs/vm-stretch/qubes-usb-proxy_1.0.15+deb9u1_amd64.deb
2020-01-17 03:26:54.708037 +0000 build-debian4: !! pkgs/vm-stretch/qubes-usb-proxy_1.0.16+deb9u1.dsc
2020-01-17 03:26:54.708046 +0000 build-debian4: !! pkgs/vm-stretch/qubes-usb-proxy_1.0.16+deb9u1.tar.xz
2020-01-17 03:26:54.708055 +0000 build-debian4: !! pkgs/vm-stretch/qubes-usb-proxy_1.0.16+deb9u1_amd64.buildinfo
2020-01-17 03:26:54.708064 +0000 build-debian4: !! pkgs/vm-stretch/qubes-usb-proxy_1.0.16+deb9u1_amd64.changes
2020-01-17 03:26:54.708073 +0000 build-debian4: !! pkgs/vm-stretch/qubes-usb-proxy_1.0.16+deb9u1_amd64.deb
2020-01-17 03:26:54.708082 +0000 build-debian4: !! pkgs/vm-stretch/qubes-usb-proxy_1.0.17+deb9u1.dsc
2020-01-17 03:26:54.708091 +0000 build-debian4: !! pkgs/vm-stretch/qubes-usb-proxy_1.0.17+deb9u1.tar.xz
2020-01-17 03:26:54.708100 +0000 build-debian4: !! pkgs/vm-stretch/qubes-usb-proxy_1.0.17+deb9u1_amd64.buildinfo
2020-01-17 03:26:54.708109 +0000 build-debian4: !! pkgs/vm-stretch/qubes-usb-proxy_1.0.17+deb9u1_amd64.changes
2020-01-17 03:26:54.708118 +0000 build-debian4: !! pkgs/vm-stretch/qubes-usb-proxy_1.0.17+deb9u1_amd64.deb
2020-01-17 03:26:54.708127 +0000 build-debian4: !! pkgs/vm-stretch/qubes-usb-proxy_1.0.18+deb9u1.dsc
2020-01-17 03:26:54.708136 +0000 build-debian4: !! pkgs/vm-stretch/qubes-usb-proxy_1.0.18+deb9u1.tar.xz
2020-01-17 03:26:54.708145 +0000 build-debian4: !! pkgs/vm-stretch/qubes-usb-proxy_1.0.18+deb9u1_amd64.buildinfo
2020-01-17 03:26:54.708154 +0000 build-debian4: !! pkgs/vm-stretch/qubes-usb-proxy_1.0.18+deb9u1_amd64.changes
2020-01-17 03:26:54.708163 +0000 build-debian4: !! pkgs/vm-stretch/qubes-usb-proxy_1.0.18+deb9u1_amd64.deb
2020-01-17 03:26:54.708171 +0000 build-debian4: !! pkgs/vm-stretch/qubes-usb-proxy_1.0.19+deb9u1.dsc
2020-01-17 03:26:54.708180 +0000 build-debian4: !! pkgs/vm-stretch/qubes-usb-proxy_1.0.19+deb9u1.tar.xz
2020-01-17 03:26:54.708189 +0000 build-debian4: !! pkgs/vm-stretch/qubes-usb-proxy_1.0.19+deb9u1_amd64.buildinfo
2020-01-17 03:26:54.708199 +0000 build-debian4: !! pkgs/vm-stretch/qubes-usb-proxy_1.0.19+deb9u1_amd64.changes
2020-01-17 03:26:54.708211 +0000 build-debian4: !! pkgs/vm-stretch/qubes-usb-proxy_1.0.19+deb9u1_amd64.deb
2020-01-17 03:26:54.708227 +0000 build-debian4: !! pkgs/vm-stretch/qubes-usb-proxy_1.0.20+deb9u1.dsc
2020-01-17 03:26:54.708236 +0000 build-debian4: !! pkgs/vm-stretch/qubes-usb-proxy_1.0.20+deb9u1.tar.xz
2020-01-17 03:26:54.708246 +0000 build-debian4: !! pkgs/vm-stretch/qubes-usb-proxy_1.0.20+deb9u1_amd64.buildinfo
2020-01-17 03:26:54.708255 +0000 build-debian4: !! pkgs/vm-stretch/qubes-usb-proxy_1.0.20+deb9u1_amd64.changes
2020-01-17 03:26:54.708264 +0000 build-debian4: !! pkgs/vm-stretch/qubes-usb-proxy_1.0.20+deb9u1_amd64.deb
2020-01-17 03:26:54.708295 +0000 build-debian4: !! pkgs/vm-stretch/qubes-usb-proxy_1.0.21+deb9u1.dsc
2020-01-17 03:26:54.708306 +0000 build-debian4: !! pkgs/vm-stretch/qubes-usb-proxy_1.0.21+deb9u1.tar.xz
2020-01-17 03:26:54.708316 +0000 build-debian4: !! pkgs/vm-stretch/qubes-usb-proxy_1.0.21+deb9u1_amd64.buildinfo
2020-01-17 03:26:54.708325 +0000 build-debian4: !! pkgs/vm-stretch/qubes-usb-proxy_1.0.21+deb9u1_amd64.changes
2020-01-17 03:26:54.708334 +0000 build-debian4: !! pkgs/vm-stretch/qubes-usb-proxy_1.0.21+deb9u1_amd64.deb
2020-01-17 03:26:54.708343 +0000 build-debian4: !! pkgs/vm-stretch/qubes-usb-proxy_1.0.22+deb9u1.dsc
2020-01-17 03:26:54.708352 +0000 build-debian4: !! pkgs/vm-stretch/qubes-usb-proxy_1.0.22+deb9u1.tar.xz
2020-01-17 03:26:54.708361 +0000 build-debian4: !! pkgs/vm-stretch/qubes-usb-proxy_1.0.22+deb9u1_amd64.buildinfo
2020-01-17 03:26:54.708370 +0000 build-debian4: !! pkgs/vm-stretch/qubes-usb-proxy_1.0.22+deb9u1_amd64.changes
2020-01-17 03:26:54.708380 +0000 build-debian4: !! pkgs/vm-stretch/qubes-usb-proxy_1.0.22+deb9u1_amd64.deb
2020-01-17 03:26:54.708388 +0000 build-debian4: !! pkgs/vm-stretch/qubes-usb-proxy_1.0.23+deb9u1.dsc
2020-01-17 03:26:54.708397 +0000 build-debian4: !! pkgs/vm-stretch/qubes-usb-proxy_1.0.23+deb9u1.tar.xz
2020-01-17 03:26:54.708406 +0000 build-debian4: !! pkgs/vm-stretch/qubes-usb-proxy_1.0.23+deb9u1_amd64.buildinfo
2020-01-17 03:26:54.708415 +0000 build-debian4: !! pkgs/vm-stretch/qubes-usb-proxy_1.0.23+deb9u1_amd64.changes
2020-01-17 03:26:54.708424 +0000 build-debian4: !! pkgs/vm-stretch/qubes-usb-proxy_1.0.23+deb9u1_amd64.deb
2020-01-17 03:26:54.708433 +0000 build-debian4: !! pkgs/vm-stretch/qubes-usb-proxy_1.0.24+deb9u1.dsc
2020-01-17 03:26:54.708442 +0000 build-debian4: !! pkgs/vm-stretch/qubes-usb-proxy_1.0.24+deb9u1.tar.xz
2020-01-17 03:26:54.708451 +0000 build-debian4: !! pkgs/vm-stretch/qubes-usb-proxy_1.0.24+deb9u1_amd64.buildinfo
2020-01-17 03:26:54.708460 +0000 build-debian4: !! pkgs/vm-stretch/qubes-usb-proxy_1.0.24+deb9u1_amd64.changes
2020-01-17 03:26:54.708469 +0000 build-debian4: !! pkgs/vm-stretch/qubes-usb-proxy_1.0.24+deb9u1_amd64.deb
2020-01-17 03:26:54.708478 +0000 build-debian4: !! pkgs/vm-stretch/qubes-usb-proxy_1.0.25+deb9u1.dsc
2020-01-17 03:26:54.708487 +0000 build-debian4: !! pkgs/vm-stretch/qubes-usb-proxy_1.0.25+deb9u1.tar.xz
2020-01-17 03:26:54.708496 +0000 build-debian4: !! pkgs/vm-stretch/qubes-usb-proxy_1.0.25+deb9u1_amd64.buildinfo
2020-01-17 03:26:54.708505 +0000 build-debian4: !! pkgs/vm-stretch/qubes-usb-proxy_1.0.25+deb9u1_amd64.changes
2020-01-17 03:26:54.708514 +0000 build-debian4: !! pkgs/vm-stretch/qubes-usb-proxy_1.0.25+deb9u1_amd64.deb
2020-01-17 03:26:54.708523 +0000 build-debian4: !! pkgs/vm-stretch/qubes-usb-proxy_1.0.26+deb9u1.dsc
2020-01-17 03:26:54.708532 +0000 build-debian4: !! pkgs/vm-stretch/qubes-usb-proxy_1.0.26+deb9u1.tar.xz
2020-01-17 03:26:54.708541 +0000 build-debian4: !! pkgs/vm-stretch/qubes-usb-proxy_1.0.26+deb9u1_amd64.buildinfo
2020-01-17 03:26:54.708550 +0000 build-debian4: !! pkgs/vm-stretch/qubes-usb-proxy_1.0.26+deb9u1_amd64.changes
2020-01-17 03:26:54.708559 +0000 build-debian4: !! pkgs/vm-stretch/qubes-usb-proxy_1.0.26+deb9u1_amd64.deb
2020-01-17 03:26:54.708568 +0000 build-debian4: !! pkgs/vm-stretch/qubes-usb-proxy_1.0.6+deb9u1.dsc
2020-01-17 03:26:54.708577 +0000 build-debian4: !! pkgs/vm-stretch/qubes-usb-proxy_1.0.6+deb9u1.tar.xz
2020-01-17 03:26:54.708589 +0000 build-debian4: !! pkgs/vm-stretch/qubes-usb-proxy_1.0.6+deb9u1_amd64.buildinfo
2020-01-17 03:26:54.708599 +0000 build-debian4: !! pkgs/vm-stretch/qubes-usb-proxy_1.0.6+deb9u1_amd64.changes
2020-01-17 03:26:54.708610 +0000 build-debian4: !! pkgs/vm-stretch/qubes-usb-proxy_1.0.6+deb9u1_amd64.deb
2020-01-17 03:26:54.708619 +0000 build-debian4: !! pkgs/vm-stretch/qubes-usb-proxy_1.0.7+deb9u1.dsc
2020-01-17 03:26:54.708628 +0000 build-debian4: !! pkgs/vm-stretch/qubes-usb-proxy_1.0.7+deb9u1.tar.xz
2020-01-17 03:26:54.708637 +0000 build-debian4: !! pkgs/vm-stretch/qubes-usb-proxy_1.0.7+deb9u1_amd64.buildinfo
2020-01-17 03:26:54.708646 +0000 build-debian4: !! pkgs/vm-stretch/qubes-usb-proxy_1.0.7+deb9u1_amd64.changes
2020-01-17 03:26:54.708655 +0000 build-debian4: !! pkgs/vm-stretch/qubes-usb-proxy_1.0.7+deb9u1_amd64.deb
2020-01-17 03:26:54.708664 +0000 build-debian4: !! pkgs/vm-stretch/qubes-usb-proxy_1.0.8+deb9u1.dsc
2020-01-17 03:26:54.708673 +0000 build-debian4: !! pkgs/vm-stretch/qubes-usb-proxy_1.0.8+deb9u1.tar.xz
2020-01-17 03:26:54.708682 +0000 build-debian4: !! pkgs/vm-stretch/qubes-usb-proxy_1.0.8+deb9u1_amd64.buildinfo
2020-01-17 03:26:54.708691 +0000 build-debian4: !! pkgs/vm-stretch/qubes-usb-proxy_1.0.8+deb9u1_amd64.changes
2020-01-17 03:26:54.708700 +0000 build-debian4: !! pkgs/vm-stretch/qubes-usb-proxy_1.0.8+deb9u1_amd64.deb
2020-01-17 03:26:54.736895 +0000 build-debian4: 4a5444386a956f013836dc81827ae6595e83c2658a95c9c1c747e9dc8dbd7b77491503833feec167f5c192b94920877e1b6f052535511b546722c3c617adfe23  pkgs/vm-bullseye/qubes-usb-proxy_1.0.21+deb11u1.dsc
2020-01-17 03:26:54.736948 +0000 build-debian4: d6ae91f6fae3545da323c153aa5165827b5031bfa2b52f4e0c84f479887f41d00e6c0768f13c7f7adfbaaaf1fbfe2c4559d61e6742e768d044043ae42ad82e60  pkgs/vm-bullseye/qubes-usb-proxy_1.0.21+deb11u1.tar.xz
2020-01-17 03:26:54.748557 +0000 build-debian4: 33bcf2e41533e5daba13f93160970c5aaae149a4e6a320e222bfade6b3d766f6ad165c690537fb992ae891ff14cf8821ebdad971cd06bf449d51019f67e874fa  pkgs/vm-bullseye/qubes-usb-proxy_1.0.21+deb11u1_amd64.buildinfo
2020-01-17 03:26:54.756665 +0000 build-debian4: 6660f26644c1372a50e3e60f9a526a6cc87dfbede74ea0631748411f727db3e1a6710f4b37494dafca68ee41db60cedb3ecd51f6defeac49d898357e950c5e78  pkgs/vm-bullseye/qubes-usb-proxy_1.0.21+deb11u1_amd64.changes
2020-01-17 03:26:54.756706 +0000 build-debian4: 85d09cc0dda24924137e135909fa66440e604f8a4290df46f8ff73266559e2ba44397955881675ea795d67ec0a2913bf1947e57e8c6c6ec9fc25e38b2ed21258  pkgs/vm-bullseye/qubes-usb-proxy_1.0.21+deb11u1_amd64.deb
2020-01-17 03:26:54.756726 +0000 build-debian4: 2a41b50d304e37d5c6773ebe5c620a0c5ec186ddc0e76f222d71adeb9a4bf9d4dcd1aed0723eefb10f43d11eaab02cf308bd1c838beadd91d0cda186e14a57cc  pkgs/vm-bullseye/qubes-usb-proxy_1.0.22+deb11u1.dsc
2020-01-17 03:26:54.756743 +0000 build-debian4: 9c60d84b6586e521550b44431ecdb2a4923144603c41e48e0fa476dcbb1c432738a51d48ca81f95d93beb9b28fe066ae7fbf01f0dd1c3c0c0055f300e05e6db3  pkgs/vm-bullseye/qubes-usb-proxy_1.0.22+deb11u1.tar.xz
2020-01-17 03:26:54.759179 +0000 build-debian4: f214df4072bed315077b8015402bb7cd181fb9c260433f7ee9f831eba0006c98141a4f3643371f773c67b8f1f91c345982780a9abc9da75b39ac9aa9e2e5de98  pkgs/vm-bullseye/qubes-usb-proxy_1.0.22+deb11u1_amd64.buildinfo
2020-01-17 03:26:54.761369 +0000 build-debian4: 9bd6116553605b822e6682f97522425dc9a982d7adec590b528ff3b11d26034480005e8c5ab0073a6ed65381f90ba6b658319a5bd22f7217942a790f34dc4308  pkgs/vm-bullseye/qubes-usb-proxy_1.0.22+deb11u1_amd64.changes
2020-01-17 03:26:54.764719 +0000 build-debian4: a5d12f084248e94a78b3705bd16fdea2894bbaaf1bc6c4a7102d231231a4c124a7d49109d9541eed67b05c2f331edcfad0c7ca3cd02690a00f96a17a23474bc9  pkgs/vm-bullseye/qubes-usb-proxy_1.0.22+deb11u1_amd64.deb
2020-01-17 03:26:54.851871 +0000 build-debian4: 38f0dad9626df81989e96feda5a0e5b897feb6a736dc5723d3a2967401c332ace0e91600e9f5bc87fa3b4ac7258770e7e662560dd0269ce5987e03e5c86d2975  pkgs/vm-bullseye/qubes-usb-proxy_1.0.23+deb11u1.dsc
2020-01-17 03:26:54.853240 +0000 build-debian4: e9d2efa9b608162e0f5066b5cdc52c0fdc124ad1df5262ba518b79ee9fd55bfb6a4db7bf20dcacfd147de128627e7de1a480867898b55b1c7610235f568baafe  pkgs/vm-bullseye/qubes-usb-proxy_1.0.23+deb11u1.tar.xz
2020-01-17 03:26:54.854591 +0000 build-debian4: 38e8ca8bb6f395d03f3c656cab20e3d800f665134e14a24694b3497dd25d78cd07e40a646e1ba7a295213975abf7f69a4b88ae4c0e986bb011816f4fbe1dc52d  pkgs/vm-bullseye/qubes-usb-proxy_1.0.23+deb11u1_amd64.buildinfo
2020-01-17 03:26:54.866677 +0000 build-debian4: f840bbb1ce2a1460d884f2afe6aaa353d578981437d2ed974836f5c5d64f30076cddf200e4fcd1e68a98a84d0402241188bac43982eeea6b4f797e51ced6ecee  pkgs/vm-bullseye/qubes-usb-proxy_1.0.23+deb11u1_amd64.changes
2020-01-17 03:26:54.871622 +0000 build-debian4: fa334021f1fa8a160c5dc9349e3cff0118d32c49bb8cf8716617eaa627163b0cf3648955e4e15aa54d3ff7b1671bc30fd232b5eb58f3209bc677287adbbd6762  pkgs/vm-bullseye/qubes-usb-proxy_1.0.23+deb11u1_amd64.deb
2020-01-17 03:26:54.876498 +0000 build-debian4: 90e325e3d0064130ad5781c83fd90fd4d6d182589d83ff745bf9235b7e81601ac99f7a34cbea192d3ba061d690a611bb714dc64835584f932a3adde89f3d61aa  pkgs/vm-bullseye/qubes-usb-proxy_1.0.24+deb11u1.dsc
2020-01-17 03:26:54.881824 +0000 build-debian4: 5063b46d9e466188dc9cecb42315bfe7ca00c92994752c41ae8b15647b0fb2b1562ceb7b5ab4f9d3f9ba67c6b7b9ee70f27576676b938aee75457efa16f5ef22  pkgs/vm-bullseye/qubes-usb-proxy_1.0.24+deb11u1.tar.xz
2020-01-17 03:26:54.881866 +0000 build-debian4: 2f95829b7f491dbfbb95790003a43519e900522187aff34078c5484a12d03328bd50612cc7b8cb36192ce96e770cfd6c4c357f4ed32445117e062f700e087ef9  pkgs/vm-bullseye/qubes-usb-proxy_1.0.24+deb11u1_amd64.buildinfo
2020-01-17 03:26:54.884946 +0000 build-debian4: a598b1a375d2d2dfbfa9c340c67cbfa01de627792a236400be03891703a7aea8c124004d0b53879cdbc73a4e601a76e54a2a3d6671cd7ab7428d42c33117ee17  pkgs/vm-bullseye/qubes-usb-proxy_1.0.24+deb11u1_amd64.changes
2020-01-17 03:26:54.884987 +0000 build-debian4: 70b9aa803a1a522422709110d7d386fc1d0c9a5b26e967ace590b37dafbdd34b20ad31b8212ecf73149c91b6b557ecefe5611922fd6408b77f45342184d0c22d  pkgs/vm-bullseye/qubes-usb-proxy_1.0.24+deb11u1_amd64.deb
2020-01-17 03:26:54.887651 +0000 build-debian4: 670ae8c4737449395144c8bb15919715fd695a4d410c52877654fd5bdc269b253187845c813dd3dd0f3f6711a682c770009b3a3453a6817750e86bc5d1965a4f  pkgs/vm-bullseye/qubes-usb-proxy_1.0.25+deb11u1.dsc
2020-01-17 03:26:54.906203 +0000 build-debian4: 8ded35f630502343bc502231baf8bb40825af635345fac827bbe7e10f924b67d8827ecfc48ce3ebb27f163c03a0bffb31194e5eb6da9d814f8fdd5035743576d  pkgs/vm-bullseye/qubes-usb-proxy_1.0.25+deb11u1.tar.xz
2020-01-17 03:26:54.906245 +0000 build-debian4: ec4f1c7ae3e1b1de670e6e6b2b6dbe578ab2012a6c432cb2fc2ac538d637c543b0b7e747ee866b582446e733a2f1891db6187e8dc2209486ff792ea5b0dc6049  pkgs/vm-bullseye/qubes-usb-proxy_1.0.25+deb11u1_amd64.buildinfo
2020-01-17 03:26:54.906268 +0000 build-debian4: ee8973a22309275c7228f2e698435e771179396509890c6eebef19d1725290457b8681b3673b058b3d96c3281d8cf1d573ad0222b90002a760f4ba805e5a44a9  pkgs/vm-bullseye/qubes-usb-proxy_1.0.25+deb11u1_amd64.changes
