2020-10-27 03:22:36.808287 +0000 > starting log
2020-10-27 03:22:36.808657 +0000 build-debian4: > starting build with log
2020-10-27 03:22:36.808671 +0000 build-debian4: >> make args: update-repo-current
2020-10-27 03:22:36.808679 +0000 build-debian4: >> MAKEFLAGS=
2020-10-27 03:22:36.808686 +0000 build-debian4: >> COMPONENTS=core-admin
2020-10-27 03:22:36.808694 +0000 build-debian4: >> DISTS_VM=stretch buster bullseye
2020-10-27 03:22:36.808700 +0000 build-debian4: >> DIST_DOM0=
2020-10-27 03:22:36.808708 +0000 build-debian4: >> qubes-builder 8ef499dbfb6b918bebeedc1adafd9a5da5dc7966
2020-10-27 03:22:36.808718 +0000 build-debian4: >> qubes-builder/qubes-src/core-admin e4a8caaaa2e685d73e72ab2daf60d943edb0d9fc
2020-10-27 03:22:36.808727 +0000 build-debian4: ================================================================================
2020-10-27 03:22:36.808737 +0000 build-debian4:                            B U I L D   I N F O                                  
2020-10-27 03:22:36.808746 +0000 build-debian4: Items in red indicate it was automatically generated by configuration file(s)
2020-10-27 03:22:36.808755 +0000 build-debian4: Items in white indicate it was automatically removed by configuration file(s)
2020-10-27 03:22:36.808764 +0000 build-debian4: ================================================================================
2020-10-27 03:22:36.808770 +0000 build-debian4: DISTS_VM:
2020-10-27 03:22:36.808779 +0000 build-debian4:      stretch+standard, buster+standard, bullseye+standard, stretch buster bullseye
2020-10-27 03:22:36.808785 +0000 build-debian4: DISTS_ALL:
2020-10-27 03:22:36.808793 +0000 build-debian4:      vm-bullseye, vm-buster, vm-stretch,
2020-10-27 03:22:36.808798 +0000 build-debian4: DIST_DOM0:
2020-10-27 03:22:36.808804 +0000 build-debian4:     
2020-10-27 03:22:36.808810 +0000 build-debian4: BUILDER_PLUGINS:
2020-10-27 03:22:36.808819 +0000 build-debian4:      builder-debian, mgmt-salt, release-configs, linux-deb, builder-github,
2020-10-27 03:22:36.808824 +0000 build-debian4: COMPONENTS:
2020-10-27 03:22:36.808830 +0000 build-debian4:      core-admin,
2020-10-27 03:22:36.808836 +0000 build-debian4: GIT_REPOS:
2020-10-27 03:22:36.808842 +0000 build-debian4:      qubes-src/core-admin,
2020-10-27 03:22:36.808848 +0000 build-debian4: TEMPLATE:
2020-10-27 03:22:36.808853 +0000 build-debian4:     
2020-10-27 03:22:36.808859 +0000 build-debian4: TEMPLATE_FLAVOR_DIR:
2020-10-27 03:22:36.808864 +0000 build-debian4:     
2020-10-27 03:22:36.808870 +0000 build-debian4: TEMPLATE_ALIAS:
2020-10-27 03:22:36.808879 +0000 build-debian4:      stretch:stretch+standard, stretch+gnome:stretch+gnome+standard,
2020-10-27 03:22:36.808890 +0000 build-debian4:      stretch+minimal:stretch+minimal+no-recommends, buster:buster+standard, buster+gnome:buster+gnome+standard,
2020-10-27 03:22:36.808900 +0000 build-debian4:      buster+minimal:buster+minimal+no-recommends, bullseye:bullseye+standard,
2020-10-27 03:22:36.808909 +0000 build-debian4:      bullseye+gnome:bullseye+gnome+standard, bullseye+minimal:bullseye+minimal+no-recommends,
2020-10-27 03:22:36.808918 +0000 build-debian4:      whonix-gateway-14:stretch+whonix-gateway+minimal+no-recommends,
2020-10-27 03:22:36.808927 +0000 build-debian4:      whonix-workstation-14:stretch+whonix-workstation+minimal+no-recommends,
2020-10-27 03:22:36.808936 +0000 build-debian4:      whonix-gateway-15:buster+whonix-gateway+minimal+no-recommends,
2020-10-27 03:22:36.808945 +0000 build-debian4:      whonix-workstation-15:buster+whonix-workstation+minimal+no-recommends,
2020-10-27 03:22:36.808951 +0000 build-debian4: TEMPLATE_LABEL:
2020-10-27 03:22:36.808961 +0000 build-debian4:      stretch+standard:debian-9, buster+standard:debian-10, bullseye+standard:debian-11,
2020-10-27 03:22:36.808972 +0000 build-debian4:      stretch+standard:stretch, buster+standard:buster, bullseye+standard:bullseye, fc30:fedora-30 fc31:fedora-31
2020-10-27 03:22:36.808982 +0000 build-debian4:      fc32:fedora-32 fc33:fedora-33 fc30+minimal:fedora-30-minimal fc31+minimal:fedora-31-minimal
2020-10-27 03:22:36.808992 +0000 build-debian4:      fc32+minimal:fedora-32-minimal fc33+minimal:fedora-33-minimal fc30+xfce:fedora-30-xfce
2020-10-27 03:22:36.809007 +0000 build-debian4:      fc31+xfce:fedora-31-xfce fc32+xfce:fedora-32-xfce fc33+xfce:fedora-33-xfce stretch:debian-9
2020-10-27 03:22:36.809018 +0000 build-debian4:      stretch+xfce:debian-9-xfce buster:debian-10 buster+xfce:debian-10-xfce bullseye:debian-11
2020-10-27 03:22:36.809028 +0000 build-debian4:      bullseye+xfce:debian-11-xfce stretch+whonix-gateway+minimal+no-recommends:whonix-gw-14
2020-10-27 03:22:36.809037 +0000 build-debian4:      stretch+whonix-workstation+minimal+no-recommends:whonix-ws-14
2020-10-27 03:22:36.809045 +0000 build-debian4:      buster+whonix-gateway+minimal+no-recommends:whonix-gw-15
2020-10-27 03:22:36.809054 +0000 build-debian4:      buster+whonix-workstation+minimal+no-recommends:whonix-ws-15 centos7:centos-7
2020-10-27 03:22:36.809069 +0000 build-debian4:      centos7+minimal:centos-7-minimal centos7+xfce:centos-7-xfce centos8:centos-8
2020-10-27 03:22:36.809077 +0000 build-debian4:      centos8+minimal:centos-7-minimal centos8+xfce:centos-8-xfce
2020-10-27 03:22:36.819104 +0000 build-debian4: > running make
2020-10-27 03:22:36.830320 +0000 build-debian4: Makefile:831: target 'internal-update-repo-current.vm.bullseye.core-admin' does not exist
2020-10-27 03:22:36.830379 +0000 build-debian4: repo_base_var="LINUX_REPO_bullseye_BASEDIR"; \
2020-10-27 03:22:36.830392 +0000 build-debian4: if [ "core-admin" = linux-template-builder ]; then \
2020-10-27 03:22:36.830404 +0000 build-debian4: .# templates belongs to dom0 repository, even though PACKAGE_SET=vm
2020-10-27 03:22:36.830413 +0000 build-debian4: repo_base_var="LINUX_REPO__BASEDIR"; \
2020-10-27 03:22:36.830420 +0000 build-debian4: fi; \
2020-10-27 03:22:36.830430 +0000 build-debian4: if [ -n "${!repo_base_var}" ]; then \
2020-10-27 03:22:36.830439 +0000 build-debian4: .repo_basedir="${!repo_base_var}"; \
2020-10-27 03:22:36.830445 +0000 build-debian4: else \
2020-10-27 03:22:36.830454 +0000 build-debian4: .repo_basedir="qubes-src/linux-deb/r4.1"; \
2020-10-27 03:22:36.830461 +0000 build-debian4: fi; \
2020-10-27 03:22:36.830470 +0000 build-debian4: if [ -r qubes-src/core-admin/Makefile.builder ]; then \
2020-10-27 03:22:36.830479 +0000 build-debian4: .echo -n "Updating qubes-src/core-admin... "; \
2020-10-27 03:22:36.830487 +0000 build-debian4: .if [ "0" -eq 1 ]; then \
2020-10-27 03:22:36.830497 +0000 build-debian4: ..vtag=`git -C qubes-src/core-admin tag --points-at HEAD --list v*`; \
2020-10-27 03:22:36.830505 +0000 build-debian4: ..if [ -z "$vtag" ]; then \
2020-10-27 03:22:36.830513 +0000 build-debian4: ...echo "no version tag"; \
2020-10-27 03:22:36.830520 +0000 build-debian4: ...exit 0; \
2020-10-27 03:22:36.830526 +0000 build-debian4: ..fi; \
2020-10-27 03:22:36.830533 +0000 build-debian4: .fi; \
2020-10-27 03:22:36.830542 +0000 build-debian4: .if [ "core-admin" = linux-template-builder ]; then
2020-10-27 03:22:36.830554 +0000 build-debian4: export TEMPLATE_NAME=$(MAKEFLAGS= make -s -C qubes-src/linux-template-builder DIST=bullseye template-name)
2020-10-27 03:22:36.830561 +0000 build-debian4: fi
2020-10-27 03:22:36.830582 +0000 build-debian4: component_packages=$(MAKEFLAGS= make -s -f Makefile.generic DIST=bullseye PACKAGE_SET=vm COMPONENT=`basename qubes-src/core-admin` UPDATE_REPO=/home/user/builder-r4.1/$repo_basedir/current/vm/bullseye get-var GET_VAR=PACKAGE_LIST); \
2020-10-27 03:22:36.830593 +0000 build-debian4: .if [ -z "$component_packages" ]; then \
2020-10-27 03:22:36.830601 +0000 build-debian4: ..echo "no packages."; \
2020-10-27 03:22:36.830607 +0000 build-debian4: ..exit 0; \
2020-10-27 03:22:36.830614 +0000 build-debian4: .fi; \
2020-10-27 03:22:36.830623 +0000 build-debian4: .make -s -f Makefile.generic DIST=bullseye PACKAGE_SET=vm \
2020-10-27 03:22:36.830632 +0000 build-debian4: ..COMPONENT=`basename qubes-src/core-admin` \
2020-10-27 03:22:36.830640 +0000 build-debian4: ..SNAPSHOT_REPO=current-testing \
2020-10-27 03:22:36.830648 +0000 build-debian4: ..TARGET_REPO=current \
2020-10-27 03:22:36.830679 +0000 build-debian4: ..UPDATE_REPO=/home/user/builder-r4.1/$repo_basedir/current/vm/bullseye \
2020-10-27 03:22:36.830693 +0000 build-debian4: ..SNAPSHOT_FILE=/home/user/builder-r4.1/repo-latest-snapshot/current-testing-vm-bullseye-`basename qubes-src/core-admin` \
2020-10-27 03:22:36.830702 +0000 build-debian4: ..BUILD_LOG_URL= \
2020-10-27 03:22:36.830710 +0000 build-debian4: ..update-repo-from-snapshot || exit 1; \
2020-10-27 03:22:36.830721 +0000 build-debian4: elif make -C qubes-src/core-admin -n update-repo-current >/dev/null 2>/dev/null; then \
2020-10-27 03:22:36.830730 +0000 build-debian4: .echo "Updating qubes-src/core-admin... "; \
2020-10-27 03:22:36.830741 +0000 build-debian4: .DIST=bullseye UPDATE_REPO=/home/user/builder-r4.1/$repo_basedir/current/vm/bullseye \
2020-10-27 03:22:36.830752 +0000 build-debian4: .make -s -C qubes-src/core-admin update-repo-current || exit 1; \
2020-10-27 03:22:36.830758 +0000 build-debian4: else \
2020-10-27 03:22:36.830767 +0000 build-debian4: .echo -n "Updating qubes-src/core-admin... skipping."; \
2020-10-27 03:22:36.830774 +0000 build-debian4: fi; \
2020-10-27 03:22:36.830780 +0000 build-debian4: echo
2020-10-27 03:22:36.851587 +0000 build-debian4: Updating qubes-src/core-admin... no packages.
2020-10-27 03:22:36.851644 +0000 build-debian4: Makefile:804: update target 'internal-update-repo-current.vm.bullseye' due to: internal-update-repo-current.vm.bullseye.core-admin
2020-10-27 03:22:36.851655 +0000 build-debian4: true
2020-10-27 03:22:36.852890 +0000 build-debian4: Makefile:831: target 'internal-update-repo-current.vm.buster.core-admin' does not exist
2020-10-27 03:22:36.852923 +0000 build-debian4: repo_base_var="LINUX_REPO_buster_BASEDIR"; \
2020-10-27 03:22:36.852934 +0000 build-debian4: if [ "core-admin" = linux-template-builder ]; then \
2020-10-27 03:22:36.852946 +0000 build-debian4: .# templates belongs to dom0 repository, even though PACKAGE_SET=vm
2020-10-27 03:22:36.852955 +0000 build-debian4: repo_base_var="LINUX_REPO__BASEDIR"; \
2020-10-27 03:22:36.852962 +0000 build-debian4: fi; \
2020-10-27 03:22:36.852971 +0000 build-debian4: if [ -n "${!repo_base_var}" ]; then \
2020-10-27 03:22:36.852979 +0000 build-debian4: .repo_basedir="${!repo_base_var}"; \
2020-10-27 03:22:36.852986 +0000 build-debian4: else \
2020-10-27 03:22:36.852995 +0000 build-debian4: .repo_basedir="qubes-src/linux-deb/r4.1"; \
2020-10-27 03:22:36.853001 +0000 build-debian4: fi; \
2020-10-27 03:22:36.853010 +0000 build-debian4: if [ -r qubes-src/core-admin/Makefile.builder ]; then \
2020-10-27 03:22:36.853019 +0000 build-debian4: .echo -n "Updating qubes-src/core-admin... "; \
2020-10-27 03:22:36.853027 +0000 build-debian4: .if [ "0" -eq 1 ]; then \
2020-10-27 03:22:36.853037 +0000 build-debian4: ..vtag=`git -C qubes-src/core-admin tag --points-at HEAD --list v*`; \
2020-10-27 03:22:36.853045 +0000 build-debian4: ..if [ -z "$vtag" ]; then \
2020-10-27 03:22:36.853053 +0000 build-debian4: ...echo "no version tag"; \
2020-10-27 03:22:36.853060 +0000 build-debian4: ...exit 0; \
2020-10-27 03:22:36.853067 +0000 build-debian4: ..fi; \
2020-10-27 03:22:36.853073 +0000 build-debian4: .fi; \
2020-10-27 03:22:36.853082 +0000 build-debian4: .if [ "core-admin" = linux-template-builder ]; then
2020-10-27 03:22:36.853094 +0000 build-debian4: export TEMPLATE_NAME=$(MAKEFLAGS= make -s -C qubes-src/linux-template-builder DIST=buster template-name)
2020-10-27 03:22:36.853101 +0000 build-debian4: fi
2020-10-27 03:22:36.853122 +0000 build-debian4: component_packages=$(MAKEFLAGS= make -s -f Makefile.generic DIST=buster PACKAGE_SET=vm COMPONENT=`basename qubes-src/core-admin` UPDATE_REPO=/home/user/builder-r4.1/$repo_basedir/current/vm/buster get-var GET_VAR=PACKAGE_LIST); \
2020-10-27 03:22:36.853132 +0000 build-debian4: .if [ -z "$component_packages" ]; then \
2020-10-27 03:22:36.853140 +0000 build-debian4: ..echo "no packages."; \
2020-10-27 03:22:36.853146 +0000 build-debian4: ..exit 0; \
2020-10-27 03:22:36.853153 +0000 build-debian4: .fi; \
2020-10-27 03:22:36.853178 +0000 build-debian4: .make -s -f Makefile.generic DIST=buster PACKAGE_SET=vm \
2020-10-27 03:22:36.853188 +0000 build-debian4: ..COMPONENT=`basename qubes-src/core-admin` \
2020-10-27 03:22:36.853196 +0000 build-debian4: ..SNAPSHOT_REPO=current-testing \
2020-10-27 03:22:36.853208 +0000 build-debian4: ..TARGET_REPO=current \
2020-10-27 03:22:36.853219 +0000 build-debian4: ..UPDATE_REPO=/home/user/builder-r4.1/$repo_basedir/current/vm/buster \
2020-10-27 03:22:36.853232 +0000 build-debian4: ..SNAPSHOT_FILE=/home/user/builder-r4.1/repo-latest-snapshot/current-testing-vm-buster-`basename qubes-src/core-admin` \
2020-10-27 03:22:36.853239 +0000 build-debian4: ..BUILD_LOG_URL= \
2020-10-27 03:22:36.853248 +0000 build-debian4: ..update-repo-from-snapshot || exit 1; \
2020-10-27 03:22:36.853284 +0000 build-debian4: elif make -C qubes-src/core-admin -n update-repo-current >/dev/null 2>/dev/null; then \
2020-10-27 03:22:36.853295 +0000 build-debian4: .echo "Updating qubes-src/core-admin... "; \
2020-10-27 03:22:36.853306 +0000 build-debian4: .DIST=buster UPDATE_REPO=/home/user/builder-r4.1/$repo_basedir/current/vm/buster \
2020-10-27 03:22:36.853316 +0000 build-debian4: .make -s -C qubes-src/core-admin update-repo-current || exit 1; \
2020-10-27 03:22:36.853322 +0000 build-debian4: else \
2020-10-27 03:22:36.853332 +0000 build-debian4: .echo -n "Updating qubes-src/core-admin... skipping."; \
2020-10-27 03:22:36.853338 +0000 build-debian4: fi; \
2020-10-27 03:22:36.853344 +0000 build-debian4: echo
2020-10-27 03:22:36.873542 +0000 build-debian4: Updating qubes-src/core-admin... no packages.
2020-10-27 03:22:36.873602 +0000 build-debian4: Makefile:804: update target 'internal-update-repo-current.vm.buster' due to: internal-update-repo-current.vm.buster.core-admin
2020-10-27 03:22:36.873613 +0000 build-debian4: true
2020-10-27 03:22:36.874906 +0000 build-debian4: Makefile:831: target 'internal-update-repo-current.vm.stretch.core-admin' does not exist
2020-10-27 03:22:36.874946 +0000 build-debian4: repo_base_var="LINUX_REPO_stretch_BASEDIR"; \
2020-10-27 03:22:36.874957 +0000 build-debian4: if [ "core-admin" = linux-template-builder ]; then \
2020-10-27 03:22:36.874969 +0000 build-debian4: .# templates belongs to dom0 repository, even though PACKAGE_SET=vm
2020-10-27 03:22:36.874977 +0000 build-debian4: repo_base_var="LINUX_REPO__BASEDIR"; \
2020-10-27 03:22:36.874984 +0000 build-debian4: fi; \
2020-10-27 03:22:36.874993 +0000 build-debian4: if [ -n "${!repo_base_var}" ]; then \
2020-10-27 03:22:36.875001 +0000 build-debian4: .repo_basedir="${!repo_base_var}"; \
2020-10-27 03:22:36.875008 +0000 build-debian4: else \
2020-10-27 03:22:36.875016 +0000 build-debian4: .repo_basedir="qubes-src/linux-deb/r4.1"; \
2020-10-27 03:22:36.875023 +0000 build-debian4: fi; \
2020-10-27 03:22:36.875032 +0000 build-debian4: if [ -r qubes-src/core-admin/Makefile.builder ]; then \
2020-10-27 03:22:36.875041 +0000 build-debian4: .echo -n "Updating qubes-src/core-admin... "; \
2020-10-27 03:22:36.875048 +0000 build-debian4: .if [ "0" -eq 1 ]; then \
2020-10-27 03:22:36.875059 +0000 build-debian4: ..vtag=`git -C qubes-src/core-admin tag --points-at HEAD --list v*`; \
2020-10-27 03:22:36.875067 +0000 build-debian4: ..if [ -z "$vtag" ]; then \
2020-10-27 03:22:36.875074 +0000 build-debian4: ...echo "no version tag"; \
2020-10-27 03:22:36.875081 +0000 build-debian4: ...exit 0; \
2020-10-27 03:22:36.875088 +0000 build-debian4: ..fi; \
2020-10-27 03:22:36.875094 +0000 build-debian4: .fi; \
2020-10-27 03:22:36.875103 +0000 build-debian4: .if [ "core-admin" = linux-template-builder ]; then
2020-10-27 03:22:36.875116 +0000 build-debian4: export TEMPLATE_NAME=$(MAKEFLAGS= make -s -C qubes-src/linux-template-builder DIST=stretch template-name)
2020-10-27 03:22:36.875123 +0000 build-debian4: fi
2020-10-27 03:22:36.875144 +0000 build-debian4: component_packages=$(MAKEFLAGS= make -s -f Makefile.generic DIST=stretch PACKAGE_SET=vm COMPONENT=`basename qubes-src/core-admin` UPDATE_REPO=/home/user/builder-r4.1/$repo_basedir/current/vm/stretch get-var GET_VAR=PACKAGE_LIST); \
2020-10-27 03:22:36.875169 +0000 build-debian4: .if [ -z "$component_packages" ]; then \
2020-10-27 03:22:36.875177 +0000 build-debian4: ..echo "no packages."; \
2020-10-27 03:22:36.875184 +0000 build-debian4: ..exit 0; \
2020-10-27 03:22:36.875191 +0000 build-debian4: .fi; \
2020-10-27 03:22:36.875204 +0000 build-debian4: .make -s -f Makefile.generic DIST=stretch PACKAGE_SET=vm \
2020-10-27 03:22:36.875213 +0000 build-debian4: ..COMPONENT=`basename qubes-src/core-admin` \
2020-10-27 03:22:36.875221 +0000 build-debian4: ..SNAPSHOT_REPO=current-testing \
2020-10-27 03:22:36.875229 +0000 build-debian4: ..TARGET_REPO=current \
2020-10-27 03:22:36.875239 +0000 build-debian4: ..UPDATE_REPO=/home/user/builder-r4.1/$repo_basedir/current/vm/stretch \
2020-10-27 03:22:36.875279 +0000 build-debian4: ..SNAPSHOT_FILE=/home/user/builder-r4.1/repo-latest-snapshot/current-testing-vm-stretch-`basename qubes-src/core-admin` \
2020-10-27 03:22:36.875289 +0000 build-debian4: ..BUILD_LOG_URL= \
2020-10-27 03:22:36.875297 +0000 build-debian4: ..update-repo-from-snapshot || exit 1; \
2020-10-27 03:22:36.875309 +0000 build-debian4: elif make -C qubes-src/core-admin -n update-repo-current >/dev/null 2>/dev/null; then \
2020-10-27 03:22:36.875318 +0000 build-debian4: .echo "Updating qubes-src/core-admin... "; \
2020-10-27 03:22:36.875329 +0000 build-debian4: .DIST=stretch UPDATE_REPO=/home/user/builder-r4.1/$repo_basedir/current/vm/stretch \
2020-10-27 03:22:36.875339 +0000 build-debian4: .make -s -C qubes-src/core-admin update-repo-current || exit 1; \
2020-10-27 03:22:36.875346 +0000 build-debian4: else \
2020-10-27 03:22:36.875355 +0000 build-debian4: .echo -n "Updating qubes-src/core-admin... skipping."; \
2020-10-27 03:22:36.875361 +0000 build-debian4: fi; \
2020-10-27 03:22:36.875367 +0000 build-debian4: echo
2020-10-27 03:22:36.895333 +0000 build-debian4: Updating qubes-src/core-admin... no packages.
2020-10-27 03:22:36.895388 +0000 build-debian4: Makefile:804: update target 'internal-update-repo-current.vm.stretch' due to: internal-update-repo-current.vm.stretch.core-admin
2020-10-27 03:22:36.895399 +0000 build-debian4: true
2020-10-27 03:22:36.896461 +0000 build-debian4: Makefile:885: target 'post-update-repo-current' does not exist
2020-10-27 03:22:36.896488 +0000 build-debian4: for dist in  bullseye buster stretch; do \
2020-10-27 03:22:36.896500 +0000 build-debian4: .repo_base_var="LINUX_REPO_${dist}_BASEDIR"; \
2020-10-27 03:22:36.896509 +0000 build-debian4: .if [ -n "${!repo_base_var}" ]; then \
2020-10-27 03:22:36.896517 +0000 build-debian4: ..repo_basedir="${!repo_base_var}"; \
2020-10-27 03:22:36.896524 +0000 build-debian4: .else \
2020-10-27 03:22:36.896534 +0000 build-debian4: ..repo_basedir="qubes-src/linux-deb/r4.1"; \
2020-10-27 03:22:36.896540 +0000 build-debian4: .fi; \
2020-10-27 03:22:36.896550 +0000 build-debian4: .repos_to_update="$repos_to_update $repo_basedir"; \
2020-10-27 03:22:36.896556 +0000 build-debian4: done; \
2020-10-27 03:22:36.896563 +0000 build-debian4: pkgset_dist= ; \
2020-10-27 03:22:36.896570 +0000 build-debian4: for dist in ; do \
2020-10-27 03:22:36.896579 +0000 build-debian4: .pkgset_dist="$pkgset_dist dom0/$dist"; \
2020-10-27 03:22:36.896585 +0000 build-debian4: done; \
2020-10-27 03:22:36.896593 +0000 build-debian4: for dist in bullseye buster stretch; do \
2020-10-27 03:22:36.896602 +0000 build-debian4: .pkgset_dist="$pkgset_dist vm/$dist"; \
2020-10-27 03:22:36.896608 +0000 build-debian4: done; \
2020-10-27 03:22:36.896618 +0000 build-debian4: for repo in `echo $repos_to_update|tr ' ' '\n'|sort|uniq`; do \
2020-10-27 03:22:36.896626 +0000 build-debian4: .[ -z "$repo" ] && continue; \
2020-10-27 03:22:36.896635 +0000 build-debian4: .[ -x "$repo/../update_repo-current.sh" ] || continue; \
2020-10-27 03:22:36.896645 +0000 build-debian4: .(cd $repo/.. && ./update_repo-current.sh r4.1 $pkgset_dist); \
2020-10-27 03:22:36.896666 +0000 build-debian4: done
2020-10-27 03:22:36.904445 +0000 build-debian4: --> Processing repo: r4.1/vm/dists/bullseye...
2020-10-27 03:22:37.147401 +0000 build-debian4: --> Processing repo: r4.1/vm/dists/buster...
2020-10-27 03:22:37.388795 +0000 build-debian4: --> Processing repo: r4.1/vm/dists/stretch...
2020-10-27 03:22:37.388879 +0000 build-debian4: Error while vchan send, exiting
2020-10-27 03:22:37.626767 +0000 build-debian4: Done.
2020-10-27 03:22:37.629627 +0000 build-debian4: ~/builder-r4.1/qubes-src/linux-deb ~/builder-r4.1/qubes-src/linux-deb
2020-10-27 03:22:38.895403 +0000 build-debian4: sending incremental file list
2020-10-27 03:22:39.480373 +0000 build-debian4: Syncing r4.1/vm/bullseye...
2020-10-27 03:22:40.729202 +0000 build-debian4: sending incremental file list
2020-10-27 03:22:40.868889 +0000 build-debian4: .d..t...... bullseye/
2020-10-27 03:22:40.868938 +0000 build-debian4: <f..t...... bullseye/InRelease
2020-10-27 03:22:40.869159 +0000 build-debian4: .            700  27%    0.00kB/s    0:00:00  .          2,510 100%    1.73MB/s    0:00:00 (xfr#1, to-chk=10/12)
2020-10-27 03:22:40.869246 +0000 build-debian4: <f..t...... bullseye/Release.gpg
2020-10-27 03:22:40.869310 +0000 build-debian4: .            833 100%  813.48kB/s    0:00:00  .            833 100%  813.48kB/s    0:00:00 (xfr#2, to-chk=8/12)
2020-10-27 03:22:41.267050 +0000 build-debian4: Syncing r4.1/vm/bullseye-securitytesting...
2020-10-27 03:22:42.473732 +0000 build-debian4: sending incremental file list
2020-10-27 03:22:42.829146 +0000 build-debian4: Syncing r4.1/vm/bullseye-testing...
2020-10-27 03:22:44.019289 +0000 build-debian4: sending incremental file list
2020-10-27 03:22:44.374615 +0000 build-debian4: Syncing r4.1/vm/buster...
2020-10-27 03:22:45.627298 +0000 build-debian4: sending incremental file list
2020-10-27 03:22:45.775460 +0000 build-debian4: .d..t...... buster/
2020-10-27 03:22:45.775513 +0000 build-debian4: <f..t...... buster/InRelease
2020-10-27 03:22:45.775791 +0000 build-debian4: .            700  27%    0.00kB/s    0:00:00  .          2,503 100%    1.72MB/s    0:00:00 (xfr#1, to-chk=10/12)
2020-10-27 03:22:45.775816 +0000 build-debian4: <f..t...... buster/Release.gpg
2020-10-27 03:22:45.775832 +0000 build-debian4: .            833 100%  813.48kB/s    0:00:00  .            833 100%  813.48kB/s    0:00:00 (xfr#2, to-chk=8/12)
2020-10-27 03:22:46.069005 +0000 build-debian4: Syncing r4.1/vm/buster-securitytesting...
2020-10-27 03:22:47.306528 +0000 build-debian4: sending incremental file list
2020-10-27 03:22:47.671547 +0000 build-debian4: Syncing r4.1/vm/buster-testing...
2020-10-27 03:22:48.833082 +0000 build-debian4: sending incremental file list
2020-10-27 03:22:49.060597 +0000 build-debian4: Syncing r4.1/vm/stretch...
2020-10-27 03:22:50.302944 +0000 build-debian4: sending incremental file list
2020-10-27 03:22:50.372909 +0000 build-debian4: .d..t...... stretch/
2020-10-27 03:22:50.372954 +0000 build-debian4: <f..t...... stretch/InRelease
2020-10-27 03:22:50.373140 +0000 build-debian4: .            700  27%    0.00kB/s    0:00:00  .          2,505 100%    1.72MB/s    0:00:00 (xfr#1, to-chk=10/12)
2020-10-27 03:22:50.373165 +0000 build-debian4: <f..t...... stretch/Release.gpg
2020-10-27 03:22:50.373180 +0000 build-debian4: .            833 100%  813.48kB/s    0:00:00  .            833 100%  813.48kB/s    0:00:00 (xfr#2, to-chk=8/12)
2020-10-27 03:22:50.604769 +0000 build-debian4: Syncing r4.1/vm/stretch-securitytesting...
2020-10-27 03:22:52.055489 +0000 build-debian4: sending incremental file list
2020-10-27 03:22:52.278691 +0000 build-debian4: Syncing r4.1/vm/stretch-testing...
2020-10-27 03:22:53.568848 +0000 build-debian4: sending incremental file list
2020-10-27 03:22:53.873351 +0000 build-debian4: ~/builder-r4.1/qubes-src/linux-deb
2020-10-27 03:22:53.874030 +0000 build-debian4: Makefile:791: update target 'update-repo-current' due to: internal-update-repo-current.vm.bullseye internal-update-repo-current.vm.buster internal-update-repo-current.vm.stretch post-update-repo-current
2020-10-27 03:22:53.874078 +0000 build-debian4: true
2020-10-27 03:22:53.876777 +0000 build-debian4: > done
2020-10-27 03:22:53.876817 +0000 > closing log
