2022-11-15 01:54:27.498754 +0000 > starting log
2022-11-15 01:54:27.499366 +0000 build-debian4: > starting build with log
2022-11-15 01:54:27.499381 +0000 build-debian4: >> make args: update-repo-current
2022-11-15 01:54:27.499390 +0000 build-debian4: >> MAKEFLAGS=
2022-11-15 01:54:27.499399 +0000 build-debian4: >> COMPONENTS=infrastructure
2022-11-15 01:54:27.499436 +0000 build-debian4: >> DISTS_VM=buster bullseye bookworm
2022-11-15 01:54:27.499446 +0000 build-debian4: >> DIST_DOM0=
2022-11-15 01:54:27.499456 +0000 build-debian4: >> qubes-builder b7021ac566abccd659dd932f2f557ee90105db4f
2022-11-15 01:54:27.501793 +0000 build-debian4: >> qubes-builder/qubes-src/infrastructure fe14848a0907e8d4199cf4e109136b509e1411fe
2022-11-15 01:54:27.609169 +0000 build-debian4: >> qubes-builder/qubes-src/infrastructure/build-infra/qubes-builder 0eff8af4156b2992b6d343d478caff19e0c14ca3
2022-11-15 01:54:28.152862 +0000 build-debian4: >> qubes-builder/qubes-src/infrastructure/build-infra/qubes-builder-github 2e55cc5d21762a70aa2c9bd66938736505be8bc5
2022-11-15 01:54:28.553476 +0000 build-debian4: >> qubes-builder/qubes-src/infrastructure/build-infra/qubes-builderv2 bfd9a56a64273fffd3150523ccebba7c3cf3cff2
2022-11-15 01:54:29.078045 +0000 build-debian4: >> qubes-builder/qubes-src/infrastructure/build-infra/qubes-builderv2/qubesbuilder/plugins/installer/meta-packages a22d9c4c30d1464c59ca930c0ae95686dd3f9ac1
2022-11-15 01:54:29.460356 +0000 build-debian4: >> qubes-builder/qubes-src/infrastructure/build-infra/qubes-builderv2/qubesbuilder/plugins/installer/qubes-release 8adf30455ec9f208888e874042938b1e8d1bac02
2022-11-15 01:54:29.712216 +0000 build-debian4: >> qubes-builder/qubes-src/infrastructure/build-infra/qubes-builderv2-github c078e01fc65e545b0fe2effe1603c3c08c27c85c
2022-11-15 01:54:30.240581 +0000 build-debian4: >> qubes-builder/qubes-src/infrastructure/build-infra/qubes-infrastructure-mirrors 29eb6ffbbc721540d6f0bb512182b18e2aa891b5
2022-11-15 01:54:30.450580 +0000 build-debian4: ================================================================================
2022-11-15 01:54:30.450637 +0000 build-debian4:                            B U I L D   I N F O                                  
2022-11-15 01:54:30.450653 +0000 build-debian4: Items in red indicate it was automatically generated by configuration file(s)
2022-11-15 01:54:30.450666 +0000 build-debian4: Items in white indicate it was automatically removed by configuration file(s)
2022-11-15 01:54:30.450678 +0000 build-debian4: ================================================================================
2022-11-15 01:54:30.450685 +0000 build-debian4: DISTS_VM:
2022-11-15 01:54:30.459380 +0000 build-debian4:      buster+standard, bullseye+standard+firmware, bookworm+standard, buster bullseye bookworm
2022-11-15 01:54:30.459423 +0000 build-debian4: DISTS_ALL:
2022-11-15 01:54:30.462882 +0000 build-debian4:      vm-bookworm, vm-bullseye, vm-buster,
2022-11-15 01:54:30.462920 +0000 build-debian4: DIST_DOM0:
2022-11-15 01:54:30.467609 +0000 build-debian4:     
2022-11-15 01:54:30.467650 +0000 build-debian4: BUILDER_PLUGINS:
2022-11-15 01:54:30.484200 +0000 build-debian4:      builder-debian, mgmt-salt, release-configs, linux-deb, builder-github,
2022-11-15 01:54:30.487002 +0000 build-debian4: COMPONENTS:
2022-11-15 01:54:30.539198 +0000 build-debian4:      infrastructure,
2022-11-15 01:54:30.539266 +0000 build-debian4: GIT_REPOS:
2022-11-15 01:54:30.541535 +0000 build-debian4:      qubes-src/infrastructure,
2022-11-15 01:54:30.542753 +0000 build-debian4: TEMPLATE:
2022-11-15 01:54:30.555463 +0000 build-debian4:     
2022-11-15 01:54:30.555503 +0000 build-debian4: TEMPLATE_FLAVOR_DIR:
2022-11-15 01:54:30.564247 +0000 build-debian4:     
2022-11-15 01:54:30.565430 +0000 build-debian4: TEMPLATE_ALIAS:
2022-11-15 01:54:30.580392 +0000 build-debian4:      stretch:stretch+standard, stretch+gnome:stretch+gnome+standard,
2022-11-15 01:54:30.580436 +0000 build-debian4:      stretch+minimal:stretch+minimal+no-recommends, buster:buster+standard,
2022-11-15 01:54:30.580471 +0000 build-debian4:      buster+gnome:buster+gnome+standard, buster+minimal:buster+minimal+no-recommends,
2022-11-15 01:54:30.580505 +0000 build-debian4:      bullseye:bullseye+standard+firmware, bullseye+gnome:bullseye+gnome+standard+firmware,
2022-11-15 01:54:30.580519 +0000 build-debian4:      bullseye+minimal:bullseye+minimal+no-recommends, bookworm:bookworm+standard,
2022-11-15 01:54:30.580531 +0000 build-debian4:      bookworm+gnome:bookworm+gnome+standard, bookworm+minimal:bookworm+minimal+no-recommends,
2022-11-15 01:54:30.580546 +0000 build-debian4:      bionic:bionic+standard, focal:focal+standard, whonix-gateway-15:buster+whonix-gateway+minimal+no-recommends,
2022-11-15 01:54:30.580559 +0000 build-debian4:      whonix-workstation-15:buster+whonix-workstation+minimal+no-recommends,
2022-11-15 01:54:30.580570 +0000 build-debian4:      whonix-gateway-16:bullseye+whonix-gateway+minimal+no-recommends,
2022-11-15 01:54:30.580581 +0000 build-debian4:      whonix-workstation-16:bullseye+whonix-workstation+minimal+no-recommends,
2022-11-15 01:54:30.580588 +0000 build-debian4: TEMPLATE_LABEL:
2022-11-15 01:54:30.613990 +0000 build-debian4:      buster+standard:debian-10, bullseye+standard+firmware:debian-11, bookworm+standard:debian-12,
2022-11-15 01:54:30.614042 +0000 build-debian4:      buster+standard:buster, bullseye+standard+firmware:bullseye, bookworm+standard:bookworm,
2022-11-15 01:54:30.614057 +0000 build-debian4:      fc34:fedora-34 fc35:fedora-35 fc36:fedora-36 fc34+minimal:fedora-34-minimal
2022-11-15 01:54:30.614071 +0000 build-debian4:      fc35+minimal:fedora-35-minimal fc36+minimal:fedora-36-minimal fc34+xfce:fedora-34-xfce
2022-11-15 01:54:30.614083 +0000 build-debian4:      fc35+xfce:fedora-35-xfce fc36+xfce:fedora-36-xfce stretch:debian-9 stretch+standard:debian-9
2022-11-15 01:54:30.614095 +0000 build-debian4:      stretch+xfce:debian-9-xfce buster:debian-10 buster+xfce:debian-10-xfce bullseye:debian-11
2022-11-15 01:54:30.614109 +0000 build-debian4:      bullseye+xfce:debian-11-xfce bookworm:debian-12 bookworm+xfce:debian-12-xfce bionic+standard:bionic
2022-11-15 01:54:30.614120 +0000 build-debian4:      focal+standard:focal buster+whonix-gateway+minimal+no-recommends:whonix-gw-15
2022-11-15 01:54:30.614131 +0000 build-debian4:      buster+whonix-workstation+minimal+no-recommends:whonix-ws-15
2022-11-15 01:54:30.614141 +0000 build-debian4:      bullseye+whonix-gateway+minimal+no-recommends:whonix-gw-16
2022-11-15 01:54:30.614153 +0000 build-debian4:      bullseye+whonix-workstation+minimal+no-recommends:whonix-ws-16 centos7:centos-7
2022-11-15 01:54:30.614165 +0000 build-debian4:      centos7+minimal:centos-7-minimal centos7+xfce:centos-7-xfce centos-stream8:centos-stream-8
2022-11-15 01:54:30.614177 +0000 build-debian4:      centos-stream8+minimal:centos-stream-8-minimal centos-stream8+xfce:centos-stream-8-xfce
2022-11-15 01:54:30.657959 +0000 build-debian4: > running make
2022-11-15 01:54:30.755371 +0000 build-debian4: Makefile:863: target 'internal-update-repo-current.vm.bookworm.infrastructure' does not exist
2022-11-15 01:54:30.755447 +0000 build-debian4: repo_base_var="LINUX_REPO_${DIST//-/_}_BASEDIR"; \
2022-11-15 01:54:30.755461 +0000 build-debian4: if [ "infrastructure" = linux-template-builder ]; then \
2022-11-15 01:54:30.755474 +0000 build-debian4: .# templates belongs to dom0 repository, even though PACKAGE_SET=vm
2022-11-15 01:54:30.755484 +0000 build-debian4: repo_base_var="LINUX_REPO__BASEDIR"; \
2022-11-15 01:54:30.755491 +0000 build-debian4: fi; \
2022-11-15 01:54:30.755501 +0000 build-debian4: if [ -n "${!repo_base_var}" ]; then \
2022-11-15 01:54:30.755509 +0000 build-debian4: .repo_basedir="${!repo_base_var}"; \
2022-11-15 01:54:30.755516 +0000 build-debian4: else \
2022-11-15 01:54:30.755525 +0000 build-debian4: .repo_basedir="qubes-src/linux-deb/r4.1"; \
2022-11-15 01:54:30.755531 +0000 build-debian4: fi; \
2022-11-15 01:54:30.755541 +0000 build-debian4: if [ -r qubes-src/infrastructure/Makefile.builder ]; then \
2022-11-15 01:54:30.755551 +0000 build-debian4: .echo -n "Updating qubes-src/infrastructure... "; \
2022-11-15 01:54:30.755580 +0000 build-debian4: .if [ "0" -eq 1 ]; then \
2022-11-15 01:54:30.755593 +0000 build-debian4: ..vtag=`git -C qubes-src/infrastructure tag --points-at HEAD --list v*`; \
2022-11-15 01:54:30.755601 +0000 build-debian4: ..if [ -z "$vtag" ]; then \
2022-11-15 01:54:30.755610 +0000 build-debian4: ...echo "no version tag"; \
2022-11-15 01:54:30.755617 +0000 build-debian4: ...exit 0; \
2022-11-15 01:54:30.755624 +0000 build-debian4: ..fi; \
2022-11-15 01:54:30.755630 +0000 build-debian4: .fi; \
2022-11-15 01:54:30.755640 +0000 build-debian4: .if [ "infrastructure" = linux-template-builder ]; then
2022-11-15 01:54:30.755654 +0000 build-debian4: export TEMPLATE_NAME=$(MAKEFLAGS= make -s -C qubes-src/linux-template-builder DIST=bookworm template-name)
2022-11-15 01:54:30.755662 +0000 build-debian4: fi
2022-11-15 01:54:30.755685 +0000 build-debian4: component_packages=$(MAKEFLAGS= make -s -f Makefile.generic DIST=bookworm PACKAGE_SET=vm COMPONENT=`basename qubes-src/infrastructure` UPDATE_REPO=/home/user/builder-r4.1/$repo_basedir/current/vm/bookworm get-var GET_VAR=PACKAGE_LIST); \
2022-11-15 01:54:30.755696 +0000 build-debian4: .if [ -z "$component_packages" ]; then \
2022-11-15 01:54:30.755704 +0000 build-debian4: ..echo "no packages."; \
2022-11-15 01:54:30.755711 +0000 build-debian4: ..exit 0; \
2022-11-15 01:54:30.755718 +0000 build-debian4: .fi; \
2022-11-15 01:54:30.755728 +0000 build-debian4: .make -s -f Makefile.generic DIST=bookworm PACKAGE_SET=vm \
2022-11-15 01:54:30.755738 +0000 build-debian4: ..COMPONENT=`basename qubes-src/infrastructure` \
2022-11-15 01:54:30.755746 +0000 build-debian4: ..SNAPSHOT_REPO=current-testing \
2022-11-15 01:54:30.755754 +0000 build-debian4: ..TARGET_REPO=current \
2022-11-15 01:54:30.755765 +0000 build-debian4: ..UPDATE_REPO=/home/user/builder-r4.1/$repo_basedir/current/vm/bookworm \
2022-11-15 01:54:30.755780 +0000 build-debian4: ..SNAPSHOT_FILE=/home/user/builder-r4.1/repo-latest-snapshot/current-testing-vm-bookworm-`basename qubes-src/infrastructure` \
2022-11-15 01:54:30.755788 +0000 build-debian4: ..BUILD_LOG_URL= \
2022-11-15 01:54:30.755801 +0000 build-debian4: ..update-repo-from-snapshot || exit 1; \
2022-11-15 01:54:30.755813 +0000 build-debian4: elif make -C qubes-src/infrastructure -n update-repo-current >/dev/null 2>/dev/null; then \
2022-11-15 01:54:30.755823 +0000 build-debian4: .echo "Updating qubes-src/infrastructure... "; \
2022-11-15 01:54:30.755835 +0000 build-debian4: .DIST=bookworm UPDATE_REPO=/home/user/builder-r4.1/$repo_basedir/current/vm/bookworm \
2022-11-15 01:54:30.755846 +0000 build-debian4: .make -s -C qubes-src/infrastructure update-repo-current || exit 1; \
2022-11-15 01:54:30.755853 +0000 build-debian4: else \
2022-11-15 01:54:30.755863 +0000 build-debian4: .echo -n "Updating qubes-src/infrastructure... skipping."; \
2022-11-15 01:54:30.755870 +0000 build-debian4: fi; \
2022-11-15 01:54:30.755876 +0000 build-debian4: echo
2022-11-15 01:54:30.860283 +0000 build-debian4: Updating qubes-src/infrastructure... no packages.
2022-11-15 01:54:30.860338 +0000 build-debian4: Makefile:832: update target 'internal-update-repo-current.vm.bookworm' due to: internal-update-repo-current.vm.bookworm.infrastructure
2022-11-15 01:54:30.860350 +0000 build-debian4: true
2022-11-15 01:54:30.860370 +0000 build-debian4: Makefile:863: target 'internal-update-repo-current.vm.bullseye.infrastructure' does not exist
2022-11-15 01:54:30.860381 +0000 build-debian4: repo_base_var="LINUX_REPO_${DIST//-/_}_BASEDIR"; \
2022-11-15 01:54:30.860390 +0000 build-debian4: if [ "infrastructure" = linux-template-builder ]; then \
2022-11-15 01:54:30.860401 +0000 build-debian4: .# templates belongs to dom0 repository, even though PACKAGE_SET=vm
2022-11-15 01:54:30.860432 +0000 build-debian4: repo_base_var="LINUX_REPO__BASEDIR"; \
2022-11-15 01:54:30.860440 +0000 build-debian4: fi; \
2022-11-15 01:54:30.860449 +0000 build-debian4: if [ -n "${!repo_base_var}" ]; then \
2022-11-15 01:54:30.860457 +0000 build-debian4: .repo_basedir="${!repo_base_var}"; \
2022-11-15 01:54:30.860483 +0000 build-debian4: else \
2022-11-15 01:54:30.860493 +0000 build-debian4: .repo_basedir="qubes-src/linux-deb/r4.1"; \
2022-11-15 01:54:30.860499 +0000 build-debian4: fi; \
2022-11-15 01:54:30.860508 +0000 build-debian4: if [ -r qubes-src/infrastructure/Makefile.builder ]; then \
2022-11-15 01:54:30.860517 +0000 build-debian4: .echo -n "Updating qubes-src/infrastructure... "; \
2022-11-15 01:54:30.860525 +0000 build-debian4: .if [ "0" -eq 1 ]; then \
2022-11-15 01:54:30.860536 +0000 build-debian4: ..vtag=`git -C qubes-src/infrastructure tag --points-at HEAD --list v*`; \
2022-11-15 01:54:30.860544 +0000 build-debian4: ..if [ -z "$vtag" ]; then \
2022-11-15 01:54:30.860552 +0000 build-debian4: ...echo "no version tag"; \
2022-11-15 01:54:30.860558 +0000 build-debian4: ...exit 0; \
2022-11-15 01:54:30.860565 +0000 build-debian4: ..fi; \
2022-11-15 01:54:30.860571 +0000 build-debian4: .fi; \
2022-11-15 01:54:30.860580 +0000 build-debian4: .if [ "infrastructure" = linux-template-builder ]; then
2022-11-15 01:54:30.860593 +0000 build-debian4: export TEMPLATE_NAME=$(MAKEFLAGS= make -s -C qubes-src/linux-template-builder DIST=bullseye template-name)
2022-11-15 01:54:30.860599 +0000 build-debian4: fi
2022-11-15 01:54:30.860624 +0000 build-debian4: component_packages=$(MAKEFLAGS= make -s -f Makefile.generic DIST=bullseye PACKAGE_SET=vm COMPONENT=`basename qubes-src/infrastructure` UPDATE_REPO=/home/user/builder-r4.1/$repo_basedir/current/vm/bullseye get-var GET_VAR=PACKAGE_LIST); \
2022-11-15 01:54:30.860634 +0000 build-debian4: .if [ -z "$component_packages" ]; then \
2022-11-15 01:54:30.860642 +0000 build-debian4: ..echo "no packages."; \
2022-11-15 01:54:30.860649 +0000 build-debian4: ..exit 0; \
2022-11-15 01:54:30.860655 +0000 build-debian4: .fi; \
2022-11-15 01:54:30.860664 +0000 build-debian4: .make -s -f Makefile.generic DIST=bullseye PACKAGE_SET=vm \
2022-11-15 01:54:30.860673 +0000 build-debian4: ..COMPONENT=`basename qubes-src/infrastructure` \
2022-11-15 01:54:30.860682 +0000 build-debian4: ..SNAPSHOT_REPO=current-testing \
2022-11-15 01:54:30.860689 +0000 build-debian4: ..TARGET_REPO=current \
2022-11-15 01:54:30.860700 +0000 build-debian4: ..UPDATE_REPO=/home/user/builder-r4.1/$repo_basedir/current/vm/bullseye \
2022-11-15 01:54:30.860714 +0000 build-debian4: ..SNAPSHOT_FILE=/home/user/builder-r4.1/repo-latest-snapshot/current-testing-vm-bullseye-`basename qubes-src/infrastructure` \
2022-11-15 01:54:30.860721 +0000 build-debian4: ..BUILD_LOG_URL= \
2022-11-15 01:54:30.860730 +0000 build-debian4: ..update-repo-from-snapshot || exit 1; \
2022-11-15 01:54:30.860744 +0000 build-debian4: elif make -C qubes-src/infrastructure -n update-repo-current >/dev/null 2>/dev/null; then \
2022-11-15 01:54:30.860753 +0000 build-debian4: .echo "Updating qubes-src/infrastructure... "; \
2022-11-15 01:54:30.860765 +0000 build-debian4: .DIST=bullseye UPDATE_REPO=/home/user/builder-r4.1/$repo_basedir/current/vm/bullseye \
2022-11-15 01:54:30.860775 +0000 build-debian4: .make -s -C qubes-src/infrastructure update-repo-current || exit 1; \
2022-11-15 01:54:30.860782 +0000 build-debian4: else \
2022-11-15 01:54:30.860791 +0000 build-debian4: .echo -n "Updating qubes-src/infrastructure... skipping."; \
2022-11-15 01:54:30.860798 +0000 build-debian4: fi; \
2022-11-15 01:54:30.860804 +0000 build-debian4: echo
2022-11-15 01:54:30.982108 +0000 build-debian4: Updating qubes-src/infrastructure... no packages.
2022-11-15 01:54:30.982167 +0000 build-debian4: Makefile:832: update target 'internal-update-repo-current.vm.bullseye' due to: internal-update-repo-current.vm.bullseye.infrastructure
2022-11-15 01:54:30.982178 +0000 build-debian4: true
2022-11-15 01:54:30.983493 +0000 build-debian4: Makefile:863: target 'internal-update-repo-current.vm.buster.infrastructure' does not exist
2022-11-15 01:54:30.983531 +0000 build-debian4: repo_base_var="LINUX_REPO_${DIST//-/_}_BASEDIR"; \
2022-11-15 01:54:30.983543 +0000 build-debian4: if [ "infrastructure" = linux-template-builder ]; then \
2022-11-15 01:54:30.983572 +0000 build-debian4: .# templates belongs to dom0 repository, even though PACKAGE_SET=vm
2022-11-15 01:54:30.983581 +0000 build-debian4: repo_base_var="LINUX_REPO__BASEDIR"; \
2022-11-15 01:54:30.983588 +0000 build-debian4: fi; \
2022-11-15 01:54:30.983596 +0000 build-debian4: if [ -n "${!repo_base_var}" ]; then \
2022-11-15 01:54:30.983604 +0000 build-debian4: .repo_basedir="${!repo_base_var}"; \
2022-11-15 01:54:30.983611 +0000 build-debian4: else \
2022-11-15 01:54:30.983619 +0000 build-debian4: .repo_basedir="qubes-src/linux-deb/r4.1"; \
2022-11-15 01:54:30.983625 +0000 build-debian4: fi; \
2022-11-15 01:54:30.983635 +0000 build-debian4: if [ -r qubes-src/infrastructure/Makefile.builder ]; then \
2022-11-15 01:54:30.983644 +0000 build-debian4: .echo -n "Updating qubes-src/infrastructure... "; \
2022-11-15 01:54:30.983652 +0000 build-debian4: .if [ "0" -eq 1 ]; then \
2022-11-15 01:54:30.983663 +0000 build-debian4: ..vtag=`git -C qubes-src/infrastructure tag --points-at HEAD --list v*`; \
2022-11-15 01:54:30.983671 +0000 build-debian4: ..if [ -z "$vtag" ]; then \
2022-11-15 01:54:30.983679 +0000 build-debian4: ...echo "no version tag"; \
2022-11-15 01:54:30.983685 +0000 build-debian4: ...exit 0; \
2022-11-15 01:54:30.983692 +0000 build-debian4: ..fi; \
2022-11-15 01:54:30.983698 +0000 build-debian4: .fi; \
2022-11-15 01:54:30.983707 +0000 build-debian4: .if [ "infrastructure" = linux-template-builder ]; then
2022-11-15 01:54:30.983720 +0000 build-debian4: export TEMPLATE_NAME=$(MAKEFLAGS= make -s -C qubes-src/linux-template-builder DIST=buster template-name)
2022-11-15 01:54:30.983727 +0000 build-debian4: fi
2022-11-15 01:54:30.983748 +0000 build-debian4: component_packages=$(MAKEFLAGS= make -s -f Makefile.generic DIST=buster PACKAGE_SET=vm COMPONENT=`basename qubes-src/infrastructure` UPDATE_REPO=/home/user/builder-r4.1/$repo_basedir/current/vm/buster get-var GET_VAR=PACKAGE_LIST); \
2022-11-15 01:54:30.983758 +0000 build-debian4: .if [ -z "$component_packages" ]; then \
2022-11-15 01:54:30.983766 +0000 build-debian4: ..echo "no packages."; \
2022-11-15 01:54:30.983773 +0000 build-debian4: ..exit 0; \
2022-11-15 01:54:30.983779 +0000 build-debian4: .fi; \
2022-11-15 01:54:30.983788 +0000 build-debian4: .make -s -f Makefile.generic DIST=buster PACKAGE_SET=vm \
2022-11-15 01:54:30.983801 +0000 build-debian4: ..COMPONENT=`basename qubes-src/infrastructure` \
2022-11-15 01:54:30.983810 +0000 build-debian4: ..SNAPSHOT_REPO=current-testing \
2022-11-15 01:54:30.983817 +0000 build-debian4: ..TARGET_REPO=current \
2022-11-15 01:54:30.983827 +0000 build-debian4: ..UPDATE_REPO=/home/user/builder-r4.1/$repo_basedir/current/vm/buster \
2022-11-15 01:54:30.983841 +0000 build-debian4: ..SNAPSHOT_FILE=/home/user/builder-r4.1/repo-latest-snapshot/current-testing-vm-buster-`basename qubes-src/infrastructure` \
2022-11-15 01:54:30.983849 +0000 build-debian4: ..BUILD_LOG_URL= \
2022-11-15 01:54:30.983857 +0000 build-debian4: ..update-repo-from-snapshot || exit 1; \
2022-11-15 01:54:30.983869 +0000 build-debian4: elif make -C qubes-src/infrastructure -n update-repo-current >/dev/null 2>/dev/null; then \
2022-11-15 01:54:30.983878 +0000 build-debian4: .echo "Updating qubes-src/infrastructure... "; \
2022-11-15 01:54:30.983889 +0000 build-debian4: .DIST=buster UPDATE_REPO=/home/user/builder-r4.1/$repo_basedir/current/vm/buster \
2022-11-15 01:54:30.983900 +0000 build-debian4: .make -s -C qubes-src/infrastructure update-repo-current || exit 1; \
2022-11-15 01:54:30.983906 +0000 build-debian4: else \
2022-11-15 01:54:30.983916 +0000 build-debian4: .echo -n "Updating qubes-src/infrastructure... skipping."; \
2022-11-15 01:54:30.983922 +0000 build-debian4: fi; \
2022-11-15 01:54:30.983928 +0000 build-debian4: echo
2022-11-15 01:54:31.069286 +0000 build-debian4: Updating qubes-src/infrastructure... no packages.
2022-11-15 01:54:31.069342 +0000 build-debian4: Makefile:832: update target 'internal-update-repo-current.vm.buster' due to: internal-update-repo-current.vm.buster.infrastructure
2022-11-15 01:54:31.069371 +0000 build-debian4: true
2022-11-15 01:54:31.074651 +0000 build-debian4: Makefile:945: target 'post-update-repo-current' does not exist
2022-11-15 01:54:31.074690 +0000 build-debian4: true
2022-11-15 01:54:31.074714 +0000 build-debian4: Makefile:819: update target 'update-repo-current' due to: internal-update-repo-current.vm.bookworm internal-update-repo-current.vm.bullseye internal-update-repo-current.vm.buster post-update-repo-current
2022-11-15 01:54:31.074722 +0000 build-debian4: true
2022-11-15 01:54:31.077778 +0000 build-debian4: > done
2022-11-15 01:54:31.077818 +0000 > closing log
