2019-06-24 15:19:40.774287 +0000 > starting log
2019-06-24 15:19:40.775305 +0000 build-debian4: > starting build with log
2019-06-24 15:19:40.775327 +0000 build-debian4: >> make args: update-repo-current
2019-06-24 15:19:40.775338 +0000 build-debian4: >> MAKEFLAGS=
2019-06-24 15:19:40.775347 +0000 build-debian4: >> COMPONENTS=mgmt-salt-dom0-update
2019-06-24 15:19:40.775356 +0000 build-debian4: >> DISTS_VM=jessie stretch buster
2019-06-24 15:19:40.775363 +0000 build-debian4: >> DIST_DOM0=
2019-06-24 15:19:40.775372 +0000 build-debian4: >> qubes-builder 6f67329cd51815dd443b07347a78a143410e5767
2019-06-24 15:19:40.775383 +0000 build-debian4: >> qubes-builder/qubes-src/mgmt-salt-dom0-update 82dd6357eeed4a0ac4d47f1da32a11a8913db07b
2019-06-24 15:19:40.775393 +0000 build-debian4: ================================================================================
2019-06-24 15:19:40.775404 +0000 build-debian4:                            B U I L D   I N F O                                  
2019-06-24 15:19:40.775413 +0000 build-debian4: Items in red indicate it was automatically generated by configuration file(s)
2019-06-24 15:19:40.775423 +0000 build-debian4: Items in white indicate it was automatically removed by configuration file(s)
2019-06-24 15:19:40.775433 +0000 build-debian4: ================================================================================
2019-06-24 15:19:40.775440 +0000 build-debian4: DISTS_VM:
2019-06-24 15:19:40.775449 +0000 build-debian4:      jessie+standard, stretch+standard, buster, jessie stretch
2019-06-24 15:19:40.775457 +0000 build-debian4: DISTS_ALL:
2019-06-24 15:19:40.775465 +0000 build-debian4:      vm-buster, vm-jessie, vm-stretch,
2019-06-24 15:19:40.775472 +0000 build-debian4: DIST_DOM0:
2019-06-24 15:19:40.775478 +0000 build-debian4:     
2019-06-24 15:19:40.775485 +0000 build-debian4: BUILDER_PLUGINS:
2019-06-24 15:19:40.775494 +0000 build-debian4:      builder-debian, mgmt-salt, linux-deb, builder-github,
2019-06-24 15:19:40.775501 +0000 build-debian4: COMPONENTS:
2019-06-24 15:19:40.775508 +0000 build-debian4:      mgmt-salt-dom0-update,
2019-06-24 15:19:40.775515 +0000 build-debian4: GIT_REPOS:
2019-06-24 15:19:40.775523 +0000 build-debian4:      qubes-src/mgmt-salt-dom0-update,
2019-06-24 15:19:40.775530 +0000 build-debian4: TEMPLATE:
2019-06-24 15:19:40.775536 +0000 build-debian4:     
2019-06-24 15:19:40.775543 +0000 build-debian4: TEMPLATE_FLAVOR_DIR:
2019-06-24 15:19:40.775550 +0000 build-debian4:     
2019-06-24 15:19:40.775557 +0000 build-debian4: TEMPLATE_ALIAS:
2019-06-24 15:19:40.775566 +0000 build-debian4:      jessie:jessie+standard, jessie+gnome:jessie+gnome+standard,
2019-06-24 15:19:40.775577 +0000 build-debian4:      jessie+minimal:jessie+minimal+no-recommends, stretch:stretch+standard, stretch+gnome:stretch+gnome+standard,
2019-06-24 15:19:40.775589 +0000 build-debian4:      stretch+minimal:stretch+minimal+no-recommends, whonix-gateway:jessie+whonix-gateway+minimal+no-recommends,
2019-06-24 15:19:40.775599 +0000 build-debian4:      whonix-workstation:jessie+whonix-workstation+minimal+no-recommends,
2019-06-24 15:19:40.775608 +0000 build-debian4:      whonix-gateway-14:stretch+whonix-gateway+minimal+no-recommends,
2019-06-24 15:19:40.775618 +0000 build-debian4:      whonix-workstation-14:stretch+whonix-workstation+minimal+no-recommends,
2019-06-24 15:19:40.775625 +0000 build-debian4: TEMPLATE_LABEL:
2019-06-24 15:19:40.775636 +0000 build-debian4:      jessie+standard:debian-8, stretch+standard:debian-9, jessie+standard:jessie, stretch+standard:stretch,
2019-06-24 15:19:40.775647 +0000 build-debian4:      fc20:fedora-20 fc21:fedora-21 fc22:fedora-22 fc23:fedora-23 fc24:fedora-24 fc25:fedora-25 fc26:fedora-26
2019-06-24 15:19:40.775658 +0000 build-debian4:      fc27:fedora-27 fc28:fedora-28 fc29:fedora-29 fc20+minimal:fedora-20-minimal fc21+minimal:fedora-21-minimal
2019-06-24 15:19:40.775669 +0000 build-debian4:      fc23+minimal:fedora-23-minimal fc24+minimal:fedora-24-minimal fc25+minimal:fedora-25-minimal
2019-06-24 15:19:40.775679 +0000 build-debian4:      fc26+minimal:fedora-26-minimal fc27+minimal:fedora-27-minimal fc28+minimal:fedora-28-minimal
2019-06-24 15:19:40.775696 +0000 build-debian4:      fc29+minimal:fedora-29-minimal fc25+xfce:fedora-25-xfce fc26+xfce:fedora-26-xfce fc27+xfce:fedora-27-xfce
2019-06-24 15:19:40.775707 +0000 build-debian4:      fc28+xfce:fedora-28-xfce fc29+xfce:fedora-29-xfce wheezy:debian-7 wheezy+standard:debian-7
2019-06-24 15:19:40.775718 +0000 build-debian4:      jessie:debian-8 stretch:debian-9 centos7:centos-7 centos7+minimal:centos-7-minimal
2019-06-24 15:19:40.775728 +0000 build-debian4:      centos7+xfce:centos-7-xfce jessie+whonix-gateway+minimal+no-recommends:whonix-gw
2019-06-24 15:19:40.775737 +0000 build-debian4:      jessie+whonix-workstation+minimal+no-recommends:whonix-ws
2019-06-24 15:19:40.775746 +0000 build-debian4:      stretch+whonix-gateway+minimal+no-recommends:whonix-gw-14
2019-06-24 15:19:40.775755 +0000 build-debian4:      stretch+whonix-workstation+minimal+no-recommends:whonix-ws-14
2019-06-24 15:19:40.787704 +0000 build-debian4: > running make
2019-06-24 15:19:40.798256 +0000 build-debian4: Makefile:805: target 'internal-update-repo-current.vm.buster.mgmt-salt-dom0-update' does not exist
2019-06-24 15:19:40.798303 +0000 build-debian4: repo_base_var="LINUX_REPO_buster_BASEDIR"; \
2019-06-24 15:19:40.798319 +0000 build-debian4: if [ "mgmt-salt-dom0-update" = linux-template-builder ]; then \
2019-06-24 15:19:40.798333 +0000 build-debian4: .# templates belongs to dom0 repository, even though PACKAGE_SET=vm
2019-06-24 15:19:40.798344 +0000 build-debian4: repo_base_var="LINUX_REPO__BASEDIR"; \
2019-06-24 15:19:40.798353 +0000 build-debian4: fi; \
2019-06-24 15:19:40.798363 +0000 build-debian4: if [ -n "${!repo_base_var}" ]; then \
2019-06-24 15:19:40.798373 +0000 build-debian4: .repo_basedir="${!repo_base_var}"; \
2019-06-24 15:19:40.798381 +0000 build-debian4: else \
2019-06-24 15:19:40.798391 +0000 build-debian4: .repo_basedir="qubes-src/linux-deb/r4.0"; \
2019-06-24 15:19:40.798399 +0000 build-debian4: fi; \
2019-06-24 15:19:40.798410 +0000 build-debian4: if [ -r qubes-src/mgmt-salt-dom0-update/Makefile.builder ]; then \
2019-06-24 15:19:40.798421 +0000 build-debian4: .echo -n "Updating qubes-src/mgmt-salt-dom0-update... "; \
2019-06-24 15:19:40.798430 +0000 build-debian4: .if [ "0" -eq 1 ]; then \
2019-06-24 15:19:40.798442 +0000 build-debian4: ..vtag=`git -C qubes-src/mgmt-salt-dom0-update tag --points-at HEAD --list v*`; \
2019-06-24 15:19:40.798452 +0000 build-debian4: ..if [ -z "$vtag" ]; then \
2019-06-24 15:19:40.798461 +0000 build-debian4: ...echo "no version tag"; \
2019-06-24 15:19:40.798469 +0000 build-debian4: ...exit 0; \
2019-06-24 15:19:40.798477 +0000 build-debian4: ..fi; \
2019-06-24 15:19:40.798485 +0000 build-debian4: .fi; \
2019-06-24 15:19:40.798495 +0000 build-debian4: .if [ "mgmt-salt-dom0-update" = linux-template-builder ]; then
2019-06-24 15:19:40.798508 +0000 build-debian4: export TEMPLATE_NAME=$(MAKEFLAGS= make -s -C qubes-src/linux-template-builder DIST=buster template-name)
2019-06-24 15:19:40.798517 +0000 build-debian4: fi
2019-06-24 15:19:40.798537 +0000 build-debian4: component_packages=$(MAKEFLAGS= make -s -f Makefile.generic DIST=buster PACKAGE_SET=vm COMPONENT=`basename qubes-src/mgmt-salt-dom0-update` UPDATE_REPO=/home/user/builder-r4.0/$repo_basedir/current/vm/buster get-var GET_VAR=PACKAGE_LIST); \
2019-06-24 15:19:40.798548 +0000 build-debian4: .if [ -z "$component_packages" ]; then \
2019-06-24 15:19:40.798558 +0000 build-debian4: ..echo "no packages."; \
2019-06-24 15:19:40.798569 +0000 build-debian4: ..exit 0; \
2019-06-24 15:19:40.798577 +0000 build-debian4: .fi; \
2019-06-24 15:19:40.798587 +0000 build-debian4: .make -s -f Makefile.generic DIST=buster PACKAGE_SET=vm \
2019-06-24 15:19:40.798597 +0000 build-debian4: ..COMPONENT=`basename qubes-src/mgmt-salt-dom0-update` \
2019-06-24 15:19:40.798606 +0000 build-debian4: ..SNAPSHOT_REPO=current-testing \
2019-06-24 15:19:40.798615 +0000 build-debian4: ..TARGET_REPO=current \
2019-06-24 15:19:40.798626 +0000 build-debian4: ..UPDATE_REPO=/home/user/builder-r4.0/$repo_basedir/current/vm/buster \
2019-06-24 15:19:40.798653 +0000 build-debian4: ..SNAPSHOT_FILE=/home/user/builder-r4.0/repo-latest-snapshot/current-testing-vm-buster-`basename qubes-src/mgmt-salt-dom0-update` \
2019-06-24 15:19:40.798663 +0000 build-debian4: ..BUILD_LOG_URL= \
2019-06-24 15:19:40.798673 +0000 build-debian4: ..update-repo-from-snapshot || exit 1; \
2019-06-24 15:19:40.798685 +0000 build-debian4: elif make -C qubes-src/mgmt-salt-dom0-update -n update-repo-current >/dev/null 2>/dev/null; then \
2019-06-24 15:19:40.798696 +0000 build-debian4: .echo "Updating qubes-src/mgmt-salt-dom0-update... "; \
2019-06-24 15:19:40.798707 +0000 build-debian4: .DIST=buster UPDATE_REPO=/home/user/builder-r4.0/$repo_basedir/current/vm/buster \
2019-06-24 15:19:40.798719 +0000 build-debian4: .make -s -C qubes-src/mgmt-salt-dom0-update update-repo-current || exit 1; \
2019-06-24 15:19:40.798727 +0000 build-debian4: else \
2019-06-24 15:19:40.798738 +0000 build-debian4: .echo -n "Updating qubes-src/mgmt-salt-dom0-update... skipping."; \
2019-06-24 15:19:40.798746 +0000 build-debian4: fi; \
2019-06-24 15:19:40.798753 +0000 build-debian4: echo
2019-06-24 15:19:40.818447 +0000 build-debian4: Updating qubes-src/mgmt-salt-dom0-update... no packages.
2019-06-24 15:19:40.818500 +0000 build-debian4: Makefile:778: update target 'internal-update-repo-current.vm.buster' due to: internal-update-repo-current.vm.buster.mgmt-salt-dom0-update
2019-06-24 15:19:40.818512 +0000 build-debian4: true
2019-06-24 15:19:40.819525 +0000 build-debian4: Makefile:805: target 'internal-update-repo-current.vm.jessie.mgmt-salt-dom0-update' does not exist
2019-06-24 15:19:40.819552 +0000 build-debian4: repo_base_var="LINUX_REPO_jessie_BASEDIR"; \
2019-06-24 15:19:40.819566 +0000 build-debian4: if [ "mgmt-salt-dom0-update" = linux-template-builder ]; then \
2019-06-24 15:19:40.819578 +0000 build-debian4: .# templates belongs to dom0 repository, even though PACKAGE_SET=vm
2019-06-24 15:19:40.819588 +0000 build-debian4: repo_base_var="LINUX_REPO__BASEDIR"; \
2019-06-24 15:19:40.819596 +0000 build-debian4: fi; \
2019-06-24 15:19:40.819605 +0000 build-debian4: if [ -n "${!repo_base_var}" ]; then \
2019-06-24 15:19:40.819613 +0000 build-debian4: .repo_basedir="${!repo_base_var}"; \
2019-06-24 15:19:40.819621 +0000 build-debian4: else \
2019-06-24 15:19:40.819629 +0000 build-debian4: .repo_basedir="qubes-src/linux-deb/r4.0"; \
2019-06-24 15:19:40.819636 +0000 build-debian4: fi; \
2019-06-24 15:19:40.819646 +0000 build-debian4: if [ -r qubes-src/mgmt-salt-dom0-update/Makefile.builder ]; then \
2019-06-24 15:19:40.819655 +0000 build-debian4: .echo -n "Updating qubes-src/mgmt-salt-dom0-update... "; \
2019-06-24 15:19:40.819663 +0000 build-debian4: .if [ "0" -eq 1 ]; then \
2019-06-24 15:19:40.819675 +0000 build-debian4: ..vtag=`git -C qubes-src/mgmt-salt-dom0-update tag --points-at HEAD --list v*`; \
2019-06-24 15:19:40.819683 +0000 build-debian4: ..if [ -z "$vtag" ]; then \
2019-06-24 15:19:40.819691 +0000 build-debian4: ...echo "no version tag"; \
2019-06-24 15:19:40.819698 +0000 build-debian4: ...exit 0; \
2019-06-24 15:19:40.819705 +0000 build-debian4: ..fi; \
2019-06-24 15:19:40.819712 +0000 build-debian4: .fi; \
2019-06-24 15:19:40.819721 +0000 build-debian4: .if [ "mgmt-salt-dom0-update" = linux-template-builder ]; then
2019-06-24 15:19:40.819733 +0000 build-debian4: export TEMPLATE_NAME=$(MAKEFLAGS= make -s -C qubes-src/linux-template-builder DIST=jessie template-name)
2019-06-24 15:19:40.819741 +0000 build-debian4: fi
2019-06-24 15:19:40.819758 +0000 build-debian4: component_packages=$(MAKEFLAGS= make -s -f Makefile.generic DIST=jessie PACKAGE_SET=vm COMPONENT=`basename qubes-src/mgmt-salt-dom0-update` UPDATE_REPO=/home/user/builder-r4.0/$repo_basedir/current/vm/jessie get-var GET_VAR=PACKAGE_LIST); \
2019-06-24 15:19:40.819769 +0000 build-debian4: .if [ -z "$component_packages" ]; then \
2019-06-24 15:19:40.819777 +0000 build-debian4: ..echo "no packages."; \
2019-06-24 15:19:40.819784 +0000 build-debian4: ..exit 0; \
2019-06-24 15:19:40.819790 +0000 build-debian4: .fi; \
2019-06-24 15:19:40.819810 +0000 build-debian4: .make -s -f Makefile.generic DIST=jessie PACKAGE_SET=vm \
2019-06-24 15:19:40.819820 +0000 build-debian4: ..COMPONENT=`basename qubes-src/mgmt-salt-dom0-update` \
2019-06-24 15:19:40.819828 +0000 build-debian4: ..SNAPSHOT_REPO=current-testing \
2019-06-24 15:19:40.819835 +0000 build-debian4: ..TARGET_REPO=current \
2019-06-24 15:19:40.819845 +0000 build-debian4: ..UPDATE_REPO=/home/user/builder-r4.0/$repo_basedir/current/vm/jessie \
2019-06-24 15:19:40.819857 +0000 build-debian4: ..SNAPSHOT_FILE=/home/user/builder-r4.0/repo-latest-snapshot/current-testing-vm-jessie-`basename qubes-src/mgmt-salt-dom0-update` \
2019-06-24 15:19:40.819866 +0000 build-debian4: ..BUILD_LOG_URL= \
2019-06-24 15:19:40.819874 +0000 build-debian4: ..update-repo-from-snapshot || exit 1; \
2019-06-24 15:19:40.819885 +0000 build-debian4: elif make -C qubes-src/mgmt-salt-dom0-update -n update-repo-current >/dev/null 2>/dev/null; then \
2019-06-24 15:19:40.819894 +0000 build-debian4: .echo "Updating qubes-src/mgmt-salt-dom0-update... "; \
2019-06-24 15:19:40.819904 +0000 build-debian4: .DIST=jessie UPDATE_REPO=/home/user/builder-r4.0/$repo_basedir/current/vm/jessie \
2019-06-24 15:19:40.819914 +0000 build-debian4: .make -s -C qubes-src/mgmt-salt-dom0-update update-repo-current || exit 1; \
2019-06-24 15:19:40.819922 +0000 build-debian4: else \
2019-06-24 15:19:40.819931 +0000 build-debian4: .echo -n "Updating qubes-src/mgmt-salt-dom0-update... skipping."; \
2019-06-24 15:19:40.819938 +0000 build-debian4: fi; \
2019-06-24 15:19:40.819944 +0000 build-debian4: echo
2019-06-24 15:19:40.837346 +0000 build-debian4: Updating qubes-src/mgmt-salt-dom0-update... no packages.
2019-06-24 15:19:40.837391 +0000 build-debian4: Makefile:778: update target 'internal-update-repo-current.vm.jessie' due to: internal-update-repo-current.vm.jessie.mgmt-salt-dom0-update
2019-06-24 15:19:40.837404 +0000 build-debian4: true
2019-06-24 15:19:40.838392 +0000 build-debian4: Makefile:805: target 'internal-update-repo-current.vm.stretch.mgmt-salt-dom0-update' does not exist
2019-06-24 15:19:40.838421 +0000 build-debian4: repo_base_var="LINUX_REPO_stretch_BASEDIR"; \
2019-06-24 15:19:40.838433 +0000 build-debian4: if [ "mgmt-salt-dom0-update" = linux-template-builder ]; then \
2019-06-24 15:19:40.838445 +0000 build-debian4: .# templates belongs to dom0 repository, even though PACKAGE_SET=vm
2019-06-24 15:19:40.838454 +0000 build-debian4: repo_base_var="LINUX_REPO__BASEDIR"; \
2019-06-24 15:19:40.838462 +0000 build-debian4: fi; \
2019-06-24 15:19:40.838471 +0000 build-debian4: if [ -n "${!repo_base_var}" ]; then \
2019-06-24 15:19:40.838479 +0000 build-debian4: .repo_basedir="${!repo_base_var}"; \
2019-06-24 15:19:40.838486 +0000 build-debian4: else \
2019-06-24 15:19:40.838495 +0000 build-debian4: .repo_basedir="qubes-src/linux-deb/r4.0"; \
2019-06-24 15:19:40.838502 +0000 build-debian4: fi; \
2019-06-24 15:19:40.838511 +0000 build-debian4: if [ -r qubes-src/mgmt-salt-dom0-update/Makefile.builder ]; then \
2019-06-24 15:19:40.838521 +0000 build-debian4: .echo -n "Updating qubes-src/mgmt-salt-dom0-update... "; \
2019-06-24 15:19:40.838529 +0000 build-debian4: .if [ "0" -eq 1 ]; then \
2019-06-24 15:19:40.838540 +0000 build-debian4: ..vtag=`git -C qubes-src/mgmt-salt-dom0-update tag --points-at HEAD --list v*`; \
2019-06-24 15:19:40.838549 +0000 build-debian4: ..if [ -z "$vtag" ]; then \
2019-06-24 15:19:40.838557 +0000 build-debian4: ...echo "no version tag"; \
2019-06-24 15:19:40.838567 +0000 build-debian4: ...exit 0; \
2019-06-24 15:19:40.838574 +0000 build-debian4: ..fi; \
2019-06-24 15:19:40.838581 +0000 build-debian4: .fi; \
2019-06-24 15:19:40.838590 +0000 build-debian4: .if [ "mgmt-salt-dom0-update" = linux-template-builder ]; then
2019-06-24 15:19:40.838602 +0000 build-debian4: export TEMPLATE_NAME=$(MAKEFLAGS= make -s -C qubes-src/linux-template-builder DIST=stretch template-name)
2019-06-24 15:19:40.838610 +0000 build-debian4: fi
2019-06-24 15:19:40.838627 +0000 build-debian4: component_packages=$(MAKEFLAGS= make -s -f Makefile.generic DIST=stretch PACKAGE_SET=vm COMPONENT=`basename qubes-src/mgmt-salt-dom0-update` UPDATE_REPO=/home/user/builder-r4.0/$repo_basedir/current/vm/stretch get-var GET_VAR=PACKAGE_LIST); \
2019-06-24 15:19:40.838648 +0000 build-debian4: .if [ -z "$component_packages" ]; then \
2019-06-24 15:19:40.838657 +0000 build-debian4: ..echo "no packages."; \
2019-06-24 15:19:40.838664 +0000 build-debian4: ..exit 0; \
2019-06-24 15:19:40.838671 +0000 build-debian4: .fi; \
2019-06-24 15:19:40.838680 +0000 build-debian4: .make -s -f Makefile.generic DIST=stretch PACKAGE_SET=vm \
2019-06-24 15:19:40.838689 +0000 build-debian4: ..COMPONENT=`basename qubes-src/mgmt-salt-dom0-update` \
2019-06-24 15:19:40.838697 +0000 build-debian4: ..SNAPSHOT_REPO=current-testing \
2019-06-24 15:19:40.838705 +0000 build-debian4: ..TARGET_REPO=current \
2019-06-24 15:19:40.838714 +0000 build-debian4: ..UPDATE_REPO=/home/user/builder-r4.0/$repo_basedir/current/vm/stretch \
2019-06-24 15:19:40.838727 +0000 build-debian4: ..SNAPSHOT_FILE=/home/user/builder-r4.0/repo-latest-snapshot/current-testing-vm-stretch-`basename qubes-src/mgmt-salt-dom0-update` \
2019-06-24 15:19:40.838735 +0000 build-debian4: ..BUILD_LOG_URL= \
2019-06-24 15:19:40.838743 +0000 build-debian4: ..update-repo-from-snapshot || exit 1; \
2019-06-24 15:19:40.838754 +0000 build-debian4: elif make -C qubes-src/mgmt-salt-dom0-update -n update-repo-current >/dev/null 2>/dev/null; then \
2019-06-24 15:19:40.838763 +0000 build-debian4: .echo "Updating qubes-src/mgmt-salt-dom0-update... "; \
2019-06-24 15:19:40.838774 +0000 build-debian4: .DIST=stretch UPDATE_REPO=/home/user/builder-r4.0/$repo_basedir/current/vm/stretch \
2019-06-24 15:19:40.838784 +0000 build-debian4: .make -s -C qubes-src/mgmt-salt-dom0-update update-repo-current || exit 1; \
2019-06-24 15:19:40.838791 +0000 build-debian4: else \
2019-06-24 15:19:40.838801 +0000 build-debian4: .echo -n "Updating qubes-src/mgmt-salt-dom0-update... skipping."; \
2019-06-24 15:19:40.838807 +0000 build-debian4: fi; \
2019-06-24 15:19:40.838814 +0000 build-debian4: echo
2019-06-24 15:19:40.856062 +0000 build-debian4: Updating qubes-src/mgmt-salt-dom0-update... no packages.
2019-06-24 15:19:40.856143 +0000 build-debian4: Makefile:778: update target 'internal-update-repo-current.vm.stretch' due to: internal-update-repo-current.vm.stretch.mgmt-salt-dom0-update
2019-06-24 15:19:40.856158 +0000 build-debian4: true
2019-06-24 15:19:40.857022 +0000 build-debian4: Makefile:859: target 'post-update-repo-current' does not exist
2019-06-24 15:19:40.857046 +0000 build-debian4: for dist in  buster jessie stretch; do \
2019-06-24 15:19:40.857058 +0000 build-debian4: .repo_base_var="LINUX_REPO_${dist}_BASEDIR"; \
2019-06-24 15:19:40.857068 +0000 build-debian4: .if [ -n "${!repo_base_var}" ]; then \
2019-06-24 15:19:40.857077 +0000 build-debian4: ..repo_basedir="${!repo_base_var}"; \
2019-06-24 15:19:40.857084 +0000 build-debian4: .else \
2019-06-24 15:19:40.857112 +0000 build-debian4: ..repo_basedir="qubes-src/linux-deb/r4.0"; \
2019-06-24 15:19:40.857121 +0000 build-debian4: .fi; \
2019-06-24 15:19:40.857131 +0000 build-debian4: .repos_to_update="$repos_to_update $repo_basedir"; \
2019-06-24 15:19:40.857138 +0000 build-debian4: done; \
2019-06-24 15:19:40.857145 +0000 build-debian4: pkgset_dist= ; \
2019-06-24 15:19:40.857153 +0000 build-debian4: for dist in ; do \
2019-06-24 15:19:40.857161 +0000 build-debian4: .pkgset_dist="$pkgset_dist dom0/$dist"; \
2019-06-24 15:19:40.857169 +0000 build-debian4: done; \
2019-06-24 15:19:40.857177 +0000 build-debian4: for dist in buster jessie stretch; do \
2019-06-24 15:19:40.857185 +0000 build-debian4: .pkgset_dist="$pkgset_dist vm/$dist"; \
2019-06-24 15:19:40.857192 +0000 build-debian4: done; \
2019-06-24 15:19:40.857201 +0000 build-debian4: for repo in `echo $repos_to_update|tr ' ' '\n'|sort|uniq`; do \
2019-06-24 15:19:40.857209 +0000 build-debian4: .[ -z "$repo" ] && continue; \
2019-06-24 15:19:40.857219 +0000 build-debian4: .[ -x "$repo/../update_repo-current.sh" ] || continue; \
2019-06-24 15:19:40.857239 +0000 build-debian4: .(cd $repo/.. && ./update_repo-current.sh r4.0 $pkgset_dist); \
2019-06-24 15:19:40.857247 +0000 build-debian4: done
2019-06-24 15:19:40.863785 +0000 build-debian4: --> Processing repo: r4.0/vm/dists/buster...
2019-06-24 15:19:41.103340 +0000 build-debian4: --> Processing repo: r4.0/vm/dists/jessie...
2019-06-24 15:19:41.410438 +0000 build-debian4: --> Processing repo: r4.0/vm/dists/stretch...
2019-06-24 15:19:41.860432 +0000 build-debian4: Done.
2019-06-24 15:19:41.893721 +0000 build-debian4: ~/builder-r4.0/qubes-src/linux-deb ~/builder-r4.0/qubes-src/linux-deb
2019-06-24 15:19:42.529714 +0000 build-debian4: sending incremental file list
2019-06-24 15:19:42.653872 +0000 build-debian4: Syncing r4.0/vm/buster...
2019-06-24 15:19:42.797703 +0000 build-debian4: sending incremental file list
2019-06-24 15:19:42.832637 +0000 build-debian4: .d..t...... buster/
2019-06-24 15:19:42.832678 +0000 build-debian4: <f..t...... buster/InRelease
2019-06-24 15:19:42.832695 +0000 build-debian4: .            700  28%    0.00kB/s    0:00:00  .          2,500 100%    1.72MB/s    0:00:00 (xfr#1, to-chk=10/12)
2019-06-24 15:19:42.832706 +0000 build-debian4: <f..t...... buster/Release.gpg
2019-06-24 15:19:42.832718 +0000 build-debian4: .            833 100%  813.48kB/s    0:00:00  .            833 100%  813.48kB/s    0:00:00 (xfr#2, to-chk=8/12)
2019-06-24 15:19:42.929274 +0000 build-debian4: Syncing r4.0/vm/buster-securitytesting...
2019-06-24 15:19:43.018874 +0000 build-debian4: sending incremental file list
2019-06-24 15:19:43.118166 +0000 build-debian4: Syncing r4.0/vm/buster-testing...
2019-06-24 15:19:43.255286 +0000 build-debian4: sending incremental file list
2019-06-24 15:19:43.335952 +0000 build-debian4: Syncing r4.0/vm/jessie...
2019-06-24 15:19:43.505379 +0000 build-debian4: sending incremental file list
2019-06-24 15:19:43.515308 +0000 build-debian4: .d..t...... jessie/
2019-06-24 15:19:43.515349 +0000 build-debian4: <f..t...... jessie/InRelease
2019-06-24 15:19:43.515368 +0000 build-debian4: .            700  28%    0.00kB/s    0:00:00  .          2,500 100%    1.72MB/s    0:00:00 (xfr#1, to-chk=10/12)
2019-06-24 15:19:43.515379 +0000 build-debian4: <f..t...... jessie/Release.gpg
2019-06-24 15:19:43.515392 +0000 build-debian4: .            833 100%  813.48kB/s    0:00:00  .            833 100%  813.48kB/s    0:00:00 (xfr#2, to-chk=8/12)
2019-06-24 15:19:43.610568 +0000 build-debian4: Syncing r4.0/vm/jessie-securitytesting...
2019-06-24 15:19:43.784606 +0000 build-debian4: sending incremental file list
2019-06-24 15:19:43.877391 +0000 build-debian4: Syncing r4.0/vm/jessie-testing...
2019-06-24 15:19:44.020319 +0000 build-debian4: sending incremental file list
2019-06-24 15:19:44.094721 +0000 build-debian4: Syncing r4.0/vm/stretch...
2019-06-24 15:19:44.240249 +0000 build-debian4: sending incremental file list
2019-06-24 15:19:44.270054 +0000 build-debian4: .d..t...... stretch/
2019-06-24 15:19:44.270097 +0000 build-debian4: <f..t...... stretch/InRelease
2019-06-24 15:19:44.270115 +0000 build-debian4: .            700  27%    0.00kB/s    0:00:00  .          2,502 100%    1.72MB/s    0:00:00 (xfr#1, to-chk=10/12)
2019-06-24 15:19:44.270126 +0000 build-debian4: <f..t...... stretch/Release.gpg
2019-06-24 15:19:44.270139 +0000 build-debian4: .            833 100%  813.48kB/s    0:00:00  .            833 100%  813.48kB/s    0:00:00 (xfr#2, to-chk=8/12)
2019-06-24 15:19:44.364274 +0000 build-debian4: Syncing r4.0/vm/stretch-securitytesting...
2019-06-24 15:19:44.519203 +0000 build-debian4: sending incremental file list
2019-06-24 15:19:44.607900 +0000 build-debian4: Syncing r4.0/vm/stretch-testing...
2019-06-24 15:19:44.747949 +0000 build-debian4: sending incremental file list
2019-06-24 15:19:44.826441 +0000 build-debian4: ~/builder-r4.0/qubes-src/linux-deb
2019-06-24 15:19:44.827972 +0000 build-debian4: Makefile:765: update target 'update-repo-current' due to: internal-update-repo-current.vm.buster internal-update-repo-current.vm.jessie internal-update-repo-current.vm.stretch post-update-repo-current
2019-06-24 15:19:44.828043 +0000 build-debian4: true
2019-06-24 15:19:44.832007 +0000 build-debian4: > done
2019-06-24 15:20:44.849669 +0000 > closing log
