2017-10-30 13:36:10.024456 +0000 > starting log
2017-10-30 13:36:10.026589 +0000 build-debian4: > starting build with log
2017-10-30 13:36:10.026630 +0000 build-debian4: >> make args: update-repo-current
2017-10-30 13:36:10.026654 +0000 build-debian4: >> MAKEFLAGS=
2017-10-30 13:36:10.026675 +0000 build-debian4: >> COMPONENTS=mgmt-salt-dom0-qvm
2017-10-30 13:36:10.026693 +0000 build-debian4: >> DISTS_VM=
2017-10-30 13:36:10.026712 +0000 build-debian4: >> DIST_DOM0=
2017-10-30 13:36:10.026735 +0000 build-debian4: >> qubes-builder 0e07ce8e196f5d394e77dddd2e1e28e553ba436c
2017-10-30 13:36:10.026761 +0000 build-debian4: >> qubes-builder/qubes-src/mgmt-salt-dom0-qvm 43db0c33881bacf28438d12dfd6dc5e5da9ecd0e
2017-10-30 13:36:10.026789 +0000 build-debian4: ================================================================================
2017-10-30 13:36:10.026816 +0000 build-debian4:                            B U I L D   I N F O                                  
2017-10-30 13:36:10.026843 +0000 build-debian4: Items in red indicate it was automatically generated by configuration file(s)
2017-10-30 13:36:10.026889 +0000 build-debian4: Items in white indicate it was automatically removed by configuration file(s)
2017-10-30 13:36:10.026916 +0000 build-debian4: ================================================================================
2017-10-30 13:36:10.026936 +0000 build-debian4: DISTS_VM:
2017-10-30 13:36:10.026957 +0000 build-debian4:      jessie, stretch,
2017-10-30 13:36:10.026976 +0000 build-debian4: DISTS_ALL:
2017-10-30 13:36:10.026996 +0000 build-debian4:      jessie, stretch,
2017-10-30 13:36:10.027015 +0000 build-debian4: DIST_DOM0:
2017-10-30 13:36:10.027033 +0000 build-debian4:     
2017-10-30 13:36:10.027051 +0000 build-debian4: BUILDER_PLUGINS:
2017-10-30 13:36:10.027073 +0000 build-debian4:      builder-debian, mgmt-salt, builder-github,
2017-10-30 13:36:10.027092 +0000 build-debian4: COMPONENTS:
2017-10-30 13:36:10.027112 +0000 build-debian4:      mgmt-salt-dom0-qvm,
2017-10-30 13:36:10.027130 +0000 build-debian4: GIT_REPOS:
2017-10-30 13:36:10.027151 +0000 build-debian4:      qubes-src/mgmt-salt-dom0-qvm,
2017-10-30 13:36:10.027168 +0000 build-debian4: TEMPLATE:
2017-10-30 13:36:10.027184 +0000 build-debian4:     
2017-10-30 13:36:10.027201 +0000 build-debian4: TEMPLATE_FLAVOR_DIR:
2017-10-30 13:36:10.027217 +0000 build-debian4:     
2017-10-30 13:36:10.027234 +0000 build-debian4: TEMPLATE_ALIAS:
2017-10-30 13:36:10.027248 +0000 build-debian4:     
2017-10-30 13:36:10.027265 +0000 build-debian4: TEMPLATE_LABEL:
2017-10-30 13:36:10.027287 +0000 build-debian4:      fc20:fedora-20 fc21:fedora-21 fc22:fedora-22 fc23:fedora-23
2017-10-30 13:36:10.049710 +0000 build-debian4: > running make
2017-10-30 13:36:10.075679 +0000 build-debian4: Makefile:720: target 'internal-update-repo-current.vm.jessie.mgmt-salt-dom0-qvm' does not exist
2017-10-30 13:36:10.075736 +0000 build-debian4: repo_base_var="LINUX_REPO_jessie_BASEDIR"; \
2017-10-30 13:36:10.075760 +0000 build-debian4: if [ -n "${!repo_base_var}" ]; then \
2017-10-30 13:36:10.075782 +0000 build-debian4: .repo_basedir="${!repo_base_var}"; \
2017-10-30 13:36:10.075799 +0000 build-debian4: else \
2017-10-30 13:36:10.075821 +0000 build-debian4: .repo_basedir="qubes-src/linux-deb/r4.0"; \
2017-10-30 13:36:10.075837 +0000 build-debian4: fi; \
2017-10-30 13:36:10.075861 +0000 build-debian4: if [ -r qubes-src/mgmt-salt-dom0-qvm/Makefile.builder ]; then \
2017-10-30 13:36:10.075903 +0000 build-debian4: .echo -n "Updating qubes-src/mgmt-salt-dom0-qvm... "; \
2017-10-30 13:36:10.075923 +0000 build-debian4: .if [ "0" -eq 1 ]; then \
2017-10-30 13:36:10.075949 +0000 build-debian4: ..vtag=`git -C qubes-src/mgmt-salt-dom0-qvm tag --points-at HEAD --list v*`; \
2017-10-30 13:36:10.075968 +0000 build-debian4: ..if [ -z "$vtag" ]; then \
2017-10-30 13:36:10.075987 +0000 build-debian4: ...echo "no version tag"; \
2017-10-30 13:36:10.076004 +0000 build-debian4: ...exit 0; \
2017-10-30 13:36:10.076021 +0000 build-debian4: ..fi; \
2017-10-30 13:36:10.076038 +0000 build-debian4: .fi; \
2017-10-30 13:36:10.076082 +0000 build-debian4: .component_packages=$(MAKEFLAGS= make -s -f Makefile.generic DIST=jessie PACKAGE_SET=vm COMPONENT=`basename qubes-src/mgmt-salt-dom0-qvm` UPDATE_REPO=/home/user/builder-r4.0/$repo_basedir/current/vm/jessie get-var GET_VAR=PACKAGE_LIST); \
2017-10-30 13:36:10.076120 +0000 build-debian4: .if [ -z "$component_packages" ]; then \
2017-10-30 13:36:10.076139 +0000 build-debian4: ..echo "no packages."; \
2017-10-30 13:36:10.076156 +0000 build-debian4: ..exit 0; \
2017-10-30 13:36:10.076172 +0000 build-debian4: .fi; \
2017-10-30 13:36:10.076194 +0000 build-debian4: .make -s -f Makefile.generic DIST=jessie PACKAGE_SET=vm \
2017-10-30 13:36:10.076218 +0000 build-debian4: ..COMPONENT=`basename qubes-src/mgmt-salt-dom0-qvm` \
2017-10-30 13:36:10.076240 +0000 build-debian4: ..SNAPSHOT_REPO=current-testing \
2017-10-30 13:36:10.076260 +0000 build-debian4: ..TARGET_REPO=current \
2017-10-30 13:36:10.076278 +0000 build-debian4: ..UPDATE_REPO=/home/user/builder-r4.0/$repo_basedir/current/vm/jessie \
2017-10-30 13:36:10.076298 +0000 build-debian4: ..SNAPSHOT_FILE=/home/user/builder-r4.0/repo-latest-snapshot/current-testing-vm-jessie-`basename qubes-src/mgmt-salt-dom0-qvm` \
2017-10-30 13:36:10.076310 +0000 build-debian4: ..BUILD_LOG_URL= \
2017-10-30 13:36:10.076321 +0000 build-debian4: ..update-repo-from-snapshot || exit 1; \
2017-10-30 13:36:10.076335 +0000 build-debian4: elif make -C qubes-src/mgmt-salt-dom0-qvm -n update-repo-current >/dev/null 2>/dev/null; then \
2017-10-30 13:36:10.076348 +0000 build-debian4: .echo "Updating qubes-src/mgmt-salt-dom0-qvm... "; \
2017-10-30 13:36:10.076361 +0000 build-debian4: .make -s -C qubes-src/mgmt-salt-dom0-qvm update-repo-current || exit 1; \
2017-10-30 13:36:10.076371 +0000 build-debian4: else \
2017-10-30 13:36:10.076384 +0000 build-debian4: .echo -n "Updating qubes-src/mgmt-salt-dom0-qvm... skipping."; \
2017-10-30 13:36:10.076400 +0000 build-debian4: fi; \
2017-10-30 13:36:10.076417 +0000 build-debian4: echo
2017-10-30 13:36:10.156205 +0000 build-debian4: Updating qubes-src/mgmt-salt-dom0-qvm... no packages.
2017-10-30 13:36:10.157133 +0000 build-debian4: Makefile:699: update target 'internal-update-repo-current.vm.jessie' due to: internal-update-repo-current.vm.jessie.mgmt-salt-dom0-qvm
2017-10-30 13:36:10.157183 +0000 build-debian4: true
2017-10-30 13:36:10.159860 +0000 build-debian4: Makefile:720: target 'internal-update-repo-current.vm.stretch.mgmt-salt-dom0-qvm' does not exist
2017-10-30 13:36:10.159931 +0000 build-debian4: repo_base_var="LINUX_REPO_stretch_BASEDIR"; \
2017-10-30 13:36:10.159956 +0000 build-debian4: if [ -n "${!repo_base_var}" ]; then \
2017-10-30 13:36:10.159979 +0000 build-debian4: .repo_basedir="${!repo_base_var}"; \
2017-10-30 13:36:10.159998 +0000 build-debian4: else \
2017-10-30 13:36:10.160020 +0000 build-debian4: .repo_basedir="qubes-src/linux-deb/r4.0"; \
2017-10-30 13:36:10.160037 +0000 build-debian4: fi; \
2017-10-30 13:36:10.160061 +0000 build-debian4: if [ -r qubes-src/mgmt-salt-dom0-qvm/Makefile.builder ]; then \
2017-10-30 13:36:10.160084 +0000 build-debian4: .echo -n "Updating qubes-src/mgmt-salt-dom0-qvm... "; \
2017-10-30 13:36:10.160103 +0000 build-debian4: .if [ "0" -eq 1 ]; then \
2017-10-30 13:36:10.160130 +0000 build-debian4: ..vtag=`git -C qubes-src/mgmt-salt-dom0-qvm tag --points-at HEAD --list v*`; \
2017-10-30 13:36:10.160152 +0000 build-debian4: ..if [ -z "$vtag" ]; then \
2017-10-30 13:36:10.160171 +0000 build-debian4: ...echo "no version tag"; \
2017-10-30 13:36:10.160189 +0000 build-debian4: ...exit 0; \
2017-10-30 13:36:10.160206 +0000 build-debian4: ..fi; \
2017-10-30 13:36:10.160222 +0000 build-debian4: .fi; \
2017-10-30 13:36:10.160266 +0000 build-debian4: .component_packages=$(MAKEFLAGS= make -s -f Makefile.generic DIST=stretch PACKAGE_SET=vm COMPONENT=`basename qubes-src/mgmt-salt-dom0-qvm` UPDATE_REPO=/home/user/builder-r4.0/$repo_basedir/current/vm/stretch get-var GET_VAR=PACKAGE_LIST); \
2017-10-30 13:36:10.160300 +0000 build-debian4: .if [ -z "$component_packages" ]; then \
2017-10-30 13:36:10.160321 +0000 build-debian4: ..echo "no packages."; \
2017-10-30 13:36:10.160352 +0000 build-debian4: ..exit 0; \
2017-10-30 13:36:10.160370 +0000 build-debian4: .fi; \
2017-10-30 13:36:10.160393 +0000 build-debian4: .make -s -f Makefile.generic DIST=stretch PACKAGE_SET=vm \
2017-10-30 13:36:10.160417 +0000 build-debian4: ..COMPONENT=`basename qubes-src/mgmt-salt-dom0-qvm` \
2017-10-30 13:36:10.160437 +0000 build-debian4: ..SNAPSHOT_REPO=current-testing \
2017-10-30 13:36:10.160456 +0000 build-debian4: ..TARGET_REPO=current \
2017-10-30 13:36:10.160480 +0000 build-debian4: ..UPDATE_REPO=/home/user/builder-r4.0/$repo_basedir/current/vm/stretch \
2017-10-30 13:36:10.160513 +0000 build-debian4: ..SNAPSHOT_FILE=/home/user/builder-r4.0/repo-latest-snapshot/current-testing-vm-stretch-`basename qubes-src/mgmt-salt-dom0-qvm` \
2017-10-30 13:36:10.160533 +0000 build-debian4: ..BUILD_LOG_URL= \
2017-10-30 13:36:10.160555 +0000 build-debian4: ..update-repo-from-snapshot || exit 1; \
2017-10-30 13:36:10.160582 +0000 build-debian4: elif make -C qubes-src/mgmt-salt-dom0-qvm -n update-repo-current >/dev/null 2>/dev/null; then \
2017-10-30 13:36:10.160605 +0000 build-debian4: .echo "Updating qubes-src/mgmt-salt-dom0-qvm... "; \
2017-10-30 13:36:10.160635 +0000 build-debian4: .make -s -C qubes-src/mgmt-salt-dom0-qvm update-repo-current || exit 1; \
2017-10-30 13:36:10.160654 +0000 build-debian4: else \
2017-10-30 13:36:10.160677 +0000 build-debian4: .echo -n "Updating qubes-src/mgmt-salt-dom0-qvm... skipping."; \
2017-10-30 13:36:10.160695 +0000 build-debian4: fi; \
2017-10-30 13:36:10.160711 +0000 build-debian4: echo
2017-10-30 13:36:10.237815 +0000 build-debian4: Updating qubes-src/mgmt-salt-dom0-qvm... no packages.
2017-10-30 13:36:10.238933 +0000 build-debian4: Makefile:699: update target 'internal-update-repo-current.vm.stretch' due to: internal-update-repo-current.vm.stretch.mgmt-salt-dom0-qvm
2017-10-30 13:36:10.238999 +0000 build-debian4: true
2017-10-30 13:36:10.241514 +0000 build-debian4: Makefile:763: target 'post-update-repo-current' does not exist
2017-10-30 13:36:10.241565 +0000 build-debian4: for dist in  jessie stretch; do \
2017-10-30 13:36:10.241592 +0000 build-debian4: .repo_base_var="LINUX_REPO_${dist}_BASEDIR"; \
2017-10-30 13:36:10.241613 +0000 build-debian4: .if [ -n "${!repo_base_var}" ]; then \
2017-10-30 13:36:10.241635 +0000 build-debian4: ..repo_basedir="${!repo_base_var}"; \
2017-10-30 13:36:10.241653 +0000 build-debian4: .else \
2017-10-30 13:36:10.241675 +0000 build-debian4: ..repo_basedir="qubes-src/linux-deb/r4.0"; \
2017-10-30 13:36:10.241692 +0000 build-debian4: .fi; \
2017-10-30 13:36:10.241714 +0000 build-debian4: .repos_to_update="$repos_to_update $repo_basedir"; \
2017-10-30 13:36:10.241732 +0000 build-debian4: done; \
2017-10-30 13:36:10.241754 +0000 build-debian4: for repo in `echo $repos_to_update|tr ' ' '\n'|sort|uniq`; do \
2017-10-30 13:36:10.241773 +0000 build-debian4: .[ -z "$repo" ] && continue; \
2017-10-30 13:36:10.241795 +0000 build-debian4: .(cd $repo/.. && ./update_repo-current.sh `basename $repo`); \
2017-10-30 13:36:10.241812 +0000 build-debian4: done
2017-10-30 13:36:10.257067 +0000 build-debian4: --> Processing repo: r4.0/vm/dists/jessie...
2017-10-30 13:36:10.681783 +0000 build-debian4: --> Processing repo: r4.0/vm/dists/stretch...
2017-10-30 13:36:11.108357 +0000 build-debian4: Done.
2017-10-30 13:36:11.114160 +0000 build-debian4: ~/builder-r4.0/qubes-src/linux-deb ~/builder-r4.0/qubes-src/linux-deb
2017-10-30 13:36:12.029726 +0000 build-debian4: sending incremental file list
2017-10-30 13:36:12.193112 +0000 build-debian4: Syncing r4.0/vm/jessie...
2017-10-30 13:36:12.433783 +0000 build-debian4: sending incremental file list
2017-10-30 13:36:12.605984 +0000 build-debian4: .d..t...... jessie/
2017-10-30 13:36:12.606109 +0000 build-debian4: <f..t...... jessie/InRelease
2017-10-30 13:36:12.606696 +0000 build-debian4: .            700  28%    0.00kB/s    0:00:00  .          2,468 100%    1.69MB/s    0:00:00 (xfr#1, to-chk=10/12)
2017-10-30 13:36:12.606831 +0000 build-debian4: <f..t...... jessie/Release.gpg
2017-10-30 13:36:12.607162 +0000 build-debian4: .            819 100%  799.80kB/s    0:00:00  .            819 100%  799.80kB/s    0:00:00 (xfr#2, to-chk=8/12)
2017-10-30 13:36:12.714654 +0000 build-debian4: Syncing r4.0/vm/jessie-securitytesting...
2017-10-30 13:36:12.947720 +0000 build-debian4: sending incremental file list
2017-10-30 13:36:13.194464 +0000 build-debian4: Syncing r4.0/vm/jessie-testing...
2017-10-30 13:36:13.432304 +0000 build-debian4: sending incremental file list
2017-10-30 13:36:13.674451 +0000 build-debian4: Syncing r4.0/vm/stretch...
2017-10-30 13:36:13.916537 +0000 build-debian4: sending incremental file list
2017-10-30 13:36:14.091607 +0000 build-debian4: .d..t...... stretch/
2017-10-30 13:36:14.091779 +0000 build-debian4: <f..t...... stretch/InRelease
2017-10-30 13:36:14.092416 +0000 build-debian4: .            700  28%    0.00kB/s    0:00:00  .          2,470 100%    1.69MB/s    0:00:00 (xfr#1, to-chk=10/12)
2017-10-30 13:36:14.092575 +0000 build-debian4: <f..t...... stretch/Release.gpg
2017-10-30 13:36:14.092747 +0000 build-debian4: .            819 100%  799.80kB/s    0:00:00  .            819 100%  799.80kB/s    0:00:00 (xfr#2, to-chk=8/12)
2017-10-30 13:36:14.201816 +0000 build-debian4: Syncing r4.0/vm/stretch-securitytesting...
2017-10-30 13:36:14.436066 +0000 build-debian4: sending incremental file list
2017-10-30 13:36:14.677364 +0000 build-debian4: Syncing r4.0/vm/stretch-testing...
2017-10-30 13:36:14.916070 +0000 build-debian4: sending incremental file list
2017-10-30 13:36:15.176720 +0000 build-debian4: ~/builder-r4.0/qubes-src/linux-deb
2017-10-30 13:36:15.180830 +0000 build-debian4: Makefile:688: update target 'update-repo-current' due to: internal-update-repo-current.vm.jessie internal-update-repo-current.vm.stretch post-update-repo-current
2017-10-30 13:36:15.180991 +0000 build-debian4: true
2017-10-30 13:36:15.191681 +0000 build-debian4: > done
2017-10-30 13:37:15.236611 +0000 > closing log
