2017-10-17 21:56:06.136590 +0000 > starting log
2017-10-17 21:56:06.139037 +0000 build-debian4: > starting build with log
2017-10-17 21:56:06.139116 +0000 build-debian4: >> make args: DISTS_VM= jessie stretch DIST_DOM0= BUILD_LOGS_URL= linux-utils-vm-jessie=https://github.com/QubesOS/build-logs/tree/master/build-debian4/log_2017-10-17_21-54-51 linux-utils-vm-stretch=https://github.com/QubesOS/build-logs/tree/master/build-debian4/log_2017-10-17_21-55-28 GIT_URL_linux_utils=https://github.com/QubesOS/qubes-linux-utils sign-all update-repo-current-testing
2017-10-17 21:56:06.139142 +0000 build-debian4: >> MAKEFLAGS=
2017-10-17 21:56:06.139161 +0000 build-debian4: >> COMPONENTS=linux-utils
2017-10-17 21:56:06.139178 +0000 build-debian4: >> DISTS_VM=
2017-10-17 21:56:06.139194 +0000 build-debian4: >> DIST_DOM0=
2017-10-17 21:56:06.139214 +0000 build-debian4: >> qubes-builder d8efd5a5733d02acc152a9b5538194a1bfb6798a
2017-10-17 21:56:06.139237 +0000 build-debian4: >> qubes-builder/qubes-src/linux-utils f7cd2b2a7659be089d36786f5f37652321affa6c
2017-10-17 21:56:06.139259 +0000 build-debian4: !! pkgs/jessie/libqrexec-utils-dev_4.0.0+deb8u1_amd64.deb
2017-10-17 21:56:06.139282 +0000 build-debian4: !! pkgs/jessie/libqrexec-utils-dev_4.0.1+deb8u1_amd64.deb
2017-10-17 21:56:06.139305 +0000 build-debian4: !! pkgs/jessie/libqrexec-utils-dev_4.0.2+deb8u1_amd64.deb
2017-10-17 21:56:06.139329 +0000 build-debian4: !! pkgs/jessie/libqrexec-utils-dev_4.0.3+deb8u1_amd64.deb
2017-10-17 21:56:06.139351 +0000 build-debian4: !! pkgs/jessie/libqrexec-utils-dev_4.0.4+deb8u1_amd64.deb
2017-10-17 21:56:06.139372 +0000 build-debian4: !! pkgs/jessie/libqrexec-utils-dev_4.0.5+deb8u1_amd64.deb
2017-10-17 21:56:06.139393 +0000 build-debian4: !! pkgs/jessie/libqrexec-utils-dev_4.0.6+deb8u1_amd64.deb
2017-10-17 21:56:06.139416 +0000 build-debian4: !! pkgs/jessie/libqrexec-utils-dev_4.0.7+deb8u1_amd64.deb
2017-10-17 21:56:06.139439 +0000 build-debian4: !! pkgs/jessie/libqrexec-utils-dev_4.0.8+deb8u1_amd64.deb
2017-10-17 21:56:06.139463 +0000 build-debian4: !! pkgs/jessie/libqrexec-utils-dev_4.0.9+deb8u1_amd64.deb
2017-10-17 21:56:06.139485 +0000 build-debian4: !! pkgs/jessie/libqrexec-utils2_4.0.0+deb8u1_amd64.deb
2017-10-17 21:56:06.139508 +0000 build-debian4: !! pkgs/jessie/libqrexec-utils2_4.0.1+deb8u1_amd64.deb
2017-10-17 21:56:06.139531 +0000 build-debian4: !! pkgs/jessie/libqrexec-utils2_4.0.2+deb8u1_amd64.deb
2017-10-17 21:56:06.139553 +0000 build-debian4: !! pkgs/jessie/libqrexec-utils2_4.0.3+deb8u1_amd64.deb
2017-10-17 21:56:06.139575 +0000 build-debian4: !! pkgs/jessie/libqrexec-utils2_4.0.4+deb8u1_amd64.deb
2017-10-17 21:56:06.139596 +0000 build-debian4: !! pkgs/jessie/libqrexec-utils2_4.0.5+deb8u1_amd64.deb
2017-10-17 21:56:06.139619 +0000 build-debian4: !! pkgs/jessie/libqrexec-utils2_4.0.6+deb8u1_amd64.deb
2017-10-17 21:56:06.139642 +0000 build-debian4: !! pkgs/jessie/libqrexec-utils2_4.0.7+deb8u1_amd64.deb
2017-10-17 21:56:06.139665 +0000 build-debian4: !! pkgs/jessie/libqrexec-utils2_4.0.8+deb8u1_amd64.deb
2017-10-17 21:56:06.139687 +0000 build-debian4: !! pkgs/jessie/libqrexec-utils2_4.0.9+deb8u1_amd64.deb
2017-10-17 21:56:06.139711 +0000 build-debian4: !! pkgs/jessie/libqubes-rpc-filecopy-dev_4.0.0+deb8u1_amd64.deb
2017-10-17 21:56:06.139735 +0000 build-debian4: !! pkgs/jessie/libqubes-rpc-filecopy-dev_4.0.1+deb8u1_amd64.deb
2017-10-17 21:56:06.139778 +0000 build-debian4: !! pkgs/jessie/libqubes-rpc-filecopy-dev_4.0.2+deb8u1_amd64.deb
2017-10-17 21:56:06.139805 +0000 build-debian4: !! pkgs/jessie/libqubes-rpc-filecopy-dev_4.0.3+deb8u1_amd64.deb
2017-10-17 21:56:06.139830 +0000 build-debian4: !! pkgs/jessie/libqubes-rpc-filecopy-dev_4.0.4+deb8u1_amd64.deb
2017-10-17 21:56:06.139855 +0000 build-debian4: !! pkgs/jessie/libqubes-rpc-filecopy-dev_4.0.5+deb8u1_amd64.deb
2017-10-17 21:56:06.139880 +0000 build-debian4: !! pkgs/jessie/libqubes-rpc-filecopy-dev_4.0.6+deb8u1_amd64.deb
2017-10-17 21:56:06.139903 +0000 build-debian4: !! pkgs/jessie/libqubes-rpc-filecopy-dev_4.0.7+deb8u1_amd64.deb
2017-10-17 21:56:06.139982 +0000 build-debian4: !! pkgs/jessie/libqubes-rpc-filecopy-dev_4.0.8+deb8u1_amd64.deb
2017-10-17 21:56:06.140031 +0000 build-debian4: !! pkgs/jessie/libqubes-rpc-filecopy-dev_4.0.9+deb8u1_amd64.deb
2017-10-17 21:56:06.140056 +0000 build-debian4: !! pkgs/jessie/libqubes-rpc-filecopy2_4.0.0+deb8u1_amd64.deb
2017-10-17 21:56:06.140081 +0000 build-debian4: !! pkgs/jessie/libqubes-rpc-filecopy2_4.0.1+deb8u1_amd64.deb
2017-10-17 21:56:06.140104 +0000 build-debian4: !! pkgs/jessie/libqubes-rpc-filecopy2_4.0.2+deb8u1_amd64.deb
2017-10-17 21:56:06.140127 +0000 build-debian4: !! pkgs/jessie/libqubes-rpc-filecopy2_4.0.3+deb8u1_amd64.deb
2017-10-17 21:56:06.140150 +0000 build-debian4: !! pkgs/jessie/libqubes-rpc-filecopy2_4.0.4+deb8u1_amd64.deb
2017-10-17 21:56:06.140175 +0000 build-debian4: !! pkgs/jessie/libqubes-rpc-filecopy2_4.0.5+deb8u1_amd64.deb
2017-10-17 21:56:06.140197 +0000 build-debian4: !! pkgs/jessie/libqubes-rpc-filecopy2_4.0.6+deb8u1_amd64.deb
2017-10-17 21:56:06.140220 +0000 build-debian4: !! pkgs/jessie/libqubes-rpc-filecopy2_4.0.7+deb8u1_amd64.deb
2017-10-17 21:56:06.140243 +0000 build-debian4: !! pkgs/jessie/libqubes-rpc-filecopy2_4.0.8+deb8u1_amd64.deb
2017-10-17 21:56:06.140266 +0000 build-debian4: !! pkgs/jessie/libqubes-rpc-filecopy2_4.0.9+deb8u1_amd64.deb
2017-10-17 21:56:06.140288 +0000 build-debian4: !! pkgs/jessie/qubes-kernel-vm-support_4.0.0+deb8u1_amd64.deb
2017-10-17 21:56:06.140311 +0000 build-debian4: !! pkgs/jessie/qubes-kernel-vm-support_4.0.1+deb8u1_amd64.deb
2017-10-17 21:56:06.140334 +0000 build-debian4: !! pkgs/jessie/qubes-kernel-vm-support_4.0.2+deb8u1_amd64.deb
2017-10-17 21:56:06.140357 +0000 build-debian4: !! pkgs/jessie/qubes-kernel-vm-support_4.0.3+deb8u1_amd64.deb
2017-10-17 21:56:06.140380 +0000 build-debian4: !! pkgs/jessie/qubes-kernel-vm-support_4.0.4+deb8u1_amd64.deb
2017-10-17 21:56:06.140403 +0000 build-debian4: !! pkgs/jessie/qubes-kernel-vm-support_4.0.5+deb8u1_amd64.deb
2017-10-17 21:56:06.140426 +0000 build-debian4: !! pkgs/jessie/qubes-kernel-vm-support_4.0.6+deb8u1_amd64.deb
2017-10-17 21:56:06.140448 +0000 build-debian4: !! pkgs/jessie/qubes-kernel-vm-support_4.0.7+deb8u1_amd64.deb
2017-10-17 21:56:06.140471 +0000 build-debian4: !! pkgs/jessie/qubes-kernel-vm-support_4.0.8+deb8u1_amd64.deb
2017-10-17 21:56:06.140494 +0000 build-debian4: !! pkgs/jessie/qubes-kernel-vm-support_4.0.9+deb8u1_amd64.deb
2017-10-17 21:56:06.140515 +0000 build-debian4: !! pkgs/jessie/qubes-utils_4.0.0+deb8u1.dsc
2017-10-17 21:56:06.140535 +0000 build-debian4: !! pkgs/jessie/qubes-utils_4.0.0+deb8u1.tar.xz
2017-10-17 21:56:06.140558 +0000 build-debian4: !! pkgs/jessie/qubes-utils_4.0.0+deb8u1_amd64.changes
2017-10-17 21:56:06.140580 +0000 build-debian4: !! pkgs/jessie/qubes-utils_4.0.0+deb8u1_amd64.deb
2017-10-17 21:56:06.140602 +0000 build-debian4: !! pkgs/jessie/qubes-utils_4.0.1+deb8u1.dsc
2017-10-17 21:56:06.140624 +0000 build-debian4: !! pkgs/jessie/qubes-utils_4.0.1+deb8u1.tar.xz
2017-10-17 21:56:06.140650 +0000 build-debian4: !! pkgs/jessie/qubes-utils_4.0.1+deb8u1_amd64.changes
2017-10-17 21:56:06.140671 +0000 build-debian4: !! pkgs/jessie/qubes-utils_4.0.1+deb8u1_amd64.deb
2017-10-17 21:56:06.140691 +0000 build-debian4: !! pkgs/jessie/qubes-utils_4.0.2+deb8u1.dsc
2017-10-17 21:56:06.140728 +0000 build-debian4: !! pkgs/jessie/qubes-utils_4.0.2+deb8u1.tar.xz
2017-10-17 21:56:06.140768 +0000 build-debian4: !! pkgs/jessie/qubes-utils_4.0.2+deb8u1_amd64.changes
2017-10-17 21:56:06.140790 +0000 build-debian4: !! pkgs/jessie/qubes-utils_4.0.2+deb8u1_amd64.deb
2017-10-17 21:56:06.140812 +0000 build-debian4: !! pkgs/jessie/qubes-utils_4.0.3+deb8u1.dsc
2017-10-17 21:56:06.140833 +0000 build-debian4: !! pkgs/jessie/qubes-utils_4.0.3+deb8u1.tar.xz
2017-10-17 21:56:06.140856 +0000 build-debian4: !! pkgs/jessie/qubes-utils_4.0.3+deb8u1_amd64.changes
2017-10-17 21:56:06.140878 +0000 build-debian4: !! pkgs/jessie/qubes-utils_4.0.3+deb8u1_amd64.deb
2017-10-17 21:56:06.140900 +0000 build-debian4: !! pkgs/jessie/qubes-utils_4.0.4+deb8u1.dsc
2017-10-17 21:56:06.140922 +0000 build-debian4: !! pkgs/jessie/qubes-utils_4.0.4+deb8u1.tar.xz
2017-10-17 21:56:06.140947 +0000 build-debian4: !! pkgs/jessie/qubes-utils_4.0.4+deb8u1_amd64.changes
2017-10-17 21:56:06.140981 +0000 build-debian4: !! pkgs/jessie/qubes-utils_4.0.4+deb8u1_amd64.deb
2017-10-17 21:56:06.141105 +0000 build-debian4: !! pkgs/jessie/qubes-utils_4.0.5+deb8u1.dsc
2017-10-17 21:56:06.141133 +0000 build-debian4: !! pkgs/jessie/qubes-utils_4.0.5+deb8u1.tar.xz
2017-10-17 21:56:06.141158 +0000 build-debian4: !! pkgs/jessie/qubes-utils_4.0.5+deb8u1_amd64.changes
2017-10-17 21:56:06.141181 +0000 build-debian4: !! pkgs/jessie/qubes-utils_4.0.5+deb8u1_amd64.deb
2017-10-17 21:56:06.141202 +0000 build-debian4: !! pkgs/jessie/qubes-utils_4.0.6+deb8u1.dsc
2017-10-17 21:56:06.141225 +0000 build-debian4: !! pkgs/jessie/qubes-utils_4.0.6+deb8u1.tar.xz
2017-10-17 21:56:06.141250 +0000 build-debian4: !! pkgs/jessie/qubes-utils_4.0.6+deb8u1_amd64.changes
2017-10-17 21:56:06.141273 +0000 build-debian4: !! pkgs/jessie/qubes-utils_4.0.6+deb8u1_amd64.deb
2017-10-17 21:56:06.141294 +0000 build-debian4: !! pkgs/jessie/qubes-utils_4.0.7+deb8u1.dsc
2017-10-17 21:56:06.141316 +0000 build-debian4: !! pkgs/jessie/qubes-utils_4.0.7+deb8u1.tar.xz
2017-10-17 21:56:06.141338 +0000 build-debian4: !! pkgs/jessie/qubes-utils_4.0.7+deb8u1_amd64.changes
2017-10-17 21:56:06.141358 +0000 build-debian4: !! pkgs/jessie/qubes-utils_4.0.7+deb8u1_amd64.deb
2017-10-17 21:56:06.141379 +0000 build-debian4: !! pkgs/jessie/qubes-utils_4.0.8+deb8u1.dsc
2017-10-17 21:56:06.141401 +0000 build-debian4: !! pkgs/jessie/qubes-utils_4.0.8+deb8u1.tar.xz
2017-10-17 21:56:06.141423 +0000 build-debian4: !! pkgs/jessie/qubes-utils_4.0.8+deb8u1_amd64.changes
2017-10-17 21:56:06.141445 +0000 build-debian4: !! pkgs/jessie/qubes-utils_4.0.8+deb8u1_amd64.deb
2017-10-17 21:56:06.141465 +0000 build-debian4: !! pkgs/jessie/qubes-utils_4.0.9+deb8u1.dsc
2017-10-17 21:56:06.141486 +0000 build-debian4: !! pkgs/jessie/qubes-utils_4.0.9+deb8u1.tar.xz
2017-10-17 21:56:06.141508 +0000 build-debian4: !! pkgs/jessie/qubes-utils_4.0.9+deb8u1_amd64.changes
2017-10-17 21:56:06.141529 +0000 build-debian4: !! pkgs/jessie/qubes-utils_4.0.9+deb8u1_amd64.deb
2017-10-17 21:56:06.141552 +0000 build-debian4: !! pkgs/stretch/libqrexec-utils-dev_4.0.0+deb9u1_amd64.deb
2017-10-17 21:56:06.141575 +0000 build-debian4: !! pkgs/stretch/libqrexec-utils-dev_4.0.1+deb9u1_amd64.deb
2017-10-17 21:56:06.141597 +0000 build-debian4: !! pkgs/stretch/libqrexec-utils-dev_4.0.2+deb9u1_amd64.deb
2017-10-17 21:56:06.141622 +0000 build-debian4: !! pkgs/stretch/libqrexec-utils-dev_4.0.3+deb9u1_amd64.deb
2017-10-17 21:56:06.141645 +0000 build-debian4: !! pkgs/stretch/libqrexec-utils-dev_4.0.4+deb9u1_amd64.deb
2017-10-17 21:56:06.141670 +0000 build-debian4: !! pkgs/stretch/libqrexec-utils-dev_4.0.5+deb9u1_amd64.deb
2017-10-17 21:56:06.141694 +0000 build-debian4: !! pkgs/stretch/libqrexec-utils-dev_4.0.6+deb9u1_amd64.deb
2017-10-17 21:56:06.141717 +0000 build-debian4: !! pkgs/stretch/libqrexec-utils-dev_4.0.7+deb9u1_amd64.deb
2017-10-17 21:56:06.141743 +0000 build-debian4: !! pkgs/stretch/libqrexec-utils-dev_4.0.8+deb9u1_amd64.deb
2017-10-17 21:56:06.141765 +0000 build-debian4: !! pkgs/stretch/libqrexec-utils-dev_4.0.9+deb9u1_amd64.deb
2017-10-17 21:56:06.141787 +0000 build-debian4: !! pkgs/stretch/libqrexec-utils2-dbgsym_4.0.0+deb9u1_amd64.deb
2017-10-17 21:56:06.141831 +0000 build-debian4: !! pkgs/stretch/libqrexec-utils2-dbgsym_4.0.1+deb9u1_amd64.deb
2017-10-17 21:56:06.141856 +0000 build-debian4: !! pkgs/stretch/libqrexec-utils2-dbgsym_4.0.2+deb9u1_amd64.deb
2017-10-17 21:56:06.141879 +0000 build-debian4: !! pkgs/stretch/libqrexec-utils2-dbgsym_4.0.3+deb9u1_amd64.deb
2017-10-17 21:56:06.141904 +0000 build-debian4: !! pkgs/stretch/libqrexec-utils2-dbgsym_4.0.4+deb9u1_amd64.deb
2017-10-17 21:56:06.141927 +0000 build-debian4: !! pkgs/stretch/libqrexec-utils2-dbgsym_4.0.5+deb9u1_amd64.deb
2017-10-17 21:56:06.141950 +0000 build-debian4: !! pkgs/stretch/libqrexec-utils2-dbgsym_4.0.6+deb9u1_amd64.deb
2017-10-17 21:56:06.141973 +0000 build-debian4: !! pkgs/stretch/libqrexec-utils2-dbgsym_4.0.7+deb9u1_amd64.deb
2017-10-17 21:56:06.141996 +0000 build-debian4: !! pkgs/stretch/libqrexec-utils2-dbgsym_4.0.8+deb9u1_amd64.deb
2017-10-17 21:56:06.142033 +0000 build-debian4: !! pkgs/stretch/libqrexec-utils2-dbgsym_4.0.9+deb9u1_amd64.deb
2017-10-17 21:56:06.142055 +0000 build-debian4: !! pkgs/stretch/libqrexec-utils2_4.0.0+deb9u1_amd64.deb
2017-10-17 21:56:06.142077 +0000 build-debian4: !! pkgs/stretch/libqrexec-utils2_4.0.1+deb9u1_amd64.deb
2017-10-17 21:56:06.142103 +0000 build-debian4: !! pkgs/stretch/libqrexec-utils2_4.0.2+deb9u1_amd64.deb
2017-10-17 21:56:06.142125 +0000 build-debian4: !! pkgs/stretch/libqrexec-utils2_4.0.3+deb9u1_amd64.deb
2017-10-17 21:56:06.142147 +0000 build-debian4: !! pkgs/stretch/libqrexec-utils2_4.0.4+deb9u1_amd64.deb
2017-10-17 21:56:06.142170 +0000 build-debian4: !! pkgs/stretch/libqrexec-utils2_4.0.5+deb9u1_amd64.deb
2017-10-17 21:56:06.142193 +0000 build-debian4: !! pkgs/stretch/libqrexec-utils2_4.0.6+deb9u1_amd64.deb
2017-10-17 21:56:06.142217 +0000 build-debian4: !! pkgs/stretch/libqrexec-utils2_4.0.7+deb9u1_amd64.deb
2017-10-17 21:56:06.142239 +0000 build-debian4: !! pkgs/stretch/libqrexec-utils2_4.0.8+deb9u1_amd64.deb
2017-10-17 21:56:06.142261 +0000 build-debian4: !! pkgs/stretch/libqrexec-utils2_4.0.9+deb9u1_amd64.deb
2017-10-17 21:56:06.142282 +0000 build-debian4: !! pkgs/stretch/libqubes-rpc-filecopy-dev_4.0.0+deb9u1_amd64.deb
2017-10-17 21:56:06.142303 +0000 build-debian4: !! pkgs/stretch/libqubes-rpc-filecopy-dev_4.0.1+deb9u1_amd64.deb
2017-10-17 21:56:06.142323 +0000 build-debian4: !! pkgs/stretch/libqubes-rpc-filecopy-dev_4.0.2+deb9u1_amd64.deb
2017-10-17 21:56:06.142344 +0000 build-debian4: !! pkgs/stretch/libqubes-rpc-filecopy-dev_4.0.3+deb9u1_amd64.deb
2017-10-17 21:56:06.142364 +0000 build-debian4: !! pkgs/stretch/libqubes-rpc-filecopy-dev_4.0.4+deb9u1_amd64.deb
2017-10-17 21:56:06.142384 +0000 build-debian4: !! pkgs/stretch/libqubes-rpc-filecopy-dev_4.0.5+deb9u1_amd64.deb
2017-10-17 21:56:06.142405 +0000 build-debian4: !! pkgs/stretch/libqubes-rpc-filecopy-dev_4.0.6+deb9u1_amd64.deb
2017-10-17 21:56:06.142425 +0000 build-debian4: !! pkgs/stretch/libqubes-rpc-filecopy-dev_4.0.7+deb9u1_amd64.deb
2017-10-17 21:56:06.142445 +0000 build-debian4: !! pkgs/stretch/libqubes-rpc-filecopy-dev_4.0.8+deb9u1_amd64.deb
2017-10-17 21:56:06.142465 +0000 build-debian4: !! pkgs/stretch/libqubes-rpc-filecopy-dev_4.0.9+deb9u1_amd64.deb
2017-10-17 21:56:06.142487 +0000 build-debian4: !! pkgs/stretch/libqubes-rpc-filecopy2-dbgsym_4.0.0+deb9u1_amd64.deb
2017-10-17 21:56:06.142508 +0000 build-debian4: !! pkgs/stretch/libqubes-rpc-filecopy2-dbgsym_4.0.1+deb9u1_amd64.deb
2017-10-17 21:56:06.142543 +0000 build-debian4: !! pkgs/stretch/libqubes-rpc-filecopy2-dbgsym_4.0.2+deb9u1_amd64.deb
2017-10-17 21:56:06.142566 +0000 build-debian4: !! pkgs/stretch/libqubes-rpc-filecopy2-dbgsym_4.0.3+deb9u1_amd64.deb
2017-10-17 21:56:06.142587 +0000 build-debian4: !! pkgs/stretch/libqubes-rpc-filecopy2-dbgsym_4.0.4+deb9u1_amd64.deb
2017-10-17 21:56:06.142608 +0000 build-debian4: !! pkgs/stretch/libqubes-rpc-filecopy2-dbgsym_4.0.5+deb9u1_amd64.deb
2017-10-17 21:56:06.142629 +0000 build-debian4: !! pkgs/stretch/libqubes-rpc-filecopy2-dbgsym_4.0.6+deb9u1_amd64.deb
2017-10-17 21:56:06.142650 +0000 build-debian4: !! pkgs/stretch/libqubes-rpc-filecopy2-dbgsym_4.0.7+deb9u1_amd64.deb
2017-10-17 21:56:06.142671 +0000 build-debian4: !! pkgs/stretch/libqubes-rpc-filecopy2-dbgsym_4.0.8+deb9u1_amd64.deb
2017-10-17 21:56:06.142692 +0000 build-debian4: !! pkgs/stretch/libqubes-rpc-filecopy2-dbgsym_4.0.9+deb9u1_amd64.deb
2017-10-17 21:56:06.142712 +0000 build-debian4: !! pkgs/stretch/libqubes-rpc-filecopy2_4.0.0+deb9u1_amd64.deb
2017-10-17 21:56:06.142733 +0000 build-debian4: !! pkgs/stretch/libqubes-rpc-filecopy2_4.0.1+deb9u1_amd64.deb
2017-10-17 21:56:06.142887 +0000 build-debian4: !! pkgs/stretch/libqubes-rpc-filecopy2_4.0.2+deb9u1_amd64.deb
2017-10-17 21:56:06.142915 +0000 build-debian4: !! pkgs/stretch/libqubes-rpc-filecopy2_4.0.3+deb9u1_amd64.deb
2017-10-17 21:56:06.142937 +0000 build-debian4: !! pkgs/stretch/libqubes-rpc-filecopy2_4.0.4+deb9u1_amd64.deb
2017-10-17 21:56:06.142969 +0000 build-debian4: !! pkgs/stretch/libqubes-rpc-filecopy2_4.0.5+deb9u1_amd64.deb
2017-10-17 21:56:06.142994 +0000 build-debian4: !! pkgs/stretch/libqubes-rpc-filecopy2_4.0.6+deb9u1_amd64.deb
2017-10-17 21:56:06.143018 +0000 build-debian4: !! pkgs/stretch/libqubes-rpc-filecopy2_4.0.7+deb9u1_amd64.deb
2017-10-17 21:56:06.143042 +0000 build-debian4: !! pkgs/stretch/libqubes-rpc-filecopy2_4.0.8+deb9u1_amd64.deb
2017-10-17 21:56:06.143067 +0000 build-debian4: !! pkgs/stretch/libqubes-rpc-filecopy2_4.0.9+deb9u1_amd64.deb
2017-10-17 21:56:06.143091 +0000 build-debian4: !! pkgs/stretch/qubes-kernel-vm-support_4.0.0+deb9u1_amd64.deb
2017-10-17 21:56:06.143113 +0000 build-debian4: !! pkgs/stretch/qubes-kernel-vm-support_4.0.1+deb9u1_amd64.deb
2017-10-17 21:56:06.143135 +0000 build-debian4: !! pkgs/stretch/qubes-kernel-vm-support_4.0.2+deb9u1_amd64.deb
2017-10-17 21:56:06.143158 +0000 build-debian4: !! pkgs/stretch/qubes-kernel-vm-support_4.0.3+deb9u1_amd64.deb
2017-10-17 21:56:06.143181 +0000 build-debian4: !! pkgs/stretch/qubes-kernel-vm-support_4.0.4+deb9u1_amd64.deb
2017-10-17 21:56:06.143205 +0000 build-debian4: !! pkgs/stretch/qubes-kernel-vm-support_4.0.5+deb9u1_amd64.deb
2017-10-17 21:56:06.143229 +0000 build-debian4: !! pkgs/stretch/qubes-kernel-vm-support_4.0.6+deb9u1_amd64.deb
2017-10-17 21:56:06.143252 +0000 build-debian4: !! pkgs/stretch/qubes-kernel-vm-support_4.0.7+deb9u1_amd64.deb
2017-10-17 21:56:06.143275 +0000 build-debian4: !! pkgs/stretch/qubes-kernel-vm-support_4.0.8+deb9u1_amd64.deb
2017-10-17 21:56:06.143300 +0000 build-debian4: !! pkgs/stretch/qubes-kernel-vm-support_4.0.9+deb9u1_amd64.deb
2017-10-17 21:56:06.143322 +0000 build-debian4: !! pkgs/stretch/qubes-utils-dbgsym_4.0.0+deb9u1_amd64.deb
2017-10-17 21:56:06.143346 +0000 build-debian4: !! pkgs/stretch/qubes-utils-dbgsym_4.0.1+deb9u1_amd64.deb
2017-10-17 21:56:06.143368 +0000 build-debian4: !! pkgs/stretch/qubes-utils-dbgsym_4.0.2+deb9u1_amd64.deb
2017-10-17 21:56:06.143390 +0000 build-debian4: !! pkgs/stretch/qubes-utils-dbgsym_4.0.3+deb9u1_amd64.deb
2017-10-17 21:56:06.143413 +0000 build-debian4: !! pkgs/stretch/qubes-utils-dbgsym_4.0.4+deb9u1_amd64.deb
2017-10-17 21:56:06.143436 +0000 build-debian4: !! pkgs/stretch/qubes-utils-dbgsym_4.0.5+deb9u1_amd64.deb
2017-10-17 21:56:06.143460 +0000 build-debian4: !! pkgs/stretch/qubes-utils-dbgsym_4.0.6+deb9u1_amd64.deb
2017-10-17 21:56:06.143484 +0000 build-debian4: !! pkgs/stretch/qubes-utils-dbgsym_4.0.7+deb9u1_amd64.deb
2017-10-17 21:56:06.143506 +0000 build-debian4: !! pkgs/stretch/qubes-utils-dbgsym_4.0.8+deb9u1_amd64.deb
2017-10-17 21:56:06.143529 +0000 build-debian4: !! pkgs/stretch/qubes-utils-dbgsym_4.0.9+deb9u1_amd64.deb
2017-10-17 21:56:06.143552 +0000 build-debian4: !! pkgs/stretch/qubes-utils_4.0.0+deb9u1.dsc
2017-10-17 21:56:06.143574 +0000 build-debian4: !! pkgs/stretch/qubes-utils_4.0.0+deb9u1.tar.xz
2017-10-17 21:56:06.143596 +0000 build-debian4: !! pkgs/stretch/qubes-utils_4.0.0+deb9u1_amd64.buildinfo
2017-10-17 21:56:06.143619 +0000 build-debian4: !! pkgs/stretch/qubes-utils_4.0.0+deb9u1_amd64.changes
2017-10-17 21:56:06.143640 +0000 build-debian4: !! pkgs/stretch/qubes-utils_4.0.0+deb9u1_amd64.deb
2017-10-17 21:56:06.143661 +0000 build-debian4: !! pkgs/stretch/qubes-utils_4.0.1+deb9u1.dsc
2017-10-17 21:56:06.143682 +0000 build-debian4: !! pkgs/stretch/qubes-utils_4.0.1+deb9u1.tar.xz
2017-10-17 21:56:06.143704 +0000 build-debian4: !! pkgs/stretch/qubes-utils_4.0.1+deb9u1_amd64.buildinfo
2017-10-17 21:56:06.143725 +0000 build-debian4: !! pkgs/stretch/qubes-utils_4.0.1+deb9u1_amd64.changes
2017-10-17 21:56:06.143763 +0000 build-debian4: !! pkgs/stretch/qubes-utils_4.0.1+deb9u1_amd64.deb
2017-10-17 21:56:06.143787 +0000 build-debian4: !! pkgs/stretch/qubes-utils_4.0.2+deb9u1.dsc
2017-10-17 21:56:06.143809 +0000 build-debian4: !! pkgs/stretch/qubes-utils_4.0.2+deb9u1.tar.xz
2017-10-17 21:56:06.143832 +0000 build-debian4: !! pkgs/stretch/qubes-utils_4.0.2+deb9u1_amd64.buildinfo
2017-10-17 21:56:06.143854 +0000 build-debian4: !! pkgs/stretch/qubes-utils_4.0.2+deb9u1_amd64.changes
2017-10-17 21:56:06.144275 +0000 build-debian4: !! pkgs/stretch/qubes-utils_4.0.2+deb9u1_amd64.deb
2017-10-17 21:56:06.144304 +0000 build-debian4: !! pkgs/stretch/qubes-utils_4.0.3+deb9u1.dsc
2017-10-17 21:56:06.144326 +0000 build-debian4: !! pkgs/stretch/qubes-utils_4.0.3+deb9u1.tar.xz
2017-10-17 21:56:06.144348 +0000 build-debian4: !! pkgs/stretch/qubes-utils_4.0.3+deb9u1_amd64.buildinfo
2017-10-17 21:56:06.144373 +0000 build-debian4: !! pkgs/stretch/qubes-utils_4.0.3+deb9u1_amd64.changes
2017-10-17 21:56:06.144396 +0000 build-debian4: !! pkgs/stretch/qubes-utils_4.0.3+deb9u1_amd64.deb
2017-10-17 21:56:06.144421 +0000 build-debian4: !! pkgs/stretch/qubes-utils_4.0.4+deb9u1.dsc
2017-10-17 21:56:06.144443 +0000 build-debian4: !! pkgs/stretch/qubes-utils_4.0.4+deb9u1.tar.xz
2017-10-17 21:56:06.144466 +0000 build-debian4: !! pkgs/stretch/qubes-utils_4.0.4+deb9u1_amd64.buildinfo
2017-10-17 21:56:06.144487 +0000 build-debian4: !! pkgs/stretch/qubes-utils_4.0.4+deb9u1_amd64.changes
2017-10-17 21:56:06.144509 +0000 build-debian4: !! pkgs/stretch/qubes-utils_4.0.4+deb9u1_amd64.deb
2017-10-17 21:56:06.144530 +0000 build-debian4: !! pkgs/stretch/qubes-utils_4.0.5+deb9u1.dsc
2017-10-17 21:56:06.144551 +0000 build-debian4: !! pkgs/stretch/qubes-utils_4.0.5+deb9u1.tar.xz
2017-10-17 21:56:06.144575 +0000 build-debian4: !! pkgs/stretch/qubes-utils_4.0.5+deb9u1_amd64.buildinfo
2017-10-17 21:56:06.144597 +0000 build-debian4: !! pkgs/stretch/qubes-utils_4.0.5+deb9u1_amd64.changes
2017-10-17 21:56:06.144619 +0000 build-debian4: !! pkgs/stretch/qubes-utils_4.0.5+deb9u1_amd64.deb
2017-10-17 21:56:06.144641 +0000 build-debian4: !! pkgs/stretch/qubes-utils_4.0.6+deb9u1.dsc
2017-10-17 21:56:06.144663 +0000 build-debian4: !! pkgs/stretch/qubes-utils_4.0.6+deb9u1.tar.xz
2017-10-17 21:56:06.144687 +0000 build-debian4: !! pkgs/stretch/qubes-utils_4.0.6+deb9u1_amd64.buildinfo
2017-10-17 21:56:06.144711 +0000 build-debian4: !! pkgs/stretch/qubes-utils_4.0.6+deb9u1_amd64.changes
2017-10-17 21:56:06.144770 +0000 build-debian4: !! pkgs/stretch/qubes-utils_4.0.6+deb9u1_amd64.deb
2017-10-17 21:56:06.144795 +0000 build-debian4: !! pkgs/stretch/qubes-utils_4.0.7+deb9u1.dsc
2017-10-17 21:56:06.144819 +0000 build-debian4: !! pkgs/stretch/qubes-utils_4.0.7+deb9u1.tar.xz
2017-10-17 21:56:06.144844 +0000 build-debian4: !! pkgs/stretch/qubes-utils_4.0.7+deb9u1_amd64.buildinfo
2017-10-17 21:56:06.144869 +0000 build-debian4: !! pkgs/stretch/qubes-utils_4.0.7+deb9u1_amd64.changes
2017-10-17 21:56:06.144895 +0000 build-debian4: !! pkgs/stretch/qubes-utils_4.0.7+deb9u1_amd64.deb
2017-10-17 21:56:06.144920 +0000 build-debian4: !! pkgs/stretch/qubes-utils_4.0.8+deb9u1.dsc
2017-10-17 21:56:06.144944 +0000 build-debian4: !! pkgs/stretch/qubes-utils_4.0.8+deb9u1.tar.xz
2017-10-17 21:56:06.144967 +0000 build-debian4: !! pkgs/stretch/qubes-utils_4.0.8+deb9u1_amd64.buildinfo
2017-10-17 21:56:06.144991 +0000 build-debian4: !! pkgs/stretch/qubes-utils_4.0.8+deb9u1_amd64.changes
2017-10-17 21:56:06.145015 +0000 build-debian4: !! pkgs/stretch/qubes-utils_4.0.8+deb9u1_amd64.deb
2017-10-17 21:56:06.145039 +0000 build-debian4: !! pkgs/stretch/qubes-utils_4.0.9+deb9u1.dsc
2017-10-17 21:56:06.145062 +0000 build-debian4: !! pkgs/stretch/qubes-utils_4.0.9+deb9u1.tar.xz
2017-10-17 21:56:06.145087 +0000 build-debian4: !! pkgs/stretch/qubes-utils_4.0.9+deb9u1_amd64.buildinfo
2017-10-17 21:56:06.145111 +0000 build-debian4: !! pkgs/stretch/qubes-utils_4.0.9+deb9u1_amd64.changes
2017-10-17 21:56:06.145137 +0000 build-debian4: !! pkgs/stretch/qubes-utils_4.0.9+deb9u1_amd64.deb
2017-10-17 21:56:06.145179 +0000 build-debian4: 57f497a3490a159bea2b5d0ef4298feeb0e402c966b1413cdeb29fb1cd943ce572f3ea4262930240e705e0008c60fc254176cd44b8fbfef069b2109f7671b11f  pkgs/jessie/libqrexec-utils-dev_4.0.0+deb8u1_amd64.deb
2017-10-17 21:56:06.145520 +0000 build-debian4: 20ff89f8bf57f897d5c9dbecdcd3b2f8583a54bd195df973e081c977d2b296a510b240de749dded813f011067bc5dcb5b383e904326f00d65e191048c5319ee0  pkgs/jessie/libqrexec-utils-dev_4.0.1+deb8u1_amd64.deb
2017-10-17 21:56:06.145592 +0000 build-debian4: b180ad531762ba2b44ea061ae9a9f6a8f158c5abdec9948f9de5f00c6a1daedb41b7cf49160be2cd6a187560bf97a57bc6e2740c69b67ef29a1a93264fb00745  pkgs/jessie/libqrexec-utils-dev_4.0.2+deb8u1_amd64.deb
2017-10-17 21:56:06.145651 +0000 build-debian4: c12e3d82471af13020017d2ef61f2c32b005d5d42f72f4ba71bd804ff33f782054464f1e43d9d4e05935c833513e18c86d0f1c7e640a6c99aeef45f625d6d1c0  pkgs/jessie/libqrexec-utils-dev_4.0.3+deb8u1_amd64.deb
2017-10-17 21:56:06.145695 +0000 build-debian4: 4cdbd1d7abd1e114e11f4a8f8ad8746624b5389240ed7a6ae1e24500e886ff897578ef2481f6401ded003ed6a26d207b1c140e934c08e0f20ec3a2dfaabd1306  pkgs/jessie/libqrexec-utils-dev_4.0.4+deb8u1_amd64.deb
2017-10-17 21:56:06.145737 +0000 build-debian4: 8c3594370b30dce3dca4ad1290ff1e9892f3773b2044e2da7282c34f418147b0330922c4ee23147a902fe389082f39efa65248aa205a15d3520b75f11f44b4a8  pkgs/jessie/libqrexec-utils-dev_4.0.5+deb8u1_amd64.deb
2017-10-17 21:56:06.145803 +0000 build-debian4: 98fa3fd2439dab7e18057d24c2ebe58767c3ec7245296c470c2995f3c2aff95b1f7bef0082c0781079bceb1cc5fa417de4df1f099cbb110f3cbf36deb599352b  pkgs/jessie/libqrexec-utils-dev_4.0.6+deb8u1_amd64.deb
2017-10-17 21:56:06.145847 +0000 build-debian4: 173bd2f9eddf0ce066b515904991b840f6e77f5d934d02fb4ed7dd500c294e23b48c0b4cbcce3b335394e8f20daae28d1beb4dc3b714692a0a22d4de2c909502  pkgs/jessie/libqrexec-utils-dev_4.0.7+deb8u1_amd64.deb
2017-10-17 21:56:06.145889 +0000 build-debian4: 335120dd10759e0bec88c1b0b3ee15e57fd9bea6d0bf954bd6744de4bb7626bf2e30bfc494ea735c9b7e552d777515a679c4c4a4412ae1715bceb138de7d1f87  pkgs/jessie/libqrexec-utils-dev_4.0.8+deb8u1_amd64.deb
2017-10-17 21:56:06.145932 +0000 build-debian4: 3af2dc6238bd873430b8f7d76c3f462c5848036d3ec67c162ede4cb580f94bd1374e9edefb76f17636500610318814440aecc813f9781c924dbb08b14c170899  pkgs/jessie/libqrexec-utils-dev_4.0.9+deb8u1_amd64.deb
2017-10-17 21:56:06.145975 +0000 build-debian4: 21da8c589faebd8b4893ed3098353b85f5f80925c99fb8e6cc15be1e91b765affce9459e92c10c129e4fa14057d621b9433300eed63a88148f8cd3794bd80353  pkgs/jessie/libqrexec-utils2_4.0.0+deb8u1_amd64.deb
2017-10-17 21:56:06.146017 +0000 build-debian4: be65d41cba71983e677fb5673b4c51d401dfdac39851ac025800d80d5b89a63c1fd94c4ee9bc3a9c8ca69dd2802c05dde4cfb0de30d409a92f29fa072dac0d3c  pkgs/jessie/libqrexec-utils2_4.0.1+deb8u1_amd64.deb
2017-10-17 21:56:06.146060 +0000 build-debian4: 58e8c6d6e46f8ebdc0ff1dee0029414fdcaa36f05bf930942cf501deb154deedeec374e214013fd4535c9354a239e30ae7c79d73419bc69b0b9c6134371b985a  pkgs/jessie/libqrexec-utils2_4.0.2+deb8u1_amd64.deb
2017-10-17 21:56:06.146102 +0000 build-debian4: 7c28aac967c69c104f9096cf03bea31095618a72bb970bd3c112e0d4471470d85149c91594ebcaf4c886392dfcd0a9a319c94d72f77e95e91e87f09ed4719ac6  pkgs/jessie/libqrexec-utils2_4.0.3+deb8u1_amd64.deb
2017-10-17 21:56:06.146143 +0000 build-debian4: 6160b5b89cb62fb18da4b4394c990e780bdaacc3e2eae22dc024372262149499f0d42b8b1bf151c4f9d56e2159daa1a972937492e5d781303e20d399a7a2a0ae  pkgs/jessie/libqrexec-utils2_4.0.4+deb8u1_amd64.deb
2017-10-17 21:56:06.146183 +0000 build-debian4: 62b5228abeb0b4ce19466777ed5c92d43d2c4a43bf3f27602149f4471ac593228a9ee9518ba7bf6f57fabc845dd3f20d70cefe0a0bca1a05bdc3a7418e100b0f  pkgs/jessie/libqrexec-utils2_4.0.5+deb8u1_amd64.deb
2017-10-17 21:56:06.146223 +0000 build-debian4: 7bc41035023c7d0b1c054c9ea1629afb24c907342ef6351dcddf6446131d4216712723543ab8ea4c1a3a9cd5e37ace4651e8b74878f792b1d7539da3abd62e3a  pkgs/jessie/libqrexec-utils2_4.0.6+deb8u1_amd64.deb
2017-10-17 21:56:06.146281 +0000 build-debian4: f841907869d2b27e43e39e54329884c814c0a47e6f29badfb0eebfcdc56dbdf287bc70876dc68d3b2cc6727e67264e3b27eb8a98e6f10b840a15a1308544d733  pkgs/jessie/libqrexec-utils2_4.0.7+deb8u1_amd64.deb
2017-10-17 21:56:06.146324 +0000 build-debian4: 6a1a941e4354df0697a223d4a22e5fa629e8b74533bc91de1fb429d39e77def86b5219bae7d050032d0eb555e29890a26ba73297f5bbefef3778cc62ccaa4b0e  pkgs/jessie/libqrexec-utils2_4.0.8+deb8u1_amd64.deb
2017-10-17 21:56:06.146367 +0000 build-debian4: e667f1f5fd0b43e7ccbd4cded614b8a737c5c757c2b2e6a83e3eff504dbad170f7795e46ff3e8424a9f1c7df85bfb988485c0dfc69b93ef99e5e45bc169f72d4  pkgs/jessie/libqrexec-utils2_4.0.9+deb8u1_amd64.deb
2017-10-17 21:56:06.146419 +0000 build-debian4: d50fcabb4b6f65bf744afa511033f33c93c58581fae08ff6988a4c8f092670f1691d70de3a00946f17fbf653ff4aa029210fe7b76d261d8b68ea08dd77001f6d  pkgs/jessie/libqubes-rpc-filecopy-dev_4.0.0+deb8u1_amd64.deb
2017-10-17 21:56:06.146471 +0000 build-debian4: 4417d7a1ba49a5fe4ee3283d070bcfbdccbe18d8066966e896e891b96f0e70bc5c208942ab8a2dbaab070b6d467c71a1a15aac21328b4fba724cf547447fb6fa  pkgs/jessie/libqubes-rpc-filecopy-dev_4.0.1+deb8u1_amd64.deb
2017-10-17 21:56:06.146897 +0000 build-debian4: a0c8e780be75e27f6c1b1d4d2d72e3c5299261b1a5a4e5dfaff324254f96765ebbe54b6796e4c18ecf04a1842bf900233e11f7b7d52e808040c8fedeb3b704c6  pkgs/jessie/libqubes-rpc-filecopy-dev_4.0.2+deb8u1_amd64.deb
2017-10-17 21:56:06.146958 +0000 build-debian4: 4ae076c12fd5a035876c8a0e4b9fc837c37bcabe5a2860454d1b95f3efa01a05bbab8fdddcbd3ff2d36086821e62cf7035c9463a71ea9f6aa3d1e871f6207f9f  pkgs/jessie/libqubes-rpc-filecopy-dev_4.0.3+deb8u1_amd64.deb
2017-10-17 21:56:06.147005 +0000 build-debian4: 49c0d12104743c9b93a2db7be5c2a3fe278fe7c917fbe58428dd8e28c1f36da77975f5083908155a6baee51aa71efcd2212ca43a3c8fd171bb29035a701f6821  pkgs/jessie/libqubes-rpc-filecopy-dev_4.0.4+deb8u1_amd64.deb
2017-10-17 21:56:06.147049 +0000 build-debian4: d4c0be9914314cdc9deecf253f94227b933e777e6ac66cb096d8d011fe15250b3b281eb378ba67f59087db3027a575e8e85ad27d00da28fec029494af422614e  pkgs/jessie/libqubes-rpc-filecopy-dev_4.0.5+deb8u1_amd64.deb
2017-10-17 21:56:06.147093 +0000 build-debian4: 810b0d441874a7e429375a12aae4f57df19dca670226cee25ec0b73574ad8d09501254d6f969e5aa3554cc4c139540870905d027535547553c62f6d1159c730b  pkgs/jessie/libqubes-rpc-filecopy-dev_4.0.6+deb8u1_amd64.deb
2017-10-17 21:56:06.147137 +0000 build-debian4: 5c2b2a931cc1509858d1661dc71494c30742fa55ce82072b340da0749bb4f284f5799c60fa8b3fa50e8b807e579ee81ffcc5847b3a00427956f58ee8a2bd1315  pkgs/jessie/libqubes-rpc-filecopy-dev_4.0.7+deb8u1_amd64.deb
2017-10-17 21:56:06.147181 +0000 build-debian4: 079374a229dfab6ec22875bd1d0ca45eee79c1e70169a0b10c9208f583844619e7b7477af503b0320e811386de42a6003ad966577fcde9c772ab88b491f201ef  pkgs/jessie/libqubes-rpc-filecopy-dev_4.0.8+deb8u1_amd64.deb
2017-10-17 21:56:06.147224 +0000 build-debian4: 7cd8197ff43806a0d4128bc0303d4cd71d2e6b7c98f9f061a93edac47613c57eb085426c0f77f23a152b436a44f23aa880743887fd82bc79a93220d51e68278a  pkgs/jessie/libqubes-rpc-filecopy-dev_4.0.9+deb8u1_amd64.deb
2017-10-17 21:56:06.147265 +0000 build-debian4: a0019cae8919a80435fbd088fc68bf8963046f0d5e0d673bbf7894b3aad43190cac0cc3356017920649ea8abdf1dbd079d726bb1fe19638340aaaaab69b8bded  pkgs/jessie/libqubes-rpc-filecopy2_4.0.0+deb8u1_amd64.deb
2017-10-17 21:56:06.147306 +0000 build-debian4: f8cb0bd04f89953e7eb4a53943194cf51d83ca900046c7dc8aad684e87fc7b2c2b4d323d9eba9c7a51e2d1f85dffa32eb59fb5b8bb95d78253760c70e6cc72ad  pkgs/jessie/libqubes-rpc-filecopy2_4.0.1+deb8u1_amd64.deb
2017-10-17 21:56:06.147347 +0000 build-debian4: 5cc56a77de20c3299823266554089217676dd8a8e5a5bd37dbfbfaa11822b32161dde70681ce296b1954b66524adfa2ea462d9ac52d43818826c698fb3123317  pkgs/jessie/libqubes-rpc-filecopy2_4.0.2+deb8u1_amd64.deb
2017-10-17 21:56:06.147386 +0000 build-debian4: 470459a83712fdaeec7f3cc9bece77ae28908c2749b229cc62a9d39430e33ee77793592f908d13465ad974dba6213269825959638ba0d41fff787dd92aee26af  pkgs/jessie/libqubes-rpc-filecopy2_4.0.3+deb8u1_amd64.deb
2017-10-17 21:56:06.147428 +0000 build-debian4: 48e1ad7db055541502d82e53518efcc3c1dbcb474fef1f49c01233aa01730380aa0e6682950f41bbbef0eec303540757c3a091573fda3aadc764fe12fcf4eb82  pkgs/jessie/libqubes-rpc-filecopy2_4.0.4+deb8u1_amd64.deb
2017-10-17 21:56:06.147472 +0000 build-debian4: 2186c96c897e64e7605fc5accd6d2a7faf9e69b94387e888268de55b4f385ab9c8a4a2e2e12b554fee865bc47574b937418db4254c8548630ae1d5a212d39ff3  pkgs/jessie/libqubes-rpc-filecopy2_4.0.5+deb8u1_amd64.deb
2017-10-17 21:56:06.147512 +0000 build-debian4: 28787fd5808bf0c34822eb3578ed624996ff10270a5bee1e6a19b34351b4013e68e572252bc365654b6c25c3b8f52f3631ce4479fb3bfe4fe7d8587e1864ad0f  pkgs/jessie/libqubes-rpc-filecopy2_4.0.6+deb8u1_amd64.deb
2017-10-17 21:56:06.147553 +0000 build-debian4: db8c5e4c7eab2a97b3af689826e137e87812ba6ff91c0820566a3767800983bdada9f597a5c808f8b666a95409a746c5b3961c2fbc883792c9349b49282ec2c7  pkgs/jessie/libqubes-rpc-filecopy2_4.0.7+deb8u1_amd64.deb
2017-10-17 21:56:06.147607 +0000 build-debian4: 9d42a21712c0296ea6692735351d41cdf0a3473d5a854961fb09d5d040d132805863d81261eb7508c0657fa5741d10d3779ebaaaf3310a0423541aef7c2b6462  pkgs/jessie/libqubes-rpc-filecopy2_4.0.8+deb8u1_amd64.deb
2017-10-17 21:56:06.147663 +0000 build-debian4: a71a58e029db2c2112f527ee37d45e42ce38036e98d46ab4ea3dbb44bb6b6f6f8e910b45508da4ce62bceb2bfecd40f051f6109cd01f685daa2ffdf2d24fb71b  pkgs/jessie/libqubes-rpc-filecopy2_4.0.9+deb8u1_amd64.deb
2017-10-17 21:56:06.147706 +0000 build-debian4: e4119ebdc9597c44667be756da34eb500eb5bf3d77cb4fab8d4969d3d6cae6d58b477ee0089e0ebaa69aff9c6c4c98d06ff89b5334752546706050743e3e6df5  pkgs/jessie/qubes-kernel-vm-support_4.0.0+deb8u1_amd64.deb
2017-10-17 21:56:06.147763 +0000 build-debian4: d48e1f237734e092d05a48fa9055b002ce375b503811ffde12b752452a791a291dddd761b57c55b969aed5817b85c80f606b783ab1303ec49e42a62fd4bf47d9  pkgs/jessie/qubes-kernel-vm-support_4.0.1+deb8u1_amd64.deb
2017-10-17 21:56:06.147805 +0000 build-debian4: d0f84664f176bc77645dfbb0ac752affc0d143e054d229db3fabb141ff041300b040dffaf16072557d49d58a10144c615f40b6823fda07b6f594c70647319575  pkgs/jessie/qubes-kernel-vm-support_4.0.2+deb8u1_amd64.deb
2017-10-17 21:56:06.147844 +0000 build-debian4: 06b757a06322524e4c2a321e545508c995d6ad6af558b60fdcdfee4cc4f74f7bab7f81d60dbba805a0671bcbc9d020d0c4db76be0ca17bf6b4589ab865ef08ec  pkgs/jessie/qubes-kernel-vm-support_4.0.3+deb8u1_amd64.deb
2017-10-17 21:56:06.147884 +0000 build-debian4: e838c945d3ed7d640404f449f6c79965d9178563b1292e93e4ebf6c725efeb0d042477a8319c6a534ab594246019969f1b6964efd77c1178bb8b405de2acb51d  pkgs/jessie/qubes-kernel-vm-support_4.0.4+deb8u1_amd64.deb
2017-10-17 21:56:06.147926 +0000 build-debian4: 5ad52398db26db68749d0416ed607113d8520f853ce2abb07e39ba589fef5822ee989cf6134eee115d71fcdeaf0fbc564e22b8cff0a31035e40cc70cbf172777  pkgs/jessie/qubes-kernel-vm-support_4.0.5+deb8u1_amd64.deb
2017-10-17 21:56:06.147966 +0000 build-debian4: b74e06b7323aea1a2416f61d98d3ebfce4f59b2c9dd16559f498e9ebe328fcdfe9454266f0d9f4f96ad67f4b857e75f0d65a1a40ab0730389fea5cd9ed3c8452  pkgs/jessie/qubes-kernel-vm-support_4.0.6+deb8u1_amd64.deb
2017-10-17 21:56:06.148002 +0000 build-debian4: 0ecc3b71b3dd15ddbd87f557d6a50ed42a1596c2cd7a675cda902bc7a666753f84f9767279b7a40cf68fe1e3e2d21d896ddddf725a96f1c1dcbc89d7d04d18a2  pkgs/jessie/qubes-kernel-vm-support_4.0.7+deb8u1_amd64.deb
2017-10-17 21:56:06.148045 +0000 build-debian4: 36b5a1dafd6465c203bafa1445577ea84f734b6f80ce47656f09f88a6e0ccede9a393a03e59bffcf6c71484546ddc7c7bb7770529ca99af30462a62b6b894313  pkgs/jessie/qubes-kernel-vm-support_4.0.8+deb8u1_amd64.deb
2017-10-17 21:56:06.148087 +0000 build-debian4: bb3f47049e5aa9cd2bb8a8ae845d77799336ddbc63d43566726c6f34a93ef0eba7847a7ac346a639d2476f3fe8172344bc83fc0bc545d705684f196b5211ac6d  pkgs/jessie/qubes-kernel-vm-support_4.0.9+deb8u1_amd64.deb
2017-10-17 21:56:06.148127 +0000 build-debian4: 9c752be0f9935d1e9a6bae1c332414fc0a7545df110f4945270817e329ec5ec4070609e305561cf07ce0442e319b89bf6576ec69280ffbd7ec008e9bcf4a86b4  pkgs/jessie/qubes-utils_4.0.0+deb8u1.dsc
2017-10-17 21:56:06.148167 +0000 build-debian4: 0a518905b182146b418dcb64421e78a978b5b49b7ad74f040b478d72688a8805648f971bc58f3d6cdea4364530b22b743d4db2ddba7424476de498ea8bebc787  pkgs/jessie/qubes-utils_4.0.0+deb8u1.tar.xz
2017-10-17 21:56:06.148207 +0000 build-debian4: b835ace22f6dae7fd02032443319959e3a2cfc516d3201a073acaa1d9d5378a5e516cfe397c2f822ba8858820969d322f34bfd0d7f084c45b7a8434d5304c876  pkgs/jessie/qubes-utils_4.0.0+deb8u1_amd64.changes
2017-10-17 21:56:06.148247 +0000 build-debian4: 1500e55583936fb88f7c9bf66e37f70cd028258d653a14af104fee4e39cd9395b0db5806051882499ff3df2104acb3a21175b972bc4be0852f09e01a12c95bf6  pkgs/jessie/qubes-utils_4.0.0+deb8u1_amd64.deb
2017-10-17 21:56:06.148286 +0000 build-debian4: d956871385a44e9c98474dbdbeac3bcf411b777b54cdc82c7dde70f932dd80113163f17a3dc3bcb36b7bef09b65f1eea6a610c64562971689f7dfe0d2398bd8e  pkgs/jessie/qubes-utils_4.0.1+deb8u1.dsc
2017-10-17 21:56:06.148336 +0000 build-debian4: 149645b45454089e7b94aed4023f2172ed0c77467713e176e3a03d83e38f24cdf58782e14d12aa2d91210e16cdb38d4c5622ccc1986f6b28e4a3868bfe80d403  pkgs/jessie/qubes-utils_4.0.1+deb8u1.tar.xz
2017-10-17 21:56:06.148376 +0000 build-debian4: f6e46ab3fa409ed9a414c41f44d03f6f0fcc55b08b567ce7dfd43c6e8015ca3eea693821a7409d2051ce109888e83ca42a179147c0d8a55a61972e0b704f4bc3  pkgs/jessie/qubes-utils_4.0.1+deb8u1_amd64.changes
2017-10-17 21:56:06.148415 +0000 build-debian4: 9c93a854b189e48f403acb701ae23856d891d68d9aebcba90d1b12e3a372bba5543cf98dfed7fef209122ef76d659e68c43c89c1d7ed1050f564d4e4b5abab07  pkgs/jessie/qubes-utils_4.0.1+deb8u1_amd64.deb
2017-10-17 21:56:06.148453 +0000 build-debian4: a5cfcd163f5ad4dc175b8c2d1256f9ced9a2ca751f15c8cc732e9715af6f51748787b232da5ec1fe5aafe8fda3db39870f4152e274921e2717bc1a3ffeeeb262  pkgs/jessie/qubes-utils_4.0.2+deb8u1.dsc
2017-10-17 21:56:06.148583 +0000 build-debian4: c42ab165c19763f189fe241571dfd861926b39355d7f468559113dc71f47aa2f4ab4adf5fc6aa286f2b196ba00123751751471832eea37c143122266cc9df8e2  pkgs/jessie/qubes-utils_4.0.2+deb8u1.tar.xz
2017-10-17 21:56:06.148630 +0000 build-debian4: 658263038bb4135caa7306db8cc2acc8403c9f6693c107adc182988dc3ea449b444fbdf4275fffe9c6a37d1f87b7eb7396081309ed80ea2b18d3f9997ca237c4  pkgs/jessie/qubes-utils_4.0.2+deb8u1_amd64.changes
2017-10-17 21:56:06.148669 +0000 build-debian4: 822ea20dddd41e2decdc92afbccda80eb4ab429c1ff8ec09b5064d603c2f2964f668c9752f46972d38b84bef88b72462284a61657d7c1fe99dc6b0c900fc3cfc  pkgs/jessie/qubes-utils_4.0.2+deb8u1_amd64.deb
2017-10-17 21:56:06.148723 +0000 build-debian4: 2e1494f588fd061070583bd640373998f1f845acd4e1e090836680b5b236d1f4e2f25849fa79a81a2963748fac4afeac40e44d04f9f1eb1514fc60ced3b2e55b  pkgs/jessie/qubes-utils_4.0.3+deb8u1.dsc
2017-10-17 21:56:06.148781 +0000 build-debian4: 5fc0d35444991a93c1338aabdcee990eefb91b25cd87f0d8b83efe90392a66fb2cbba7214ae9dd631d2042c17963eab94cdf85ab2b80dc5cf6b14ec3f07109fe  pkgs/jessie/qubes-utils_4.0.3+deb8u1.tar.xz
2017-10-17 21:56:06.148822 +0000 build-debian4: 8ce343a610479d8cb7e370a0566495d8c364cad8073a72cc311c8558d85216210edc7c9e2404d37af961e268bea472b9a6a2b41a1be105bfef3ae8e736ff74e6  pkgs/jessie/qubes-utils_4.0.3+deb8u1_amd64.changes
2017-10-17 21:56:06.148861 +0000 build-debian4: b9ee73587f08bc773780e9a78c05f8e0c7a610e9d6f78ee8ff06ccbc24b79d28c3747afc8f776e9b440ea049a33e71e534c5bc3f64db8c1d50b526c5256009c4  pkgs/jessie/qubes-utils_4.0.3+deb8u1_amd64.deb
2017-10-17 21:56:06.148900 +0000 build-debian4: e44f9a793f47b93be3a1738e67f83a412ce0086ee75218cf367feb8c174d80d6a82229377cffe163fc63f405f87cd76d699b3a1e4f41d413a40bc6f6adf6854f  pkgs/jessie/qubes-utils_4.0.4+deb8u1.dsc
2017-10-17 21:56:06.148940 +0000 build-debian4: dc6acc3e76c7accff95718c107843e19fbe06e9843d52d55d021381c66bf6f1ae0726fb4d5d4cb6a7f9e5d1fd10289a87ac50d4ae4ca90dfe8679f10d9a9046d  pkgs/jessie/qubes-utils_4.0.4+deb8u1.tar.xz
