2022-12-13 09:36:30.935216 +0000 > starting log
2022-12-13 09:36:30.937765 +0000 build-debian4: > starting build with log
2022-12-13 09:36:30.937801 +0000 build-debian4: >> make args: update-repo-current
2022-12-13 09:36:30.937813 +0000 build-debian4: >> MAKEFLAGS=
2022-12-13 09:36:30.937823 +0000 build-debian4: >> COMPONENTS=sbsigntools
2022-12-13 09:36:30.937832 +0000 build-debian4: >> DISTS_VM=buster bullseye bookworm
2022-12-13 09:36:30.937840 +0000 build-debian4: >> DIST_DOM0=
2022-12-13 09:36:30.937851 +0000 build-debian4: >> qubes-builder eb4f67d9f92c16eed8301bfa571492a76aed6255
2022-12-13 09:36:30.937864 +0000 build-debian4: >> qubes-builder/qubes-src/sbsigntools e81757f285f6e01f9af27c70b11036dbb45ef5e9
2022-12-13 09:36:30.937877 +0000 build-debian4: ================================================================================
2022-12-13 09:36:30.937889 +0000 build-debian4:                            B U I L D   I N F O                                  
2022-12-13 09:36:30.937902 +0000 build-debian4: Items in red indicate it was automatically generated by configuration file(s)
2022-12-13 09:36:30.937914 +0000 build-debian4: Items in white indicate it was automatically removed by configuration file(s)
2022-12-13 09:36:30.937927 +0000 build-debian4: ================================================================================
2022-12-13 09:36:30.937934 +0000 build-debian4: DISTS_VM:
2022-12-13 09:36:30.937947 +0000 build-debian4:      buster+standard, bullseye+standard+firmware, bookworm+standard, buster bullseye bookworm
2022-12-13 09:36:30.937955 +0000 build-debian4: DISTS_ALL:
2022-12-13 09:36:30.937965 +0000 build-debian4:      vm-bookworm, vm-bullseye, vm-buster,
2022-12-13 09:36:30.937972 +0000 build-debian4: DIST_DOM0:
2022-12-13 09:36:30.937979 +0000 build-debian4:     
2022-12-13 09:36:30.937987 +0000 build-debian4: BUILDER_PLUGINS:
2022-12-13 09:36:30.937999 +0000 build-debian4:      builder-debian, mgmt-salt, release-configs, linux-deb, builder-github,
2022-12-13 09:36:30.938006 +0000 build-debian4: COMPONENTS:
2022-12-13 09:36:30.938014 +0000 build-debian4:      sbsigntools,
2022-12-13 09:36:30.938021 +0000 build-debian4: GIT_REPOS:
2022-12-13 09:36:30.938030 +0000 build-debian4:      qubes-src/sbsigntools,
2022-12-13 09:36:30.938037 +0000 build-debian4: TEMPLATE:
2022-12-13 09:36:30.938044 +0000 build-debian4:     
2022-12-13 09:36:30.938052 +0000 build-debian4: TEMPLATE_FLAVOR_DIR:
2022-12-13 09:36:30.938059 +0000 build-debian4:     
2022-12-13 09:36:30.938067 +0000 build-debian4: TEMPLATE_ALIAS:
2022-12-13 09:36:30.938078 +0000 build-debian4:      stretch:stretch+standard, stretch+gnome:stretch+gnome+standard,
2022-12-13 09:36:30.938090 +0000 build-debian4:      stretch+minimal:stretch+minimal+no-recommends, buster:buster+standard,
2022-12-13 09:36:30.938103 +0000 build-debian4:      buster+gnome:buster+gnome+standard, buster+minimal:buster+minimal+no-recommends,
2022-12-13 09:36:30.938116 +0000 build-debian4:      bullseye:bullseye+standard+firmware, bullseye+gnome:bullseye+gnome+standard+firmware,
2022-12-13 09:36:30.938128 +0000 build-debian4:      bullseye+minimal:bullseye+minimal+no-recommends, bookworm:bookworm+standard,
2022-12-13 09:36:30.938142 +0000 build-debian4:      bookworm+gnome:bookworm+gnome+standard, bookworm+minimal:bookworm+minimal+no-recommends,
2022-12-13 09:36:30.938157 +0000 build-debian4:      bionic:bionic+standard, focal:focal+standard, whonix-gateway-15:buster+whonix-gateway+minimal+no-recommends,
2022-12-13 09:36:30.938169 +0000 build-debian4:      whonix-workstation-15:buster+whonix-workstation+minimal+no-recommends,
2022-12-13 09:36:30.938181 +0000 build-debian4:      whonix-gateway-16:bullseye+whonix-gateway+minimal+no-recommends,
2022-12-13 09:36:30.938193 +0000 build-debian4:      whonix-workstation-16:bullseye+whonix-workstation+minimal+no-recommends,
2022-12-13 09:36:30.938201 +0000 build-debian4: TEMPLATE_LABEL:
2022-12-13 09:36:30.938214 +0000 build-debian4:      buster+standard:debian-10, bullseye+standard+firmware:debian-11, bookworm+standard:debian-12,
2022-12-13 09:36:30.938228 +0000 build-debian4:      buster+standard:buster, bullseye+standard+firmware:bullseye, bookworm+standard:bookworm,
2022-12-13 09:36:30.938257 +0000 build-debian4:      fc34:fedora-34 fc35:fedora-35 fc36:fedora-36 fc34+minimal:fedora-34-minimal
2022-12-13 09:36:30.938293 +0000 build-debian4:      fc35+minimal:fedora-35-minimal fc36+minimal:fedora-36-minimal fc34+xfce:fedora-34-xfce
2022-12-13 09:36:30.938309 +0000 build-debian4:      fc35+xfce:fedora-35-xfce fc36+xfce:fedora-36-xfce stretch:debian-9 stretch+standard:debian-9
2022-12-13 09:36:30.938327 +0000 build-debian4:      stretch+xfce:debian-9-xfce buster:debian-10 buster+xfce:debian-10-xfce bullseye:debian-11
2022-12-13 09:36:30.938341 +0000 build-debian4:      bullseye+xfce:debian-11-xfce bookworm:debian-12 bookworm+xfce:debian-12-xfce bionic+standard:bionic
2022-12-13 09:36:30.938354 +0000 build-debian4:      focal+standard:focal buster+whonix-gateway+minimal+no-recommends:whonix-gw-15
2022-12-13 09:36:30.938365 +0000 build-debian4:      buster+whonix-workstation+minimal+no-recommends:whonix-ws-15
2022-12-13 09:36:30.938376 +0000 build-debian4:      bullseye+whonix-gateway+minimal+no-recommends:whonix-gw-16
2022-12-13 09:36:30.938389 +0000 build-debian4:      bullseye+whonix-workstation+minimal+no-recommends:whonix-ws-16 centos7:centos-7
2022-12-13 09:36:30.938403 +0000 build-debian4:      centos7+minimal:centos-7-minimal centos7+xfce:centos-7-xfce centos-stream8:centos-stream-8
2022-12-13 09:36:30.938416 +0000 build-debian4:      centos-stream8+minimal:centos-stream-8-minimal centos-stream8+xfce:centos-stream-8-xfce
2022-12-13 09:36:30.938424 +0000 build-debian4: > running make
2022-12-13 09:36:30.938437 +0000 build-debian4: Makefile:863: target 'internal-update-repo-current.vm.bookworm.sbsigntools' does not exist
2022-12-13 09:36:30.938448 +0000 build-debian4: repo_base_var="LINUX_REPO_${DIST//-/_}_BASEDIR"; \
2022-12-13 09:36:30.938458 +0000 build-debian4: if [ "sbsigntools" = linux-template-builder ]; then \
2022-12-13 09:36:30.938470 +0000 build-debian4: .# templates belongs to dom0 repository, even though PACKAGE_SET=vm
2022-12-13 09:36:30.938480 +0000 build-debian4: repo_base_var="LINUX_REPO__BASEDIR"; \
2022-12-13 09:36:30.938486 +0000 build-debian4: fi; \
2022-12-13 09:36:30.938496 +0000 build-debian4: if [ -n "${!repo_base_var}" ]; then \
2022-12-13 09:36:30.938505 +0000 build-debian4: .repo_basedir="${!repo_base_var}"; \
2022-12-13 09:36:30.938512 +0000 build-debian4: else \
2022-12-13 09:36:30.938522 +0000 build-debian4: .repo_basedir="qubes-src/linux-deb/r4.1"; \
2022-12-13 09:36:30.938529 +0000 build-debian4: fi; \
2022-12-13 09:36:30.938539 +0000 build-debian4: if [ -r qubes-src/sbsigntools/Makefile.builder ]; then \
2022-12-13 09:36:30.938550 +0000 build-debian4: .echo -n "Updating qubes-src/sbsigntools... "; \
2022-12-13 09:36:30.938558 +0000 build-debian4: .if [ "0" -eq 1 ]; then \
2022-12-13 09:36:30.938570 +0000 build-debian4: ..vtag=`git -C qubes-src/sbsigntools tag --points-at HEAD --list v*`; \
2022-12-13 09:36:30.938579 +0000 build-debian4: ..if [ -z "$vtag" ]; then \
2022-12-13 09:36:30.938587 +0000 build-debian4: ...echo "no version tag"; \
2022-12-13 09:36:30.938595 +0000 build-debian4: ...exit 0; \
2022-12-13 09:36:30.938602 +0000 build-debian4: ..fi; \
2022-12-13 09:36:30.938609 +0000 build-debian4: .fi; \
2022-12-13 09:36:30.938620 +0000 build-debian4: .if [ "sbsigntools" = linux-template-builder ]; then
2022-12-13 09:36:30.938634 +0000 build-debian4: export TEMPLATE_NAME=$(MAKEFLAGS= make -s -C qubes-src/linux-template-builder DIST=bookworm template-name)
2022-12-13 09:36:30.938641 +0000 build-debian4: fi
2022-12-13 09:36:30.939833 +0000 build-debian4: component_packages=$(MAKEFLAGS= make -s -f Makefile.generic DIST=bookworm PACKAGE_SET=vm COMPONENT=`basename qubes-src/sbsigntools` UPDATE_REPO=/home/user/builder-r4.1/$repo_basedir/current/vm/bookworm get-var GET_VAR=PACKAGE_LIST); \
2022-12-13 09:36:30.939870 +0000 build-debian4: .if [ -z "$component_packages" ]; then \
2022-12-13 09:36:30.939882 +0000 build-debian4: ..echo "no packages."; \
2022-12-13 09:36:30.939909 +0000 build-debian4: ..exit 0; \
2022-12-13 09:36:30.939919 +0000 build-debian4: .fi; \
2022-12-13 09:36:30.939930 +0000 build-debian4: .make -s -f Makefile.generic DIST=bookworm PACKAGE_SET=vm \
2022-12-13 09:36:30.939941 +0000 build-debian4: ..COMPONENT=`basename qubes-src/sbsigntools` \
2022-12-13 09:36:30.939950 +0000 build-debian4: ..SNAPSHOT_REPO=current-testing \
2022-12-13 09:36:30.939958 +0000 build-debian4: ..TARGET_REPO=current \
2022-12-13 09:36:30.939971 +0000 build-debian4: ..UPDATE_REPO=/home/user/builder-r4.1/$repo_basedir/current/vm/bookworm \
2022-12-13 09:36:30.939986 +0000 build-debian4: ..SNAPSHOT_FILE=/home/user/builder-r4.1/repo-latest-snapshot/current-testing-vm-bookworm-`basename qubes-src/sbsigntools` \
2022-12-13 09:36:30.939995 +0000 build-debian4: ..BUILD_LOG_URL= \
2022-12-13 09:36:30.940004 +0000 build-debian4: ..update-repo-from-snapshot || exit 1; \
2022-12-13 09:36:30.940017 +0000 build-debian4: elif make -C qubes-src/sbsigntools -n update-repo-current >/dev/null 2>/dev/null; then \
2022-12-13 09:36:30.940028 +0000 build-debian4: .echo "Updating qubes-src/sbsigntools... "; \
2022-12-13 09:36:30.940041 +0000 build-debian4: .DIST=bookworm UPDATE_REPO=/home/user/builder-r4.1/$repo_basedir/current/vm/bookworm \
2022-12-13 09:36:30.940052 +0000 build-debian4: .make -s -C qubes-src/sbsigntools update-repo-current || exit 1; \
2022-12-13 09:36:30.940060 +0000 build-debian4: else \
2022-12-13 09:36:30.940071 +0000 build-debian4: .echo -n "Updating qubes-src/sbsigntools... skipping."; \
2022-12-13 09:36:30.940078 +0000 build-debian4: fi; \
2022-12-13 09:36:30.940084 +0000 build-debian4: echo
2022-12-13 09:36:30.940094 +0000 build-debian4: Updating qubes-src/sbsigntools... no packages.
2022-12-13 09:36:30.940110 +0000 build-debian4: Makefile:832: update target 'internal-update-repo-current.vm.bookworm' due to: internal-update-repo-current.vm.bookworm.sbsigntools
2022-12-13 09:36:30.940117 +0000 build-debian4: true
2022-12-13 09:36:30.940131 +0000 build-debian4: Makefile:863: target 'internal-update-repo-current.vm.bullseye.sbsigntools' does not exist
2022-12-13 09:36:30.940141 +0000 build-debian4: repo_base_var="LINUX_REPO_${DIST//-/_}_BASEDIR"; \
2022-12-13 09:36:30.940152 +0000 build-debian4: if [ "sbsigntools" = linux-template-builder ]; then \
2022-12-13 09:36:30.940163 +0000 build-debian4: .# templates belongs to dom0 repository, even though PACKAGE_SET=vm
2022-12-13 09:36:30.940173 +0000 build-debian4: repo_base_var="LINUX_REPO__BASEDIR"; \
2022-12-13 09:36:30.940180 +0000 build-debian4: fi; \
2022-12-13 09:36:30.940189 +0000 build-debian4: if [ -n "${!repo_base_var}" ]; then \
2022-12-13 09:36:30.940198 +0000 build-debian4: .repo_basedir="${!repo_base_var}"; \
2022-12-13 09:36:30.940205 +0000 build-debian4: else \
2022-12-13 09:36:30.940215 +0000 build-debian4: .repo_basedir="qubes-src/linux-deb/r4.1"; \
2022-12-13 09:36:30.940221 +0000 build-debian4: fi; \
2022-12-13 09:36:30.940232 +0000 build-debian4: if [ -r qubes-src/sbsigntools/Makefile.builder ]; then \
2022-12-13 09:36:30.940242 +0000 build-debian4: .echo -n "Updating qubes-src/sbsigntools... "; \
2022-12-13 09:36:30.940250 +0000 build-debian4: .if [ "0" -eq 1 ]; then \
2022-12-13 09:36:30.940262 +0000 build-debian4: ..vtag=`git -C qubes-src/sbsigntools tag --points-at HEAD --list v*`; \
2022-12-13 09:36:30.940289 +0000 build-debian4: ..if [ -z "$vtag" ]; then \
2022-12-13 09:36:30.940298 +0000 build-debian4: ...echo "no version tag"; \
2022-12-13 09:36:30.940306 +0000 build-debian4: ...exit 0; \
2022-12-13 09:36:30.940313 +0000 build-debian4: ..fi; \
2022-12-13 09:36:30.940325 +0000 build-debian4: .fi; \
2022-12-13 09:36:30.940335 +0000 build-debian4: .if [ "sbsigntools" = linux-template-builder ]; then
2022-12-13 09:36:30.940350 +0000 build-debian4: export TEMPLATE_NAME=$(MAKEFLAGS= make -s -C qubes-src/linux-template-builder DIST=bullseye template-name)
2022-12-13 09:36:30.940357 +0000 build-debian4: fi
2022-12-13 09:36:30.940381 +0000 build-debian4: component_packages=$(MAKEFLAGS= make -s -f Makefile.generic DIST=bullseye PACKAGE_SET=vm COMPONENT=`basename qubes-src/sbsigntools` UPDATE_REPO=/home/user/builder-r4.1/$repo_basedir/current/vm/bullseye get-var GET_VAR=PACKAGE_LIST); \
2022-12-13 09:36:30.940398 +0000 build-debian4: .if [ -z "$component_packages" ]; then \
2022-12-13 09:36:30.940407 +0000 build-debian4: ..echo "no packages."; \
2022-12-13 09:36:30.940415 +0000 build-debian4: ..exit 0; \
2022-12-13 09:36:30.940422 +0000 build-debian4: .fi; \
2022-12-13 09:36:30.940433 +0000 build-debian4: .make -s -f Makefile.generic DIST=bullseye PACKAGE_SET=vm \
2022-12-13 09:36:30.940443 +0000 build-debian4: ..COMPONENT=`basename qubes-src/sbsigntools` \
2022-12-13 09:36:30.940452 +0000 build-debian4: ..SNAPSHOT_REPO=current-testing \
2022-12-13 09:36:30.940460 +0000 build-debian4: ..TARGET_REPO=current \
2022-12-13 09:36:30.940472 +0000 build-debian4: ..UPDATE_REPO=/home/user/builder-r4.1/$repo_basedir/current/vm/bullseye \
2022-12-13 09:36:30.940488 +0000 build-debian4: ..SNAPSHOT_FILE=/home/user/builder-r4.1/repo-latest-snapshot/current-testing-vm-bullseye-`basename qubes-src/sbsigntools` \
2022-12-13 09:36:30.940496 +0000 build-debian4: ..BUILD_LOG_URL= \
2022-12-13 09:36:30.940506 +0000 build-debian4: ..update-repo-from-snapshot || exit 1; \
2022-12-13 09:36:30.940519 +0000 build-debian4: elif make -C qubes-src/sbsigntools -n update-repo-current >/dev/null 2>/dev/null; then \
2022-12-13 09:36:30.940529 +0000 build-debian4: .echo "Updating qubes-src/sbsigntools... "; \
2022-12-13 09:36:30.940541 +0000 build-debian4: .DIST=bullseye UPDATE_REPO=/home/user/builder-r4.1/$repo_basedir/current/vm/bullseye \
2022-12-13 09:36:30.940553 +0000 build-debian4: .make -s -C qubes-src/sbsigntools update-repo-current || exit 1; \
2022-12-13 09:36:30.940560 +0000 build-debian4: else \
2022-12-13 09:36:30.940571 +0000 build-debian4: .echo -n "Updating qubes-src/sbsigntools... skipping."; \
2022-12-13 09:36:30.940578 +0000 build-debian4: fi; \
2022-12-13 09:36:30.940584 +0000 build-debian4: echo
2022-12-13 09:36:30.940594 +0000 build-debian4: Updating qubes-src/sbsigntools... no packages.
2022-12-13 09:36:30.940610 +0000 build-debian4: Makefile:832: update target 'internal-update-repo-current.vm.bullseye' due to: internal-update-repo-current.vm.bullseye.sbsigntools
2022-12-13 09:36:30.940617 +0000 build-debian4: true
2022-12-13 09:36:30.940630 +0000 build-debian4: Makefile:863: target 'internal-update-repo-current.vm.buster.sbsigntools' does not exist
2022-12-13 09:36:30.940641 +0000 build-debian4: repo_base_var="LINUX_REPO_${DIST//-/_}_BASEDIR"; \
2022-12-13 09:36:30.940651 +0000 build-debian4: if [ "sbsigntools" = linux-template-builder ]; then \
2022-12-13 09:36:30.940663 +0000 build-debian4: .# templates belongs to dom0 repository, even though PACKAGE_SET=vm
2022-12-13 09:36:30.940672 +0000 build-debian4: repo_base_var="LINUX_REPO__BASEDIR"; \
2022-12-13 09:36:30.940679 +0000 build-debian4: fi; \
2022-12-13 09:36:30.940688 +0000 build-debian4: if [ -n "${!repo_base_var}" ]; then \
2022-12-13 09:36:30.940697 +0000 build-debian4: .repo_basedir="${!repo_base_var}"; \
2022-12-13 09:36:30.940704 +0000 build-debian4: else \
2022-12-13 09:36:30.940714 +0000 build-debian4: .repo_basedir="qubes-src/linux-deb/r4.1"; \
2022-12-13 09:36:30.940721 +0000 build-debian4: fi; \
2022-12-13 09:36:30.940732 +0000 build-debian4: if [ -r qubes-src/sbsigntools/Makefile.builder ]; then \
2022-12-13 09:36:30.942005 +0000 build-debian4: .echo -n "Updating qubes-src/sbsigntools... "; \
2022-12-13 09:36:30.942047 +0000 build-debian4: .if [ "0" -eq 1 ]; then \
2022-12-13 09:36:30.942063 +0000 build-debian4: ..vtag=`git -C qubes-src/sbsigntools tag --points-at HEAD --list v*`; \
2022-12-13 09:36:30.942073 +0000 build-debian4: ..if [ -z "$vtag" ]; then \
2022-12-13 09:36:30.942083 +0000 build-debian4: ...echo "no version tag"; \
2022-12-13 09:36:30.942091 +0000 build-debian4: ...exit 0; \
2022-12-13 09:36:30.942098 +0000 build-debian4: ..fi; \
2022-12-13 09:36:30.942127 +0000 build-debian4: .fi; \
2022-12-13 09:36:30.942152 +0000 build-debian4: .if [ "sbsigntools" = linux-template-builder ]; then
2022-12-13 09:36:30.942168 +0000 build-debian4: export TEMPLATE_NAME=$(MAKEFLAGS= make -s -C qubes-src/linux-template-builder DIST=buster template-name)
2022-12-13 09:36:30.942176 +0000 build-debian4: fi
2022-12-13 09:36:30.942201 +0000 build-debian4: component_packages=$(MAKEFLAGS= make -s -f Makefile.generic DIST=buster PACKAGE_SET=vm COMPONENT=`basename qubes-src/sbsigntools` UPDATE_REPO=/home/user/builder-r4.1/$repo_basedir/current/vm/buster get-var GET_VAR=PACKAGE_LIST); \
2022-12-13 09:36:30.942212 +0000 build-debian4: .if [ -z "$component_packages" ]; then \
2022-12-13 09:36:30.942221 +0000 build-debian4: ..echo "no packages."; \
2022-12-13 09:36:30.942229 +0000 build-debian4: ..exit 0; \
2022-12-13 09:36:30.942236 +0000 build-debian4: .fi; \
2022-12-13 09:36:30.942247 +0000 build-debian4: .make -s -f Makefile.generic DIST=buster PACKAGE_SET=vm \
2022-12-13 09:36:30.942258 +0000 build-debian4: ..COMPONENT=`basename qubes-src/sbsigntools` \
2022-12-13 09:36:30.942293 +0000 build-debian4: ..SNAPSHOT_REPO=current-testing \
2022-12-13 09:36:30.942304 +0000 build-debian4: ..TARGET_REPO=current \
2022-12-13 09:36:30.942319 +0000 build-debian4: ..UPDATE_REPO=/home/user/builder-r4.1/$repo_basedir/current/vm/buster \
2022-12-13 09:36:30.942335 +0000 build-debian4: ..SNAPSHOT_FILE=/home/user/builder-r4.1/repo-latest-snapshot/current-testing-vm-buster-`basename qubes-src/sbsigntools` \
2022-12-13 09:36:30.942344 +0000 build-debian4: ..BUILD_LOG_URL= \
2022-12-13 09:36:30.942353 +0000 build-debian4: ..update-repo-from-snapshot || exit 1; \
2022-12-13 09:36:30.942366 +0000 build-debian4: elif make -C qubes-src/sbsigntools -n update-repo-current >/dev/null 2>/dev/null; then \
2022-12-13 09:36:30.942376 +0000 build-debian4: .echo "Updating qubes-src/sbsigntools... "; \
2022-12-13 09:36:30.942389 +0000 build-debian4: .DIST=buster UPDATE_REPO=/home/user/builder-r4.1/$repo_basedir/current/vm/buster \
2022-12-13 09:36:30.942401 +0000 build-debian4: .make -s -C qubes-src/sbsigntools update-repo-current || exit 1; \
2022-12-13 09:36:30.942408 +0000 build-debian4: else \
2022-12-13 09:36:30.942418 +0000 build-debian4: .echo -n "Updating qubes-src/sbsigntools... skipping."; \
2022-12-13 09:36:30.942425 +0000 build-debian4: fi; \
2022-12-13 09:36:30.942432 +0000 build-debian4: echo
2022-12-13 09:36:30.942442 +0000 build-debian4: Updating qubes-src/sbsigntools... no packages.
2022-12-13 09:36:30.942457 +0000 build-debian4: Makefile:832: update target 'internal-update-repo-current.vm.buster' due to: internal-update-repo-current.vm.buster.sbsigntools
2022-12-13 09:36:30.942465 +0000 build-debian4: true
2022-12-13 09:36:30.942476 +0000 build-debian4: Makefile:945: target 'post-update-repo-current' does not exist
2022-12-13 09:36:30.942482 +0000 build-debian4: true
2022-12-13 09:36:30.942505 +0000 build-debian4: Makefile:819: update target 'update-repo-current' due to: internal-update-repo-current.vm.bookworm internal-update-repo-current.vm.bullseye internal-update-repo-current.vm.buster post-update-repo-current
2022-12-13 09:36:30.942512 +0000 build-debian4: true
2022-12-13 09:36:30.942519 +0000 build-debian4: > done
2022-12-13 09:36:30.942528 +0000 > closing log
