2021-09-09 02:36:43.541649 +0000 > starting log
2021-09-09 02:36:43.542000 +0000 build-debian4: > starting build with log
2021-09-09 02:36:43.542013 +0000 build-debian4: >> make args: update-repo-current
2021-09-09 02:36:43.542020 +0000 build-debian4: >> MAKEFLAGS=
2021-09-09 02:36:43.542028 +0000 build-debian4: >> COMPONENTS=linux-kernel
2021-09-09 02:36:43.542034 +0000 build-debian4: >> DISTS_VM=buster bullseye
2021-09-09 02:36:43.542040 +0000 build-debian4: >> DIST_DOM0=
2021-09-09 02:36:43.542049 +0000 build-debian4: >> qubes-builder b9f0322e4f311561d3910b65396e428990b70f6a
2021-09-09 02:36:43.542058 +0000 build-debian4: >> qubes-builder/qubes-src/linux-kernel 0254d6aade0152233969ef1a91cb588f4194cd92
2021-09-09 02:36:43.542069 +0000 build-debian4: >> qubes-builder/qubes-src/linux-kernel/dummy-backlight 33420931ad20f1e3edc805d0db89da2a73c044cb
2021-09-09 02:36:43.593426 +0000 build-debian4: >> qubes-builder/qubes-src/linux-kernel/dummy-psu 49475d88d94e079bda8212ddb8489f1654615047
2021-09-09 02:36:43.680749 +0000 build-debian4: >> qubes-builder/qubes-src/linux-kernel/linux-utils 97271bab41f588b0c9dc8cbcf3ff70bd775e1ec3
2021-09-09 02:36:43.775311 +0000 build-debian4: ================================================================================
2021-09-09 02:36:43.775360 +0000 build-debian4:                            B U I L D   I N F O                                  
2021-09-09 02:36:43.775373 +0000 build-debian4: Items in red indicate it was automatically generated by configuration file(s)
2021-09-09 02:36:43.775383 +0000 build-debian4: Items in white indicate it was automatically removed by configuration file(s)
2021-09-09 02:36:43.775393 +0000 build-debian4: ================================================================================
2021-09-09 02:36:43.775400 +0000 build-debian4: DISTS_VM:
2021-09-09 02:36:43.775409 +0000 build-debian4:      buster+standard, bullseye+standard, buster bullseye
2021-09-09 02:36:43.775414 +0000 build-debian4: DISTS_ALL:
2021-09-09 02:36:43.775421 +0000 build-debian4:      vm-bullseye, vm-buster,
2021-09-09 02:36:43.775427 +0000 build-debian4: DIST_DOM0:
2021-09-09 02:36:43.775433 +0000 build-debian4:     
2021-09-09 02:36:43.775438 +0000 build-debian4: BUILDER_PLUGINS:
2021-09-09 02:36:43.807710 +0000 build-debian4:      builder-debian, mgmt-salt, release-configs, linux-deb, builder-github,
2021-09-09 02:36:43.807751 +0000 build-debian4: COMPONENTS:
2021-09-09 02:36:43.808190 +0000 build-debian4:      linux-kernel,
2021-09-09 02:36:43.808212 +0000 build-debian4: GIT_REPOS:
2021-09-09 02:36:43.811094 +0000 build-debian4:      qubes-src/linux-kernel,
2021-09-09 02:36:43.811130 +0000 build-debian4: TEMPLATE:
2021-09-09 02:36:43.813995 +0000 build-debian4:     
2021-09-09 02:36:43.814031 +0000 build-debian4: TEMPLATE_FLAVOR_DIR:
2021-09-09 02:36:43.814136 +0000 build-debian4:     
2021-09-09 02:36:43.814154 +0000 build-debian4: TEMPLATE_ALIAS:
2021-09-09 02:36:43.816682 +0000 build-debian4:      stretch:stretch+standard, stretch+gnome:stretch+gnome+standard,
2021-09-09 02:36:43.816722 +0000 build-debian4:      stretch+minimal:stretch+minimal+no-recommends, buster:buster+standard,
2021-09-09 02:36:43.816734 +0000 build-debian4:      buster+gnome:buster+gnome+standard, buster+minimal:buster+minimal+no-recommends,
2021-09-09 02:36:43.816745 +0000 build-debian4:      bullseye:bullseye+standard, bullseye+gnome:bullseye+gnome+standard,
2021-09-09 02:36:43.816754 +0000 build-debian4:      bullseye+minimal:bullseye+minimal+no-recommends, bionic:bionic+standard,
2021-09-09 02:36:43.816765 +0000 build-debian4:      focal:focal+standard, whonix-gateway-14:stretch+whonix-gateway+minimal+no-recommends,
2021-09-09 02:36:43.816774 +0000 build-debian4:      whonix-workstation-14:stretch+whonix-workstation+minimal+no-recommends,
2021-09-09 02:36:43.816783 +0000 build-debian4:      whonix-gateway-15:buster+whonix-gateway+minimal+no-recommends,
2021-09-09 02:36:43.816793 +0000 build-debian4:      whonix-workstation-15:buster+whonix-workstation+minimal+no-recommends,
2021-09-09 02:36:43.816799 +0000 build-debian4: TEMPLATE_LABEL:
2021-09-09 02:36:43.823695 +0000 build-debian4:      buster+standard:debian-10, bullseye+standard:debian-11, buster+standard:buster, bullseye+standard:bullseye,
2021-09-09 02:36:43.823736 +0000 build-debian4:      fc32:fedora-32 fc33:fedora-33 fc34:fedora-34 fc35:fedora-35 fc32+minimal:fedora-32-minimal
2021-09-09 02:36:43.823751 +0000 build-debian4:      fc33+minimal:fedora-33-minimal fc34+minimal:fedora-34-minimal fc35+minimal:fedora-35-minimal
2021-09-09 02:36:43.823763 +0000 build-debian4:      fc32+xfce:fedora-32-xfce fc33+xfce:fedora-33-xfce fc34+xfce:fedora-34-xfce fc35+xfce:fedora-35-xfce
2021-09-09 02:36:43.823774 +0000 build-debian4:      stretch:debian-9 stretch+standard:debian-9 stretch+xfce:debian-9-xfce buster:debian-10
2021-09-09 02:36:43.823785 +0000 build-debian4:      buster+xfce:debian-10-xfce bullseye:debian-11 bullseye+xfce:debian-11-xfce bionic+standard:bionic
2021-09-09 02:36:43.823796 +0000 build-debian4:      focal+standard:focal stretch+whonix-gateway+minimal+no-recommends:whonix-gw-14
2021-09-09 02:36:43.823805 +0000 build-debian4:      stretch+whonix-workstation+minimal+no-recommends:whonix-ws-14
2021-09-09 02:36:43.823814 +0000 build-debian4:      buster+whonix-gateway+minimal+no-recommends:whonix-gw-15
2021-09-09 02:36:43.823824 +0000 build-debian4:      buster+whonix-workstation+minimal+no-recommends:whonix-ws-15 centos7:centos-7
2021-09-09 02:36:43.823834 +0000 build-debian4:      centos7+minimal:centos-7-minimal centos7+xfce:centos-7-xfce centos-stream8:centos-stream-8
2021-09-09 02:36:43.823845 +0000 build-debian4:      centos-stream8+minimal:centos-stream-8-minimal centos-stream8+xfce:centos-stream-8-xfce
2021-09-09 02:36:43.841422 +0000 build-debian4: > running make
2021-09-09 02:36:43.849233 +0000 build-debian4: Makefile:857: target 'internal-update-repo-current.vm.bullseye.linux-kernel' does not exist
2021-09-09 02:36:43.849272 +0000 build-debian4: repo_base_var="LINUX_REPO_${DIST//-/_}_BASEDIR"; \
2021-09-09 02:36:43.849283 +0000 build-debian4: if [ "linux-kernel" = linux-template-builder ]; then \
2021-09-09 02:36:43.849313 +0000 build-debian4: .# templates belongs to dom0 repository, even though PACKAGE_SET=vm
2021-09-09 02:36:43.849322 +0000 build-debian4: repo_base_var="LINUX_REPO__BASEDIR"; \
2021-09-09 02:36:43.849329 +0000 build-debian4: fi; \
2021-09-09 02:36:43.849337 +0000 build-debian4: if [ -n "${!repo_base_var}" ]; then \
2021-09-09 02:36:43.849344 +0000 build-debian4: .repo_basedir="${!repo_base_var}"; \
2021-09-09 02:36:43.849350 +0000 build-debian4: else \
2021-09-09 02:36:43.849358 +0000 build-debian4: .repo_basedir="qubes-src/linux-deb/r4.1"; \
2021-09-09 02:36:43.849364 +0000 build-debian4: fi; \
2021-09-09 02:36:43.849372 +0000 build-debian4: if [ -r qubes-src/linux-kernel/Makefile.builder ]; then \
2021-09-09 02:36:43.849380 +0000 build-debian4: .echo -n "Updating qubes-src/linux-kernel... "; \
2021-09-09 02:36:43.849387 +0000 build-debian4: .if [ "0" -eq 1 ]; then \
2021-09-09 02:36:43.849397 +0000 build-debian4: ..vtag=`git -C qubes-src/linux-kernel tag --points-at HEAD --list v*`; \
2021-09-09 02:36:43.849404 +0000 build-debian4: ..if [ -z "$vtag" ]; then \
2021-09-09 02:36:43.849411 +0000 build-debian4: ...echo "no version tag"; \
2021-09-09 02:36:43.849417 +0000 build-debian4: ...exit 0; \
2021-09-09 02:36:43.849423 +0000 build-debian4: ..fi; \
2021-09-09 02:36:43.849428 +0000 build-debian4: .fi; \
2021-09-09 02:36:43.849436 +0000 build-debian4: .if [ "linux-kernel" = linux-template-builder ]; then
2021-09-09 02:36:43.849447 +0000 build-debian4: export TEMPLATE_NAME=$(MAKEFLAGS= make -s -C qubes-src/linux-template-builder DIST=bullseye template-name)
2021-09-09 02:36:43.849454 +0000 build-debian4: fi
2021-09-09 02:36:43.849473 +0000 build-debian4: component_packages=$(MAKEFLAGS= make -s -f Makefile.generic DIST=bullseye PACKAGE_SET=vm COMPONENT=`basename qubes-src/linux-kernel` UPDATE_REPO=/home/user/builder-r4.1/$repo_basedir/current/vm/bullseye get-var GET_VAR=PACKAGE_LIST); \
2021-09-09 02:36:43.849482 +0000 build-debian4: .if [ -z "$component_packages" ]; then \
2021-09-09 02:36:43.849506 +0000 build-debian4: ..echo "no packages."; \
2021-09-09 02:36:43.849514 +0000 build-debian4: ..exit 0; \
2021-09-09 02:36:43.849519 +0000 build-debian4: .fi; \
2021-09-09 02:36:43.849528 +0000 build-debian4: .make -s -f Makefile.generic DIST=bullseye PACKAGE_SET=vm \
2021-09-09 02:36:43.849536 +0000 build-debian4: ..COMPONENT=`basename qubes-src/linux-kernel` \
2021-09-09 02:36:43.849543 +0000 build-debian4: ..SNAPSHOT_REPO=current-testing \
2021-09-09 02:36:43.849550 +0000 build-debian4: ..TARGET_REPO=current \
2021-09-09 02:36:43.849559 +0000 build-debian4: ..UPDATE_REPO=/home/user/builder-r4.1/$repo_basedir/current/vm/bullseye \
2021-09-09 02:36:43.849571 +0000 build-debian4: ..SNAPSHOT_FILE=/home/user/builder-r4.1/repo-latest-snapshot/current-testing-vm-bullseye-`basename qubes-src/linux-kernel` \
2021-09-09 02:36:43.849578 +0000 build-debian4: ..BUILD_LOG_URL= \
2021-09-09 02:36:43.849586 +0000 build-debian4: ..update-repo-from-snapshot || exit 1; \
2021-09-09 02:36:43.849596 +0000 build-debian4: elif make -C qubes-src/linux-kernel -n update-repo-current >/dev/null 2>/dev/null; then \
2021-09-09 02:36:43.849604 +0000 build-debian4: .echo "Updating qubes-src/linux-kernel... "; \
2021-09-09 02:36:43.849614 +0000 build-debian4: .DIST=bullseye UPDATE_REPO=/home/user/builder-r4.1/$repo_basedir/current/vm/bullseye \
2021-09-09 02:36:43.849623 +0000 build-debian4: .make -s -C qubes-src/linux-kernel update-repo-current || exit 1; \
2021-09-09 02:36:43.849628 +0000 build-debian4: else \
2021-09-09 02:36:43.849637 +0000 build-debian4: .echo -n "Updating qubes-src/linux-kernel... skipping."; \
2021-09-09 02:36:43.849642 +0000 build-debian4: fi; \
2021-09-09 02:36:43.849647 +0000 build-debian4: echo
2021-09-09 02:36:43.919160 +0000 build-debian4: Updating qubes-src/linux-kernel... no packages.
2021-09-09 02:36:43.919215 +0000 build-debian4: Makefile:826: update target 'internal-update-repo-current.vm.bullseye' due to: internal-update-repo-current.vm.bullseye.linux-kernel
2021-09-09 02:36:43.919247 +0000 build-debian4: true
2021-09-09 02:36:43.919261 +0000 build-debian4: Makefile:857: target 'internal-update-repo-current.vm.buster.linux-kernel' does not exist
2021-09-09 02:36:43.919270 +0000 build-debian4: repo_base_var="LINUX_REPO_${DIST//-/_}_BASEDIR"; \
2021-09-09 02:36:43.919278 +0000 build-debian4: if [ "linux-kernel" = linux-template-builder ]; then \
2021-09-09 02:36:43.919291 +0000 build-debian4: .# templates belongs to dom0 repository, even though PACKAGE_SET=vm
2021-09-09 02:36:43.919299 +0000 build-debian4: repo_base_var="LINUX_REPO__BASEDIR"; \
2021-09-09 02:36:43.919306 +0000 build-debian4: fi; \
2021-09-09 02:36:43.919313 +0000 build-debian4: if [ -n "${!repo_base_var}" ]; then \
2021-09-09 02:36:43.919321 +0000 build-debian4: .repo_basedir="${!repo_base_var}"; \
2021-09-09 02:36:43.919326 +0000 build-debian4: else \
2021-09-09 02:36:43.919334 +0000 build-debian4: .repo_basedir="qubes-src/linux-deb/r4.1"; \
2021-09-09 02:36:43.919339 +0000 build-debian4: fi; \
2021-09-09 02:36:43.919348 +0000 build-debian4: if [ -r qubes-src/linux-kernel/Makefile.builder ]; then \
2021-09-09 02:36:43.919356 +0000 build-debian4: .echo -n "Updating qubes-src/linux-kernel... "; \
2021-09-09 02:36:43.919363 +0000 build-debian4: .if [ "0" -eq 1 ]; then \
2021-09-09 02:36:43.919372 +0000 build-debian4: ..vtag=`git -C qubes-src/linux-kernel tag --points-at HEAD --list v*`; \
2021-09-09 02:36:43.919379 +0000 build-debian4: ..if [ -z "$vtag" ]; then \
2021-09-09 02:36:43.919386 +0000 build-debian4: ...echo "no version tag"; \
2021-09-09 02:36:43.919392 +0000 build-debian4: ...exit 0; \
2021-09-09 02:36:43.919398 +0000 build-debian4: ..fi; \
2021-09-09 02:36:43.919403 +0000 build-debian4: .fi; \
2021-09-09 02:36:43.919411 +0000 build-debian4: .if [ "linux-kernel" = linux-template-builder ]; then
2021-09-09 02:36:43.919423 +0000 build-debian4: export TEMPLATE_NAME=$(MAKEFLAGS= make -s -C qubes-src/linux-template-builder DIST=buster template-name)
2021-09-09 02:36:43.919446 +0000 build-debian4: fi
2021-09-09 02:36:43.919466 +0000 build-debian4: component_packages=$(MAKEFLAGS= make -s -f Makefile.generic DIST=buster PACKAGE_SET=vm COMPONENT=`basename qubes-src/linux-kernel` UPDATE_REPO=/home/user/builder-r4.1/$repo_basedir/current/vm/buster get-var GET_VAR=PACKAGE_LIST); \
2021-09-09 02:36:43.919475 +0000 build-debian4: .if [ -z "$component_packages" ]; then \
2021-09-09 02:36:43.919482 +0000 build-debian4: ..echo "no packages."; \
2021-09-09 02:36:43.919488 +0000 build-debian4: ..exit 0; \
2021-09-09 02:36:43.919494 +0000 build-debian4: .fi; \
2021-09-09 02:36:43.919502 +0000 build-debian4: .make -s -f Makefile.generic DIST=buster PACKAGE_SET=vm \
2021-09-09 02:36:43.919510 +0000 build-debian4: ..COMPONENT=`basename qubes-src/linux-kernel` \
2021-09-09 02:36:43.919518 +0000 build-debian4: ..SNAPSHOT_REPO=current-testing \
2021-09-09 02:36:43.919524 +0000 build-debian4: ..TARGET_REPO=current \
2021-09-09 02:36:43.919533 +0000 build-debian4: ..UPDATE_REPO=/home/user/builder-r4.1/$repo_basedir/current/vm/buster \
2021-09-09 02:36:43.919546 +0000 build-debian4: ..SNAPSHOT_FILE=/home/user/builder-r4.1/repo-latest-snapshot/current-testing-vm-buster-`basename qubes-src/linux-kernel` \
2021-09-09 02:36:43.919552 +0000 build-debian4: ..BUILD_LOG_URL= \
2021-09-09 02:36:43.919560 +0000 build-debian4: ..update-repo-from-snapshot || exit 1; \
2021-09-09 02:36:43.919570 +0000 build-debian4: elif make -C qubes-src/linux-kernel -n update-repo-current >/dev/null 2>/dev/null; then \
2021-09-09 02:36:43.919578 +0000 build-debian4: .echo "Updating qubes-src/linux-kernel... "; \
2021-09-09 02:36:43.919588 +0000 build-debian4: .DIST=buster UPDATE_REPO=/home/user/builder-r4.1/$repo_basedir/current/vm/buster \
2021-09-09 02:36:43.919597 +0000 build-debian4: .make -s -C qubes-src/linux-kernel update-repo-current || exit 1; \
2021-09-09 02:36:43.919603 +0000 build-debian4: else \
2021-09-09 02:36:43.919611 +0000 build-debian4: .echo -n "Updating qubes-src/linux-kernel... skipping."; \
2021-09-09 02:36:43.919616 +0000 build-debian4: fi; \
2021-09-09 02:36:43.919622 +0000 build-debian4: echo
2021-09-09 02:36:43.950452 +0000 build-debian4: Updating qubes-src/linux-kernel... no packages.
2021-09-09 02:36:43.950502 +0000 build-debian4: Makefile:826: update target 'internal-update-repo-current.vm.buster' due to: internal-update-repo-current.vm.buster.linux-kernel
2021-09-09 02:36:43.950511 +0000 build-debian4: true
2021-09-09 02:36:43.950522 +0000 build-debian4: Makefile:939: target 'post-update-repo-current' does not exist
2021-09-09 02:36:43.950527 +0000 build-debian4: true
2021-09-09 02:36:43.950542 +0000 build-debian4: Makefile:813: update target 'update-repo-current' due to: internal-update-repo-current.vm.bullseye internal-update-repo-current.vm.buster post-update-repo-current
2021-09-09 02:36:43.950549 +0000 build-debian4: true
2021-09-09 02:36:43.950554 +0000 build-debian4: > done
2021-09-09 02:36:43.950564 +0000 > closing log
