2021-11-30 22:02:44.203596 +0000 > starting log
2021-11-30 22:02:44.203942 +0000 build-debian4: > starting build with log
2021-11-30 22:02:44.203955 +0000 build-debian4: >> make args: update-repo-current
2021-11-30 22:02:44.203962 +0000 build-debian4: >> MAKEFLAGS=
2021-11-30 22:02:44.203969 +0000 build-debian4: >> COMPONENTS=lorax-templates
2021-11-30 22:02:44.203976 +0000 build-debian4: >> DISTS_VM=buster bullseye
2021-11-30 22:02:44.203982 +0000 build-debian4: >> DIST_DOM0=
2021-11-30 22:02:44.203990 +0000 build-debian4: >> qubes-builder 55a924b82c57606792986de1934b9bc1b7f5f6a8
2021-11-30 22:02:44.228164 +0000 build-debian4: >> qubes-builder/qubes-src/lorax-templates 5a083d9b41438437e1b6372e9286880bd65ea6ba
2021-11-30 22:02:44.461125 +0000 build-debian4: ================================================================================
2021-11-30 22:02:44.461173 +0000 build-debian4:                            B U I L D   I N F O                                  
2021-11-30 22:02:44.461186 +0000 build-debian4: Items in red indicate it was automatically generated by configuration file(s)
2021-11-30 22:02:44.461197 +0000 build-debian4: Items in white indicate it was automatically removed by configuration file(s)
2021-11-30 22:02:44.461207 +0000 build-debian4: ================================================================================
2021-11-30 22:02:44.461213 +0000 build-debian4: DISTS_VM:
2021-11-30 22:02:44.461221 +0000 build-debian4:      buster+standard, bullseye+standard, buster bullseye
2021-11-30 22:02:44.461227 +0000 build-debian4: DISTS_ALL:
2021-11-30 22:02:44.461234 +0000 build-debian4:      vm-bullseye, vm-buster,
2021-11-30 22:02:44.461239 +0000 build-debian4: DIST_DOM0:
2021-11-30 22:02:44.465464 +0000 build-debian4:     
2021-11-30 22:02:44.465498 +0000 build-debian4: BUILDER_PLUGINS:
2021-11-30 22:02:44.475938 +0000 build-debian4:      builder-debian, mgmt-salt, release-configs, linux-deb, builder-github,
2021-11-30 22:02:44.475973 +0000 build-debian4: COMPONENTS:
2021-11-30 22:02:44.481735 +0000 build-debian4:      lorax-templates,
2021-11-30 22:02:44.481768 +0000 build-debian4: GIT_REPOS:
2021-11-30 22:02:44.485257 +0000 build-debian4:      qubes-src/lorax-templates,
2021-11-30 22:02:44.485289 +0000 build-debian4: TEMPLATE:
2021-11-30 22:02:44.500125 +0000 build-debian4:     
2021-11-30 22:02:44.500160 +0000 build-debian4: TEMPLATE_FLAVOR_DIR:
2021-11-30 22:02:44.505373 +0000 build-debian4:     
2021-11-30 22:02:44.509976 +0000 build-debian4: TEMPLATE_ALIAS:
2021-11-30 22:02:44.510322 +0000 build-debian4:      stretch:stretch+standard, stretch+gnome:stretch+gnome+standard,
2021-11-30 22:02:44.510353 +0000 build-debian4:      stretch+minimal:stretch+minimal+no-recommends, buster:buster+standard, buster+gnome:buster+gnome+standard,
2021-11-30 22:02:44.510366 +0000 build-debian4:      buster+minimal:buster+minimal+no-recommends, bullseye:bullseye+standard,
2021-11-30 22:02:44.510377 +0000 build-debian4:      bullseye+gnome:bullseye+gnome+standard, bullseye+minimal:bullseye+minimal+no-recommends,
2021-11-30 22:02:44.510389 +0000 build-debian4:      bionic:bionic+standard, focal:focal+standard, whonix-gateway-15:buster+whonix-gateway+minimal+no-recommends,
2021-11-30 22:02:44.510399 +0000 build-debian4:      whonix-workstation-15:buster+whonix-workstation+minimal+no-recommends,
2021-11-30 22:02:44.510408 +0000 build-debian4:      whonix-gateway-16:bullseye+whonix-gateway+minimal+no-recommends,
2021-11-30 22:02:44.510418 +0000 build-debian4:      whonix-workstation-16:bullseye+whonix-workstation+minimal+no-recommends,
2021-11-30 22:02:44.529492 +0000 build-debian4: TEMPLATE_LABEL:
2021-11-30 22:02:44.605231 +0000 build-debian4:      buster+standard:debian-10, bullseye+standard:debian-11, buster+standard:buster, bullseye+standard:bullseye,
2021-11-30 22:02:44.605278 +0000 build-debian4:      fc32:fedora-32 fc33:fedora-33 fc34:fedora-34 fc35:fedora-35 fc32+minimal:fedora-32-minimal
2021-11-30 22:02:44.605293 +0000 build-debian4:      fc33+minimal:fedora-33-minimal fc34+minimal:fedora-34-minimal fc35+minimal:fedora-35-minimal
2021-11-30 22:02:44.605326 +0000 build-debian4:      fc32+xfce:fedora-32-xfce fc33+xfce:fedora-33-xfce fc34+xfce:fedora-34-xfce fc35+xfce:fedora-35-xfce
2021-11-30 22:02:44.605339 +0000 build-debian4:      stretch:debian-9 stretch+standard:debian-9 stretch+xfce:debian-9-xfce buster:debian-10
2021-11-30 22:02:44.605351 +0000 build-debian4:      buster+xfce:debian-10-xfce bullseye:debian-11 bullseye+xfce:debian-11-xfce bionic+standard:bionic
2021-11-30 22:02:44.605361 +0000 build-debian4:      focal+standard:focal buster+whonix-gateway+minimal+no-recommends:whonix-gw-15
2021-11-30 22:02:44.605369 +0000 build-debian4:      buster+whonix-workstation+minimal+no-recommends:whonix-ws-15
2021-11-30 22:02:44.605378 +0000 build-debian4:      bullseye+whonix-gateway+minimal+no-recommends:whonix-gw-16
2021-11-30 22:02:44.605388 +0000 build-debian4:      bullseye+whonix-workstation+minimal+no-recommends:whonix-ws-16 centos7:centos-7
2021-11-30 22:02:44.605399 +0000 build-debian4:      centos7+minimal:centos-7-minimal centos7+xfce:centos-7-xfce centos-stream8:centos-stream-8
2021-11-30 22:02:44.605409 +0000 build-debian4:      centos-stream8+minimal:centos-stream-8-minimal centos-stream8+xfce:centos-stream-8-xfce
2021-11-30 22:02:44.626099 +0000 build-debian4: > running make
2021-11-30 22:02:44.632916 +0000 build-debian4: Makefile:863: target 'internal-update-repo-current.vm.bullseye.lorax-templates' does not exist
2021-11-30 22:02:44.632952 +0000 build-debian4: repo_base_var="LINUX_REPO_${DIST//-/_}_BASEDIR"; \
2021-11-30 22:02:44.632963 +0000 build-debian4: if [ "lorax-templates" = linux-template-builder ]; then \
2021-11-30 22:02:44.632973 +0000 build-debian4: .# templates belongs to dom0 repository, even though PACKAGE_SET=vm
2021-11-30 22:02:44.632981 +0000 build-debian4: repo_base_var="LINUX_REPO__BASEDIR"; \
2021-11-30 22:02:44.632987 +0000 build-debian4: fi; \
2021-11-30 22:02:44.632994 +0000 build-debian4: if [ -n "${!repo_base_var}" ]; then \
2021-11-30 22:02:44.633001 +0000 build-debian4: .repo_basedir="${!repo_base_var}"; \
2021-11-30 22:02:44.633006 +0000 build-debian4: else \
2021-11-30 22:02:44.633014 +0000 build-debian4: .repo_basedir="qubes-src/linux-deb/r4.1"; \
2021-11-30 22:02:44.633019 +0000 build-debian4: fi; \
2021-11-30 22:02:44.633027 +0000 build-debian4: if [ -r qubes-src/lorax-templates/Makefile.builder ]; then \
2021-11-30 22:02:44.633035 +0000 build-debian4: .echo -n "Updating qubes-src/lorax-templates... "; \
2021-11-30 22:02:44.633042 +0000 build-debian4: .if [ "0" -eq 1 ]; then \
2021-11-30 22:02:44.633051 +0000 build-debian4: ..vtag=`git -C qubes-src/lorax-templates tag --points-at HEAD --list v*`; \
2021-11-30 22:02:44.633058 +0000 build-debian4: ..if [ -z "$vtag" ]; then \
2021-11-30 22:02:44.633065 +0000 build-debian4: ...echo "no version tag"; \
2021-11-30 22:02:44.633070 +0000 build-debian4: ...exit 0; \
2021-11-30 22:02:44.633076 +0000 build-debian4: ..fi; \
2021-11-30 22:02:44.633081 +0000 build-debian4: .fi; \
2021-11-30 22:02:44.633089 +0000 build-debian4: .if [ "lorax-templates" = linux-template-builder ]; then
2021-11-30 22:02:44.633100 +0000 build-debian4: export TEMPLATE_NAME=$(MAKEFLAGS= make -s -C qubes-src/linux-template-builder DIST=bullseye template-name)
2021-11-30 22:02:44.633105 +0000 build-debian4: fi
2021-11-30 22:02:44.633126 +0000 build-debian4: component_packages=$(MAKEFLAGS= make -s -f Makefile.generic DIST=bullseye PACKAGE_SET=vm COMPONENT=`basename qubes-src/lorax-templates` UPDATE_REPO=/home/user/builder-r4.1/$repo_basedir/current/vm/bullseye get-var GET_VAR=PACKAGE_LIST); \
2021-11-30 22:02:44.633134 +0000 build-debian4: .if [ -z "$component_packages" ]; then \
2021-11-30 22:02:44.633141 +0000 build-debian4: ..echo "no packages."; \
2021-11-30 22:02:44.633146 +0000 build-debian4: ..exit 0; \
2021-11-30 22:02:44.633151 +0000 build-debian4: .fi; \
2021-11-30 22:02:44.633160 +0000 build-debian4: .make -s -f Makefile.generic DIST=bullseye PACKAGE_SET=vm \
2021-11-30 22:02:44.633181 +0000 build-debian4: ..COMPONENT=`basename qubes-src/lorax-templates` \
2021-11-30 22:02:44.633189 +0000 build-debian4: ..SNAPSHOT_REPO=current-testing \
2021-11-30 22:02:44.633196 +0000 build-debian4: ..TARGET_REPO=current \
2021-11-30 22:02:44.633205 +0000 build-debian4: ..UPDATE_REPO=/home/user/builder-r4.1/$repo_basedir/current/vm/bullseye \
2021-11-30 22:02:44.633217 +0000 build-debian4: ..SNAPSHOT_FILE=/home/user/builder-r4.1/repo-latest-snapshot/current-testing-vm-bullseye-`basename qubes-src/lorax-templates` \
2021-11-30 22:02:44.633224 +0000 build-debian4: ..BUILD_LOG_URL= \
2021-11-30 22:02:44.633231 +0000 build-debian4: ..update-repo-from-snapshot || exit 1; \
2021-11-30 22:02:44.633241 +0000 build-debian4: elif make -C qubes-src/lorax-templates -n update-repo-current >/dev/null 2>/dev/null; then \
2021-11-30 22:02:44.633249 +0000 build-debian4: .echo "Updating qubes-src/lorax-templates... "; \
2021-11-30 22:02:44.633259 +0000 build-debian4: .DIST=bullseye UPDATE_REPO=/home/user/builder-r4.1/$repo_basedir/current/vm/bullseye \
2021-11-30 22:02:44.633268 +0000 build-debian4: .make -s -C qubes-src/lorax-templates update-repo-current || exit 1; \
2021-11-30 22:02:44.633273 +0000 build-debian4: else \
2021-11-30 22:02:44.633281 +0000 build-debian4: .echo -n "Updating qubes-src/lorax-templates... skipping."; \
2021-11-30 22:02:44.633286 +0000 build-debian4: fi; \
2021-11-30 22:02:44.633291 +0000 build-debian4: echo
2021-11-30 22:02:44.699760 +0000 build-debian4: Updating qubes-src/lorax-templates... no packages.
2021-11-30 22:02:44.713283 +0000 build-debian4: Makefile:832: update target 'internal-update-repo-current.vm.bullseye' due to: internal-update-repo-current.vm.bullseye.lorax-templates
2021-11-30 22:02:44.713320 +0000 build-debian4: true
2021-11-30 22:02:44.720786 +0000 build-debian4: Makefile:863: target 'internal-update-repo-current.vm.buster.lorax-templates' does not exist
2021-11-30 22:02:44.720823 +0000 build-debian4: repo_base_var="LINUX_REPO_${DIST//-/_}_BASEDIR"; \
2021-11-30 22:02:44.720834 +0000 build-debian4: if [ "lorax-templates" = linux-template-builder ]; then \
2021-11-30 22:02:44.720844 +0000 build-debian4: .# templates belongs to dom0 repository, even though PACKAGE_SET=vm
2021-11-30 22:02:44.720852 +0000 build-debian4: repo_base_var="LINUX_REPO__BASEDIR"; \
2021-11-30 22:02:44.720857 +0000 build-debian4: fi; \
2021-11-30 22:02:44.720865 +0000 build-debian4: if [ -n "${!repo_base_var}" ]; then \
2021-11-30 22:02:44.720872 +0000 build-debian4: .repo_basedir="${!repo_base_var}"; \
2021-11-30 22:02:44.720881 +0000 build-debian4: else \
2021-11-30 22:02:44.720888 +0000 build-debian4: .repo_basedir="qubes-src/linux-deb/r4.1"; \
2021-11-30 22:02:44.720894 +0000 build-debian4: fi; \
2021-11-30 22:02:44.720902 +0000 build-debian4: if [ -r qubes-src/lorax-templates/Makefile.builder ]; then \
2021-11-30 22:02:44.720910 +0000 build-debian4: .echo -n "Updating qubes-src/lorax-templates... "; \
2021-11-30 22:02:44.720916 +0000 build-debian4: .if [ "0" -eq 1 ]; then \
2021-11-30 22:02:44.720926 +0000 build-debian4: ..vtag=`git -C qubes-src/lorax-templates tag --points-at HEAD --list v*`; \
2021-11-30 22:02:44.720933 +0000 build-debian4: ..if [ -z "$vtag" ]; then \
2021-11-30 22:02:44.720940 +0000 build-debian4: ...echo "no version tag"; \
2021-11-30 22:02:44.720945 +0000 build-debian4: ...exit 0; \
2021-11-30 22:02:44.720951 +0000 build-debian4: ..fi; \
2021-11-30 22:02:44.720956 +0000 build-debian4: .fi; \
2021-11-30 22:02:44.720964 +0000 build-debian4: .if [ "lorax-templates" = linux-template-builder ]; then
2021-11-30 22:02:44.720975 +0000 build-debian4: export TEMPLATE_NAME=$(MAKEFLAGS= make -s -C qubes-src/linux-template-builder DIST=buster template-name)
2021-11-30 22:02:44.720981 +0000 build-debian4: fi
2021-11-30 22:02:44.721000 +0000 build-debian4: component_packages=$(MAKEFLAGS= make -s -f Makefile.generic DIST=buster PACKAGE_SET=vm COMPONENT=`basename qubes-src/lorax-templates` UPDATE_REPO=/home/user/builder-r4.1/$repo_basedir/current/vm/buster get-var GET_VAR=PACKAGE_LIST); \
2021-11-30 22:02:44.721024 +0000 build-debian4: .if [ -z "$component_packages" ]; then \
2021-11-30 22:02:44.721031 +0000 build-debian4: ..echo "no packages."; \
2021-11-30 22:02:44.721037 +0000 build-debian4: ..exit 0; \
2021-11-30 22:02:44.721042 +0000 build-debian4: .fi; \
2021-11-30 22:02:44.721050 +0000 build-debian4: .make -s -f Makefile.generic DIST=buster PACKAGE_SET=vm \
2021-11-30 22:02:44.721058 +0000 build-debian4: ..COMPONENT=`basename qubes-src/lorax-templates` \
2021-11-30 22:02:44.721065 +0000 build-debian4: ..SNAPSHOT_REPO=current-testing \
2021-11-30 22:02:44.721071 +0000 build-debian4: ..TARGET_REPO=current \
2021-11-30 22:02:44.721080 +0000 build-debian4: ..UPDATE_REPO=/home/user/builder-r4.1/$repo_basedir/current/vm/buster \
2021-11-30 22:02:44.721093 +0000 build-debian4: ..SNAPSHOT_FILE=/home/user/builder-r4.1/repo-latest-snapshot/current-testing-vm-buster-`basename qubes-src/lorax-templates` \
2021-11-30 22:02:44.721099 +0000 build-debian4: ..BUILD_LOG_URL= \
2021-11-30 22:02:44.721107 +0000 build-debian4: ..update-repo-from-snapshot || exit 1; \
2021-11-30 22:02:44.721117 +0000 build-debian4: elif make -C qubes-src/lorax-templates -n update-repo-current >/dev/null 2>/dev/null; then \
2021-11-30 22:02:44.721125 +0000 build-debian4: .echo "Updating qubes-src/lorax-templates... "; \
2021-11-30 22:02:44.721135 +0000 build-debian4: .DIST=buster UPDATE_REPO=/home/user/builder-r4.1/$repo_basedir/current/vm/buster \
2021-11-30 22:02:44.721144 +0000 build-debian4: .make -s -C qubes-src/lorax-templates update-repo-current || exit 1; \
2021-11-30 22:02:44.721149 +0000 build-debian4: else \
2021-11-30 22:02:44.721158 +0000 build-debian4: .echo -n "Updating qubes-src/lorax-templates... skipping."; \
2021-11-30 22:02:44.721163 +0000 build-debian4: fi; \
2021-11-30 22:02:44.721168 +0000 build-debian4: echo
2021-11-30 22:02:44.859544 +0000 build-debian4: Updating qubes-src/lorax-templates... no packages.
2021-11-30 22:02:44.859596 +0000 build-debian4: Makefile:832: update target 'internal-update-repo-current.vm.buster' due to: internal-update-repo-current.vm.buster.lorax-templates
2021-11-30 22:02:44.859627 +0000 build-debian4: true
2021-11-30 22:02:44.859907 +0000 build-debian4: Makefile:945: target 'post-update-repo-current' does not exist
2021-11-30 22:02:44.859923 +0000 build-debian4: true
2021-11-30 22:02:44.861130 +0000 build-debian4: Makefile:819: update target 'update-repo-current' due to: internal-update-repo-current.vm.bullseye internal-update-repo-current.vm.buster post-update-repo-current
2021-11-30 22:02:44.861162 +0000 build-debian4: true
2021-11-30 22:02:44.862555 +0000 build-debian4: > done
2021-11-30 22:02:44.865627 +0000 > closing log
