2019-05-25 13:48:10.578097 +0000 > starting log
2019-05-25 13:48:10.579294 +0000 build-debian4: > starting build with log
2019-05-25 13:48:10.579316 +0000 build-debian4: >> make args: update-repo-current
2019-05-25 13:48:10.579327 +0000 build-debian4: >> MAKEFLAGS=
2019-05-25 13:48:10.579336 +0000 build-debian4: >> COMPONENTS=intel-microcode
2019-05-25 13:48:10.579345 +0000 build-debian4: >> DISTS_VM=jessie stretch buster
2019-05-25 13:48:10.579352 +0000 build-debian4: >> DIST_DOM0=
2019-05-25 13:48:10.579377 +0000 build-debian4: >> qubes-builder 64a661241430c6a22ca98bb11370b2a3e3cf0e12
2019-05-25 13:48:10.579389 +0000 build-debian4: >> qubes-builder/qubes-src/intel-microcode 6b352eaa1cd5bbd29b8505c24b2d3f70f23d1f11
2019-05-25 13:48:10.579397 +0000 build-debian4: !! microcode-20190514.tar.gz
2019-05-25 13:48:10.579405 +0000 build-debian4: !! microcode_ctl-2.1-16.tar.xz
2019-05-25 13:48:10.579413 +0000 build-debian4: !! microcode_ctl-2.1-19.tar.xz
2019-05-25 13:48:10.579426 +0000 build-debian4: fd5e82708d4a7f08630a2c51a182814cc4c0fbd88fe473e871b9784c03cb87e804a9ed4c2f3e041696aabfdd60996f2d50a175bea90f1644f6f3205a37215017  microcode-20190514.tar.gz
2019-05-25 13:48:10.579440 +0000 build-debian4: 9a5a70548daa156db78ad390232bdcb1f8bd50390e9bf7a34c9f27e92be5265b180dc2478958eca9bf735f8e9125a27fa5993accd9bcd9b6f51391c5c0391a41  microcode_ctl-2.1-16.tar.xz
2019-05-25 13:48:10.579453 +0000 build-debian4: d6b61ee16a2d38e062dbced78bf9ecd97fbc7ebd78fbe78c86603f3b45f6a6b7952287a99d764d7d988da09600e047d1f9c7404687806c73e80d4e5a466112df  microcode_ctl-2.1-19.tar.xz
2019-05-25 13:48:10.579463 +0000 build-debian4: ================================================================================
2019-05-25 13:48:10.579474 +0000 build-debian4:                            B U I L D   I N F O                                  
2019-05-25 13:48:10.579483 +0000 build-debian4: Items in red indicate it was automatically generated by configuration file(s)
2019-05-25 13:48:10.579493 +0000 build-debian4: Items in white indicate it was automatically removed by configuration file(s)
2019-05-25 13:48:10.579503 +0000 build-debian4: ================================================================================
2019-05-25 13:48:10.579510 +0000 build-debian4: DISTS_VM:
2019-05-25 13:48:10.579520 +0000 build-debian4:      jessie+standard, stretch+standard, buster, jessie stretch
2019-05-25 13:48:10.579527 +0000 build-debian4: DISTS_ALL:
2019-05-25 13:48:10.579535 +0000 build-debian4:      vm-buster, vm-jessie, vm-stretch,
2019-05-25 13:48:10.579542 +0000 build-debian4: DIST_DOM0:
2019-05-25 13:48:10.579821 +0000 build-debian4:     
2019-05-25 13:48:10.580235 +0000 build-debian4: BUILDER_PLUGINS:
2019-05-25 13:48:10.581786 +0000 build-debian4:      builder-debian, mgmt-salt, linux-deb, builder-github,
2019-05-25 13:48:10.582192 +0000 build-debian4: COMPONENTS:
2019-05-25 13:48:10.583732 +0000 build-debian4:      intel-microcode,
2019-05-25 13:48:10.584336 +0000 build-debian4: GIT_REPOS:
2019-05-25 13:48:10.585771 +0000 build-debian4:      qubes-src/intel-microcode,
2019-05-25 13:48:10.586195 +0000 build-debian4: TEMPLATE:
2019-05-25 13:48:10.587741 +0000 build-debian4:     
2019-05-25 13:48:10.588163 +0000 build-debian4: TEMPLATE_FLAVOR_DIR:
2019-05-25 13:48:10.589668 +0000 build-debian4:     
2019-05-25 13:48:10.590347 +0000 build-debian4: TEMPLATE_ALIAS:
2019-05-25 13:48:10.591701 +0000 build-debian4:      jessie:jessie+standard, jessie+gnome:jessie+gnome+standard,
2019-05-25 13:48:10.591736 +0000 build-debian4:      jessie+minimal:jessie+minimal+no-recommends, stretch:stretch+standard, stretch+gnome:stretch+gnome+standard,
2019-05-25 13:48:10.591753 +0000 build-debian4:      stretch+minimal:stretch+minimal+no-recommends, whonix-gateway:jessie+whonix-gateway+minimal+no-recommends,
2019-05-25 13:48:10.591765 +0000 build-debian4:      whonix-workstation:jessie+whonix-workstation+minimal+no-recommends,
2019-05-25 13:48:10.591776 +0000 build-debian4:      whonix-gateway-14:stretch+whonix-gateway+minimal+no-recommends,
2019-05-25 13:48:10.591786 +0000 build-debian4:      whonix-workstation-14:stretch+whonix-workstation+minimal+no-recommends,
2019-05-25 13:48:10.592455 +0000 build-debian4: TEMPLATE_LABEL:
2019-05-25 13:48:10.593715 +0000 build-debian4:      jessie+standard:debian-8, stretch+standard:debian-9, jessie+standard:jessie, stretch+standard:stretch,
2019-05-25 13:48:10.593750 +0000 build-debian4:      fc20:fedora-20 fc21:fedora-21 fc22:fedora-22 fc23:fedora-23 fc24:fedora-24 fc25:fedora-25 fc26:fedora-26
2019-05-25 13:48:10.593765 +0000 build-debian4:      fc27:fedora-27 fc28:fedora-28 fc29:fedora-29 fc20+minimal:fedora-20-minimal fc21+minimal:fedora-21-minimal
2019-05-25 13:48:10.593778 +0000 build-debian4:      fc23+minimal:fedora-23-minimal fc24+minimal:fedora-24-minimal fc25+minimal:fedora-25-minimal
2019-05-25 13:48:10.593790 +0000 build-debian4:      fc26+minimal:fedora-26-minimal fc27+minimal:fedora-27-minimal fc28+minimal:fedora-28-minimal
2019-05-25 13:48:10.593801 +0000 build-debian4:      fc29+minimal:fedora-29-minimal fc25+xfce:fedora-25-xfce fc26+xfce:fedora-26-xfce fc27+xfce:fedora-27-xfce
2019-05-25 13:48:10.593812 +0000 build-debian4:      fc28+xfce:fedora-28-xfce fc29+xfce:fedora-29-xfce wheezy:debian-7 wheezy+standard:debian-7
2019-05-25 13:48:10.593824 +0000 build-debian4:      jessie:debian-8 stretch:debian-9 centos7:centos-7 centos7+minimal:centos-7-minimal
2019-05-25 13:48:10.593835 +0000 build-debian4:      centos7+xfce:centos-7-xfce jessie+whonix-gateway+minimal+no-recommends:whonix-gw
2019-05-25 13:48:10.593846 +0000 build-debian4:      jessie+whonix-workstation+minimal+no-recommends:whonix-ws
2019-05-25 13:48:10.593856 +0000 build-debian4:      stretch+whonix-gateway+minimal+no-recommends:whonix-gw-14
2019-05-25 13:48:10.593865 +0000 build-debian4:      stretch+whonix-workstation+minimal+no-recommends:whonix-ws-14
2019-05-25 13:48:10.607111 +0000 build-debian4: > running make
2019-05-25 13:48:10.617738 +0000 build-debian4: Makefile:805: target 'internal-update-repo-current.vm.buster.intel-microcode' does not exist
2019-05-25 13:48:10.617781 +0000 build-debian4: repo_base_var="LINUX_REPO_buster_BASEDIR"; \
2019-05-25 13:48:10.617794 +0000 build-debian4: if [ "intel-microcode" = linux-template-builder ]; then \
2019-05-25 13:48:10.617806 +0000 build-debian4: .# templates belongs to dom0 repository, even though PACKAGE_SET=vm
2019-05-25 13:48:10.617816 +0000 build-debian4: repo_base_var="LINUX_REPO__BASEDIR"; \
2019-05-25 13:48:10.617825 +0000 build-debian4: fi; \
2019-05-25 13:48:10.617834 +0000 build-debian4: if [ -n "${!repo_base_var}" ]; then \
2019-05-25 13:48:10.617843 +0000 build-debian4: .repo_basedir="${!repo_base_var}"; \
2019-05-25 13:48:10.617851 +0000 build-debian4: else \
2019-05-25 13:48:10.617860 +0000 build-debian4: .repo_basedir="qubes-src/linux-deb/r4.0"; \
2019-05-25 13:48:10.617867 +0000 build-debian4: fi; \
2019-05-25 13:48:10.617876 +0000 build-debian4: if [ -r qubes-src/intel-microcode/Makefile.builder ]; then \
2019-05-25 13:48:10.617885 +0000 build-debian4: .echo -n "Updating qubes-src/intel-microcode... "; \
2019-05-25 13:48:10.617893 +0000 build-debian4: .if [ "0" -eq 1 ]; then \
2019-05-25 13:48:10.617904 +0000 build-debian4: ..vtag=`git -C qubes-src/intel-microcode tag --points-at HEAD --list v*`; \
2019-05-25 13:48:10.617913 +0000 build-debian4: ..if [ -z "$vtag" ]; then \
2019-05-25 13:48:10.617924 +0000 build-debian4: ...echo "no version tag"; \
2019-05-25 13:48:10.617932 +0000 build-debian4: ...exit 0; \
2019-05-25 13:48:10.617939 +0000 build-debian4: ..fi; \
2019-05-25 13:48:10.617946 +0000 build-debian4: .fi; \
2019-05-25 13:48:10.617955 +0000 build-debian4: .if [ "intel-microcode" = linux-template-builder ]; then
2019-05-25 13:48:10.617966 +0000 build-debian4: export TEMPLATE_NAME=$(MAKEFLAGS= make -s -C qubes-src/linux-template-builder DIST=buster template-name)
2019-05-25 13:48:10.617974 +0000 build-debian4: fi
2019-05-25 13:48:10.617991 +0000 build-debian4: component_packages=$(MAKEFLAGS= make -s -f Makefile.generic DIST=buster PACKAGE_SET=vm COMPONENT=`basename qubes-src/intel-microcode` UPDATE_REPO=/home/user/builder-r4.0/$repo_basedir/current/vm/buster get-var GET_VAR=PACKAGE_LIST); \
2019-05-25 13:48:10.618013 +0000 build-debian4: .if [ -z "$component_packages" ]; then \
2019-05-25 13:48:10.618022 +0000 build-debian4: ..echo "no packages."; \
2019-05-25 13:48:10.618029 +0000 build-debian4: ..exit 0; \
2019-05-25 13:48:10.618036 +0000 build-debian4: .fi; \
2019-05-25 13:48:10.618045 +0000 build-debian4: .make -s -f Makefile.generic DIST=buster PACKAGE_SET=vm \
2019-05-25 13:48:10.618054 +0000 build-debian4: ..COMPONENT=`basename qubes-src/intel-microcode` \
2019-05-25 13:48:10.618063 +0000 build-debian4: ..SNAPSHOT_REPO=current-testing \
2019-05-25 13:48:10.618070 +0000 build-debian4: ..TARGET_REPO=current \
2019-05-25 13:48:10.618080 +0000 build-debian4: ..UPDATE_REPO=/home/user/builder-r4.0/$repo_basedir/current/vm/buster \
2019-05-25 13:48:10.618092 +0000 build-debian4: ..SNAPSHOT_FILE=/home/user/builder-r4.0/repo-latest-snapshot/current-testing-vm-buster-`basename qubes-src/intel-microcode` \
2019-05-25 13:48:10.618100 +0000 build-debian4: ..BUILD_LOG_URL= \
2019-05-25 13:48:10.618109 +0000 build-debian4: ..update-repo-from-snapshot || exit 1; \
2019-05-25 13:48:10.618119 +0000 build-debian4: elif make -C qubes-src/intel-microcode -n update-repo-current >/dev/null 2>/dev/null; then \
2019-05-25 13:48:10.618129 +0000 build-debian4: .echo "Updating qubes-src/intel-microcode... "; \
2019-05-25 13:48:10.618139 +0000 build-debian4: .DIST=buster UPDATE_REPO=/home/user/builder-r4.0/$repo_basedir/current/vm/buster \
2019-05-25 13:48:10.618149 +0000 build-debian4: .make -s -C qubes-src/intel-microcode update-repo-current || exit 1; \
2019-05-25 13:48:10.618156 +0000 build-debian4: else \
2019-05-25 13:48:10.618165 +0000 build-debian4: .echo -n "Updating qubes-src/intel-microcode... skipping."; \
2019-05-25 13:48:10.618172 +0000 build-debian4: fi; \
2019-05-25 13:48:10.618179 +0000 build-debian4: echo
2019-05-25 13:48:10.637471 +0000 build-debian4: Updating qubes-src/intel-microcode... no packages.
2019-05-25 13:48:10.637552 +0000 build-debian4: Makefile:778: update target 'internal-update-repo-current.vm.buster' due to: internal-update-repo-current.vm.buster.intel-microcode
2019-05-25 13:48:10.637566 +0000 build-debian4: true
2019-05-25 13:48:10.638801 +0000 build-debian4: Makefile:805: target 'internal-update-repo-current.vm.jessie.intel-microcode' does not exist
2019-05-25 13:48:10.638841 +0000 build-debian4: repo_base_var="LINUX_REPO_jessie_BASEDIR"; \
2019-05-25 13:48:10.638854 +0000 build-debian4: if [ "intel-microcode" = linux-template-builder ]; then \
2019-05-25 13:48:10.638868 +0000 build-debian4: .# templates belongs to dom0 repository, even though PACKAGE_SET=vm
2019-05-25 13:48:10.638879 +0000 build-debian4: repo_base_var="LINUX_REPO__BASEDIR"; \
2019-05-25 13:48:10.638889 +0000 build-debian4: fi; \
2019-05-25 13:48:10.638899 +0000 build-debian4: if [ -n "${!repo_base_var}" ]; then \
2019-05-25 13:48:10.638908 +0000 build-debian4: .repo_basedir="${!repo_base_var}"; \
2019-05-25 13:48:10.638920 +0000 build-debian4: else \
2019-05-25 13:48:10.638931 +0000 build-debian4: .repo_basedir="qubes-src/linux-deb/r4.0"; \
2019-05-25 13:48:10.638939 +0000 build-debian4: fi; \
2019-05-25 13:48:10.638950 +0000 build-debian4: if [ -r qubes-src/intel-microcode/Makefile.builder ]; then \
2019-05-25 13:48:10.638960 +0000 build-debian4: .echo -n "Updating qubes-src/intel-microcode... "; \
2019-05-25 13:48:10.638969 +0000 build-debian4: .if [ "0" -eq 1 ]; then \
2019-05-25 13:48:10.638981 +0000 build-debian4: ..vtag=`git -C qubes-src/intel-microcode tag --points-at HEAD --list v*`; \
2019-05-25 13:48:10.638991 +0000 build-debian4: ..if [ -z "$vtag" ]; then \
2019-05-25 13:48:10.639000 +0000 build-debian4: ...echo "no version tag"; \
2019-05-25 13:48:10.639008 +0000 build-debian4: ...exit 0; \
2019-05-25 13:48:10.639015 +0000 build-debian4: ..fi; \
2019-05-25 13:48:10.639023 +0000 build-debian4: .fi; \
2019-05-25 13:48:10.639034 +0000 build-debian4: .if [ "intel-microcode" = linux-template-builder ]; then
2019-05-25 13:48:10.639046 +0000 build-debian4: export TEMPLATE_NAME=$(MAKEFLAGS= make -s -C qubes-src/linux-template-builder DIST=jessie template-name)
2019-05-25 13:48:10.639067 +0000 build-debian4: fi
2019-05-25 13:48:10.639087 +0000 build-debian4: component_packages=$(MAKEFLAGS= make -s -f Makefile.generic DIST=jessie PACKAGE_SET=vm COMPONENT=`basename qubes-src/intel-microcode` UPDATE_REPO=/home/user/builder-r4.0/$repo_basedir/current/vm/jessie get-var GET_VAR=PACKAGE_LIST); \
2019-05-25 13:48:10.639098 +0000 build-debian4: .if [ -z "$component_packages" ]; then \
2019-05-25 13:48:10.639107 +0000 build-debian4: ..echo "no packages."; \
2019-05-25 13:48:10.639115 +0000 build-debian4: ..exit 0; \
2019-05-25 13:48:10.639123 +0000 build-debian4: .fi; \
2019-05-25 13:48:10.639133 +0000 build-debian4: .make -s -f Makefile.generic DIST=jessie PACKAGE_SET=vm \
2019-05-25 13:48:10.639143 +0000 build-debian4: ..COMPONENT=`basename qubes-src/intel-microcode` \
2019-05-25 13:48:10.639153 +0000 build-debian4: ..SNAPSHOT_REPO=current-testing \
2019-05-25 13:48:10.639161 +0000 build-debian4: ..TARGET_REPO=current \
2019-05-25 13:48:10.639172 +0000 build-debian4: ..UPDATE_REPO=/home/user/builder-r4.0/$repo_basedir/current/vm/jessie \
2019-05-25 13:48:10.639186 +0000 build-debian4: ..SNAPSHOT_FILE=/home/user/builder-r4.0/repo-latest-snapshot/current-testing-vm-jessie-`basename qubes-src/intel-microcode` \
2019-05-25 13:48:10.639196 +0000 build-debian4: ..BUILD_LOG_URL= \
2019-05-25 13:48:10.639205 +0000 build-debian4: ..update-repo-from-snapshot || exit 1; \
2019-05-25 13:48:10.639221 +0000 build-debian4: elif make -C qubes-src/intel-microcode -n update-repo-current >/dev/null 2>/dev/null; then \
2019-05-25 13:48:10.639232 +0000 build-debian4: .echo "Updating qubes-src/intel-microcode... "; \
2019-05-25 13:48:10.639244 +0000 build-debian4: .DIST=jessie UPDATE_REPO=/home/user/builder-r4.0/$repo_basedir/current/vm/jessie \
2019-05-25 13:48:10.639255 +0000 build-debian4: .make -s -C qubes-src/intel-microcode update-repo-current || exit 1; \
2019-05-25 13:48:10.639263 +0000 build-debian4: else \
2019-05-25 13:48:10.639273 +0000 build-debian4: .echo -n "Updating qubes-src/intel-microcode... skipping."; \
2019-05-25 13:48:10.639281 +0000 build-debian4: fi; \
2019-05-25 13:48:10.639289 +0000 build-debian4: echo
2019-05-25 13:48:10.658705 +0000 build-debian4: Updating qubes-src/intel-microcode... no packages.
2019-05-25 13:48:10.658760 +0000 build-debian4: Makefile:778: update target 'internal-update-repo-current.vm.jessie' due to: internal-update-repo-current.vm.jessie.intel-microcode
2019-05-25 13:48:10.658773 +0000 build-debian4: true
2019-05-25 13:48:10.659925 +0000 build-debian4: Makefile:805: target 'internal-update-repo-current.vm.stretch.intel-microcode' does not exist
2019-05-25 13:48:10.659955 +0000 build-debian4: repo_base_var="LINUX_REPO_stretch_BASEDIR"; \
2019-05-25 13:48:10.659968 +0000 build-debian4: if [ "intel-microcode" = linux-template-builder ]; then \
2019-05-25 13:48:10.659981 +0000 build-debian4: .# templates belongs to dom0 repository, even though PACKAGE_SET=vm
2019-05-25 13:48:10.659992 +0000 build-debian4: repo_base_var="LINUX_REPO__BASEDIR"; \
2019-05-25 13:48:10.660001 +0000 build-debian4: fi; \
2019-05-25 13:48:10.660012 +0000 build-debian4: if [ -n "${!repo_base_var}" ]; then \
2019-05-25 13:48:10.660021 +0000 build-debian4: .repo_basedir="${!repo_base_var}"; \
2019-05-25 13:48:10.660029 +0000 build-debian4: else \
2019-05-25 13:48:10.660039 +0000 build-debian4: .repo_basedir="qubes-src/linux-deb/r4.0"; \
2019-05-25 13:48:10.660047 +0000 build-debian4: fi; \
2019-05-25 13:48:10.660058 +0000 build-debian4: if [ -r qubes-src/intel-microcode/Makefile.builder ]; then \
2019-05-25 13:48:10.660068 +0000 build-debian4: .echo -n "Updating qubes-src/intel-microcode... "; \
2019-05-25 13:48:10.660077 +0000 build-debian4: .if [ "0" -eq 1 ]; then \
2019-05-25 13:48:10.660089 +0000 build-debian4: ..vtag=`git -C qubes-src/intel-microcode tag --points-at HEAD --list v*`; \
2019-05-25 13:48:10.660098 +0000 build-debian4: ..if [ -z "$vtag" ]; then \
2019-05-25 13:48:10.660107 +0000 build-debian4: ...echo "no version tag"; \
2019-05-25 13:48:10.660128 +0000 build-debian4: ...exit 0; \
2019-05-25 13:48:10.660136 +0000 build-debian4: ..fi; \
2019-05-25 13:48:10.660144 +0000 build-debian4: .fi; \
2019-05-25 13:48:10.660154 +0000 build-debian4: .if [ "intel-microcode" = linux-template-builder ]; then
2019-05-25 13:48:10.660167 +0000 build-debian4: export TEMPLATE_NAME=$(MAKEFLAGS= make -s -C qubes-src/linux-template-builder DIST=stretch template-name)
2019-05-25 13:48:10.660176 +0000 build-debian4: fi
2019-05-25 13:48:10.660196 +0000 build-debian4: component_packages=$(MAKEFLAGS= make -s -f Makefile.generic DIST=stretch PACKAGE_SET=vm COMPONENT=`basename qubes-src/intel-microcode` UPDATE_REPO=/home/user/builder-r4.0/$repo_basedir/current/vm/stretch get-var GET_VAR=PACKAGE_LIST); \
2019-05-25 13:48:10.660208 +0000 build-debian4: .if [ -z "$component_packages" ]; then \
2019-05-25 13:48:10.660217 +0000 build-debian4: ..echo "no packages."; \
2019-05-25 13:48:10.660225 +0000 build-debian4: ..exit 0; \
2019-05-25 13:48:10.660233 +0000 build-debian4: .fi; \
2019-05-25 13:48:10.660243 +0000 build-debian4: .make -s -f Makefile.generic DIST=stretch PACKAGE_SET=vm \
2019-05-25 13:48:10.660253 +0000 build-debian4: ..COMPONENT=`basename qubes-src/intel-microcode` \
2019-05-25 13:48:10.660263 +0000 build-debian4: ..SNAPSHOT_REPO=current-testing \
2019-05-25 13:48:10.660272 +0000 build-debian4: ..TARGET_REPO=current \
2019-05-25 13:48:10.660283 +0000 build-debian4: ..UPDATE_REPO=/home/user/builder-r4.0/$repo_basedir/current/vm/stretch \
2019-05-25 13:48:10.660296 +0000 build-debian4: ..SNAPSHOT_FILE=/home/user/builder-r4.0/repo-latest-snapshot/current-testing-vm-stretch-`basename qubes-src/intel-microcode` \
2019-05-25 13:48:10.660306 +0000 build-debian4: ..BUILD_LOG_URL= \
2019-05-25 13:48:10.660315 +0000 build-debian4: ..update-repo-from-snapshot || exit 1; \
2019-05-25 13:48:10.660327 +0000 build-debian4: elif make -C qubes-src/intel-microcode -n update-repo-current >/dev/null 2>/dev/null; then \
2019-05-25 13:48:10.660338 +0000 build-debian4: .echo "Updating qubes-src/intel-microcode... "; \
2019-05-25 13:48:10.660350 +0000 build-debian4: .DIST=stretch UPDATE_REPO=/home/user/builder-r4.0/$repo_basedir/current/vm/stretch \
2019-05-25 13:48:10.660390 +0000 build-debian4: .make -s -C qubes-src/intel-microcode update-repo-current || exit 1; \
2019-05-25 13:48:10.660400 +0000 build-debian4: else \
2019-05-25 13:48:10.660410 +0000 build-debian4: .echo -n "Updating qubes-src/intel-microcode... skipping."; \
2019-05-25 13:48:10.660418 +0000 build-debian4: fi; \
2019-05-25 13:48:10.660426 +0000 build-debian4: echo
2019-05-25 13:48:10.679902 +0000 build-debian4: Updating qubes-src/intel-microcode... no packages.
2019-05-25 13:48:10.679960 +0000 build-debian4: Makefile:778: update target 'internal-update-repo-current.vm.stretch' due to: internal-update-repo-current.vm.stretch.intel-microcode
2019-05-25 13:48:10.679974 +0000 build-debian4: true
2019-05-25 13:48:10.681058 +0000 build-debian4: Makefile:859: target 'post-update-repo-current' does not exist
2019-05-25 13:48:10.681092 +0000 build-debian4: for dist in  buster jessie stretch; do \
2019-05-25 13:48:10.681106 +0000 build-debian4: .repo_base_var="LINUX_REPO_${dist}_BASEDIR"; \
2019-05-25 13:48:10.681117 +0000 build-debian4: .if [ -n "${!repo_base_var}" ]; then \
2019-05-25 13:48:10.681127 +0000 build-debian4: ..repo_basedir="${!repo_base_var}"; \
2019-05-25 13:48:10.681136 +0000 build-debian4: .else \
2019-05-25 13:48:10.681147 +0000 build-debian4: ..repo_basedir="qubes-src/linux-deb/r4.0"; \
2019-05-25 13:48:10.681155 +0000 build-debian4: .fi; \
2019-05-25 13:48:10.681165 +0000 build-debian4: .repos_to_update="$repos_to_update $repo_basedir"; \
2019-05-25 13:48:10.681174 +0000 build-debian4: done; \
2019-05-25 13:48:10.681182 +0000 build-debian4: pkgset_dist= ; \
2019-05-25 13:48:10.681191 +0000 build-debian4: for dist in ; do \
2019-05-25 13:48:10.681200 +0000 build-debian4: .pkgset_dist="$pkgset_dist dom0/$dist"; \
2019-05-25 13:48:10.681209 +0000 build-debian4: done; \
2019-05-25 13:48:10.681229 +0000 build-debian4: for dist in buster jessie stretch; do \
2019-05-25 13:48:10.681240 +0000 build-debian4: .pkgset_dist="$pkgset_dist vm/$dist"; \
2019-05-25 13:48:10.681248 +0000 build-debian4: done; \
2019-05-25 13:48:10.681258 +0000 build-debian4: for repo in `echo $repos_to_update|tr ' ' '\n'|sort|uniq`; do \
2019-05-25 13:48:10.681268 +0000 build-debian4: .[ -z "$repo" ] && continue; \
2019-05-25 13:48:10.681278 +0000 build-debian4: .[ -x "$repo/../update_repo-current.sh" ] || continue; \
2019-05-25 13:48:10.681289 +0000 build-debian4: .(cd $repo/.. && ./update_repo-current.sh r4.0 $pkgset_dist); \
2019-05-25 13:48:10.681297 +0000 build-debian4: done
2019-05-25 13:48:10.688518 +0000 build-debian4: --> Processing repo: r4.0/vm/dists/buster...
2019-05-25 13:48:10.938132 +0000 build-debian4: --> Processing repo: r4.0/vm/dists/jessie...
2019-05-25 13:48:10.938179 +0000 build-debian4: Error while vchan send, exiting
2019-05-25 13:48:11.488000 +0000 build-debian4: --> Processing repo: r4.0/vm/dists/stretch...
2019-05-25 13:48:11.846695 +0000 build-debian4: Done.
2019-05-25 13:48:11.857884 +0000 build-debian4: ~/builder-r4.0/qubes-src/linux-deb ~/builder-r4.0/qubes-src/linux-deb
2019-05-25 13:48:12.664515 +0000 build-debian4: sending incremental file list
2019-05-25 13:48:12.795921 +0000 build-debian4: Syncing r4.0/vm/buster...
2019-05-25 13:48:12.946111 +0000 build-debian4: sending incremental file list
2019-05-25 13:48:12.986571 +0000 build-debian4: .d..t...... buster/
2019-05-25 13:48:12.986611 +0000 build-debian4: <f..t...... buster/InRelease
2019-05-25 13:48:12.986628 +0000 build-debian4: .            700  28%    0.00kB/s    0:00:00  .          2,500 100%    1.72MB/s    0:00:00 (xfr#1, to-chk=10/12)
2019-05-25 13:48:12.986639 +0000 build-debian4: <f..t...... buster/Release.gpg
2019-05-25 13:48:12.986651 +0000 build-debian4: .            833 100%  813.48kB/s    0:00:00  .            833 100%  813.48kB/s    0:00:00 (xfr#2, to-chk=8/12)
2019-05-25 13:48:13.090743 +0000 build-debian4: Syncing r4.0/vm/buster-securitytesting...
2019-05-25 13:48:13.254677 +0000 build-debian4: sending incremental file list
2019-05-25 13:48:13.361961 +0000 build-debian4: Syncing r4.0/vm/buster-testing...
2019-05-25 13:48:13.529228 +0000 build-debian4: sending incremental file list
2019-05-25 13:48:13.642372 +0000 build-debian4: Syncing r4.0/vm/jessie...
2019-05-25 13:48:13.795477 +0000 build-debian4: sending incremental file list
2019-05-25 13:48:13.846329 +0000 build-debian4: .d..t...... jessie/
2019-05-25 13:48:13.846370 +0000 build-debian4: <f..t...... jessie/InRelease
2019-05-25 13:48:13.846413 +0000 build-debian4: .            700  28%    0.00kB/s    0:00:00  .          2,500 100%    1.72MB/s    0:00:00 (xfr#1, to-chk=10/12)
2019-05-25 13:48:13.846425 +0000 build-debian4: <f..t...... jessie/Release.gpg
2019-05-25 13:48:13.846437 +0000 build-debian4: .            833 100%  813.48kB/s    0:00:00  .            833 100%  813.48kB/s    0:00:00 (xfr#2, to-chk=8/12)
2019-05-25 13:48:13.967527 +0000 build-debian4: Syncing r4.0/vm/jessie-securitytesting...
2019-05-25 13:48:14.134150 +0000 build-debian4: sending incremental file list
2019-05-25 13:48:14.245409 +0000 build-debian4: Syncing r4.0/vm/jessie-testing...
2019-05-25 13:48:14.406848 +0000 build-debian4: sending incremental file list
2019-05-25 13:48:14.508680 +0000 build-debian4: Syncing r4.0/vm/stretch...
2019-05-25 13:48:14.675772 +0000 build-debian4: sending incremental file list
2019-05-25 13:48:14.709258 +0000 build-debian4: .d..t...... stretch/
2019-05-25 13:48:14.709301 +0000 build-debian4: <f..t...... stretch/InRelease
2019-05-25 13:48:14.709318 +0000 build-debian4: .            700  27%    0.00kB/s    0:00:00  .          2,502 100%    1.72MB/s    0:00:00 (xfr#1, to-chk=10/12)
2019-05-25 13:48:14.709329 +0000 build-debian4: <f..t...... stretch/Release.gpg
2019-05-25 13:48:14.709342 +0000 build-debian4: .            833 100%  813.48kB/s    0:00:00  .            833 100%  813.48kB/s    0:00:00 (xfr#2, to-chk=8/12)
2019-05-25 13:48:14.799690 +0000 build-debian4: Syncing r4.0/vm/stretch-securitytesting...
2019-05-25 13:48:14.967605 +0000 build-debian4: sending incremental file list
2019-05-25 13:48:15.090481 +0000 build-debian4: Syncing r4.0/vm/stretch-testing...
2019-05-25 13:48:15.256952 +0000 build-debian4: sending incremental file list
2019-05-25 13:48:15.403043 +0000 build-debian4: ~/builder-r4.0/qubes-src/linux-deb
2019-05-25 13:48:15.408238 +0000 build-debian4: Makefile:765: update target 'update-repo-current' due to: internal-update-repo-current.vm.buster internal-update-repo-current.vm.jessie internal-update-repo-current.vm.stretch post-update-repo-current
2019-05-25 13:48:15.408276 +0000 build-debian4: true
2019-05-25 13:48:15.426068 +0000 build-debian4: > done
2019-05-25 13:49:15.463271 +0000 > closing log
