2017-11-21 04:38:27.809907 +0000 > starting log
2017-11-21 04:38:27.812041 +0000 build-debian4: > starting build with log
2017-11-21 04:38:27.812085 +0000 build-debian4: >> make args: DISTS_VM=jessie DIST_DOM0= qubes
2017-11-21 04:38:27.812111 +0000 build-debian4: >> MAKEFLAGS=
2017-11-21 04:38:27.812135 +0000 build-debian4: >> COMPONENTS=linux-utils
2017-11-21 04:38:27.812156 +0000 build-debian4: >> DISTS_VM=
2017-11-21 04:38:27.812176 +0000 build-debian4: >> DIST_DOM0=
2017-11-21 04:38:27.812200 +0000 build-debian4: >> qubes-builder 45ea01145524f69286c1e0f95c368099f2ad9de8
2017-11-21 04:38:27.812230 +0000 build-debian4: >> qubes-builder/qubes-src/linux-utils e784f3caa36f6bc9d25ad96737163fe7adeb4174
2017-11-21 04:38:27.812258 +0000 build-debian4: !! pkgs/jessie/libqrexec-utils-dev_4.0.0+deb8u1_amd64.deb
2017-11-21 04:38:27.812284 +0000 build-debian4: !! pkgs/jessie/libqrexec-utils-dev_4.0.1+deb8u1_amd64.deb
2017-11-21 04:38:27.812311 +0000 build-debian4: !! pkgs/jessie/libqrexec-utils-dev_4.0.10+deb8u1_amd64.deb
2017-11-21 04:38:27.812337 +0000 build-debian4: !! pkgs/jessie/libqrexec-utils-dev_4.0.2+deb8u1_amd64.deb
2017-11-21 04:38:27.812362 +0000 build-debian4: !! pkgs/jessie/libqrexec-utils-dev_4.0.3+deb8u1_amd64.deb
2017-11-21 04:38:27.812388 +0000 build-debian4: !! pkgs/jessie/libqrexec-utils-dev_4.0.4+deb8u1_amd64.deb
2017-11-21 04:38:27.812415 +0000 build-debian4: !! pkgs/jessie/libqrexec-utils-dev_4.0.5+deb8u1_amd64.deb
2017-11-21 04:38:27.812441 +0000 build-debian4: !! pkgs/jessie/libqrexec-utils-dev_4.0.6+deb8u1_amd64.deb
2017-11-21 04:38:27.812468 +0000 build-debian4: !! pkgs/jessie/libqrexec-utils-dev_4.0.7+deb8u1_amd64.deb
2017-11-21 04:38:27.812494 +0000 build-debian4: !! pkgs/jessie/libqrexec-utils-dev_4.0.8+deb8u1_amd64.deb
2017-11-21 04:38:27.812521 +0000 build-debian4: !! pkgs/jessie/libqrexec-utils-dev_4.0.9+deb8u1_amd64.deb
2017-11-21 04:38:27.812548 +0000 build-debian4: !! pkgs/jessie/libqrexec-utils2_4.0.0+deb8u1_amd64.deb
2017-11-21 04:38:27.812575 +0000 build-debian4: !! pkgs/jessie/libqrexec-utils2_4.0.1+deb8u1_amd64.deb
2017-11-21 04:38:27.812604 +0000 build-debian4: !! pkgs/jessie/libqrexec-utils2_4.0.10+deb8u1_amd64.deb
2017-11-21 04:38:27.812631 +0000 build-debian4: !! pkgs/jessie/libqrexec-utils2_4.0.2+deb8u1_amd64.deb
2017-11-21 04:38:27.812677 +0000 build-debian4: !! pkgs/jessie/libqrexec-utils2_4.0.3+deb8u1_amd64.deb
2017-11-21 04:38:27.812707 +0000 build-debian4: !! pkgs/jessie/libqrexec-utils2_4.0.4+deb8u1_amd64.deb
2017-11-21 04:38:27.812736 +0000 build-debian4: !! pkgs/jessie/libqrexec-utils2_4.0.5+deb8u1_amd64.deb
2017-11-21 04:38:27.812761 +0000 build-debian4: !! pkgs/jessie/libqrexec-utils2_4.0.6+deb8u1_amd64.deb
2017-11-21 04:38:27.812785 +0000 build-debian4: !! pkgs/jessie/libqrexec-utils2_4.0.7+deb8u1_amd64.deb
2017-11-21 04:38:27.812808 +0000 build-debian4: !! pkgs/jessie/libqrexec-utils2_4.0.8+deb8u1_amd64.deb
2017-11-21 04:38:27.812833 +0000 build-debian4: !! pkgs/jessie/libqrexec-utils2_4.0.9+deb8u1_amd64.deb
2017-11-21 04:38:27.812861 +0000 build-debian4: !! pkgs/jessie/libqubes-rpc-filecopy-dev_4.0.0+deb8u1_amd64.deb
2017-11-21 04:38:27.812890 +0000 build-debian4: !! pkgs/jessie/libqubes-rpc-filecopy-dev_4.0.1+deb8u1_amd64.deb
2017-11-21 04:38:27.812918 +0000 build-debian4: !! pkgs/jessie/libqubes-rpc-filecopy-dev_4.0.10+deb8u1_amd64.deb
2017-11-21 04:38:27.812947 +0000 build-debian4: !! pkgs/jessie/libqubes-rpc-filecopy-dev_4.0.2+deb8u1_amd64.deb
2017-11-21 04:38:27.812977 +0000 build-debian4: !! pkgs/jessie/libqubes-rpc-filecopy-dev_4.0.3+deb8u1_amd64.deb
2017-11-21 04:38:27.813007 +0000 build-debian4: !! pkgs/jessie/libqubes-rpc-filecopy-dev_4.0.4+deb8u1_amd64.deb
2017-11-21 04:38:27.813036 +0000 build-debian4: !! pkgs/jessie/libqubes-rpc-filecopy-dev_4.0.5+deb8u1_amd64.deb
2017-11-21 04:38:27.813066 +0000 build-debian4: !! pkgs/jessie/libqubes-rpc-filecopy-dev_4.0.6+deb8u1_amd64.deb
2017-11-21 04:38:27.813094 +0000 build-debian4: !! pkgs/jessie/libqubes-rpc-filecopy-dev_4.0.7+deb8u1_amd64.deb
2017-11-21 04:38:27.813122 +0000 build-debian4: !! pkgs/jessie/libqubes-rpc-filecopy-dev_4.0.8+deb8u1_amd64.deb
2017-11-21 04:38:27.813168 +0000 build-debian4: !! pkgs/jessie/libqubes-rpc-filecopy-dev_4.0.9+deb8u1_amd64.deb
2017-11-21 04:38:27.813196 +0000 build-debian4: !! pkgs/jessie/libqubes-rpc-filecopy2_4.0.0+deb8u1_amd64.deb
2017-11-21 04:38:27.813223 +0000 build-debian4: !! pkgs/jessie/libqubes-rpc-filecopy2_4.0.1+deb8u1_amd64.deb
2017-11-21 04:38:27.813249 +0000 build-debian4: !! pkgs/jessie/libqubes-rpc-filecopy2_4.0.10+deb8u1_amd64.deb
2017-11-21 04:38:27.813278 +0000 build-debian4: !! pkgs/jessie/libqubes-rpc-filecopy2_4.0.2+deb8u1_amd64.deb
2017-11-21 04:38:27.813306 +0000 build-debian4: !! pkgs/jessie/libqubes-rpc-filecopy2_4.0.3+deb8u1_amd64.deb
2017-11-21 04:38:27.813332 +0000 build-debian4: !! pkgs/jessie/libqubes-rpc-filecopy2_4.0.4+deb8u1_amd64.deb
2017-11-21 04:38:27.813361 +0000 build-debian4: !! pkgs/jessie/libqubes-rpc-filecopy2_4.0.5+deb8u1_amd64.deb
2017-11-21 04:38:27.813391 +0000 build-debian4: !! pkgs/jessie/libqubes-rpc-filecopy2_4.0.6+deb8u1_amd64.deb
2017-11-21 04:38:27.813417 +0000 build-debian4: !! pkgs/jessie/libqubes-rpc-filecopy2_4.0.7+deb8u1_amd64.deb
2017-11-21 04:38:27.813443 +0000 build-debian4: !! pkgs/jessie/libqubes-rpc-filecopy2_4.0.8+deb8u1_amd64.deb
2017-11-21 04:38:27.813470 +0000 build-debian4: !! pkgs/jessie/libqubes-rpc-filecopy2_4.0.9+deb8u1_amd64.deb
2017-11-21 04:38:27.813496 +0000 build-debian4: !! pkgs/jessie/qubes-kernel-vm-support_4.0.0+deb8u1_amd64.deb
2017-11-21 04:38:27.813523 +0000 build-debian4: !! pkgs/jessie/qubes-kernel-vm-support_4.0.1+deb8u1_amd64.deb
2017-11-21 04:38:27.813550 +0000 build-debian4: !! pkgs/jessie/qubes-kernel-vm-support_4.0.10+deb8u1_amd64.deb
2017-11-21 04:38:27.813576 +0000 build-debian4: !! pkgs/jessie/qubes-kernel-vm-support_4.0.2+deb8u1_amd64.deb
2017-11-21 04:38:27.813602 +0000 build-debian4: !! pkgs/jessie/qubes-kernel-vm-support_4.0.3+deb8u1_amd64.deb
2017-11-21 04:38:27.813630 +0000 build-debian4: !! pkgs/jessie/qubes-kernel-vm-support_4.0.4+deb8u1_amd64.deb
2017-11-21 04:38:27.813673 +0000 build-debian4: !! pkgs/jessie/qubes-kernel-vm-support_4.0.5+deb8u1_amd64.deb
2017-11-21 04:38:27.813698 +0000 build-debian4: !! pkgs/jessie/qubes-kernel-vm-support_4.0.6+deb8u1_amd64.deb
2017-11-21 04:38:27.813723 +0000 build-debian4: !! pkgs/jessie/qubes-kernel-vm-support_4.0.7+deb8u1_amd64.deb
2017-11-21 04:38:27.813747 +0000 build-debian4: !! pkgs/jessie/qubes-kernel-vm-support_4.0.8+deb8u1_amd64.deb
2017-11-21 04:38:27.813772 +0000 build-debian4: !! pkgs/jessie/qubes-kernel-vm-support_4.0.9+deb8u1_amd64.deb
2017-11-21 04:38:27.813798 +0000 build-debian4: !! pkgs/jessie/qubes-utils_4.0.0+deb8u1.dsc
2017-11-21 04:38:27.813825 +0000 build-debian4: !! pkgs/jessie/qubes-utils_4.0.0+deb8u1.tar.xz
2017-11-21 04:38:27.813851 +0000 build-debian4: !! pkgs/jessie/qubes-utils_4.0.0+deb8u1_amd64.changes
2017-11-21 04:38:27.813877 +0000 build-debian4: !! pkgs/jessie/qubes-utils_4.0.0+deb8u1_amd64.deb
2017-11-21 04:38:27.813903 +0000 build-debian4: !! pkgs/jessie/qubes-utils_4.0.1+deb8u1.dsc
2017-11-21 04:38:27.813928 +0000 build-debian4: !! pkgs/jessie/qubes-utils_4.0.1+deb8u1.tar.xz
2017-11-21 04:38:27.813955 +0000 build-debian4: !! pkgs/jessie/qubes-utils_4.0.1+deb8u1_amd64.changes
2017-11-21 04:38:27.813982 +0000 build-debian4: !! pkgs/jessie/qubes-utils_4.0.1+deb8u1_amd64.deb
2017-11-21 04:38:27.814009 +0000 build-debian4: !! pkgs/jessie/qubes-utils_4.0.10+deb8u1.dsc
2017-11-21 04:38:27.814034 +0000 build-debian4: !! pkgs/jessie/qubes-utils_4.0.10+deb8u1.tar.xz
2017-11-21 04:38:27.814079 +0000 build-debian4: !! pkgs/jessie/qubes-utils_4.0.10+deb8u1_amd64.changes
2017-11-21 04:38:27.814106 +0000 build-debian4: !! pkgs/jessie/qubes-utils_4.0.10+deb8u1_amd64.deb
2017-11-21 04:38:27.814131 +0000 build-debian4: !! pkgs/jessie/qubes-utils_4.0.2+deb8u1.dsc
2017-11-21 04:38:27.814156 +0000 build-debian4: !! pkgs/jessie/qubes-utils_4.0.2+deb8u1.tar.xz
2017-11-21 04:38:27.814183 +0000 build-debian4: !! pkgs/jessie/qubes-utils_4.0.2+deb8u1_amd64.changes
2017-11-21 04:38:27.814209 +0000 build-debian4: !! pkgs/jessie/qubes-utils_4.0.2+deb8u1_amd64.deb
2017-11-21 04:38:27.814250 +0000 build-debian4: !! pkgs/jessie/qubes-utils_4.0.3+deb8u1.dsc
2017-11-21 04:38:27.814276 +0000 build-debian4: !! pkgs/jessie/qubes-utils_4.0.3+deb8u1.tar.xz
2017-11-21 04:38:27.814304 +0000 build-debian4: !! pkgs/jessie/qubes-utils_4.0.3+deb8u1_amd64.changes
2017-11-21 04:38:27.814332 +0000 build-debian4: !! pkgs/jessie/qubes-utils_4.0.3+deb8u1_amd64.deb
2017-11-21 04:38:27.814358 +0000 build-debian4: !! pkgs/jessie/qubes-utils_4.0.4+deb8u1.dsc
2017-11-21 04:38:27.814385 +0000 build-debian4: !! pkgs/jessie/qubes-utils_4.0.4+deb8u1.tar.xz
2017-11-21 04:38:27.814413 +0000 build-debian4: !! pkgs/jessie/qubes-utils_4.0.4+deb8u1_amd64.changes
2017-11-21 04:38:27.814440 +0000 build-debian4: !! pkgs/jessie/qubes-utils_4.0.4+deb8u1_amd64.deb
2017-11-21 04:38:27.814465 +0000 build-debian4: !! pkgs/jessie/qubes-utils_4.0.5+deb8u1.dsc
2017-11-21 04:38:27.814488 +0000 build-debian4: !! pkgs/jessie/qubes-utils_4.0.5+deb8u1.tar.xz
2017-11-21 04:38:27.814513 +0000 build-debian4: !! pkgs/jessie/qubes-utils_4.0.5+deb8u1_amd64.changes
2017-11-21 04:38:27.814538 +0000 build-debian4: !! pkgs/jessie/qubes-utils_4.0.5+deb8u1_amd64.deb
2017-11-21 04:38:27.814562 +0000 build-debian4: !! pkgs/jessie/qubes-utils_4.0.6+deb8u1.dsc
2017-11-21 04:38:27.814588 +0000 build-debian4: !! pkgs/jessie/qubes-utils_4.0.6+deb8u1.tar.xz
2017-11-21 04:38:27.814613 +0000 build-debian4: !! pkgs/jessie/qubes-utils_4.0.6+deb8u1_amd64.changes
2017-11-21 04:38:27.814640 +0000 build-debian4: !! pkgs/jessie/qubes-utils_4.0.6+deb8u1_amd64.deb
2017-11-21 04:38:27.814682 +0000 build-debian4: !! pkgs/jessie/qubes-utils_4.0.7+deb8u1.dsc
2017-11-21 04:38:27.814708 +0000 build-debian4: !! pkgs/jessie/qubes-utils_4.0.7+deb8u1.tar.xz
2017-11-21 04:38:27.814734 +0000 build-debian4: !! pkgs/jessie/qubes-utils_4.0.7+deb8u1_amd64.changes
2017-11-21 04:38:27.814759 +0000 build-debian4: !! pkgs/jessie/qubes-utils_4.0.7+deb8u1_amd64.deb
2017-11-21 04:38:27.814782 +0000 build-debian4: !! pkgs/jessie/qubes-utils_4.0.8+deb8u1.dsc
2017-11-21 04:38:27.814804 +0000 build-debian4: !! pkgs/jessie/qubes-utils_4.0.8+deb8u1.tar.xz
2017-11-21 04:38:27.814830 +0000 build-debian4: !! pkgs/jessie/qubes-utils_4.0.8+deb8u1_amd64.changes
2017-11-21 04:38:27.814856 +0000 build-debian4: !! pkgs/jessie/qubes-utils_4.0.8+deb8u1_amd64.deb
2017-11-21 04:38:27.814882 +0000 build-debian4: !! pkgs/jessie/qubes-utils_4.0.9+deb8u1.dsc
2017-11-21 04:38:27.814907 +0000 build-debian4: !! pkgs/jessie/qubes-utils_4.0.9+deb8u1.tar.xz
2017-11-21 04:38:27.814933 +0000 build-debian4: !! pkgs/jessie/qubes-utils_4.0.9+deb8u1_amd64.changes
2017-11-21 04:38:27.814957 +0000 build-debian4: !! pkgs/jessie/qubes-utils_4.0.9+deb8u1_amd64.deb
2017-11-21 04:38:27.814986 +0000 build-debian4: !! pkgs/stretch/libqrexec-utils-dev_4.0.0+deb9u1_amd64.deb
2017-11-21 04:38:27.815014 +0000 build-debian4: !! pkgs/stretch/libqrexec-utils-dev_4.0.1+deb9u1_amd64.deb
2017-11-21 04:38:27.815043 +0000 build-debian4: !! pkgs/stretch/libqrexec-utils-dev_4.0.10+deb9u1_amd64.deb
2017-11-21 04:38:27.815072 +0000 build-debian4: !! pkgs/stretch/libqrexec-utils-dev_4.0.2+deb9u1_amd64.deb
2017-11-21 04:38:27.815102 +0000 build-debian4: !! pkgs/stretch/libqrexec-utils-dev_4.0.3+deb9u1_amd64.deb
2017-11-21 04:38:27.815130 +0000 build-debian4: !! pkgs/stretch/libqrexec-utils-dev_4.0.4+deb9u1_amd64.deb
2017-11-21 04:38:27.815158 +0000 build-debian4: !! pkgs/stretch/libqrexec-utils-dev_4.0.5+deb9u1_amd64.deb
2017-11-21 04:38:27.815186 +0000 build-debian4: !! pkgs/stretch/libqrexec-utils-dev_4.0.6+deb9u1_amd64.deb
2017-11-21 04:38:27.815215 +0000 build-debian4: !! pkgs/stretch/libqrexec-utils-dev_4.0.7+deb9u1_amd64.deb
2017-11-21 04:38:27.815241 +0000 build-debian4: !! pkgs/stretch/libqrexec-utils-dev_4.0.8+deb9u1_amd64.deb
2017-11-21 04:38:27.815267 +0000 build-debian4: !! pkgs/stretch/libqrexec-utils-dev_4.0.9+deb9u1_amd64.deb
2017-11-21 04:38:27.815294 +0000 build-debian4: !! pkgs/stretch/libqrexec-utils2-dbgsym_4.0.0+deb9u1_amd64.deb
2017-11-21 04:38:27.815321 +0000 build-debian4: !! pkgs/stretch/libqrexec-utils2-dbgsym_4.0.1+deb9u1_amd64.deb
2017-11-21 04:38:27.815361 +0000 build-debian4: !! pkgs/stretch/libqrexec-utils2-dbgsym_4.0.10+deb9u1_amd64.deb
2017-11-21 04:38:27.815388 +0000 build-debian4: !! pkgs/stretch/libqrexec-utils2-dbgsym_4.0.2+deb9u1_amd64.deb
2017-11-21 04:38:27.815417 +0000 build-debian4: !! pkgs/stretch/libqrexec-utils2-dbgsym_4.0.3+deb9u1_amd64.deb
2017-11-21 04:38:27.815445 +0000 build-debian4: !! pkgs/stretch/libqrexec-utils2-dbgsym_4.0.4+deb9u1_amd64.deb
2017-11-21 04:38:27.815473 +0000 build-debian4: !! pkgs/stretch/libqrexec-utils2-dbgsym_4.0.5+deb9u1_amd64.deb
2017-11-21 04:38:27.815500 +0000 build-debian4: !! pkgs/stretch/libqrexec-utils2-dbgsym_4.0.6+deb9u1_amd64.deb
2017-11-21 04:38:27.815528 +0000 build-debian4: !! pkgs/stretch/libqrexec-utils2-dbgsym_4.0.7+deb9u1_amd64.deb
2017-11-21 04:38:27.815555 +0000 build-debian4: !! pkgs/stretch/libqrexec-utils2-dbgsym_4.0.8+deb9u1_amd64.deb
2017-11-21 04:38:27.815582 +0000 build-debian4: !! pkgs/stretch/libqrexec-utils2-dbgsym_4.0.9+deb9u1_amd64.deb
2017-11-21 04:38:27.815608 +0000 build-debian4: !! pkgs/stretch/libqrexec-utils2_4.0.0+deb9u1_amd64.deb
2017-11-21 04:38:27.815634 +0000 build-debian4: !! pkgs/stretch/libqrexec-utils2_4.0.1+deb9u1_amd64.deb
2017-11-21 04:38:27.815681 +0000 build-debian4: !! pkgs/stretch/libqrexec-utils2_4.0.10+deb9u1_amd64.deb
2017-11-21 04:38:27.815710 +0000 build-debian4: !! pkgs/stretch/libqrexec-utils2_4.0.2+deb9u1_amd64.deb
2017-11-21 04:38:27.815738 +0000 build-debian4: !! pkgs/stretch/libqrexec-utils2_4.0.3+deb9u1_amd64.deb
2017-11-21 04:38:27.815766 +0000 build-debian4: !! pkgs/stretch/libqrexec-utils2_4.0.4+deb9u1_amd64.deb
2017-11-21 04:38:27.815794 +0000 build-debian4: !! pkgs/stretch/libqrexec-utils2_4.0.5+deb9u1_amd64.deb
2017-11-21 04:38:27.815822 +0000 build-debian4: !! pkgs/stretch/libqrexec-utils2_4.0.6+deb9u1_amd64.deb
2017-11-21 04:38:27.815849 +0000 build-debian4: !! pkgs/stretch/libqrexec-utils2_4.0.7+deb9u1_amd64.deb
2017-11-21 04:38:27.815876 +0000 build-debian4: !! pkgs/stretch/libqrexec-utils2_4.0.8+deb9u1_amd64.deb
2017-11-21 04:38:27.815902 +0000 build-debian4: !! pkgs/stretch/libqrexec-utils2_4.0.9+deb9u1_amd64.deb
2017-11-21 04:38:27.815929 +0000 build-debian4: !! pkgs/stretch/libqubes-rpc-filecopy-dev_4.0.0+deb9u1_amd64.deb
2017-11-21 04:38:27.815957 +0000 build-debian4: !! pkgs/stretch/libqubes-rpc-filecopy-dev_4.0.1+deb9u1_amd64.deb
2017-11-21 04:38:27.815986 +0000 build-debian4: !! pkgs/stretch/libqubes-rpc-filecopy-dev_4.0.10+deb9u1_amd64.deb
2017-11-21 04:38:27.816016 +0000 build-debian4: !! pkgs/stretch/libqubes-rpc-filecopy-dev_4.0.2+deb9u1_amd64.deb
2017-11-21 04:38:27.816044 +0000 build-debian4: !! pkgs/stretch/libqubes-rpc-filecopy-dev_4.0.3+deb9u1_amd64.deb
2017-11-21 04:38:27.816074 +0000 build-debian4: !! pkgs/stretch/libqubes-rpc-filecopy-dev_4.0.4+deb9u1_amd64.deb
2017-11-21 04:38:27.816103 +0000 build-debian4: !! pkgs/stretch/libqubes-rpc-filecopy-dev_4.0.5+deb9u1_amd64.deb
2017-11-21 04:38:27.816150 +0000 build-debian4: !! pkgs/stretch/libqubes-rpc-filecopy-dev_4.0.6+deb9u1_amd64.deb
2017-11-21 04:38:27.816181 +0000 build-debian4: !! pkgs/stretch/libqubes-rpc-filecopy-dev_4.0.7+deb9u1_amd64.deb
2017-11-21 04:38:27.816211 +0000 build-debian4: !! pkgs/stretch/libqubes-rpc-filecopy-dev_4.0.8+deb9u1_amd64.deb
2017-11-21 04:38:27.816241 +0000 build-debian4: !! pkgs/stretch/libqubes-rpc-filecopy-dev_4.0.9+deb9u1_amd64.deb
2017-11-21 04:38:27.816272 +0000 build-debian4: !! pkgs/stretch/libqubes-rpc-filecopy2-dbgsym_4.0.0+deb9u1_amd64.deb
2017-11-21 04:38:27.816303 +0000 build-debian4: !! pkgs/stretch/libqubes-rpc-filecopy2-dbgsym_4.0.1+deb9u1_amd64.deb
2017-11-21 04:38:27.816333 +0000 build-debian4: !! pkgs/stretch/libqubes-rpc-filecopy2-dbgsym_4.0.10+deb9u1_amd64.deb
2017-11-21 04:38:27.816363 +0000 build-debian4: !! pkgs/stretch/libqubes-rpc-filecopy2-dbgsym_4.0.2+deb9u1_amd64.deb
2017-11-21 04:38:27.816392 +0000 build-debian4: !! pkgs/stretch/libqubes-rpc-filecopy2-dbgsym_4.0.3+deb9u1_amd64.deb
2017-11-21 04:38:27.816421 +0000 build-debian4: !! pkgs/stretch/libqubes-rpc-filecopy2-dbgsym_4.0.4+deb9u1_amd64.deb
2017-11-21 04:38:27.816463 +0000 build-debian4: !! pkgs/stretch/libqubes-rpc-filecopy2-dbgsym_4.0.5+deb9u1_amd64.deb
2017-11-21 04:38:27.816492 +0000 build-debian4: !! pkgs/stretch/libqubes-rpc-filecopy2-dbgsym_4.0.6+deb9u1_amd64.deb
2017-11-21 04:38:27.816521 +0000 build-debian4: !! pkgs/stretch/libqubes-rpc-filecopy2-dbgsym_4.0.7+deb9u1_amd64.deb
2017-11-21 04:38:27.816549 +0000 build-debian4: !! pkgs/stretch/libqubes-rpc-filecopy2-dbgsym_4.0.8+deb9u1_amd64.deb
2017-11-21 04:38:27.816578 +0000 build-debian4: !! pkgs/stretch/libqubes-rpc-filecopy2-dbgsym_4.0.9+deb9u1_amd64.deb
2017-11-21 04:38:27.816607 +0000 build-debian4: !! pkgs/stretch/libqubes-rpc-filecopy2_4.0.0+deb9u1_amd64.deb
2017-11-21 04:38:27.816636 +0000 build-debian4: !! pkgs/stretch/libqubes-rpc-filecopy2_4.0.1+deb9u1_amd64.deb
2017-11-21 04:38:27.816684 +0000 build-debian4: !! pkgs/stretch/libqubes-rpc-filecopy2_4.0.10+deb9u1_amd64.deb
2017-11-21 04:38:27.816715 +0000 build-debian4: !! pkgs/stretch/libqubes-rpc-filecopy2_4.0.2+deb9u1_amd64.deb
2017-11-21 04:38:27.816744 +0000 build-debian4: !! pkgs/stretch/libqubes-rpc-filecopy2_4.0.3+deb9u1_amd64.deb
2017-11-21 04:38:27.816774 +0000 build-debian4: !! pkgs/stretch/libqubes-rpc-filecopy2_4.0.4+deb9u1_amd64.deb
2017-11-21 04:38:27.816803 +0000 build-debian4: !! pkgs/stretch/libqubes-rpc-filecopy2_4.0.5+deb9u1_amd64.deb
2017-11-21 04:38:27.816833 +0000 build-debian4: !! pkgs/stretch/libqubes-rpc-filecopy2_4.0.6+deb9u1_amd64.deb
2017-11-21 04:38:27.816862 +0000 build-debian4: !! pkgs/stretch/libqubes-rpc-filecopy2_4.0.7+deb9u1_amd64.deb
2017-11-21 04:38:27.816892 +0000 build-debian4: !! pkgs/stretch/libqubes-rpc-filecopy2_4.0.8+deb9u1_amd64.deb
2017-11-21 04:38:27.816921 +0000 build-debian4: !! pkgs/stretch/libqubes-rpc-filecopy2_4.0.9+deb9u1_amd64.deb
2017-11-21 04:38:27.816950 +0000 build-debian4: !! pkgs/stretch/qubes-kernel-vm-support_4.0.0+deb9u1_amd64.deb
2017-11-21 04:38:27.816979 +0000 build-debian4: !! pkgs/stretch/qubes-kernel-vm-support_4.0.1+deb9u1_amd64.deb
2017-11-21 04:38:27.817007 +0000 build-debian4: !! pkgs/stretch/qubes-kernel-vm-support_4.0.10+deb9u1_amd64.deb
2017-11-21 04:38:27.817036 +0000 build-debian4: !! pkgs/stretch/qubes-kernel-vm-support_4.0.2+deb9u1_amd64.deb
2017-11-21 04:38:27.817065 +0000 build-debian4: !! pkgs/stretch/qubes-kernel-vm-support_4.0.3+deb9u1_amd64.deb
2017-11-21 04:38:27.817093 +0000 build-debian4: !! pkgs/stretch/qubes-kernel-vm-support_4.0.4+deb9u1_amd64.deb
2017-11-21 04:38:27.817119 +0000 build-debian4: !! pkgs/stretch/qubes-kernel-vm-support_4.0.5+deb9u1_amd64.deb
2017-11-21 04:38:27.817146 +0000 build-debian4: !! pkgs/stretch/qubes-kernel-vm-support_4.0.6+deb9u1_amd64.deb
2017-11-21 04:38:27.817172 +0000 build-debian4: !! pkgs/stretch/qubes-kernel-vm-support_4.0.7+deb9u1_amd64.deb
2017-11-21 04:38:27.817198 +0000 build-debian4: !! pkgs/stretch/qubes-kernel-vm-support_4.0.8+deb9u1_amd64.deb
2017-11-21 04:38:27.817223 +0000 build-debian4: !! pkgs/stretch/qubes-kernel-vm-support_4.0.9+deb9u1_amd64.deb
2017-11-21 04:38:27.817248 +0000 build-debian4: !! pkgs/stretch/qubes-utils-dbgsym_4.0.0+deb9u1_amd64.deb
2017-11-21 04:38:27.817271 +0000 build-debian4: !! pkgs/stretch/qubes-utils-dbgsym_4.0.1+deb9u1_amd64.deb
2017-11-21 04:38:27.817296 +0000 build-debian4: !! pkgs/stretch/qubes-utils-dbgsym_4.0.10+deb9u1_amd64.deb
2017-11-21 04:38:27.817320 +0000 build-debian4: !! pkgs/stretch/qubes-utils-dbgsym_4.0.2+deb9u1_amd64.deb
2017-11-21 04:38:27.817344 +0000 build-debian4: !! pkgs/stretch/qubes-utils-dbgsym_4.0.3+deb9u1_amd64.deb
2017-11-21 04:38:27.817368 +0000 build-debian4: !! pkgs/stretch/qubes-utils-dbgsym_4.0.4+deb9u1_amd64.deb
2017-11-21 04:38:27.817391 +0000 build-debian4: !! pkgs/stretch/qubes-utils-dbgsym_4.0.5+deb9u1_amd64.deb
2017-11-21 04:38:27.817417 +0000 build-debian4: !! pkgs/stretch/qubes-utils-dbgsym_4.0.6+deb9u1_amd64.deb
2017-11-21 04:38:27.817442 +0000 build-debian4: !! pkgs/stretch/qubes-utils-dbgsym_4.0.7+deb9u1_amd64.deb
2017-11-21 04:38:27.817467 +0000 build-debian4: !! pkgs/stretch/qubes-utils-dbgsym_4.0.8+deb9u1_amd64.deb
2017-11-21 04:38:27.817507 +0000 build-debian4: !! pkgs/stretch/qubes-utils-dbgsym_4.0.9+deb9u1_amd64.deb
2017-11-21 04:38:27.817535 +0000 build-debian4: !! pkgs/stretch/qubes-utils_4.0.0+deb9u1.dsc
2017-11-21 04:38:27.817560 +0000 build-debian4: !! pkgs/stretch/qubes-utils_4.0.0+deb9u1.tar.xz
2017-11-21 04:38:27.817587 +0000 build-debian4: !! pkgs/stretch/qubes-utils_4.0.0+deb9u1_amd64.buildinfo
2017-11-21 04:38:27.817614 +0000 build-debian4: !! pkgs/stretch/qubes-utils_4.0.0+deb9u1_amd64.changes
2017-11-21 04:38:27.817642 +0000 build-debian4: !! pkgs/stretch/qubes-utils_4.0.0+deb9u1_amd64.deb
2017-11-21 04:38:27.817682 +0000 build-debian4: !! pkgs/stretch/qubes-utils_4.0.1+deb9u1.dsc
2017-11-21 04:38:27.817705 +0000 build-debian4: !! pkgs/stretch/qubes-utils_4.0.1+deb9u1.tar.xz
2017-11-21 04:38:27.817729 +0000 build-debian4: !! pkgs/stretch/qubes-utils_4.0.1+deb9u1_amd64.buildinfo
2017-11-21 04:38:27.817753 +0000 build-debian4: !! pkgs/stretch/qubes-utils_4.0.1+deb9u1_amd64.changes
2017-11-21 04:38:27.817776 +0000 build-debian4: !! pkgs/stretch/qubes-utils_4.0.1+deb9u1_amd64.deb
2017-11-21 04:38:27.817798 +0000 build-debian4: !! pkgs/stretch/qubes-utils_4.0.10+deb9u1.dsc
2017-11-21 04:38:27.817820 +0000 build-debian4: !! pkgs/stretch/qubes-utils_4.0.10+deb9u1.tar.xz
2017-11-21 04:38:27.817844 +0000 build-debian4: !! pkgs/stretch/qubes-utils_4.0.10+deb9u1_amd64.buildinfo
2017-11-21 04:38:27.817868 +0000 build-debian4: !! pkgs/stretch/qubes-utils_4.0.10+deb9u1_amd64.changes
2017-11-21 04:38:27.817895 +0000 build-debian4: !! pkgs/stretch/qubes-utils_4.0.10+deb9u1_amd64.deb
2017-11-21 04:38:27.817919 +0000 build-debian4: !! pkgs/stretch/qubes-utils_4.0.2+deb9u1.dsc
2017-11-21 04:38:27.817944 +0000 build-debian4: !! pkgs/stretch/qubes-utils_4.0.2+deb9u1.tar.xz
2017-11-21 04:38:27.817971 +0000 build-debian4: !! pkgs/stretch/qubes-utils_4.0.2+deb9u1_amd64.buildinfo
2017-11-21 04:38:27.817997 +0000 build-debian4: !! pkgs/stretch/qubes-utils_4.0.2+deb9u1_amd64.changes
2017-11-21 04:38:27.818022 +0000 build-debian4: !! pkgs/stretch/qubes-utils_4.0.2+deb9u1_amd64.deb
2017-11-21 04:38:27.818045 +0000 build-debian4: !! pkgs/stretch/qubes-utils_4.0.3+deb9u1.dsc
2017-11-21 04:38:27.818086 +0000 build-debian4: !! pkgs/stretch/qubes-utils_4.0.3+deb9u1.tar.xz
2017-11-21 04:38:27.818113 +0000 build-debian4: !! pkgs/stretch/qubes-utils_4.0.3+deb9u1_amd64.buildinfo
2017-11-21 04:38:27.818139 +0000 build-debian4: !! pkgs/stretch/qubes-utils_4.0.3+deb9u1_amd64.changes
2017-11-21 04:38:27.818166 +0000 build-debian4: !! pkgs/stretch/qubes-utils_4.0.3+deb9u1_amd64.deb
2017-11-21 04:38:27.818190 +0000 build-debian4: !! pkgs/stretch/qubes-utils_4.0.4+deb9u1.dsc
2017-11-21 04:38:27.818214 +0000 build-debian4: !! pkgs/stretch/qubes-utils_4.0.4+deb9u1.tar.xz
2017-11-21 04:38:27.818237 +0000 build-debian4: !! pkgs/stretch/qubes-utils_4.0.4+deb9u1_amd64.buildinfo
2017-11-21 04:38:27.818260 +0000 build-debian4: !! pkgs/stretch/qubes-utils_4.0.4+deb9u1_amd64.changes
2017-11-21 04:38:27.818283 +0000 build-debian4: !! pkgs/stretch/qubes-utils_4.0.4+deb9u1_amd64.deb
2017-11-21 04:38:27.818305 +0000 build-debian4: !! pkgs/stretch/qubes-utils_4.0.5+deb9u1.dsc
2017-11-21 04:38:27.818328 +0000 build-debian4: !! pkgs/stretch/qubes-utils_4.0.5+deb9u1.tar.xz
2017-11-21 04:38:27.818354 +0000 build-debian4: !! pkgs/stretch/qubes-utils_4.0.5+deb9u1_amd64.buildinfo
2017-11-21 04:38:27.818380 +0000 build-debian4: !! pkgs/stretch/qubes-utils_4.0.5+deb9u1_amd64.changes
2017-11-21 04:38:27.818406 +0000 build-debian4: !! pkgs/stretch/qubes-utils_4.0.5+deb9u1_amd64.deb
2017-11-21 04:38:27.818429 +0000 build-debian4: !! pkgs/stretch/qubes-utils_4.0.6+deb9u1.dsc
2017-11-21 04:38:27.818454 +0000 build-debian4: !! pkgs/stretch/qubes-utils_4.0.6+deb9u1.tar.xz
2017-11-21 04:38:27.818480 +0000 build-debian4: !! pkgs/stretch/qubes-utils_4.0.6+deb9u1_amd64.buildinfo
2017-11-21 04:38:27.818505 +0000 build-debian4: !! pkgs/stretch/qubes-utils_4.0.6+deb9u1_amd64.changes
2017-11-21 04:38:27.818530 +0000 build-debian4: !! pkgs/stretch/qubes-utils_4.0.6+deb9u1_amd64.deb
2017-11-21 04:38:27.818555 +0000 build-debian4: !! pkgs/stretch/qubes-utils_4.0.7+deb9u1.dsc
2017-11-21 04:38:27.818594 +0000 build-debian4: !! pkgs/stretch/qubes-utils_4.0.7+deb9u1.tar.xz
2017-11-21 04:38:27.818621 +0000 build-debian4: !! pkgs/stretch/qubes-utils_4.0.7+deb9u1_amd64.buildinfo
2017-11-21 04:38:27.818648 +0000 build-debian4: !! pkgs/stretch/qubes-utils_4.0.7+deb9u1_amd64.changes
2017-11-21 04:38:27.818693 +0000 build-debian4: !! pkgs/stretch/qubes-utils_4.0.7+deb9u1_amd64.deb
2017-11-21 04:38:27.818718 +0000 build-debian4: !! pkgs/stretch/qubes-utils_4.0.8+deb9u1.dsc
2017-11-21 04:38:27.818744 +0000 build-debian4: !! pkgs/stretch/qubes-utils_4.0.8+deb9u1.tar.xz
2017-11-21 04:38:27.818772 +0000 build-debian4: !! pkgs/stretch/qubes-utils_4.0.8+deb9u1_amd64.buildinfo
2017-11-21 04:38:27.818799 +0000 build-debian4: !! pkgs/stretch/qubes-utils_4.0.8+deb9u1_amd64.changes
2017-11-21 04:38:27.818825 +0000 build-debian4: !! pkgs/stretch/qubes-utils_4.0.8+deb9u1_amd64.deb
2017-11-21 04:38:27.818851 +0000 build-debian4: !! pkgs/stretch/qubes-utils_4.0.9+deb9u1.dsc
2017-11-21 04:38:27.818877 +0000 build-debian4: !! pkgs/stretch/qubes-utils_4.0.9+deb9u1.tar.xz
2017-11-21 04:38:27.818904 +0000 build-debian4: !! pkgs/stretch/qubes-utils_4.0.9+deb9u1_amd64.buildinfo
2017-11-21 04:38:27.818931 +0000 build-debian4: !! pkgs/stretch/qubes-utils_4.0.9+deb9u1_amd64.changes
2017-11-21 04:38:27.818957 +0000 build-debian4: !! pkgs/stretch/qubes-utils_4.0.9+deb9u1_amd64.deb
2017-11-21 04:38:27.819002 +0000 build-debian4: 57f497a3490a159bea2b5d0ef4298feeb0e402c966b1413cdeb29fb1cd943ce572f3ea4262930240e705e0008c60fc254176cd44b8fbfef069b2109f7671b11f  pkgs/jessie/libqrexec-utils-dev_4.0.0+deb8u1_amd64.deb
2017-11-21 04:38:27.819047 +0000 build-debian4: 20ff89f8bf57f897d5c9dbecdcd3b2f8583a54bd195df973e081c977d2b296a510b240de749dded813f011067bc5dcb5b383e904326f00d65e191048c5319ee0  pkgs/jessie/libqrexec-utils-dev_4.0.1+deb8u1_amd64.deb
2017-11-21 04:38:27.819091 +0000 build-debian4: 1ddd685b2ce61b85b29c5596b4a596a8d62701cbdadae2814b020abf392641492d3ba250192d873cb4e8d825e63ed0142307a6381116cb1d17e0a0b35b1de132  pkgs/jessie/libqrexec-utils-dev_4.0.10+deb8u1_amd64.deb
2017-11-21 04:38:27.819137 +0000 build-debian4: b180ad531762ba2b44ea061ae9a9f6a8f158c5abdec9948f9de5f00c6a1daedb41b7cf49160be2cd6a187560bf97a57bc6e2740c69b67ef29a1a93264fb00745  pkgs/jessie/libqrexec-utils-dev_4.0.2+deb8u1_amd64.deb
2017-11-21 04:38:27.819181 +0000 build-debian4: c12e3d82471af13020017d2ef61f2c32b005d5d42f72f4ba71bd804ff33f782054464f1e43d9d4e05935c833513e18c86d0f1c7e640a6c99aeef45f625d6d1c0  pkgs/jessie/libqrexec-utils-dev_4.0.3+deb8u1_amd64.deb
2017-11-21 04:38:27.819225 +0000 build-debian4: 4cdbd1d7abd1e114e11f4a8f8ad8746624b5389240ed7a6ae1e24500e886ff897578ef2481f6401ded003ed6a26d207b1c140e934c08e0f20ec3a2dfaabd1306  pkgs/jessie/libqrexec-utils-dev_4.0.4+deb8u1_amd64.deb
2017-11-21 04:38:27.819270 +0000 build-debian4: 8c3594370b30dce3dca4ad1290ff1e9892f3773b2044e2da7282c34f418147b0330922c4ee23147a902fe389082f39efa65248aa205a15d3520b75f11f44b4a8  pkgs/jessie/libqrexec-utils-dev_4.0.5+deb8u1_amd64.deb
2017-11-21 04:38:27.819314 +0000 build-debian4: 98fa3fd2439dab7e18057d24c2ebe58767c3ec7245296c470c2995f3c2aff95b1f7bef0082c0781079bceb1cc5fa417de4df1f099cbb110f3cbf36deb599352b  pkgs/jessie/libqrexec-utils-dev_4.0.6+deb8u1_amd64.deb
2017-11-21 04:38:27.819359 +0000 build-debian4: 173bd2f9eddf0ce066b515904991b840f6e77f5d934d02fb4ed7dd500c294e23b48c0b4cbcce3b335394e8f20daae28d1beb4dc3b714692a0a22d4de2c909502  pkgs/jessie/libqrexec-utils-dev_4.0.7+deb8u1_amd64.deb
2017-11-21 04:38:27.819403 +0000 build-debian4: 335120dd10759e0bec88c1b0b3ee15e57fd9bea6d0bf954bd6744de4bb7626bf2e30bfc494ea735c9b7e552d777515a679c4c4a4412ae1715bceb138de7d1f87  pkgs/jessie/libqrexec-utils-dev_4.0.8+deb8u1_amd64.deb
2017-11-21 04:38:27.819446 +0000 build-debian4: 3af2dc6238bd873430b8f7d76c3f462c5848036d3ec67c162ede4cb580f94bd1374e9edefb76f17636500610318814440aecc813f9781c924dbb08b14c170899  pkgs/jessie/libqrexec-utils-dev_4.0.9+deb8u1_amd64.deb
2017-11-21 04:38:27.819487 +0000 build-debian4: 21da8c589faebd8b4893ed3098353b85f5f80925c99fb8e6cc15be1e91b765affce9459e92c10c129e4fa14057d621b9433300eed63a88148f8cd3794bd80353  pkgs/jessie/libqrexec-utils2_4.0.0+deb8u1_amd64.deb
2017-11-21 04:38:27.819558 +0000 build-debian4: be65d41cba71983e677fb5673b4c51d401dfdac39851ac025800d80d5b89a63c1fd94c4ee9bc3a9c8ca69dd2802c05dde4cfb0de30d409a92f29fa072dac0d3c  pkgs/jessie/libqrexec-utils2_4.0.1+deb8u1_amd64.deb
2017-11-21 04:38:27.819603 +0000 build-debian4: cce784fe5af5beb090793ebb4445d05c0dab86eb098b6bee18c0c1d7177727f670882222caf7cd0759ec73411f3159bf26cbf2ccea5835924551b5b10cec3da9  pkgs/jessie/libqrexec-utils2_4.0.10+deb8u1_amd64.deb
2017-11-21 04:38:27.819648 +0000 build-debian4: 58e8c6d6e46f8ebdc0ff1dee0029414fdcaa36f05bf930942cf501deb154deedeec374e214013fd4535c9354a239e30ae7c79d73419bc69b0b9c6134371b985a  pkgs/jessie/libqrexec-utils2_4.0.2+deb8u1_amd64.deb
2017-11-21 04:38:27.819711 +0000 build-debian4: 7c28aac967c69c104f9096cf03bea31095618a72bb970bd3c112e0d4471470d85149c91594ebcaf4c886392dfcd0a9a319c94d72f77e95e91e87f09ed4719ac6  pkgs/jessie/libqrexec-utils2_4.0.3+deb8u1_amd64.deb
2017-11-21 04:38:27.819756 +0000 build-debian4: 6160b5b89cb62fb18da4b4394c990e780bdaacc3e2eae22dc024372262149499f0d42b8b1bf151c4f9d56e2159daa1a972937492e5d781303e20d399a7a2a0ae  pkgs/jessie/libqrexec-utils2_4.0.4+deb8u1_amd64.deb
2017-11-21 04:38:27.819801 +0000 build-debian4: 62b5228abeb0b4ce19466777ed5c92d43d2c4a43bf3f27602149f4471ac593228a9ee9518ba7bf6f57fabc845dd3f20d70cefe0a0bca1a05bdc3a7418e100b0f  pkgs/jessie/libqrexec-utils2_4.0.5+deb8u1_amd64.deb
2017-11-21 04:38:27.819845 +0000 build-debian4: 7bc41035023c7d0b1c054c9ea1629afb24c907342ef6351dcddf6446131d4216712723543ab8ea4c1a3a9cd5e37ace4651e8b74878f792b1d7539da3abd62e3a  pkgs/jessie/libqrexec-utils2_4.0.6+deb8u1_amd64.deb
2017-11-21 04:38:27.819889 +0000 build-debian4: f841907869d2b27e43e39e54329884c814c0a47e6f29badfb0eebfcdc56dbdf287bc70876dc68d3b2cc6727e67264e3b27eb8a98e6f10b840a15a1308544d733  pkgs/jessie/libqrexec-utils2_4.0.7+deb8u1_amd64.deb
2017-11-21 04:38:27.819934 +0000 build-debian4: 6a1a941e4354df0697a223d4a22e5fa629e8b74533bc91de1fb429d39e77def86b5219bae7d050032d0eb555e29890a26ba73297f5bbefef3778cc62ccaa4b0e  pkgs/jessie/libqrexec-utils2_4.0.8+deb8u1_amd64.deb
2017-11-21 04:38:27.819977 +0000 build-debian4: e667f1f5fd0b43e7ccbd4cded614b8a737c5c757c2b2e6a83e3eff504dbad170f7795e46ff3e8424a9f1c7df85bfb988485c0dfc69b93ef99e5e45bc169f72d4  pkgs/jessie/libqrexec-utils2_4.0.9+deb8u1_amd64.deb
2017-11-21 04:38:27.820022 +0000 build-debian4: d50fcabb4b6f65bf744afa511033f33c93c58581fae08ff6988a4c8f092670f1691d70de3a00946f17fbf653ff4aa029210fe7b76d261d8b68ea08dd77001f6d  pkgs/jessie/libqubes-rpc-filecopy-dev_4.0.0+deb8u1_amd64.deb
2017-11-21 04:38:27.820067 +0000 build-debian4: 4417d7a1ba49a5fe4ee3283d070bcfbdccbe18d8066966e896e891b96f0e70bc5c208942ab8a2dbaab070b6d467c71a1a15aac21328b4fba724cf547447fb6fa  pkgs/jessie/libqubes-rpc-filecopy-dev_4.0.1+deb8u1_amd64.deb
2017-11-21 04:38:27.820114 +0000 build-debian4: f46fd0df77eeed2618a4470d1fc47181c8488527f4a9935b3bc4a326ea80a7e7acca8ddabd388453a2282ad2cd3f3fcc6307521721a1c55e2413fa8d5c5fee57  pkgs/jessie/libqubes-rpc-filecopy-dev_4.0.10+deb8u1_amd64.deb
2017-11-21 04:38:27.820160 +0000 build-debian4: a0c8e780be75e27f6c1b1d4d2d72e3c5299261b1a5a4e5dfaff324254f96765ebbe54b6796e4c18ecf04a1842bf900233e11f7b7d52e808040c8fedeb3b704c6  pkgs/jessie/libqubes-rpc-filecopy-dev_4.0.2+deb8u1_amd64.deb
2017-11-21 04:38:27.820206 +0000 build-debian4: 4ae076c12fd5a035876c8a0e4b9fc837c37bcabe5a2860454d1b95f3efa01a05bbab8fdddcbd3ff2d36086821e62cf7035c9463a71ea9f6aa3d1e871f6207f9f  pkgs/jessie/libqubes-rpc-filecopy-dev_4.0.3+deb8u1_amd64.deb
2017-11-21 04:38:27.820251 +0000 build-debian4: 49c0d12104743c9b93a2db7be5c2a3fe278fe7c917fbe58428dd8e28c1f36da77975f5083908155a6baee51aa71efcd2212ca43a3c8fd171bb29035a701f6821  pkgs/jessie/libqubes-rpc-filecopy-dev_4.0.4+deb8u1_amd64.deb
2017-11-21 04:38:27.820297 +0000 build-debian4: d4c0be9914314cdc9deecf253f94227b933e777e6ac66cb096d8d011fe15250b3b281eb378ba67f59087db3027a575e8e85ad27d00da28fec029494af422614e  pkgs/jessie/libqubes-rpc-filecopy-dev_4.0.5+deb8u1_amd64.deb
2017-11-21 04:38:27.820354 +0000 build-debian4: 810b0d441874a7e429375a12aae4f57df19dca670226cee25ec0b73574ad8d09501254d6f969e5aa3554cc4c139540870905d027535547553c62f6d1159c730b  pkgs/jessie/libqubes-rpc-filecopy-dev_4.0.6+deb8u1_amd64.deb
2017-11-21 04:38:27.820401 +0000 build-debian4: 5c2b2a931cc1509858d1661dc71494c30742fa55ce82072b340da0749bb4f284f5799c60fa8b3fa50e8b807e579ee81ffcc5847b3a00427956f58ee8a2bd1315  pkgs/jessie/libqubes-rpc-filecopy-dev_4.0.7+deb8u1_amd64.deb
2017-11-21 04:38:27.820448 +0000 build-debian4: 079374a229dfab6ec22875bd1d0ca45eee79c1e70169a0b10c9208f583844619e7b7477af503b0320e811386de42a6003ad966577fcde9c772ab88b491f201ef  pkgs/jessie/libqubes-rpc-filecopy-dev_4.0.8+deb8u1_amd64.deb
2017-11-21 04:38:27.820491 +0000 build-debian4: 7cd8197ff43806a0d4128bc0303d4cd71d2e6b7c98f9f061a93edac47613c57eb085426c0f77f23a152b436a44f23aa880743887fd82bc79a93220d51e68278a  pkgs/jessie/libqubes-rpc-filecopy-dev_4.0.9+deb8u1_amd64.deb
2017-11-21 04:38:27.820536 +0000 build-debian4: a0019cae8919a80435fbd088fc68bf8963046f0d5e0d673bbf7894b3aad43190cac0cc3356017920649ea8abdf1dbd079d726bb1fe19638340aaaaab69b8bded  pkgs/jessie/libqubes-rpc-filecopy2_4.0.0+deb8u1_amd64.deb
2017-11-21 04:38:27.820596 +0000 build-debian4: f8cb0bd04f89953e7eb4a53943194cf51d83ca900046c7dc8aad684e87fc7b2c2b4d323d9eba9c7a51e2d1f85dffa32eb59fb5b8bb95d78253760c70e6cc72ad  pkgs/jessie/libqubes-rpc-filecopy2_4.0.1+deb8u1_amd64.deb
2017-11-21 04:38:27.820644 +0000 build-debian4: b9cb472b854f69366cb588d34540bf21f427627af197405530f2a52b59f52b04f3c67a17b80ff733f00f72aaee9ac525b62b5390b4dfbf4de53909b2b71aaf95  pkgs/jessie/libqubes-rpc-filecopy2_4.0.10+deb8u1_amd64.deb
2017-11-21 04:38:27.820705 +0000 build-debian4: 5cc56a77de20c3299823266554089217676dd8a8e5a5bd37dbfbfaa11822b32161dde70681ce296b1954b66524adfa2ea462d9ac52d43818826c698fb3123317  pkgs/jessie/libqubes-rpc-filecopy2_4.0.2+deb8u1_amd64.deb
2017-11-21 04:38:27.820752 +0000 build-debian4: 470459a83712fdaeec7f3cc9bece77ae28908c2749b229cc62a9d39430e33ee77793592f908d13465ad974dba6213269825959638ba0d41fff787dd92aee26af  pkgs/jessie/libqubes-rpc-filecopy2_4.0.3+deb8u1_amd64.deb
2017-11-21 04:38:27.820797 +0000 build-debian4: 48e1ad7db055541502d82e53518efcc3c1dbcb474fef1f49c01233aa01730380aa0e6682950f41bbbef0eec303540757c3a091573fda3aadc764fe12fcf4eb82  pkgs/jessie/libqubes-rpc-filecopy2_4.0.4+deb8u1_amd64.deb
2017-11-21 04:38:27.820842 +0000 build-debian4: 2186c96c897e64e7605fc5accd6d2a7faf9e69b94387e888268de55b4f385ab9c8a4a2e2e12b554fee865bc47574b937418db4254c8548630ae1d5a212d39ff3  pkgs/jessie/libqubes-rpc-filecopy2_4.0.5+deb8u1_amd64.deb
2017-11-21 04:38:27.820886 +0000 build-debian4: 28787fd5808bf0c34822eb3578ed624996ff10270a5bee1e6a19b34351b4013e68e572252bc365654b6c25c3b8f52f3631ce4479fb3bfe4fe7d8587e1864ad0f  pkgs/jessie/libqubes-rpc-filecopy2_4.0.6+deb8u1_amd64.deb
2017-11-21 04:38:27.820932 +0000 build-debian4: db8c5e4c7eab2a97b3af689826e137e87812ba6ff91c0820566a3767800983bdada9f597a5c808f8b666a95409a746c5b3961c2fbc883792c9349b49282ec2c7  pkgs/jessie/libqubes-rpc-filecopy2_4.0.7+deb8u1_amd64.deb
2017-11-21 04:38:27.820978 +0000 build-debian4: 9d42a21712c0296ea6692735351d41cdf0a3473d5a854961fb09d5d040d132805863d81261eb7508c0657fa5741d10d3779ebaaaf3310a0423541aef7c2b6462  pkgs/jessie/libqubes-rpc-filecopy2_4.0.8+deb8u1_amd64.deb
2017-11-21 04:38:27.821023 +0000 build-debian4: a71a58e029db2c2112f527ee37d45e42ce38036e98d46ab4ea3dbb44bb6b6f6f8e910b45508da4ce62bceb2bfecd40f051f6109cd01f685daa2ffdf2d24fb71b  pkgs/jessie/libqubes-rpc-filecopy2_4.0.9+deb8u1_amd64.deb
2017-11-21 04:38:27.821069 +0000 build-debian4: e4119ebdc9597c44667be756da34eb500eb5bf3d77cb4fab8d4969d3d6cae6d58b477ee0089e0ebaa69aff9c6c4c98d06ff89b5334752546706050743e3e6df5  pkgs/jessie/qubes-kernel-vm-support_4.0.0+deb8u1_amd64.deb
2017-11-21 04:38:27.821116 +0000 build-debian4: d48e1f237734e092d05a48fa9055b002ce375b503811ffde12b752452a791a291dddd761b57c55b969aed5817b85c80f606b783ab1303ec49e42a62fd4bf47d9  pkgs/jessie/qubes-kernel-vm-support_4.0.1+deb8u1_amd64.deb
2017-11-21 04:38:27.821159 +0000 build-debian4: 32839e416ac17f3c134c4149be8e104ad1885f42bcd186d8872f30523ffc2effb69340ac32f59d0506c1d0aeb5c81be188ce4f06f080cca3497511809e3fe2f1  pkgs/jessie/qubes-kernel-vm-support_4.0.10+deb8u1_amd64.deb
2017-11-21 04:38:27.821215 +0000 build-debian4: d0f84664f176bc77645dfbb0ac752affc0d143e054d229db3fabb141ff041300b040dffaf16072557d49d58a10144c615f40b6823fda07b6f594c70647319575  pkgs/jessie/qubes-kernel-vm-support_4.0.2+deb8u1_amd64.deb
2017-11-21 04:38:27.821261 +0000 build-debian4: 06b757a06322524e4c2a321e545508c995d6ad6af558b60fdcdfee4cc4f74f7bab7f81d60dbba805a0671bcbc9d020d0c4db76be0ca17bf6b4589ab865ef08ec  pkgs/jessie/qubes-kernel-vm-support_4.0.3+deb8u1_amd64.deb
2017-11-21 04:38:27.821302 +0000 build-debian4: e838c945d3ed7d640404f449f6c79965d9178563b1292e93e4ebf6c725efeb0d042477a8319c6a534ab594246019969f1b6964efd77c1178bb8b405de2acb51d  pkgs/jessie/qubes-kernel-vm-support_4.0.4+deb8u1_amd64.deb
2017-11-21 04:38:27.821343 +0000 build-debian4: 5ad52398db26db68749d0416ed607113d8520f853ce2abb07e39ba589fef5822ee989cf6134eee115d71fcdeaf0fbc564e22b8cff0a31035e40cc70cbf172777  pkgs/jessie/qubes-kernel-vm-support_4.0.5+deb8u1_amd64.deb
2017-11-21 04:38:27.821383 +0000 build-debian4: b74e06b7323aea1a2416f61d98d3ebfce4f59b2c9dd16559f498e9ebe328fcdfe9454266f0d9f4f96ad67f4b857e75f0d65a1a40ab0730389fea5cd9ed3c8452  pkgs/jessie/qubes-kernel-vm-support_4.0.6+deb8u1_amd64.deb
2017-11-21 04:38:27.821424 +0000 build-debian4: 0ecc3b71b3dd15ddbd87f557d6a50ed42a1596c2cd7a675cda902bc7a666753f84f9767279b7a40cf68fe1e3e2d21d896ddddf725a96f1c1dcbc89d7d04d18a2  pkgs/jessie/qubes-kernel-vm-support_4.0.7+deb8u1_amd64.deb
2017-11-21 04:38:27.821469 +0000 build-debian4: 36b5a1dafd6465c203bafa1445577ea84f734b6f80ce47656f09f88a6e0ccede9a393a03e59bffcf6c71484546ddc7c7bb7770529ca99af30462a62b6b894313  pkgs/jessie/qubes-kernel-vm-support_4.0.8+deb8u1_amd64.deb
2017-11-21 04:38:27.821511 +0000 build-debian4: bb3f47049e5aa9cd2bb8a8ae845d77799336ddbc63d43566726c6f34a93ef0eba7847a7ac346a639d2476f3fe8172344bc83fc0bc545d705684f196b5211ac6d  pkgs/jessie/qubes-kernel-vm-support_4.0.9+deb8u1_amd64.deb
2017-11-21 04:38:27.821554 +0000 build-debian4: 9c752be0f9935d1e9a6bae1c332414fc0a7545df110f4945270817e329ec5ec4070609e305561cf07ce0442e319b89bf6576ec69280ffbd7ec008e9bcf4a86b4  pkgs/jessie/qubes-utils_4.0.0+deb8u1.dsc
2017-11-21 04:38:27.821609 +0000 build-debian4: 0a518905b182146b418dcb64421e78a978b5b49b7ad74f040b478d72688a8805648f971bc58f3d6cdea4364530b22b743d4db2ddba7424476de498ea8bebc787  pkgs/jessie/qubes-utils_4.0.0+deb8u1.tar.xz
2017-11-21 04:38:27.821671 +0000 build-debian4: b835ace22f6dae7fd02032443319959e3a2cfc516d3201a073acaa1d9d5378a5e516cfe397c2f822ba8858820969d322f34bfd0d7f084c45b7a8434d5304c876  pkgs/jessie/qubes-utils_4.0.0+deb8u1_amd64.changes
2017-11-21 04:38:27.821716 +0000 build-debian4: 1500e55583936fb88f7c9bf66e37f70cd028258d653a14af104fee4e39cd9395b0db5806051882499ff3df2104acb3a21175b972bc4be0852f09e01a12c95bf6  pkgs/jessie/qubes-utils_4.0.0+deb8u1_amd64.deb
