2020-07-03 18:50:27.766361 +0000 > starting log
2020-07-03 18:50:27.766873 +0000 build-debian4: > starting build with log
2020-07-03 18:50:27.810320 +0000 build-debian4: >> make args: update-repo-current
2020-07-03 18:50:27.810362 +0000 build-debian4: >> MAKEFLAGS=
2020-07-03 18:50:27.810374 +0000 build-debian4: >> COMPONENTS=qubes-release
2020-07-03 18:50:27.810383 +0000 build-debian4: >> DISTS_VM=stretch buster bullseye
2020-07-03 18:50:27.810390 +0000 build-debian4: >> DIST_DOM0=
2020-07-03 18:50:27.810400 +0000 build-debian4: >> qubes-builder 138cc6fbca8c49d94b1e35a7f8898e85e0721113
2020-07-03 18:50:27.810411 +0000 build-debian4: >> qubes-builder/qubes-src/qubes-release df866ee327c0becacf48fcc367661ba5c17cbb92
2020-07-03 18:50:27.810422 +0000 build-debian4: ================================================================================
2020-07-03 18:50:27.810432 +0000 build-debian4:                            B U I L D   I N F O                                  
2020-07-03 18:50:27.810443 +0000 build-debian4: Items in red indicate it was automatically generated by configuration file(s)
2020-07-03 18:50:27.810454 +0000 build-debian4: Items in white indicate it was automatically removed by configuration file(s)
2020-07-03 18:50:27.810464 +0000 build-debian4: ================================================================================
2020-07-03 18:50:27.810471 +0000 build-debian4: DISTS_VM:
2020-07-03 18:50:27.810481 +0000 build-debian4:      stretch+standard, buster+standard, bullseye+standard, stretch buster bullseye
2020-07-03 18:50:27.810488 +0000 build-debian4: DISTS_ALL:
2020-07-03 18:50:27.810496 +0000 build-debian4:      vm-bullseye, vm-buster, vm-stretch,
2020-07-03 18:50:27.810503 +0000 build-debian4: DIST_DOM0:
2020-07-03 18:50:27.810509 +0000 build-debian4:     
2020-07-03 18:50:27.810516 +0000 build-debian4: BUILDER_PLUGINS:
2020-07-03 18:50:27.810527 +0000 build-debian4:      builder-debian, mgmt-salt, release-configs, linux-deb, builder-github,
2020-07-03 18:50:27.810533 +0000 build-debian4: COMPONENTS:
2020-07-03 18:50:27.810541 +0000 build-debian4:      qubes-release,
2020-07-03 18:50:27.810547 +0000 build-debian4: GIT_REPOS:
2020-07-03 18:50:27.810555 +0000 build-debian4:      qubes-src/qubes-release,
2020-07-03 18:50:27.810561 +0000 build-debian4: TEMPLATE:
2020-07-03 18:50:27.810568 +0000 build-debian4:     
2020-07-03 18:50:27.810575 +0000 build-debian4: TEMPLATE_FLAVOR_DIR:
2020-07-03 18:50:27.810581 +0000 build-debian4:     
2020-07-03 18:50:27.810588 +0000 build-debian4: TEMPLATE_ALIAS:
2020-07-03 18:50:27.810612 +0000 build-debian4:      stretch:stretch+standard, stretch+gnome:stretch+gnome+standard,
2020-07-03 18:50:27.810625 +0000 build-debian4:      stretch+minimal:stretch+minimal+no-recommends, buster:buster+standard, buster+gnome:buster+gnome+standard,
2020-07-03 18:50:27.810636 +0000 build-debian4:      buster+minimal:buster+minimal+no-recommends, bullseye:bullseye+standard,
2020-07-03 18:50:27.810647 +0000 build-debian4:      bullseye+gnome:bullseye+gnome+standard, bullseye+minimal:bullseye+minimal+no-recommends,
2020-07-03 18:50:27.810657 +0000 build-debian4:      whonix-gateway-14:stretch+whonix-gateway+minimal+no-recommends,
2020-07-03 18:50:27.810668 +0000 build-debian4:      whonix-workstation-14:stretch+whonix-workstation+minimal+no-recommends,
2020-07-03 18:50:27.810677 +0000 build-debian4:      whonix-gateway-15:buster+whonix-gateway+minimal+no-recommends,
2020-07-03 18:50:27.810688 +0000 build-debian4:      whonix-workstation-15:buster+whonix-workstation+minimal+no-recommends,
2020-07-03 18:50:27.810694 +0000 build-debian4: TEMPLATE_LABEL:
2020-07-03 18:50:27.810707 +0000 build-debian4:      stretch+standard:debian-9, buster+standard:debian-10, bullseye+standard:debian-11, stretch+standard:stretch,
2020-07-03 18:50:27.810733 +0000 build-debian4:      buster+standard:buster, bullseye+standard:bullseye, fc30:fedora-30 fc31:fedora-31 fc32:fedora-32
2020-07-03 18:50:27.810745 +0000 build-debian4:      fc30+minimal:fedora-30-minimal fc31+minimal:fedora-31-minimal fc32+minimal:fedora-32-minimal
2020-07-03 18:50:27.810769 +0000 build-debian4:      fc30+xfce:fedora-30-xfce fc31+xfce:fedora-31-xfce fc32+xfce:fedora-32-xfce stretch:debian-9
2020-07-03 18:50:27.810781 +0000 build-debian4:      stretch+xfce:debian-9-xfce buster:debian-10 buster+xfce:debian-10-xfce bullseye:debian-11
2020-07-03 18:50:27.810793 +0000 build-debian4:      bullseye+xfce:debian-11-xfce stretch+whonix-gateway+minimal+no-recommends:whonix-gw-14
2020-07-03 18:50:27.810802 +0000 build-debian4:      stretch+whonix-workstation+minimal+no-recommends:whonix-ws-14
2020-07-03 18:50:27.810812 +0000 build-debian4:      buster+whonix-gateway+minimal+no-recommends:whonix-gw-15
2020-07-03 18:50:27.810822 +0000 build-debian4:      buster+whonix-workstation+minimal+no-recommends:whonix-ws-15 centos7:centos-7
2020-07-03 18:50:27.810833 +0000 build-debian4:      centos7+minimal:centos-7-minimal centos7+xfce:centos-7-xfce centos8:centos-8
2020-07-03 18:50:27.810842 +0000 build-debian4:      centos8+minimal:centos-7-minimal centos8+xfce:centos-8-xfce
2020-07-03 18:50:27.810849 +0000 build-debian4: > running make
2020-07-03 18:50:27.810860 +0000 build-debian4: Makefile:818: target 'internal-update-repo-current.vm.bullseye.qubes-release' does not exist
2020-07-03 18:50:27.810869 +0000 build-debian4: repo_base_var="LINUX_REPO_bullseye_BASEDIR"; \
2020-07-03 18:50:27.810878 +0000 build-debian4: if [ "qubes-release" = linux-template-builder ]; then \
2020-07-03 18:50:27.810889 +0000 build-debian4: .# templates belongs to dom0 repository, even though PACKAGE_SET=vm
2020-07-03 18:50:27.810897 +0000 build-debian4: repo_base_var="LINUX_REPO__BASEDIR"; \
2020-07-03 18:50:27.810904 +0000 build-debian4: fi; \
2020-07-03 18:50:27.810912 +0000 build-debian4: if [ -n "${!repo_base_var}" ]; then \
2020-07-03 18:50:27.810920 +0000 build-debian4: .repo_basedir="${!repo_base_var}"; \
2020-07-03 18:50:27.810926 +0000 build-debian4: else \
2020-07-03 18:50:27.810935 +0000 build-debian4: .repo_basedir="qubes-src/linux-deb/r4.1"; \
2020-07-03 18:50:27.810941 +0000 build-debian4: fi; \
2020-07-03 18:50:27.810951 +0000 build-debian4: if [ -r qubes-src/qubes-release/Makefile.builder ]; then \
2020-07-03 18:50:27.810960 +0000 build-debian4: .echo -n "Updating qubes-src/qubes-release... "; \
2020-07-03 18:50:27.810967 +0000 build-debian4: .if [ "0" -eq 1 ]; then \
2020-07-03 18:50:27.810977 +0000 build-debian4: ..vtag=`git -C qubes-src/qubes-release tag --points-at HEAD --list v*`; \
2020-07-03 18:50:27.810985 +0000 build-debian4: ..if [ -z "$vtag" ]; then \
2020-07-03 18:50:27.810993 +0000 build-debian4: ...echo "no version tag"; \
2020-07-03 18:50:27.811000 +0000 build-debian4: ...exit 0; \
2020-07-03 18:50:27.811006 +0000 build-debian4: ..fi; \
2020-07-03 18:50:27.811013 +0000 build-debian4: .fi; \
2020-07-03 18:50:27.811022 +0000 build-debian4: .if [ "qubes-release" = linux-template-builder ]; then
2020-07-03 18:50:27.811033 +0000 build-debian4: export TEMPLATE_NAME=$(MAKEFLAGS= make -s -C qubes-src/linux-template-builder DIST=bullseye template-name)
2020-07-03 18:50:27.811040 +0000 build-debian4: fi
2020-07-03 18:50:27.811059 +0000 build-debian4: component_packages=$(MAKEFLAGS= make -s -f Makefile.generic DIST=bullseye PACKAGE_SET=vm COMPONENT=`basename qubes-src/qubes-release` UPDATE_REPO=/home/user/builder-r4.1/$repo_basedir/current/vm/bullseye get-var GET_VAR=PACKAGE_LIST); \
2020-07-03 18:50:27.811069 +0000 build-debian4: .if [ -z "$component_packages" ]; then \
2020-07-03 18:50:27.811076 +0000 build-debian4: ..echo "no packages."; \
2020-07-03 18:50:27.811083 +0000 build-debian4: ..exit 0; \
2020-07-03 18:50:27.811090 +0000 build-debian4: .fi; \
2020-07-03 18:50:27.811099 +0000 build-debian4: .make -s -f Makefile.generic DIST=bullseye PACKAGE_SET=vm \
2020-07-03 18:50:27.811108 +0000 build-debian4: ..COMPONENT=`basename qubes-src/qubes-release` \
2020-07-03 18:50:27.811116 +0000 build-debian4: ..SNAPSHOT_REPO=current-testing \
2020-07-03 18:50:27.811124 +0000 build-debian4: ..TARGET_REPO=current \
2020-07-03 18:50:27.811139 +0000 build-debian4: ..UPDATE_REPO=/home/user/builder-r4.1/$repo_basedir/current/vm/bullseye \
2020-07-03 18:50:27.811153 +0000 build-debian4: ..SNAPSHOT_FILE=/home/user/builder-r4.1/repo-latest-snapshot/current-testing-vm-bullseye-`basename qubes-src/qubes-release` \
2020-07-03 18:50:27.811161 +0000 build-debian4: ..BUILD_LOG_URL= \
2020-07-03 18:50:27.811169 +0000 build-debian4: ..update-repo-from-snapshot || exit 1; \
2020-07-03 18:50:27.811180 +0000 build-debian4: elif make -C qubes-src/qubes-release -n update-repo-current >/dev/null 2>/dev/null; then \
2020-07-03 18:50:27.811189 +0000 build-debian4: .echo "Updating qubes-src/qubes-release... "; \
2020-07-03 18:50:27.811200 +0000 build-debian4: .DIST=bullseye UPDATE_REPO=/home/user/builder-r4.1/$repo_basedir/current/vm/bullseye \
2020-07-03 18:50:27.811214 +0000 build-debian4: .make -s -C qubes-src/qubes-release update-repo-current || exit 1; \
2020-07-03 18:50:27.811221 +0000 build-debian4: else \
2020-07-03 18:50:27.811230 +0000 build-debian4: .echo -n "Updating qubes-src/qubes-release... skipping."; \
2020-07-03 18:50:27.811237 +0000 build-debian4: fi; \
2020-07-03 18:50:27.811243 +0000 build-debian4: echo
2020-07-03 18:50:27.844373 +0000 build-debian4: Updating qubes-src/qubes-release... no packages.
2020-07-03 18:50:27.844420 +0000 build-debian4: Makefile:791: update target 'internal-update-repo-current.vm.bullseye' due to: internal-update-repo-current.vm.bullseye.qubes-release
2020-07-03 18:50:27.844431 +0000 build-debian4: true
2020-07-03 18:50:27.858069 +0000 build-debian4: Makefile:818: target 'internal-update-repo-current.vm.buster.qubes-release' does not exist
2020-07-03 18:50:27.858111 +0000 build-debian4: repo_base_var="LINUX_REPO_buster_BASEDIR"; \
2020-07-03 18:50:27.858124 +0000 build-debian4: if [ "qubes-release" = linux-template-builder ]; then \
2020-07-03 18:50:27.858136 +0000 build-debian4: .# templates belongs to dom0 repository, even though PACKAGE_SET=vm
2020-07-03 18:50:27.858145 +0000 build-debian4: repo_base_var="LINUX_REPO__BASEDIR"; \
2020-07-03 18:50:27.858152 +0000 build-debian4: fi; \
2020-07-03 18:50:27.858160 +0000 build-debian4: if [ -n "${!repo_base_var}" ]; then \
2020-07-03 18:50:27.858171 +0000 build-debian4: .repo_basedir="${!repo_base_var}"; \
2020-07-03 18:50:27.858178 +0000 build-debian4: else \
2020-07-03 18:50:27.858186 +0000 build-debian4: .repo_basedir="qubes-src/linux-deb/r4.1"; \
2020-07-03 18:50:27.858192 +0000 build-debian4: fi; \
2020-07-03 18:50:27.858202 +0000 build-debian4: if [ -r qubes-src/qubes-release/Makefile.builder ]; then \
2020-07-03 18:50:27.858214 +0000 build-debian4: .echo -n "Updating qubes-src/qubes-release... "; \
2020-07-03 18:50:27.858222 +0000 build-debian4: .if [ "0" -eq 1 ]; then \
2020-07-03 18:50:27.858232 +0000 build-debian4: ..vtag=`git -C qubes-src/qubes-release tag --points-at HEAD --list v*`; \
2020-07-03 18:50:27.858240 +0000 build-debian4: ..if [ -z "$vtag" ]; then \
2020-07-03 18:50:27.858247 +0000 build-debian4: ...echo "no version tag"; \
2020-07-03 18:50:27.858254 +0000 build-debian4: ...exit 0; \
2020-07-03 18:50:27.858264 +0000 build-debian4: ..fi; \
2020-07-03 18:50:27.858270 +0000 build-debian4: .fi; \
2020-07-03 18:50:27.858279 +0000 build-debian4: .if [ "qubes-release" = linux-template-builder ]; then
2020-07-03 18:50:27.858291 +0000 build-debian4: export TEMPLATE_NAME=$(MAKEFLAGS= make -s -C qubes-src/linux-template-builder DIST=buster template-name)
2020-07-03 18:50:27.858298 +0000 build-debian4: fi
2020-07-03 18:50:27.858317 +0000 build-debian4: component_packages=$(MAKEFLAGS= make -s -f Makefile.generic DIST=buster PACKAGE_SET=vm COMPONENT=`basename qubes-src/qubes-release` UPDATE_REPO=/home/user/builder-r4.1/$repo_basedir/current/vm/buster get-var GET_VAR=PACKAGE_LIST); \
2020-07-03 18:50:27.858327 +0000 build-debian4: .if [ -z "$component_packages" ]; then \
2020-07-03 18:50:27.858334 +0000 build-debian4: ..echo "no packages."; \
2020-07-03 18:50:27.858341 +0000 build-debian4: ..exit 0; \
2020-07-03 18:50:27.858361 +0000 build-debian4: .fi; \
2020-07-03 18:50:27.858374 +0000 build-debian4: .make -s -f Makefile.generic DIST=buster PACKAGE_SET=vm \
2020-07-03 18:50:27.858383 +0000 build-debian4: ..COMPONENT=`basename qubes-src/qubes-release` \
2020-07-03 18:50:27.858391 +0000 build-debian4: ..SNAPSHOT_REPO=current-testing \
2020-07-03 18:50:27.858398 +0000 build-debian4: ..TARGET_REPO=current \
2020-07-03 18:50:27.858408 +0000 build-debian4: ..UPDATE_REPO=/home/user/builder-r4.1/$repo_basedir/current/vm/buster \
2020-07-03 18:50:27.858421 +0000 build-debian4: ..SNAPSHOT_FILE=/home/user/builder-r4.1/repo-latest-snapshot/current-testing-vm-buster-`basename qubes-src/qubes-release` \
2020-07-03 18:50:27.858428 +0000 build-debian4: ..BUILD_LOG_URL= \
2020-07-03 18:50:27.858437 +0000 build-debian4: ..update-repo-from-snapshot || exit 1; \
2020-07-03 18:50:27.858448 +0000 build-debian4: elif make -C qubes-src/qubes-release -n update-repo-current >/dev/null 2>/dev/null; then \
2020-07-03 18:50:27.858457 +0000 build-debian4: .echo "Updating qubes-src/qubes-release... "; \
2020-07-03 18:50:27.858467 +0000 build-debian4: .DIST=buster UPDATE_REPO=/home/user/builder-r4.1/$repo_basedir/current/vm/buster \
2020-07-03 18:50:27.858477 +0000 build-debian4: .make -s -C qubes-src/qubes-release update-repo-current || exit 1; \
2020-07-03 18:50:27.858484 +0000 build-debian4: else \
2020-07-03 18:50:27.858493 +0000 build-debian4: .echo -n "Updating qubes-src/qubes-release... skipping."; \
2020-07-03 18:50:27.858499 +0000 build-debian4: fi; \
2020-07-03 18:50:27.858505 +0000 build-debian4: echo
2020-07-03 18:50:27.868098 +0000 build-debian4: Updating qubes-src/qubes-release... no packages.
2020-07-03 18:50:27.868147 +0000 build-debian4: Makefile:791: update target 'internal-update-repo-current.vm.buster' due to: internal-update-repo-current.vm.buster.qubes-release
2020-07-03 18:50:27.868158 +0000 build-debian4: true
2020-07-03 18:50:27.868607 +0000 build-debian4: Makefile:818: target 'internal-update-repo-current.vm.stretch.qubes-release' does not exist
2020-07-03 18:50:27.868634 +0000 build-debian4: repo_base_var="LINUX_REPO_stretch_BASEDIR"; \
2020-07-03 18:50:27.868647 +0000 build-debian4: if [ "qubes-release" = linux-template-builder ]; then \
2020-07-03 18:50:27.868658 +0000 build-debian4: .# templates belongs to dom0 repository, even though PACKAGE_SET=vm
2020-07-03 18:50:27.868667 +0000 build-debian4: repo_base_var="LINUX_REPO__BASEDIR"; \
2020-07-03 18:50:27.868674 +0000 build-debian4: fi; \
2020-07-03 18:50:27.868682 +0000 build-debian4: if [ -n "${!repo_base_var}" ]; then \
2020-07-03 18:50:27.868690 +0000 build-debian4: .repo_basedir="${!repo_base_var}"; \
2020-07-03 18:50:27.868697 +0000 build-debian4: else \
2020-07-03 18:50:27.868705 +0000 build-debian4: .repo_basedir="qubes-src/linux-deb/r4.1"; \
2020-07-03 18:50:27.868728 +0000 build-debian4: fi; \
2020-07-03 18:50:27.868738 +0000 build-debian4: if [ -r qubes-src/qubes-release/Makefile.builder ]; then \
2020-07-03 18:50:27.868747 +0000 build-debian4: .echo -n "Updating qubes-src/qubes-release... "; \
2020-07-03 18:50:27.868755 +0000 build-debian4: .if [ "0" -eq 1 ]; then \
2020-07-03 18:50:27.868766 +0000 build-debian4: ..vtag=`git -C qubes-src/qubes-release tag --points-at HEAD --list v*`; \
2020-07-03 18:50:27.868773 +0000 build-debian4: ..if [ -z "$vtag" ]; then \
2020-07-03 18:50:27.868781 +0000 build-debian4: ...echo "no version tag"; \
2020-07-03 18:50:27.868788 +0000 build-debian4: ...exit 0; \
2020-07-03 18:50:27.868795 +0000 build-debian4: ..fi; \
2020-07-03 18:50:27.868801 +0000 build-debian4: .fi; \
2020-07-03 18:50:27.868810 +0000 build-debian4: .if [ "qubes-release" = linux-template-builder ]; then
2020-07-03 18:50:27.868822 +0000 build-debian4: export TEMPLATE_NAME=$(MAKEFLAGS= make -s -C qubes-src/linux-template-builder DIST=stretch template-name)
2020-07-03 18:50:27.868829 +0000 build-debian4: fi
2020-07-03 18:50:27.868851 +0000 build-debian4: component_packages=$(MAKEFLAGS= make -s -f Makefile.generic DIST=stretch PACKAGE_SET=vm COMPONENT=`basename qubes-src/qubes-release` UPDATE_REPO=/home/user/builder-r4.1/$repo_basedir/current/vm/stretch get-var GET_VAR=PACKAGE_LIST); \
2020-07-03 18:50:27.868872 +0000 build-debian4: .if [ -z "$component_packages" ]; then \
2020-07-03 18:50:27.868881 +0000 build-debian4: ..echo "no packages."; \
2020-07-03 18:50:27.868887 +0000 build-debian4: ..exit 0; \
2020-07-03 18:50:27.868894 +0000 build-debian4: .fi; \
2020-07-03 18:50:27.868903 +0000 build-debian4: .make -s -f Makefile.generic DIST=stretch PACKAGE_SET=vm \
2020-07-03 18:50:27.868912 +0000 build-debian4: ..COMPONENT=`basename qubes-src/qubes-release` \
2020-07-03 18:50:27.868921 +0000 build-debian4: ..SNAPSHOT_REPO=current-testing \
2020-07-03 18:50:27.868928 +0000 build-debian4: ..TARGET_REPO=current \
2020-07-03 18:50:27.868938 +0000 build-debian4: ..UPDATE_REPO=/home/user/builder-r4.1/$repo_basedir/current/vm/stretch \
2020-07-03 18:50:27.868951 +0000 build-debian4: ..SNAPSHOT_FILE=/home/user/builder-r4.1/repo-latest-snapshot/current-testing-vm-stretch-`basename qubes-src/qubes-release` \
2020-07-03 18:50:27.868959 +0000 build-debian4: ..BUILD_LOG_URL= \
2020-07-03 18:50:27.868967 +0000 build-debian4: ..update-repo-from-snapshot || exit 1; \
2020-07-03 18:50:27.868978 +0000 build-debian4: elif make -C qubes-src/qubes-release -n update-repo-current >/dev/null 2>/dev/null; then \
2020-07-03 18:50:27.868987 +0000 build-debian4: .echo "Updating qubes-src/qubes-release... "; \
2020-07-03 18:50:27.868998 +0000 build-debian4: .DIST=stretch UPDATE_REPO=/home/user/builder-r4.1/$repo_basedir/current/vm/stretch \
2020-07-03 18:50:27.869008 +0000 build-debian4: .make -s -C qubes-src/qubes-release update-repo-current || exit 1; \
2020-07-03 18:50:27.869014 +0000 build-debian4: else \
2020-07-03 18:50:27.869024 +0000 build-debian4: .echo -n "Updating qubes-src/qubes-release... skipping."; \
2020-07-03 18:50:27.869030 +0000 build-debian4: fi; \
2020-07-03 18:50:27.869036 +0000 build-debian4: echo
2020-07-03 18:50:27.886045 +0000 build-debian4: Updating qubes-src/qubes-release... no packages.
2020-07-03 18:50:27.886089 +0000 build-debian4: Makefile:791: update target 'internal-update-repo-current.vm.stretch' due to: internal-update-repo-current.vm.stretch.qubes-release
2020-07-03 18:50:27.886099 +0000 build-debian4: true
2020-07-03 18:50:27.887285 +0000 build-debian4: Makefile:872: target 'post-update-repo-current' does not exist
2020-07-03 18:50:27.887315 +0000 build-debian4: for dist in  bullseye buster stretch; do \
2020-07-03 18:50:27.887325 +0000 build-debian4: .repo_base_var="LINUX_REPO_${dist}_BASEDIR"; \
2020-07-03 18:50:27.887334 +0000 build-debian4: .if [ -n "${!repo_base_var}" ]; then \
2020-07-03 18:50:27.887342 +0000 build-debian4: ..repo_basedir="${!repo_base_var}"; \
2020-07-03 18:50:27.887349 +0000 build-debian4: .else \
2020-07-03 18:50:27.887358 +0000 build-debian4: ..repo_basedir="qubes-src/linux-deb/r4.1"; \
2020-07-03 18:50:27.887364 +0000 build-debian4: .fi; \
2020-07-03 18:50:27.887373 +0000 build-debian4: .repos_to_update="$repos_to_update $repo_basedir"; \
2020-07-03 18:50:27.887380 +0000 build-debian4: done; \
2020-07-03 18:50:27.887387 +0000 build-debian4: pkgset_dist= ; \
2020-07-03 18:50:27.887394 +0000 build-debian4: for dist in ; do \
2020-07-03 18:50:27.887402 +0000 build-debian4: .pkgset_dist="$pkgset_dist dom0/$dist"; \
2020-07-03 18:50:27.887409 +0000 build-debian4: done; \
2020-07-03 18:50:27.887417 +0000 build-debian4: for dist in bullseye buster stretch; do \
2020-07-03 18:50:27.887425 +0000 build-debian4: .pkgset_dist="$pkgset_dist vm/$dist"; \
2020-07-03 18:50:27.887432 +0000 build-debian4: done; \
2020-07-03 18:50:27.887442 +0000 build-debian4: for repo in `echo $repos_to_update|tr ' ' '\n'|sort|uniq`; do \
2020-07-03 18:50:27.887449 +0000 build-debian4: .[ -z "$repo" ] && continue; \
2020-07-03 18:50:27.887459 +0000 build-debian4: .[ -x "$repo/../update_repo-current.sh" ] || continue; \
2020-07-03 18:50:27.887468 +0000 build-debian4: .(cd $repo/.. && ./update_repo-current.sh r4.1 $pkgset_dist); \
2020-07-03 18:50:27.887486 +0000 build-debian4: done
2020-07-03 18:50:27.916977 +0000 build-debian4: --> Processing repo: r4.1/vm/dists/bullseye...
2020-07-03 18:50:28.290173 +0000 build-debian4: --> Processing repo: r4.1/vm/dists/buster...
2020-07-03 18:50:28.886617 +0000 build-debian4: --> Processing repo: r4.1/vm/dists/stretch...
2020-07-03 18:50:29.316724 +0000 build-debian4: Done.
2020-07-03 18:50:29.359100 +0000 build-debian4: ~/builder-r4.1/qubes-src/linux-deb ~/builder-r4.1/qubes-src/linux-deb
2020-07-03 18:50:29.440375 +0000 build-debian4: sending incremental file list
2020-07-03 18:50:29.639375 +0000 build-debian4: Syncing r4.1/vm/bullseye...
2020-07-03 18:50:29.782985 +0000 build-debian4: sending incremental file list
2020-07-03 18:50:29.875055 +0000 build-debian4: .d..t...... bullseye/
2020-07-03 18:50:29.875104 +0000 build-debian4: <f..t...... bullseye/InRelease
2020-07-03 18:50:29.875120 +0000 build-debian4: .            700  27%    0.00kB/s    0:00:00  .          2,507 100%    1.72MB/s    0:00:00 (xfr#1, to-chk=10/12)
2020-07-03 18:50:29.875130 +0000 build-debian4: <f..t...... bullseye/Release.gpg
2020-07-03 18:50:29.875143 +0000 build-debian4: .            833 100%  813.48kB/s    0:00:00  .            833 100%  813.48kB/s    0:00:00 (xfr#2, to-chk=8/12)
2020-07-03 18:50:29.971514 +0000 build-debian4: Syncing r4.1/vm/bullseye-testing...
2020-07-03 18:50:30.122776 +0000 build-debian4: sending incremental file list
2020-07-03 18:50:30.220828 +0000 build-debian4: Syncing r4.1/vm/buster...
2020-07-03 18:50:30.362607 +0000 build-debian4: sending incremental file list
2020-07-03 18:50:30.463134 +0000 build-debian4: .d..t...... buster/
2020-07-03 18:50:30.463181 +0000 build-debian4: <f..t...... buster/InRelease
2020-07-03 18:50:30.463198 +0000 build-debian4: .            700  27%    0.00kB/s    0:00:00  .          2,503 100%    1.72MB/s    0:00:00 (xfr#1, to-chk=10/12)
2020-07-03 18:50:30.463208 +0000 build-debian4: <f..t...... buster/Release.gpg
2020-07-03 18:50:30.463221 +0000 build-debian4: .            833 100%  813.48kB/s    0:00:00  .            833 100%  813.48kB/s    0:00:00 (xfr#2, to-chk=8/12)
2020-07-03 18:50:30.555212 +0000 build-debian4: Syncing r4.1/vm/buster-testing...
2020-07-03 18:50:30.705824 +0000 build-debian4: sending incremental file list
2020-07-03 18:50:30.811993 +0000 build-debian4: Syncing r4.1/vm/stretch...
2020-07-03 18:50:30.963225 +0000 build-debian4: sending incremental file list
2020-07-03 18:50:31.009271 +0000 build-debian4: .d..t...... stretch/
2020-07-03 18:50:31.009314 +0000 build-debian4: <f..t...... stretch/InRelease
2020-07-03 18:50:31.009331 +0000 build-debian4: .            700  27%    0.00kB/s    0:00:00  .          2,505 100%    1.72MB/s    0:00:00 (xfr#1, to-chk=10/12)
2020-07-03 18:50:31.009340 +0000 build-debian4: <f..t...... stretch/Release.gpg
2020-07-03 18:50:31.009353 +0000 build-debian4: .            833 100%  813.48kB/s    0:00:00  .            833 100%  813.48kB/s    0:00:00 (xfr#2, to-chk=8/12)
2020-07-03 18:50:31.100939 +0000 build-debian4: Syncing r4.1/vm/stretch-testing...
2020-07-03 18:50:31.248920 +0000 build-debian4: sending incremental file list
2020-07-03 18:50:31.359841 +0000 build-debian4: ~/builder-r4.1/qubes-src/linux-deb
2020-07-03 18:50:31.371624 +0000 build-debian4: Makefile:778: update target 'update-repo-current' due to: internal-update-repo-current.vm.bullseye internal-update-repo-current.vm.buster internal-update-repo-current.vm.stretch post-update-repo-current
2020-07-03 18:50:31.371666 +0000 build-debian4: true
2020-07-03 18:50:31.371677 +0000 build-debian4: > done
2020-07-03 18:50:31.371688 +0000 > closing log
