2022-12-27 13:56:02.520684 +0000 > starting log
2022-12-27 13:56:02.520936 +0000 build-debian4: > starting build with log
2022-12-27 13:56:02.520950 +0000 build-debian4: >> make args: update-repo-current
2022-12-27 13:56:02.520957 +0000 build-debian4: >> MAKEFLAGS=
2022-12-27 13:56:02.520965 +0000 build-debian4: >> COMPONENTS=core-admin
2022-12-27 13:56:02.520972 +0000 build-debian4: >> DISTS_VM=buster bullseye bookworm
2022-12-27 13:56:02.520978 +0000 build-debian4: >> DIST_DOM0=
2022-12-27 13:56:02.520987 +0000 build-debian4: >> qubes-builder eb9100bd191b8dff2ef4695710e7d3f624347b45
2022-12-27 13:56:02.520997 +0000 build-debian4: >> qubes-builder/qubes-src/core-admin 4fd7ba3d4f9ea7131e5cf63b99b0c602071ad609
2022-12-27 13:56:02.521007 +0000 build-debian4: ================================================================================
2022-12-27 13:56:02.521017 +0000 build-debian4:                            B U I L D   I N F O                                  
2022-12-27 13:56:02.521026 +0000 build-debian4: Items in red indicate it was automatically generated by configuration file(s)
2022-12-27 13:56:02.521036 +0000 build-debian4: Items in white indicate it was automatically removed by configuration file(s)
2022-12-27 13:56:02.521046 +0000 build-debian4: ================================================================================
2022-12-27 13:56:02.521051 +0000 build-debian4: DISTS_VM:
2022-12-27 13:56:02.521062 +0000 build-debian4:      buster+standard, bullseye+standard+firmware, bookworm+standard, buster bullseye bookworm
2022-12-27 13:56:02.521068 +0000 build-debian4: DISTS_ALL:
2022-12-27 13:56:02.521076 +0000 build-debian4:      vm-bookworm, vm-bullseye, vm-buster,
2022-12-27 13:56:02.521081 +0000 build-debian4: DIST_DOM0:
2022-12-27 13:56:02.521087 +0000 build-debian4:     
2022-12-27 13:56:02.521093 +0000 build-debian4: BUILDER_PLUGINS:
2022-12-27 13:56:02.521103 +0000 build-debian4:      builder-debian, mgmt-salt, release-configs, linux-deb, builder-github,
2022-12-27 13:56:02.521108 +0000 build-debian4: COMPONENTS:
2022-12-27 13:56:02.521114 +0000 build-debian4:      core-admin,
2022-12-27 13:56:02.521120 +0000 build-debian4: GIT_REPOS:
2022-12-27 13:56:02.521127 +0000 build-debian4:      qubes-src/core-admin,
2022-12-27 13:56:02.521133 +0000 build-debian4: TEMPLATE:
2022-12-27 13:56:02.521138 +0000 build-debian4:     
2022-12-27 13:56:02.521145 +0000 build-debian4: TEMPLATE_FLAVOR_DIR:
2022-12-27 13:56:02.528574 +0000 build-debian4:     
2022-12-27 13:56:02.528609 +0000 build-debian4: TEMPLATE_ALIAS:
2022-12-27 13:56:02.530618 +0000 build-debian4:      stretch:stretch+standard, stretch+gnome:stretch+gnome+standard,
2022-12-27 13:56:02.530655 +0000 build-debian4:      stretch+minimal:stretch+minimal+no-recommends, buster:buster+standard,
2022-12-27 13:56:02.530668 +0000 build-debian4:      buster+gnome:buster+gnome+standard, buster+minimal:buster+minimal+no-recommends,
2022-12-27 13:56:02.530679 +0000 build-debian4:      bullseye:bullseye+standard+firmware, bullseye+gnome:bullseye+gnome+standard+firmware,
2022-12-27 13:56:02.530689 +0000 build-debian4:      bullseye+minimal:bullseye+minimal+no-recommends, bookworm:bookworm+standard,
2022-12-27 13:56:02.530700 +0000 build-debian4:      bookworm+gnome:bookworm+gnome+standard, bookworm+minimal:bookworm+minimal+no-recommends,
2022-12-27 13:56:02.530712 +0000 build-debian4:      bionic:bionic+standard, focal:focal+standard, whonix-gateway-15:buster+whonix-gateway+minimal+no-recommends,
2022-12-27 13:56:02.530722 +0000 build-debian4:      whonix-workstation-15:buster+whonix-workstation+minimal+no-recommends,
2022-12-27 13:56:02.530731 +0000 build-debian4:      whonix-gateway-16:bullseye+whonix-gateway+minimal+no-recommends,
2022-12-27 13:56:02.530740 +0000 build-debian4:      whonix-workstation-16:bullseye+whonix-workstation+minimal+no-recommends,
2022-12-27 13:56:02.530747 +0000 build-debian4: TEMPLATE_LABEL:
2022-12-27 13:56:02.537403 +0000 build-debian4:      buster+standard:debian-10, bullseye+standard+firmware:debian-11, bookworm+standard:debian-12,
2022-12-27 13:56:02.537443 +0000 build-debian4:      buster+standard:buster, bullseye+standard+firmware:bullseye, bookworm+standard:bookworm,
2022-12-27 13:56:02.537469 +0000 build-debian4:      fc34:fedora-34 fc35:fedora-35 fc36:fedora-36 fc34+minimal:fedora-34-minimal
2022-12-27 13:56:02.537481 +0000 build-debian4:      fc35+minimal:fedora-35-minimal fc36+minimal:fedora-36-minimal fc34+xfce:fedora-34-xfce
2022-12-27 13:56:02.537492 +0000 build-debian4:      fc35+xfce:fedora-35-xfce fc36+xfce:fedora-36-xfce stretch:debian-9 stretch+standard:debian-9
2022-12-27 13:56:02.537503 +0000 build-debian4:      stretch+xfce:debian-9-xfce buster:debian-10 buster+xfce:debian-10-xfce bullseye:debian-11
2022-12-27 13:56:02.537514 +0000 build-debian4:      bullseye+xfce:debian-11-xfce bookworm:debian-12 bookworm+xfce:debian-12-xfce bionic+standard:bionic
2022-12-27 13:56:02.537524 +0000 build-debian4:      focal+standard:focal buster+whonix-gateway+minimal+no-recommends:whonix-gw-15
2022-12-27 13:56:02.537533 +0000 build-debian4:      buster+whonix-workstation+minimal+no-recommends:whonix-ws-15
2022-12-27 13:56:02.537542 +0000 build-debian4:      bullseye+whonix-gateway+minimal+no-recommends:whonix-gw-16
2022-12-27 13:56:02.537551 +0000 build-debian4:      bullseye+whonix-workstation+minimal+no-recommends:whonix-ws-16 centos7:centos-7
2022-12-27 13:56:02.537562 +0000 build-debian4:      centos7+minimal:centos-7-minimal centos7+xfce:centos-7-xfce centos-stream8:centos-stream-8
2022-12-27 13:56:02.537572 +0000 build-debian4:      centos-stream8+minimal:centos-stream-8-minimal centos-stream8+xfce:centos-stream-8-xfce
2022-12-27 13:56:02.560635 +0000 build-debian4: > running make
2022-12-27 13:56:02.572437 +0000 build-debian4: Makefile:863: target 'internal-update-repo-current.vm.bookworm.core-admin' does not exist
2022-12-27 13:56:02.572473 +0000 build-debian4: repo_base_var="LINUX_REPO_${DIST//-/_}_BASEDIR"; \
2022-12-27 13:56:02.572484 +0000 build-debian4: if [ "core-admin" = linux-template-builder ]; then \
2022-12-27 13:56:02.572494 +0000 build-debian4: .# templates belongs to dom0 repository, even though PACKAGE_SET=vm
2022-12-27 13:56:02.572502 +0000 build-debian4: repo_base_var="LINUX_REPO__BASEDIR"; \
2022-12-27 13:56:02.572508 +0000 build-debian4: fi; \
2022-12-27 13:56:02.572515 +0000 build-debian4: if [ -n "${!repo_base_var}" ]; then \
2022-12-27 13:56:02.572522 +0000 build-debian4: .repo_basedir="${!repo_base_var}"; \
2022-12-27 13:56:02.572528 +0000 build-debian4: else \
2022-12-27 13:56:02.572535 +0000 build-debian4: .repo_basedir="qubes-src/linux-deb/r4.1"; \
2022-12-27 13:56:02.572540 +0000 build-debian4: fi; \
2022-12-27 13:56:02.572548 +0000 build-debian4: if [ -r qubes-src/core-admin/Makefile.builder ]; then \
2022-12-27 13:56:02.572556 +0000 build-debian4: .echo -n "Updating qubes-src/core-admin... "; \
2022-12-27 13:56:02.572562 +0000 build-debian4: .if [ "0" -eq 1 ]; then \
2022-12-27 13:56:02.572572 +0000 build-debian4: ..vtag=`git -C qubes-src/core-admin tag --points-at HEAD --list v*`; \
2022-12-27 13:56:02.572578 +0000 build-debian4: ..if [ -z "$vtag" ]; then \
2022-12-27 13:56:02.572585 +0000 build-debian4: ...echo "no version tag"; \
2022-12-27 13:56:02.572591 +0000 build-debian4: ...exit 0; \
2022-12-27 13:56:02.572597 +0000 build-debian4: ..fi; \
2022-12-27 13:56:02.572602 +0000 build-debian4: .fi; \
2022-12-27 13:56:02.572610 +0000 build-debian4: .if [ "core-admin" = linux-template-builder ]; then
2022-12-27 13:56:02.572625 +0000 build-debian4: export TEMPLATE_NAME=$(MAKEFLAGS= make -s -C qubes-src/linux-template-builder DIST=bookworm template-name)
2022-12-27 13:56:02.572631 +0000 build-debian4: fi
2022-12-27 13:56:02.572650 +0000 build-debian4: component_packages=$(MAKEFLAGS= make -s -f Makefile.generic DIST=bookworm PACKAGE_SET=vm COMPONENT=`basename qubes-src/core-admin` UPDATE_REPO=/home/user/builder-r4.1/$repo_basedir/current/vm/bookworm get-var GET_VAR=PACKAGE_LIST); \
2022-12-27 13:56:02.572658 +0000 build-debian4: .if [ -z "$component_packages" ]; then \
2022-12-27 13:56:02.572665 +0000 build-debian4: ..echo "no packages."; \
2022-12-27 13:56:02.572687 +0000 build-debian4: ..exit 0; \
2022-12-27 13:56:02.572694 +0000 build-debian4: .fi; \
2022-12-27 13:56:02.572702 +0000 build-debian4: .make -s -f Makefile.generic DIST=bookworm PACKAGE_SET=vm \
2022-12-27 13:56:02.572710 +0000 build-debian4: ..COMPONENT=`basename qubes-src/core-admin` \
2022-12-27 13:56:02.572717 +0000 build-debian4: ..SNAPSHOT_REPO=current-testing \
2022-12-27 13:56:02.572723 +0000 build-debian4: ..TARGET_REPO=current \
2022-12-27 13:56:02.572732 +0000 build-debian4: ..UPDATE_REPO=/home/user/builder-r4.1/$repo_basedir/current/vm/bookworm \
2022-12-27 13:56:02.572744 +0000 build-debian4: ..SNAPSHOT_FILE=/home/user/builder-r4.1/repo-latest-snapshot/current-testing-vm-bookworm-`basename qubes-src/core-admin` \
2022-12-27 13:56:02.572750 +0000 build-debian4: ..BUILD_LOG_URL= \
2022-12-27 13:56:02.572758 +0000 build-debian4: ..update-repo-from-snapshot || exit 1; \
2022-12-27 13:56:02.572768 +0000 build-debian4: elif make -C qubes-src/core-admin -n update-repo-current >/dev/null 2>/dev/null; then \
2022-12-27 13:56:02.572775 +0000 build-debian4: .echo "Updating qubes-src/core-admin... "; \
2022-12-27 13:56:02.572785 +0000 build-debian4: .DIST=bookworm UPDATE_REPO=/home/user/builder-r4.1/$repo_basedir/current/vm/bookworm \
2022-12-27 13:56:02.572794 +0000 build-debian4: .make -s -C qubes-src/core-admin update-repo-current || exit 1; \
2022-12-27 13:56:02.572799 +0000 build-debian4: else \
2022-12-27 13:56:02.572807 +0000 build-debian4: .echo -n "Updating qubes-src/core-admin... skipping."; \
2022-12-27 13:56:02.572813 +0000 build-debian4: fi; \
2022-12-27 13:56:02.572818 +0000 build-debian4: echo
2022-12-27 13:56:02.632520 +0000 build-debian4: Updating qubes-src/core-admin... no packages.
2022-12-27 13:56:02.635254 +0000 build-debian4: Makefile:832: update target 'internal-update-repo-current.vm.bookworm' due to: internal-update-repo-current.vm.bookworm.core-admin
2022-12-27 13:56:02.635288 +0000 build-debian4: true
2022-12-27 13:56:02.635408 +0000 build-debian4: Makefile:863: target 'internal-update-repo-current.vm.bullseye.core-admin' does not exist
2022-12-27 13:56:02.635427 +0000 build-debian4: repo_base_var="LINUX_REPO_${DIST//-/_}_BASEDIR"; \
2022-12-27 13:56:02.635437 +0000 build-debian4: if [ "core-admin" = linux-template-builder ]; then \
2022-12-27 13:56:02.635447 +0000 build-debian4: .# templates belongs to dom0 repository, even though PACKAGE_SET=vm
2022-12-27 13:56:02.635454 +0000 build-debian4: repo_base_var="LINUX_REPO__BASEDIR"; \
2022-12-27 13:56:02.635460 +0000 build-debian4: fi; \
2022-12-27 13:56:02.635468 +0000 build-debian4: if [ -n "${!repo_base_var}" ]; then \
2022-12-27 13:56:02.635475 +0000 build-debian4: .repo_basedir="${!repo_base_var}"; \
2022-12-27 13:56:02.635481 +0000 build-debian4: else \
2022-12-27 13:56:02.635488 +0000 build-debian4: .repo_basedir="qubes-src/linux-deb/r4.1"; \
2022-12-27 13:56:02.635494 +0000 build-debian4: fi; \
2022-12-27 13:56:02.635502 +0000 build-debian4: if [ -r qubes-src/core-admin/Makefile.builder ]; then \
2022-12-27 13:56:02.635510 +0000 build-debian4: .echo -n "Updating qubes-src/core-admin... "; \
2022-12-27 13:56:02.635517 +0000 build-debian4: .if [ "0" -eq 1 ]; then \
2022-12-27 13:56:02.635527 +0000 build-debian4: ..vtag=`git -C qubes-src/core-admin tag --points-at HEAD --list v*`; \
2022-12-27 13:56:02.635533 +0000 build-debian4: ..if [ -z "$vtag" ]; then \
2022-12-27 13:56:02.635540 +0000 build-debian4: ...echo "no version tag"; \
2022-12-27 13:56:02.635546 +0000 build-debian4: ...exit 0; \
2022-12-27 13:56:02.635552 +0000 build-debian4: ..fi; \
2022-12-27 13:56:02.635558 +0000 build-debian4: .fi; \
2022-12-27 13:56:02.635566 +0000 build-debian4: .if [ "core-admin" = linux-template-builder ]; then
2022-12-27 13:56:02.635577 +0000 build-debian4: export TEMPLATE_NAME=$(MAKEFLAGS= make -s -C qubes-src/linux-template-builder DIST=bullseye template-name)
2022-12-27 13:56:02.635582 +0000 build-debian4: fi
2022-12-27 13:56:02.635602 +0000 build-debian4: component_packages=$(MAKEFLAGS= make -s -f Makefile.generic DIST=bullseye PACKAGE_SET=vm COMPONENT=`basename qubes-src/core-admin` UPDATE_REPO=/home/user/builder-r4.1/$repo_basedir/current/vm/bullseye get-var GET_VAR=PACKAGE_LIST); \
2022-12-27 13:56:02.635625 +0000 build-debian4: .if [ -z "$component_packages" ]; then \
2022-12-27 13:56:02.635633 +0000 build-debian4: ..echo "no packages."; \
2022-12-27 13:56:02.635639 +0000 build-debian4: ..exit 0; \
2022-12-27 13:56:02.635645 +0000 build-debian4: .fi; \
2022-12-27 13:56:02.635653 +0000 build-debian4: .make -s -f Makefile.generic DIST=bullseye PACKAGE_SET=vm \
2022-12-27 13:56:02.635661 +0000 build-debian4: ..COMPONENT=`basename qubes-src/core-admin` \
2022-12-27 13:56:02.635668 +0000 build-debian4: ..SNAPSHOT_REPO=current-testing \
2022-12-27 13:56:02.635674 +0000 build-debian4: ..TARGET_REPO=current \
2022-12-27 13:56:02.635684 +0000 build-debian4: ..UPDATE_REPO=/home/user/builder-r4.1/$repo_basedir/current/vm/bullseye \
2022-12-27 13:56:02.635696 +0000 build-debian4: ..SNAPSHOT_FILE=/home/user/builder-r4.1/repo-latest-snapshot/current-testing-vm-bullseye-`basename qubes-src/core-admin` \
2022-12-27 13:56:02.635702 +0000 build-debian4: ..BUILD_LOG_URL= \
2022-12-27 13:56:02.635710 +0000 build-debian4: ..update-repo-from-snapshot || exit 1; \
2022-12-27 13:56:02.635720 +0000 build-debian4: elif make -C qubes-src/core-admin -n update-repo-current >/dev/null 2>/dev/null; then \
2022-12-27 13:56:02.635728 +0000 build-debian4: .echo "Updating qubes-src/core-admin... "; \
2022-12-27 13:56:02.635738 +0000 build-debian4: .DIST=bullseye UPDATE_REPO=/home/user/builder-r4.1/$repo_basedir/current/vm/bullseye \
2022-12-27 13:56:02.635747 +0000 build-debian4: .make -s -C qubes-src/core-admin update-repo-current || exit 1; \
2022-12-27 13:56:02.635753 +0000 build-debian4: else \
2022-12-27 13:56:02.635761 +0000 build-debian4: .echo -n "Updating qubes-src/core-admin... skipping."; \
2022-12-27 13:56:02.635766 +0000 build-debian4: fi; \
2022-12-27 13:56:02.635771 +0000 build-debian4: echo
2022-12-27 13:56:02.704280 +0000 build-debian4: Updating qubes-src/core-admin... no packages.
2022-12-27 13:56:02.704328 +0000 build-debian4: Makefile:832: update target 'internal-update-repo-current.vm.bullseye' due to: internal-update-repo-current.vm.bullseye.core-admin
2022-12-27 13:56:02.704338 +0000 build-debian4: true
2022-12-27 13:56:02.705540 +0000 build-debian4: Makefile:863: target 'internal-update-repo-current.vm.buster.core-admin' does not exist
2022-12-27 13:56:02.705571 +0000 build-debian4: repo_base_var="LINUX_REPO_${DIST//-/_}_BASEDIR"; \
2022-12-27 13:56:02.705581 +0000 build-debian4: if [ "core-admin" = linux-template-builder ]; then \
2022-12-27 13:56:02.705591 +0000 build-debian4: .# templates belongs to dom0 repository, even though PACKAGE_SET=vm
2022-12-27 13:56:02.705598 +0000 build-debian4: repo_base_var="LINUX_REPO__BASEDIR"; \
2022-12-27 13:56:02.705604 +0000 build-debian4: fi; \
2022-12-27 13:56:02.705611 +0000 build-debian4: if [ -n "${!repo_base_var}" ]; then \
2022-12-27 13:56:02.705623 +0000 build-debian4: .repo_basedir="${!repo_base_var}"; \
2022-12-27 13:56:02.705628 +0000 build-debian4: else \
2022-12-27 13:56:02.705636 +0000 build-debian4: .repo_basedir="qubes-src/linux-deb/r4.1"; \
2022-12-27 13:56:02.705641 +0000 build-debian4: fi; \
2022-12-27 13:56:02.705649 +0000 build-debian4: if [ -r qubes-src/core-admin/Makefile.builder ]; then \
2022-12-27 13:56:02.705657 +0000 build-debian4: .echo -n "Updating qubes-src/core-admin... "; \
2022-12-27 13:56:02.705664 +0000 build-debian4: .if [ "0" -eq 1 ]; then \
2022-12-27 13:56:02.705677 +0000 build-debian4: ..vtag=`git -C qubes-src/core-admin tag --points-at HEAD --list v*`; \
2022-12-27 13:56:02.705686 +0000 build-debian4: ..if [ -z "$vtag" ]; then \
2022-12-27 13:56:02.705693 +0000 build-debian4: ...echo "no version tag"; \
2022-12-27 13:56:02.705699 +0000 build-debian4: ...exit 0; \
2022-12-27 13:56:02.705704 +0000 build-debian4: ..fi; \
2022-12-27 13:56:02.705710 +0000 build-debian4: .fi; \
2022-12-27 13:56:02.705735 +0000 build-debian4: .if [ "core-admin" = linux-template-builder ]; then
2022-12-27 13:56:02.705747 +0000 build-debian4: export TEMPLATE_NAME=$(MAKEFLAGS= make -s -C qubes-src/linux-template-builder DIST=buster template-name)
2022-12-27 13:56:02.705753 +0000 build-debian4: fi
2022-12-27 13:56:02.705774 +0000 build-debian4: component_packages=$(MAKEFLAGS= make -s -f Makefile.generic DIST=buster PACKAGE_SET=vm COMPONENT=`basename qubes-src/core-admin` UPDATE_REPO=/home/user/builder-r4.1/$repo_basedir/current/vm/buster get-var GET_VAR=PACKAGE_LIST); \
2022-12-27 13:56:02.705783 +0000 build-debian4: .if [ -z "$component_packages" ]; then \
2022-12-27 13:56:02.705790 +0000 build-debian4: ..echo "no packages."; \
2022-12-27 13:56:02.705795 +0000 build-debian4: ..exit 0; \
2022-12-27 13:56:02.705801 +0000 build-debian4: .fi; \
2022-12-27 13:56:02.705809 +0000 build-debian4: .make -s -f Makefile.generic DIST=buster PACKAGE_SET=vm \
2022-12-27 13:56:02.705817 +0000 build-debian4: ..COMPONENT=`basename qubes-src/core-admin` \
2022-12-27 13:56:02.705824 +0000 build-debian4: ..SNAPSHOT_REPO=current-testing \
2022-12-27 13:56:02.705830 +0000 build-debian4: ..TARGET_REPO=current \
2022-12-27 13:56:02.705839 +0000 build-debian4: ..UPDATE_REPO=/home/user/builder-r4.1/$repo_basedir/current/vm/buster \
2022-12-27 13:56:02.705851 +0000 build-debian4: ..SNAPSHOT_FILE=/home/user/builder-r4.1/repo-latest-snapshot/current-testing-vm-buster-`basename qubes-src/core-admin` \
2022-12-27 13:56:02.705857 +0000 build-debian4: ..BUILD_LOG_URL= \
2022-12-27 13:56:02.705864 +0000 build-debian4: ..update-repo-from-snapshot || exit 1; \
2022-12-27 13:56:02.705874 +0000 build-debian4: elif make -C qubes-src/core-admin -n update-repo-current >/dev/null 2>/dev/null; then \
2022-12-27 13:56:02.705882 +0000 build-debian4: .echo "Updating qubes-src/core-admin... "; \
2022-12-27 13:56:02.705891 +0000 build-debian4: .DIST=buster UPDATE_REPO=/home/user/builder-r4.1/$repo_basedir/current/vm/buster \
2022-12-27 13:56:02.705900 +0000 build-debian4: .make -s -C qubes-src/core-admin update-repo-current || exit 1; \
2022-12-27 13:56:02.705905 +0000 build-debian4: else \
2022-12-27 13:56:02.705914 +0000 build-debian4: .echo -n "Updating qubes-src/core-admin... skipping."; \
2022-12-27 13:56:02.705919 +0000 build-debian4: fi; \
2022-12-27 13:56:02.705924 +0000 build-debian4: echo
2022-12-27 13:56:02.757457 +0000 build-debian4: Updating qubes-src/core-admin... no packages.
2022-12-27 13:56:02.757718 +0000 build-debian4: Makefile:832: update target 'internal-update-repo-current.vm.buster' due to: internal-update-repo-current.vm.buster.core-admin
2022-12-27 13:56:02.757736 +0000 build-debian4: true
2022-12-27 13:56:02.758903 +0000 build-debian4: Makefile:945: target 'post-update-repo-current' does not exist
2022-12-27 13:56:02.758926 +0000 build-debian4: true
2022-12-27 13:56:02.761514 +0000 build-debian4: Makefile:819: update target 'update-repo-current' due to: internal-update-repo-current.vm.bookworm internal-update-repo-current.vm.bullseye internal-update-repo-current.vm.buster post-update-repo-current
2022-12-27 13:56:02.761549 +0000 build-debian4: true
2022-12-27 13:56:02.763344 +0000 build-debian4: > done
2022-12-27 13:56:02.763379 +0000 > closing log
