2024-06-10 14:29:44.521061 +0000 > starting log
2024-06-10 14:29:44.521521 +0000 build-debian4: > starting build with log
2024-06-10 14:29:44.521561 +0000 build-debian4: >> make args: update-repo-current
2024-06-10 14:29:44.521579 +0000 build-debian4: >> MAKEFLAGS=
2024-06-10 14:29:44.521594 +0000 build-debian4: >> COMPONENTS=intel-microcode
2024-06-10 14:29:44.521608 +0000 build-debian4: >> DISTS_VM=buster bullseye bookworm
2024-06-10 14:29:44.521620 +0000 build-debian4: >> DIST_DOM0=
2024-06-10 14:29:44.521634 +0000 build-debian4: >> qubes-builder 3678e5fc7d685cf1ccbdc720f6e9ee2146a2a92e
2024-06-10 14:29:44.521650 +0000 build-debian4: >> qubes-builder/qubes-src/intel-microcode 727478d0ebb6cf7299f20b7b23b3957a1cc13193
2024-06-10 14:29:44.521663 +0000 build-debian4: !! microcode-20190514.tar.gz
2024-06-10 14:29:44.521675 +0000 build-debian4: !! microcode-20191112.tar.gz
2024-06-10 14:29:44.521687 +0000 build-debian4: !! microcode-20200609.tar.gz
2024-06-10 14:29:44.521699 +0000 build-debian4: !! microcode-20201110.tar.gz
2024-06-10 14:29:44.521748 +0000 build-debian4: !! microcode-20201118.tar.gz
2024-06-10 14:29:44.521769 +0000 build-debian4: !! microcode-20210608.tar.gz
2024-06-10 14:29:44.521782 +0000 build-debian4: !! microcode-20220207.tar.gz
2024-06-10 14:29:44.521795 +0000 build-debian4: !! microcode-20220510.tar.gz
2024-06-10 14:29:44.521807 +0000 build-debian4: !! microcode-20221108.tar.gz
2024-06-10 14:29:44.521819 +0000 build-debian4: !! microcode-20230808.tar.gz
2024-06-10 14:29:44.521831 +0000 build-debian4: !! microcode-20231114.tar.gz
2024-06-10 14:29:44.521844 +0000 build-debian4: !! microcode-20240312.tar.gz
2024-06-10 14:29:44.521856 +0000 build-debian4: !! microcode-20240531.tar.gz
2024-06-10 14:29:44.521868 +0000 build-debian4: !! microcode_ctl-2.1-19.tar.xz
2024-06-10 14:29:44.524392 +0000 build-debian4: fd5e82708d4a7f08630a2c51a182814cc4c0fbd88fe473e871b9784c03cb87e804a9ed4c2f3e041696aabfdd60996f2d50a175bea90f1644f6f3205a37215017  microcode-20190514.tar.gz
2024-06-10 14:29:44.524439 +0000 build-debian4: 34cebf266f9d6cc38b0dd87f8c7fcf42f3c8d9e434560328b0811b4c4834d0f253d834f53bfaf5b4c561bb153b4bcf509620131046bf0afd6038d02bf9a25a13  microcode-20191112.tar.gz
2024-06-10 14:29:44.524461 +0000 build-debian4: bfcaaea2811214b79445d632e256cd35af82d62f748799d47f7bc2490c5a6fd53f020bcaa3331a96b54c91ded1d17dfd9946b40174694b9a7ad17810f58293ae  microcode-20200609.tar.gz
2024-06-10 14:29:44.524480 +0000 build-debian4: da0a2614fcd651536a2dc64a2207ab02d8b482453e9d2ae18f628f1cbc3da0aa0734f830264fca5541823693d300f74ae60f7014cbf43b87ff55345c8fd80014  microcode-20201110.tar.gz
2024-06-10 14:29:44.524501 +0000 build-debian4: 5c54c45c799e3989fce08f69d918c90cdf5f977cc3d30301d177e545bae1a4f385b282c7fc2c43f7464f0fa9426840ee0bc9b248684e66302bbb27c77d5e1d33  microcode-20201118.tar.gz
2024-06-10 14:29:44.524519 +0000 build-debian4: 61acd2e76aa019fa0002fbf56c503791080a937ff93d81e020f8f0cc089dc08928b4c7e9884f713b886e2f9d4a8409fea59e39f628ef534a588515e1c3fc861d  microcode-20210608.tar.gz
2024-06-10 14:29:44.524538 +0000 build-debian4: efa9f80815947cf2be371e7da7185634cbacefe779d1d6dfef0c15b78ccae7d2740ea6681b967a19dfbcc3014edce5bcdcdba87c9dea1f19d0415a03fca9e936  microcode-20220207.tar.gz
2024-06-10 14:29:44.535842 +0000 build-debian4: 00329ce62a6d9cc66fb8594d132ef67951086ab1250ceaf908d5a357753ed62557275f55c5eb7b3ad55d1fdd312b5d1a436b214cdcbf6e3e1a840c8bf6f4795d  microcode-20220510.tar.gz
2024-06-10 14:29:44.630889 +0000 build-debian4: d86bee1269d31d3028f0d2b7d4886795b96d8f1f9d5dbd5149c2dd4cec3b0319fd869f8138f283e2135ecb0bb6387cfd3c2ef1f597b4194a250ac4f2df7f15a4  microcode-20221108.tar.gz
2024-06-10 14:29:44.810372 +0000 build-debian4: 8316eb9d35b315e630c6c9fab1ba601b91e72cc42926ef14e7c2b77e7025d276ae06c143060f44cd1a873d3879c067d11ad82e1886c796e6be6bf466243ad85b  microcode-20230808.tar.gz
2024-06-10 14:29:44.970763 +0000 build-debian4: a684444ef81e81687ff43b8255e95675eed1d728053bb1a483a60e94e2d2d43f10fc12522510b22daf90c4debd8f035e6b9a565813aa799c2e1e3a464124f59b  microcode-20231114.tar.gz
2024-06-10 14:29:45.193110 +0000 build-debian4: f5f3dfb1706675060b00057b5f017c2cb4ac0df74727139185fd167ca67fc6c611e205b1caeded23b006e4d8d314f87537007e7bafba2c87373f6d960988c911  microcode-20240312.tar.gz
2024-06-10 14:29:45.337984 +0000 build-debian4: fb9d772491f279ebb691248e4a665da45c986ca7b4668ecf311c5fcb91a42400f7a5b35e8bfc31ceb1c9d598e753c817359900e3fa316d825f8ecec21ec63cfe  microcode-20240531.tar.gz
2024-06-10 14:29:45.359480 +0000 build-debian4: d6b61ee16a2d38e062dbced78bf9ecd97fbc7ebd78fbe78c86603f3b45f6a6b7952287a99d764d7d988da09600e047d1f9c7404687806c73e80d4e5a466112df  microcode_ctl-2.1-19.tar.xz
2024-06-10 14:29:45.542321 +0000 build-debian4: ================================================================================
2024-06-10 14:29:45.542382 +0000 build-debian4:                            B U I L D   I N F O                                  
2024-06-10 14:29:45.542402 +0000 build-debian4: Items in red indicate it was automatically generated by configuration file(s)
2024-06-10 14:29:45.542418 +0000 build-debian4: Items in white indicate it was automatically removed by configuration file(s)
2024-06-10 14:29:45.542434 +0000 build-debian4: ================================================================================
2024-06-10 14:29:45.542446 +0000 build-debian4: DISTS_VM:
2024-06-10 14:29:45.546276 +0000 build-debian4:      buster+gnome, bullseye+gnome+firmware, bookworm+gnome+firmware, buster bullseye bookworm
2024-06-10 14:29:45.546321 +0000 build-debian4: DISTS_ALL:
2024-06-10 14:29:45.553703 +0000 build-debian4:      vm-bookworm, vm-bullseye, vm-buster,
2024-06-10 14:29:45.553779 +0000 build-debian4: DIST_DOM0:
2024-06-10 14:29:45.564822 +0000 build-debian4:     
2024-06-10 14:29:45.569363 +0000 build-debian4: BUILDER_PLUGINS:
2024-06-10 14:29:45.569413 +0000 build-debian4:      builder-debian, mgmt-salt, release-configs, linux-deb, builder-github,
2024-06-10 14:29:45.583309 +0000 build-debian4: COMPONENTS:
2024-06-10 14:29:45.589143 +0000 build-debian4:      intel-microcode,
2024-06-10 14:29:45.589190 +0000 build-debian4: GIT_REPOS:
2024-06-10 14:29:45.593544 +0000 build-debian4:      qubes-src/intel-microcode,
2024-06-10 14:29:45.593591 +0000 build-debian4: TEMPLATE:
2024-06-10 14:29:45.597583 +0000 build-debian4:     
2024-06-10 14:29:45.603885 +0000 build-debian4: TEMPLATE_FLAVOR_DIR:
2024-06-10 14:29:45.610215 +0000 build-debian4:     
2024-06-10 14:29:45.610263 +0000 build-debian4: TEMPLATE_ALIAS:
2024-06-10 14:29:45.621865 +0000 build-debian4:      stretch:stretch+standard, stretch+gnome:stretch+gnome+standard,
2024-06-10 14:29:45.621913 +0000 build-debian4:      stretch+minimal:stretch+minimal+no-recommends, buster:buster+gnome,
2024-06-10 14:29:45.621933 +0000 build-debian4:      buster+minimal:buster+minimal+no-recommends, bullseye:bullseye+gnome+firmware,
2024-06-10 14:29:45.621950 +0000 build-debian4:      bullseye+minimal:bullseye+minimal+no-recommends, bookworm:bookworm+gnome+firmware,
2024-06-10 14:29:45.622041 +0000 build-debian4:      bookworm+minimal:bookworm+minimal+no-recommends, bionic:bionic+standard,
2024-06-10 14:29:45.622059 +0000 build-debian4:      focal:focal+standard, whonix-gateway-15:buster+whonix-gateway+minimal+no-recommends,
2024-06-10 14:29:45.622073 +0000 build-debian4:      whonix-workstation-15:buster+whonix-workstation+minimal+no-recommends,
2024-06-10 14:29:45.622088 +0000 build-debian4:      whonix-gateway-16:bullseye+whonix-gateway+minimal+no-recommends,
2024-06-10 14:29:45.622102 +0000 build-debian4:      whonix-workstation-16:bullseye+whonix-workstation+minimal+no-recommends,
2024-06-10 14:29:45.622114 +0000 build-debian4: TEMPLATE_LABEL:
2024-06-10 14:29:45.638475 +0000 build-debian4:      buster+gnome:debian-10, buster+gnome:buster, bullseye+gnome+firmware:bullseye,
2024-06-10 14:29:45.638589 +0000 build-debian4:      bookworm+gnome+firmware:bookworm, fc34:fedora-34 fc35:fedora-35 fc36:fedora-36 fc37:fedora-37 fc38:fedora-38
2024-06-10 14:29:45.638624 +0000 build-debian4:      fc34+minimal:fedora-34-minimal fc35+minimal:fedora-35-minimal fc36+minimal:fedora-36-minimal
2024-06-10 14:29:45.638663 +0000 build-debian4:      fc37+minimal:fedora-37-minimal fc38+minimal:fedora-38-minimal fc34+xfce:fedora-34-xfce
2024-06-10 14:29:45.638683 +0000 build-debian4:      fc35+xfce:fedora-35-xfce fc36+xfce:fedora-36-xfce fc37+xfce:fedora-37-xfce fc38+xfce:fedora-38-xfce
2024-06-10 14:29:45.638700 +0000 build-debian4:      stretch:debian-9 stretch+standard:debian-9 stretch+xfce:debian-9-xfce buster+xfce:debian-10-xfce
2024-06-10 14:29:45.638746 +0000 build-debian4:      bullseye:debian-11 bullseye+standard+firmware:debian-11 bullseye+xfce:debian-11-xfce
2024-06-10 14:29:45.638765 +0000 build-debian4:      bookworm:debian-12 bookworm+standard:debian-12 bookworm+xfce:debian-12-xfce bionic+standard:bionic
2024-06-10 14:29:45.638781 +0000 build-debian4:      focal+standard:focal buster+whonix-gateway+minimal+no-recommends:whonix-gw-15
2024-06-10 14:29:45.638801 +0000 build-debian4:      buster+whonix-workstation+minimal+no-recommends:whonix-ws-15
2024-06-10 14:29:45.638816 +0000 build-debian4:      bullseye+whonix-gateway+minimal+no-recommends:whonix-gw-16
2024-06-10 14:29:45.638831 +0000 build-debian4:      bullseye+whonix-workstation+minimal+no-recommends:whonix-ws-16 centos7:centos-7
2024-06-10 14:29:45.638847 +0000 build-debian4:      centos7+minimal:centos-7-minimal centos7+xfce:centos-7-xfce centos-stream8:centos-stream-8
2024-06-10 14:29:45.638862 +0000 build-debian4:      centos-stream8+minimal:centos-stream-8-minimal centos-stream8+xfce:centos-stream-8-xfce
2024-06-10 14:29:45.673789 +0000 build-debian4: > running make
2024-06-10 14:29:45.717597 +0000 build-debian4: Makefile:863: update target 'internal-update-repo-current.vm.bookworm.intel-microcode' due to: target does not exist
2024-06-10 14:29:45.717651 +0000 build-debian4: repo_base_var="LINUX_REPO_${DIST//-/_}_BASEDIR"; \
2024-06-10 14:29:45.717671 +0000 build-debian4: if [ "intel-microcode" = linux-template-builder ]; then \
2024-06-10 14:29:45.717688 +0000 build-debian4: .# templates belongs to dom0 repository, even though PACKAGE_SET=vm
2024-06-10 14:29:45.717702 +0000 build-debian4: repo_base_var="LINUX_REPO__BASEDIR"; \
2024-06-10 14:29:45.717767 +0000 build-debian4: fi; \
2024-06-10 14:29:45.717784 +0000 build-debian4: if [ -n "${!repo_base_var}" ]; then \
2024-06-10 14:29:45.717798 +0000 build-debian4: .repo_basedir="${!repo_base_var}"; \
2024-06-10 14:29:45.717810 +0000 build-debian4: else \
2024-06-10 14:29:45.717824 +0000 build-debian4: .repo_basedir="qubes-src/linux-deb/r4.1"; \
2024-06-10 14:29:45.717836 +0000 build-debian4: fi; \
2024-06-10 14:29:45.717850 +0000 build-debian4: if [ -r qubes-src/intel-microcode/Makefile.builder ]; then \
2024-06-10 14:29:45.717864 +0000 build-debian4: .echo -n "Updating qubes-src/intel-microcode... "; \
2024-06-10 14:29:45.717877 +0000 build-debian4: .if [ "0" -eq 1 ]; then \
2024-06-10 14:29:45.717893 +0000 build-debian4: ..vtag=`git -C qubes-src/intel-microcode tag --points-at HEAD --list v*`; \
2024-06-10 14:29:45.717906 +0000 build-debian4: ..if [ -z "$vtag" ]; then \
2024-06-10 14:29:45.717920 +0000 build-debian4: ...echo "no version tag"; \
2024-06-10 14:29:45.717932 +0000 build-debian4: ...exit 0; \
2024-06-10 14:29:45.717945 +0000 build-debian4: ..fi; \
2024-06-10 14:29:45.717956 +0000 build-debian4: .fi; \
2024-06-10 14:29:45.717971 +0000 build-debian4: .if [ "intel-microcode" = linux-template-builder ]; then
2024-06-10 14:29:45.717987 +0000 build-debian4: export TEMPLATE_NAME=$(MAKEFLAGS= make -s -C qubes-src/linux-template-builder DIST=bookworm template-name)
2024-06-10 14:29:45.718000 +0000 build-debian4: fi
2024-06-10 14:29:45.718024 +0000 build-debian4: component_packages=$(MAKEFLAGS= make -s -f Makefile.generic DIST=bookworm PACKAGE_SET=vm COMPONENT=`basename qubes-src/intel-microcode` UPDATE_REPO=/home/user/builder-r4.1/$repo_basedir/current/vm/bookworm get-var GET_VAR=PACKAGE_LIST); \
2024-06-10 14:29:45.718039 +0000 build-debian4: .if [ -z "$component_packages" ]; then \
2024-06-10 14:29:45.718070 +0000 build-debian4: ..echo "no packages."; \
2024-06-10 14:29:45.718084 +0000 build-debian4: ..exit 0; \
2024-06-10 14:29:45.718096 +0000 build-debian4: .fi; \
2024-06-10 14:29:45.718110 +0000 build-debian4: .make -s -f Makefile.generic DIST=bookworm PACKAGE_SET=vm \
2024-06-10 14:29:45.718124 +0000 build-debian4: ..COMPONENT=`basename qubes-src/intel-microcode` \
2024-06-10 14:29:45.718137 +0000 build-debian4: ..SNAPSHOT_REPO=current-testing \
2024-06-10 14:29:45.718150 +0000 build-debian4: ..TARGET_REPO=current \
2024-06-10 14:29:45.718165 +0000 build-debian4: ..UPDATE_REPO=/home/user/builder-r4.1/$repo_basedir/current/vm/bookworm \
2024-06-10 14:29:45.718182 +0000 build-debian4: ..SNAPSHOT_FILE=/home/user/builder-r4.1/repo-latest-snapshot/current-testing-vm-bookworm-`basename qubes-src/intel-microcode` \
2024-06-10 14:29:45.718195 +0000 build-debian4: ..BUILD_LOG_URL= \
2024-06-10 14:29:45.718213 +0000 build-debian4: ..update-repo-from-snapshot || exit 1; \
2024-06-10 14:29:45.718230 +0000 build-debian4: elif make -C qubes-src/intel-microcode -n update-repo-current >/dev/null 2>/dev/null; then \
2024-06-10 14:29:45.718245 +0000 build-debian4: .echo "Updating qubes-src/intel-microcode... "; \
2024-06-10 14:29:45.718261 +0000 build-debian4: .DIST=bookworm UPDATE_REPO=/home/user/builder-r4.1/$repo_basedir/current/vm/bookworm \
2024-06-10 14:29:45.718276 +0000 build-debian4: .make -s -C qubes-src/intel-microcode update-repo-current || exit 1; \
2024-06-10 14:29:45.718287 +0000 build-debian4: else \
2024-06-10 14:29:45.718302 +0000 build-debian4: .echo -n "Updating qubes-src/intel-microcode... skipping."; \
2024-06-10 14:29:45.718313 +0000 build-debian4: fi; \
2024-06-10 14:29:45.718325 +0000 build-debian4: echo
2024-06-10 14:29:45.764321 +0000 build-debian4: Updating qubes-src/intel-microcode... no packages.
2024-06-10 14:29:45.764377 +0000 build-debian4: Makefile:832: update target 'internal-update-repo-current.vm.bookworm' due to: target does not exist
2024-06-10 14:29:45.764400 +0000 build-debian4: true
2024-06-10 14:29:45.768017 +0000 build-debian4: Makefile:863: update target 'internal-update-repo-current.vm.bullseye.intel-microcode' due to: target does not exist
2024-06-10 14:29:45.768063 +0000 build-debian4: repo_base_var="LINUX_REPO_${DIST//-/_}_BASEDIR"; \
2024-06-10 14:29:45.768082 +0000 build-debian4: if [ "intel-microcode" = linux-template-builder ]; then \
2024-06-10 14:29:45.768098 +0000 build-debian4: .# templates belongs to dom0 repository, even though PACKAGE_SET=vm
2024-06-10 14:29:45.768111 +0000 build-debian4: repo_base_var="LINUX_REPO__BASEDIR"; \
2024-06-10 14:29:45.768123 +0000 build-debian4: fi; \
2024-06-10 14:29:45.768137 +0000 build-debian4: if [ -n "${!repo_base_var}" ]; then \
2024-06-10 14:29:45.768150 +0000 build-debian4: .repo_basedir="${!repo_base_var}"; \
2024-06-10 14:29:45.768161 +0000 build-debian4: else \
2024-06-10 14:29:45.768174 +0000 build-debian4: .repo_basedir="qubes-src/linux-deb/r4.1"; \
2024-06-10 14:29:45.768185 +0000 build-debian4: fi; \
2024-06-10 14:29:45.768204 +0000 build-debian4: if [ -r qubes-src/intel-microcode/Makefile.builder ]; then \
2024-06-10 14:29:45.768218 +0000 build-debian4: .echo -n "Updating qubes-src/intel-microcode... "; \
2024-06-10 14:29:45.768231 +0000 build-debian4: .if [ "0" -eq 1 ]; then \
2024-06-10 14:29:45.768247 +0000 build-debian4: ..vtag=`git -C qubes-src/intel-microcode tag --points-at HEAD --list v*`; \
2024-06-10 14:29:45.768259 +0000 build-debian4: ..if [ -z "$vtag" ]; then \
2024-06-10 14:29:45.768272 +0000 build-debian4: ...echo "no version tag"; \
2024-06-10 14:29:45.768284 +0000 build-debian4: ...exit 0; \
2024-06-10 14:29:45.768296 +0000 build-debian4: ..fi; \
2024-06-10 14:29:45.768307 +0000 build-debian4: .fi; \
2024-06-10 14:29:45.768321 +0000 build-debian4: .if [ "intel-microcode" = linux-template-builder ]; then
2024-06-10 14:29:45.768337 +0000 build-debian4: export TEMPLATE_NAME=$(MAKEFLAGS= make -s -C qubes-src/linux-template-builder DIST=bullseye template-name)
2024-06-10 14:29:45.768366 +0000 build-debian4: fi
2024-06-10 14:29:45.768391 +0000 build-debian4: component_packages=$(MAKEFLAGS= make -s -f Makefile.generic DIST=bullseye PACKAGE_SET=vm COMPONENT=`basename qubes-src/intel-microcode` UPDATE_REPO=/home/user/builder-r4.1/$repo_basedir/current/vm/bullseye get-var GET_VAR=PACKAGE_LIST); \
2024-06-10 14:29:45.768406 +0000 build-debian4: .if [ -z "$component_packages" ]; then \
2024-06-10 14:29:45.768418 +0000 build-debian4: ..echo "no packages."; \
2024-06-10 14:29:45.768430 +0000 build-debian4: ..exit 0; \
2024-06-10 14:29:45.768442 +0000 build-debian4: .fi; \
2024-06-10 14:29:45.768456 +0000 build-debian4: .make -s -f Makefile.generic DIST=bullseye PACKAGE_SET=vm \
2024-06-10 14:29:45.768469 +0000 build-debian4: ..COMPONENT=`basename qubes-src/intel-microcode` \
2024-06-10 14:29:45.768482 +0000 build-debian4: ..SNAPSHOT_REPO=current-testing \
2024-06-10 14:29:45.768494 +0000 build-debian4: ..TARGET_REPO=current \
2024-06-10 14:29:45.768509 +0000 build-debian4: ..UPDATE_REPO=/home/user/builder-r4.1/$repo_basedir/current/vm/bullseye \
2024-06-10 14:29:45.768526 +0000 build-debian4: ..SNAPSHOT_FILE=/home/user/builder-r4.1/repo-latest-snapshot/current-testing-vm-bullseye-`basename qubes-src/intel-microcode` \
2024-06-10 14:29:45.768538 +0000 build-debian4: ..BUILD_LOG_URL= \
2024-06-10 14:29:45.768552 +0000 build-debian4: ..update-repo-from-snapshot || exit 1; \
2024-06-10 14:29:45.768568 +0000 build-debian4: elif make -C qubes-src/intel-microcode -n update-repo-current >/dev/null 2>/dev/null; then \
2024-06-10 14:29:45.768581 +0000 build-debian4: .echo "Updating qubes-src/intel-microcode... "; \
2024-06-10 14:29:45.768596 +0000 build-debian4: .DIST=bullseye UPDATE_REPO=/home/user/builder-r4.1/$repo_basedir/current/vm/bullseye \
2024-06-10 14:29:45.768611 +0000 build-debian4: .make -s -C qubes-src/intel-microcode update-repo-current || exit 1; \
2024-06-10 14:29:45.768622 +0000 build-debian4: else \
2024-06-10 14:29:45.768636 +0000 build-debian4: .echo -n "Updating qubes-src/intel-microcode... skipping."; \
2024-06-10 14:29:45.768647 +0000 build-debian4: fi; \
2024-06-10 14:29:45.768658 +0000 build-debian4: echo
2024-06-10 14:29:45.812658 +0000 build-debian4: Updating qubes-src/intel-microcode... no packages.
2024-06-10 14:29:45.812750 +0000 build-debian4: Makefile:832: update target 'internal-update-repo-current.vm.bullseye' due to: target does not exist
2024-06-10 14:29:45.812770 +0000 build-debian4: true
2024-06-10 14:29:45.815737 +0000 build-debian4: Makefile:863: update target 'internal-update-repo-current.vm.buster.intel-microcode' due to: target does not exist
2024-06-10 14:29:45.815785 +0000 build-debian4: repo_base_var="LINUX_REPO_${DIST//-/_}_BASEDIR"; \
2024-06-10 14:29:45.815803 +0000 build-debian4: if [ "intel-microcode" = linux-template-builder ]; then \
2024-06-10 14:29:45.815819 +0000 build-debian4: .# templates belongs to dom0 repository, even though PACKAGE_SET=vm
2024-06-10 14:29:45.815832 +0000 build-debian4: repo_base_var="LINUX_REPO__BASEDIR"; \
2024-06-10 14:29:45.815844 +0000 build-debian4: fi; \
2024-06-10 14:29:45.815858 +0000 build-debian4: if [ -n "${!repo_base_var}" ]; then \
2024-06-10 14:29:45.815871 +0000 build-debian4: .repo_basedir="${!repo_base_var}"; \
2024-06-10 14:29:45.815882 +0000 build-debian4: else \
2024-06-10 14:29:45.815895 +0000 build-debian4: .repo_basedir="qubes-src/linux-deb/r4.1"; \
2024-06-10 14:29:45.815906 +0000 build-debian4: fi; \
2024-06-10 14:29:45.815920 +0000 build-debian4: if [ -r qubes-src/intel-microcode/Makefile.builder ]; then \
2024-06-10 14:29:45.815933 +0000 build-debian4: .echo -n "Updating qubes-src/intel-microcode... "; \
2024-06-10 14:29:45.815946 +0000 build-debian4: .if [ "0" -eq 1 ]; then \
2024-06-10 14:29:45.815961 +0000 build-debian4: ..vtag=`git -C qubes-src/intel-microcode tag --points-at HEAD --list v*`; \
2024-06-10 14:29:45.815974 +0000 build-debian4: ..if [ -z "$vtag" ]; then \
2024-06-10 14:29:45.816005 +0000 build-debian4: ...echo "no version tag"; \
2024-06-10 14:29:45.816019 +0000 build-debian4: ...exit 0; \
2024-06-10 14:29:45.816031 +0000 build-debian4: ..fi; \
2024-06-10 14:29:45.816043 +0000 build-debian4: .fi; \
2024-06-10 14:29:45.816057 +0000 build-debian4: .if [ "intel-microcode" = linux-template-builder ]; then
2024-06-10 14:29:45.816074 +0000 build-debian4: export TEMPLATE_NAME=$(MAKEFLAGS= make -s -C qubes-src/linux-template-builder DIST=buster template-name)
2024-06-10 14:29:45.816085 +0000 build-debian4: fi
2024-06-10 14:29:45.816108 +0000 build-debian4: component_packages=$(MAKEFLAGS= make -s -f Makefile.generic DIST=buster PACKAGE_SET=vm COMPONENT=`basename qubes-src/intel-microcode` UPDATE_REPO=/home/user/builder-r4.1/$repo_basedir/current/vm/buster get-var GET_VAR=PACKAGE_LIST); \
2024-06-10 14:29:45.816122 +0000 build-debian4: .if [ -z "$component_packages" ]; then \
2024-06-10 14:29:45.816135 +0000 build-debian4: ..echo "no packages."; \
2024-06-10 14:29:45.816146 +0000 build-debian4: ..exit 0; \
2024-06-10 14:29:45.816158 +0000 build-debian4: .fi; \
2024-06-10 14:29:45.816171 +0000 build-debian4: .make -s -f Makefile.generic DIST=buster PACKAGE_SET=vm \
2024-06-10 14:29:45.816185 +0000 build-debian4: ..COMPONENT=`basename qubes-src/intel-microcode` \
2024-06-10 14:29:45.816197 +0000 build-debian4: ..SNAPSHOT_REPO=current-testing \
2024-06-10 14:29:45.816215 +0000 build-debian4: ..TARGET_REPO=current \
2024-06-10 14:29:45.816231 +0000 build-debian4: ..UPDATE_REPO=/home/user/builder-r4.1/$repo_basedir/current/vm/buster \
2024-06-10 14:29:45.816248 +0000 build-debian4: ..SNAPSHOT_FILE=/home/user/builder-r4.1/repo-latest-snapshot/current-testing-vm-buster-`basename qubes-src/intel-microcode` \
2024-06-10 14:29:45.816260 +0000 build-debian4: ..BUILD_LOG_URL= \
2024-06-10 14:29:45.816282 +0000 build-debian4: ..update-repo-from-snapshot || exit 1; \
2024-06-10 14:29:45.816298 +0000 build-debian4: elif make -C qubes-src/intel-microcode -n update-repo-current >/dev/null 2>/dev/null; then \
2024-06-10 14:29:45.816312 +0000 build-debian4: .echo "Updating qubes-src/intel-microcode... "; \
2024-06-10 14:29:45.816327 +0000 build-debian4: .DIST=buster UPDATE_REPO=/home/user/builder-r4.1/$repo_basedir/current/vm/buster \
2024-06-10 14:29:45.816342 +0000 build-debian4: .make -s -C qubes-src/intel-microcode update-repo-current || exit 1; \
2024-06-10 14:29:45.816353 +0000 build-debian4: else \
2024-06-10 14:29:45.816369 +0000 build-debian4: .echo -n "Updating qubes-src/intel-microcode... skipping."; \
2024-06-10 14:29:45.816381 +0000 build-debian4: fi; \
2024-06-10 14:29:45.816392 +0000 build-debian4: echo
2024-06-10 14:29:45.874428 +0000 build-debian4: Updating qubes-src/intel-microcode... no packages.
2024-06-10 14:29:45.874484 +0000 build-debian4: Makefile:832: update target 'internal-update-repo-current.vm.buster' due to: target does not exist
2024-06-10 14:29:45.874501 +0000 build-debian4: true
2024-06-10 14:29:45.879443 +0000 build-debian4: Makefile:945: update target 'post-update-repo-current' due to: target does not exist
2024-06-10 14:29:45.879490 +0000 build-debian4: true
2024-06-10 14:29:45.882066 +0000 build-debian4: Makefile:819: update target 'update-repo-current' due to: target does not exist
2024-06-10 14:29:45.882112 +0000 build-debian4: true
2024-06-10 14:29:45.889765 +0000 build-debian4: > done
2024-06-10 14:29:45.889814 +0000 > closing log
