2018-05-14 10:37:34.474180 +0000 > starting log
2018-05-14 10:37:34.476178 +0000 build-debian4: > starting build with log
2018-05-14 10:37:34.476218 +0000 build-debian4: >> make args: update-repo-current
2018-05-14 10:37:34.476244 +0000 build-debian4: >> MAKEFLAGS=
2018-05-14 10:37:34.476267 +0000 build-debian4: >> COMPONENTS=dbus
2018-05-14 10:37:34.476288 +0000 build-debian4: >> DISTS_VM=
2018-05-14 10:37:34.476309 +0000 build-debian4: >> DIST_DOM0=
2018-05-14 10:37:34.476334 +0000 build-debian4: >> qubes-builder 87e3d6a4f31e6ba10a9a59a5bfeac108af709658
2018-05-14 10:37:34.476360 +0000 build-debian4: >> qubes-builder/qubes-src/dbus 2478484face28f7c1c18ee71eee074bcfd588f14
2018-05-14 10:37:34.476387 +0000 build-debian4: ================================================================================
2018-05-14 10:37:34.476414 +0000 build-debian4:                            B U I L D   I N F O                                  
2018-05-14 10:37:34.476460 +0000 build-debian4: Items in red indicate it was automatically generated by configuration file(s)
2018-05-14 10:37:34.476489 +0000 build-debian4: Items in white indicate it was automatically removed by configuration file(s)
2018-05-14 10:37:34.476518 +0000 build-debian4: ================================================================================
2018-05-14 10:37:34.476540 +0000 build-debian4: DISTS_VM:
2018-05-14 10:37:34.476569 +0000 build-debian4:      jessie+standard, stretch+standard, buster, jessie stretch
2018-05-14 10:37:34.476592 +0000 build-debian4: DISTS_ALL:
2018-05-14 10:37:34.476616 +0000 build-debian4:      buster, jessie, stretch,
2018-05-14 10:37:34.476638 +0000 build-debian4: DIST_DOM0:
2018-05-14 10:37:34.476660 +0000 build-debian4:     
2018-05-14 10:37:34.476682 +0000 build-debian4: BUILDER_PLUGINS:
2018-05-14 10:37:34.476709 +0000 build-debian4:      builder-debian, mgmt-salt, builder-github,
2018-05-14 10:37:34.476733 +0000 build-debian4: COMPONENTS:
2018-05-14 10:37:34.476756 +0000 build-debian4:      dbus,
2018-05-14 10:37:34.476778 +0000 build-debian4: GIT_REPOS:
2018-05-14 10:37:34.476801 +0000 build-debian4:      qubes-src/dbus,
2018-05-14 10:37:34.476821 +0000 build-debian4: TEMPLATE:
2018-05-14 10:37:34.476842 +0000 build-debian4:     
2018-05-14 10:37:34.476865 +0000 build-debian4: TEMPLATE_FLAVOR_DIR:
2018-05-14 10:37:34.476886 +0000 build-debian4:     
2018-05-14 10:37:34.476907 +0000 build-debian4: TEMPLATE_ALIAS:
2018-05-14 10:37:34.476938 +0000 build-debian4:      jessie:jessie+standard, jessie+gnome:jessie+gnome+standard, jessie+minimal:jessie+minimal+no-recommends,
2018-05-14 10:37:34.476968 +0000 build-debian4:      stretch:stretch+standard, stretch+gnome:stretch+gnome+standard,
2018-05-14 10:37:34.476994 +0000 build-debian4:      stretch+minimal:stretch+minimal+no-recommends,
2018-05-14 10:37:34.477016 +0000 build-debian4: TEMPLATE_LABEL:
2018-05-14 10:37:34.477047 +0000 build-debian4:      jessie+standard:debian-8, stretch+standard:debian-9, jessie+standard:jessie, stretch+standard:stretch,
2018-05-14 10:37:34.477079 +0000 build-debian4:      fc20:fedora-20 fc21:fedora-21 fc22:fedora-22 fc23:fedora-23 fc24:fedora-24 fc25:fedora-25 fc26:fedora-26
2018-05-14 10:37:34.477111 +0000 build-debian4:      fc20+minimal:fedora-20-minimal fc21+minimal:fedora-21-minimal fc23+minimal:fedora-23-minimal
2018-05-14 10:37:34.477140 +0000 build-debian4:      fc24+minimal:fedora-24-minimal fc25+minimal:fedora-25-minimal fc26+minimal:fedora-26-minimal
2018-05-14 10:37:34.477172 +0000 build-debian4:      fc25+xfce:fedora-25-xfce fc26+xfce:fedora-26-xfce wheezy:debian-7 wheezy+standard:debian-7 jessie:debian-8
2018-05-14 10:37:34.477200 +0000 build-debian4:      stretch:debian-9 centos7:centos-7 centos7+minimal:centos-7-minimal
2018-05-14 10:37:34.502810 +0000 build-debian4: > running make
2018-05-14 10:37:34.540896 +0000 build-debian4: Makefile:721: target 'internal-update-repo-current.vm.buster.dbus' does not exist
2018-05-14 10:37:34.540956 +0000 build-debian4: repo_base_var="LINUX_REPO_buster_BASEDIR"; \
2018-05-14 10:37:34.540988 +0000 build-debian4: if [ -n "${!repo_base_var}" ]; then \
2018-05-14 10:37:34.541034 +0000 build-debian4: .repo_basedir="${!repo_base_var}"; \
2018-05-14 10:37:34.541059 +0000 build-debian4: else \
2018-05-14 10:37:34.541087 +0000 build-debian4: .repo_basedir="qubes-src/linux-deb/r4.0"; \
2018-05-14 10:37:34.541110 +0000 build-debian4: fi; \
2018-05-14 10:37:34.541138 +0000 build-debian4: if [ -r qubes-src/dbus/Makefile.builder ]; then \
2018-05-14 10:37:34.541168 +0000 build-debian4: .echo -n "Updating qubes-src/dbus... "; \
2018-05-14 10:37:34.541194 +0000 build-debian4: .if [ "0" -eq 1 ]; then \
2018-05-14 10:37:34.541220 +0000 build-debian4: ..vtag=`git -C qubes-src/dbus tag --points-at HEAD --list v*`; \
2018-05-14 10:37:34.541244 +0000 build-debian4: ..if [ -z "$vtag" ]; then \
2018-05-14 10:37:34.541268 +0000 build-debian4: ...echo "no version tag"; \
2018-05-14 10:37:34.541289 +0000 build-debian4: ...exit 0; \
2018-05-14 10:37:34.541309 +0000 build-debian4: ..fi; \
2018-05-14 10:37:34.541331 +0000 build-debian4: .fi; \
2018-05-14 10:37:34.541377 +0000 build-debian4: .component_packages=$(MAKEFLAGS= make -s -f Makefile.generic DIST=buster PACKAGE_SET=vm COMPONENT=`basename qubes-src/dbus` UPDATE_REPO=/home/user/builder-r4.0/$repo_basedir/current/vm/buster get-var GET_VAR=PACKAGE_LIST); \
2018-05-14 10:37:34.541403 +0000 build-debian4: .if [ -z "$component_packages" ]; then \
2018-05-14 10:37:34.541451 +0000 build-debian4: ..echo "no packages."; \
2018-05-14 10:37:34.541474 +0000 build-debian4: ..exit 0; \
2018-05-14 10:37:34.541495 +0000 build-debian4: .fi; \
2018-05-14 10:37:34.541520 +0000 build-debian4: .make -s -f Makefile.generic DIST=buster PACKAGE_SET=vm \
2018-05-14 10:37:34.541546 +0000 build-debian4: ..COMPONENT=`basename qubes-src/dbus` \
2018-05-14 10:37:34.541571 +0000 build-debian4: ..SNAPSHOT_REPO=current-testing \
2018-05-14 10:37:34.541594 +0000 build-debian4: ..TARGET_REPO=current \
2018-05-14 10:37:34.541622 +0000 build-debian4: ..UPDATE_REPO=/home/user/builder-r4.0/$repo_basedir/current/vm/buster \
2018-05-14 10:37:34.541653 +0000 build-debian4: ..SNAPSHOT_FILE=/home/user/builder-r4.0/repo-latest-snapshot/current-testing-vm-buster-`basename qubes-src/dbus` \
2018-05-14 10:37:34.541677 +0000 build-debian4: ..BUILD_LOG_URL= \
2018-05-14 10:37:34.541702 +0000 build-debian4: ..update-repo-from-snapshot || exit 1; \
2018-05-14 10:37:34.541731 +0000 build-debian4: elif make -C qubes-src/dbus -n update-repo-current >/dev/null 2>/dev/null; then \
2018-05-14 10:37:34.541757 +0000 build-debian4: .echo "Updating qubes-src/dbus... "; \
2018-05-14 10:37:34.541784 +0000 build-debian4: .make -s -C qubes-src/dbus update-repo-current || exit 1; \
2018-05-14 10:37:34.541807 +0000 build-debian4: else \
2018-05-14 10:37:34.541833 +0000 build-debian4: .echo -n "Updating qubes-src/dbus... skipping."; \
2018-05-14 10:37:34.541853 +0000 build-debian4: fi; \
2018-05-14 10:37:34.541873 +0000 build-debian4: echo
2018-05-14 10:37:34.722781 +0000 build-debian4: Updating qubes-src/dbus... no packages.
2018-05-14 10:37:34.723102 +0000 build-debian4: Makefile:700: update target 'internal-update-repo-current.vm.buster' due to: internal-update-repo-current.vm.buster.dbus
2018-05-14 10:37:34.723136 +0000 build-debian4: true
2018-05-14 10:37:34.726759 +0000 build-debian4: Makefile:721: target 'internal-update-repo-current.vm.jessie.dbus' does not exist
2018-05-14 10:37:34.726815 +0000 build-debian4: repo_base_var="LINUX_REPO_jessie_BASEDIR"; \
2018-05-14 10:37:34.726844 +0000 build-debian4: if [ -n "${!repo_base_var}" ]; then \
2018-05-14 10:37:34.726875 +0000 build-debian4: .repo_basedir="${!repo_base_var}"; \
2018-05-14 10:37:34.726900 +0000 build-debian4: else \
2018-05-14 10:37:34.726927 +0000 build-debian4: .repo_basedir="qubes-src/linux-deb/r4.0"; \
2018-05-14 10:37:34.726949 +0000 build-debian4: fi; \
2018-05-14 10:37:34.726974 +0000 build-debian4: if [ -r qubes-src/dbus/Makefile.builder ]; then \
2018-05-14 10:37:34.726998 +0000 build-debian4: .echo -n "Updating qubes-src/dbus... "; \
2018-05-14 10:37:34.727021 +0000 build-debian4: .if [ "0" -eq 1 ]; then \
2018-05-14 10:37:34.727070 +0000 build-debian4: ..vtag=`git -C qubes-src/dbus tag --points-at HEAD --list v*`; \
2018-05-14 10:37:34.727095 +0000 build-debian4: ..if [ -z "$vtag" ]; then \
2018-05-14 10:37:34.727119 +0000 build-debian4: ...echo "no version tag"; \
2018-05-14 10:37:34.727141 +0000 build-debian4: ...exit 0; \
2018-05-14 10:37:34.727162 +0000 build-debian4: ..fi; \
2018-05-14 10:37:34.727185 +0000 build-debian4: .fi; \
2018-05-14 10:37:34.727227 +0000 build-debian4: .component_packages=$(MAKEFLAGS= make -s -f Makefile.generic DIST=jessie PACKAGE_SET=vm COMPONENT=`basename qubes-src/dbus` UPDATE_REPO=/home/user/builder-r4.0/$repo_basedir/current/vm/jessie get-var GET_VAR=PACKAGE_LIST); \
2018-05-14 10:37:34.727254 +0000 build-debian4: .if [ -z "$component_packages" ]; then \
2018-05-14 10:37:34.727279 +0000 build-debian4: ..echo "no packages."; \
2018-05-14 10:37:34.727307 +0000 build-debian4: ..exit 0; \
2018-05-14 10:37:34.727329 +0000 build-debian4: .fi; \
2018-05-14 10:37:34.727356 +0000 build-debian4: .make -s -f Makefile.generic DIST=jessie PACKAGE_SET=vm \
2018-05-14 10:37:34.727381 +0000 build-debian4: ..COMPONENT=`basename qubes-src/dbus` \
2018-05-14 10:37:34.727405 +0000 build-debian4: ..SNAPSHOT_REPO=current-testing \
2018-05-14 10:37:34.727451 +0000 build-debian4: ..TARGET_REPO=current \
2018-05-14 10:37:34.727485 +0000 build-debian4: ..UPDATE_REPO=/home/user/builder-r4.0/$repo_basedir/current/vm/jessie \
2018-05-14 10:37:34.727519 +0000 build-debian4: ..SNAPSHOT_FILE=/home/user/builder-r4.0/repo-latest-snapshot/current-testing-vm-jessie-`basename qubes-src/dbus` \
2018-05-14 10:37:34.727543 +0000 build-debian4: ..BUILD_LOG_URL= \
2018-05-14 10:37:34.727568 +0000 build-debian4: ..update-repo-from-snapshot || exit 1; \
2018-05-14 10:37:34.727596 +0000 build-debian4: elif make -C qubes-src/dbus -n update-repo-current >/dev/null 2>/dev/null; then \
2018-05-14 10:37:34.727621 +0000 build-debian4: .echo "Updating qubes-src/dbus... "; \
2018-05-14 10:37:34.727646 +0000 build-debian4: .make -s -C qubes-src/dbus update-repo-current || exit 1; \
2018-05-14 10:37:34.727666 +0000 build-debian4: else \
2018-05-14 10:37:34.727690 +0000 build-debian4: .echo -n "Updating qubes-src/dbus... skipping."; \
2018-05-14 10:37:34.727710 +0000 build-debian4: fi; \
2018-05-14 10:37:34.727729 +0000 build-debian4: echo
2018-05-14 10:37:34.903009 +0000 build-debian4: Updating qubes-src/dbus... no packages.
2018-05-14 10:37:34.903390 +0000 build-debian4: Makefile:700: update target 'internal-update-repo-current.vm.jessie' due to: internal-update-repo-current.vm.jessie.dbus
2018-05-14 10:37:34.903435 +0000 build-debian4: true
2018-05-14 10:37:34.907266 +0000 build-debian4: Makefile:721: target 'internal-update-repo-current.vm.stretch.dbus' does not exist
2018-05-14 10:37:34.907326 +0000 build-debian4: repo_base_var="LINUX_REPO_stretch_BASEDIR"; \
2018-05-14 10:37:34.907355 +0000 build-debian4: if [ -n "${!repo_base_var}" ]; then \
2018-05-14 10:37:34.907383 +0000 build-debian4: .repo_basedir="${!repo_base_var}"; \
2018-05-14 10:37:34.907406 +0000 build-debian4: else \
2018-05-14 10:37:34.907453 +0000 build-debian4: .repo_basedir="qubes-src/linux-deb/r4.0"; \
2018-05-14 10:37:34.907476 +0000 build-debian4: fi; \
2018-05-14 10:37:34.907501 +0000 build-debian4: if [ -r qubes-src/dbus/Makefile.builder ]; then \
2018-05-14 10:37:34.907526 +0000 build-debian4: .echo -n "Updating qubes-src/dbus... "; \
2018-05-14 10:37:34.907550 +0000 build-debian4: .if [ "0" -eq 1 ]; then \
2018-05-14 10:37:34.907580 +0000 build-debian4: ..vtag=`git -C qubes-src/dbus tag --points-at HEAD --list v*`; \
2018-05-14 10:37:34.907604 +0000 build-debian4: ..if [ -z "$vtag" ]; then \
2018-05-14 10:37:34.907629 +0000 build-debian4: ...echo "no version tag"; \
2018-05-14 10:37:34.907652 +0000 build-debian4: ...exit 0; \
2018-05-14 10:37:34.907674 +0000 build-debian4: ..fi; \
2018-05-14 10:37:34.907697 +0000 build-debian4: .fi; \
2018-05-14 10:37:34.907739 +0000 build-debian4: .component_packages=$(MAKEFLAGS= make -s -f Makefile.generic DIST=stretch PACKAGE_SET=vm COMPONENT=`basename qubes-src/dbus` UPDATE_REPO=/home/user/builder-r4.0/$repo_basedir/current/vm/stretch get-var GET_VAR=PACKAGE_LIST); \
2018-05-14 10:37:34.907778 +0000 build-debian4: .if [ -z "$component_packages" ]; then \
2018-05-14 10:37:34.907794 +0000 build-debian4: ..echo "no packages."; \
2018-05-14 10:37:34.907809 +0000 build-debian4: ..exit 0; \
2018-05-14 10:37:34.907822 +0000 build-debian4: .fi; \
2018-05-14 10:37:34.907838 +0000 build-debian4: .make -s -f Makefile.generic DIST=stretch PACKAGE_SET=vm \
2018-05-14 10:37:34.907853 +0000 build-debian4: ..COMPONENT=`basename qubes-src/dbus` \
2018-05-14 10:37:34.907879 +0000 build-debian4: ..SNAPSHOT_REPO=current-testing \
2018-05-14 10:37:34.907895 +0000 build-debian4: ..TARGET_REPO=current \
2018-05-14 10:37:34.907911 +0000 build-debian4: ..UPDATE_REPO=/home/user/builder-r4.0/$repo_basedir/current/vm/stretch \
2018-05-14 10:37:34.907930 +0000 build-debian4: ..SNAPSHOT_FILE=/home/user/builder-r4.0/repo-latest-snapshot/current-testing-vm-stretch-`basename qubes-src/dbus` \
2018-05-14 10:37:34.907945 +0000 build-debian4: ..BUILD_LOG_URL= \
2018-05-14 10:37:34.907959 +0000 build-debian4: ..update-repo-from-snapshot || exit 1; \
2018-05-14 10:37:34.907976 +0000 build-debian4: elif make -C qubes-src/dbus -n update-repo-current >/dev/null 2>/dev/null; then \
2018-05-14 10:37:34.907992 +0000 build-debian4: .echo "Updating qubes-src/dbus... "; \
2018-05-14 10:37:34.908008 +0000 build-debian4: .make -s -C qubes-src/dbus update-repo-current || exit 1; \
2018-05-14 10:37:34.908021 +0000 build-debian4: else \
2018-05-14 10:37:34.908036 +0000 build-debian4: .echo -n "Updating qubes-src/dbus... skipping."; \
2018-05-14 10:37:34.908049 +0000 build-debian4: fi; \
2018-05-14 10:37:34.908061 +0000 build-debian4: echo
2018-05-14 10:37:35.079099 +0000 build-debian4: Updating qubes-src/dbus... no packages.
2018-05-14 10:37:35.079830 +0000 build-debian4: Makefile:700: update target 'internal-update-repo-current.vm.stretch' due to: internal-update-repo-current.vm.stretch.dbus
2018-05-14 10:37:35.079884 +0000 build-debian4: true
2018-05-14 10:37:35.083828 +0000 build-debian4: Makefile:764: target 'post-update-repo-current' does not exist
2018-05-14 10:37:35.083894 +0000 build-debian4: for dist in  buster jessie stretch; do \
2018-05-14 10:37:35.083929 +0000 build-debian4: .repo_base_var="LINUX_REPO_${dist}_BASEDIR"; \
2018-05-14 10:37:35.083959 +0000 build-debian4: .if [ -n "${!repo_base_var}" ]; then \
2018-05-14 10:37:35.083985 +0000 build-debian4: ..repo_basedir="${!repo_base_var}"; \
2018-05-14 10:37:35.084011 +0000 build-debian4: .else \
2018-05-14 10:37:35.084041 +0000 build-debian4: ..repo_basedir="qubes-src/linux-deb/r4.0"; \
2018-05-14 10:37:35.084066 +0000 build-debian4: .fi; \
2018-05-14 10:37:35.084095 +0000 build-debian4: .repos_to_update="$repos_to_update $repo_basedir"; \
2018-05-14 10:37:35.084119 +0000 build-debian4: done; \
2018-05-14 10:37:35.084149 +0000 build-debian4: for repo in `echo $repos_to_update|tr ' ' '\n'|sort|uniq`; do \
2018-05-14 10:37:35.084181 +0000 build-debian4: .[ -z "$repo" ] && continue; \
2018-05-14 10:37:35.084211 +0000 build-debian4: .(cd $repo/.. && ./update_repo-current.sh `basename $repo`); \
2018-05-14 10:37:35.084241 +0000 build-debian4: done
2018-05-14 10:37:35.126369 +0000 build-debian4: --> Processing repo: r4.0/vm/dists/buster...
2018-05-14 10:37:35.903163 +0000 build-debian4: --> Processing repo: r4.0/vm/dists/jessie...
2018-05-14 10:37:36.659891 +0000 build-debian4: --> Processing repo: r4.0/vm/dists/stretch...
2018-05-14 10:37:37.412501 +0000 build-debian4: Done.
2018-05-14 10:37:37.425590 +0000 build-debian4: ~/builder-r4.0/qubes-src/linux-deb ~/builder-r4.0/qubes-src/linux-deb
2018-05-14 10:37:38.428070 +0000 build-debian4: sending incremental file list
2018-05-14 10:37:38.680762 +0000 build-debian4: Syncing r4.0/vm/buster...
2018-05-14 10:37:38.876993 +0000 build-debian4: sending incremental file list
2018-05-14 10:37:39.035083 +0000 build-debian4: .d..t...... buster/
2018-05-14 10:37:39.035318 +0000 build-debian4: <f..t...... buster/InRelease
2018-05-14 10:37:39.035547 +0000 build-debian4: .            700  28%    0.00kB/s    0:00:00  .          2,482 100%    1.70MB/s    0:00:00 (xfr#1, to-chk=10/12)
2018-05-14 10:37:39.035726 +0000 build-debian4: <f..t...... buster/Release.gpg
2018-05-14 10:37:39.035782 +0000 build-debian4: .            833 100%  813.48kB/s    0:00:00  .            833 100%  813.48kB/s    0:00:00 (xfr#2, to-chk=8/12)
2018-05-14 10:37:39.119987 +0000 build-debian4: Syncing r4.0/vm/buster-securitytesting...
2018-05-14 10:37:39.331559 +0000 build-debian4: sending incremental file list
2018-05-14 10:37:39.542530 +0000 build-debian4: Syncing r4.0/vm/buster-testing...
2018-05-14 10:37:39.763232 +0000 build-debian4: sending incremental file list
2018-05-14 10:37:39.884531 +0000 build-debian4: Syncing r4.0/vm/jessie...
2018-05-14 10:37:40.101334 +0000 build-debian4: sending incremental file list
2018-05-14 10:37:40.132170 +0000 build-debian4: .d..t...... jessie/
2018-05-14 10:37:40.132233 +0000 build-debian4: <f..t...... jessie/InRelease
2018-05-14 10:37:40.132273 +0000 build-debian4: .            700  28%    0.00kB/s    0:00:00  .          2,482 100%    1.70MB/s    0:00:00 (xfr#1, to-chk=10/12)
2018-05-14 10:37:40.132302 +0000 build-debian4: <f..t...... jessie/Release.gpg
2018-05-14 10:37:40.132335 +0000 build-debian4: .            833 100%  813.48kB/s    0:00:00  .            833 100%  813.48kB/s    0:00:00 (xfr#2, to-chk=8/12)
2018-05-14 10:37:40.214000 +0000 build-debian4: Syncing r4.0/vm/jessie-securitytesting...
2018-05-14 10:37:40.429524 +0000 build-debian4: sending incremental file list
2018-05-14 10:37:40.512886 +0000 build-debian4: Syncing r4.0/vm/jessie-testing...
2018-05-14 10:37:40.723269 +0000 build-debian4: sending incremental file list
2018-05-14 10:37:40.813175 +0000 build-debian4: Syncing r4.0/vm/stretch...
2018-05-14 10:37:41.022545 +0000 build-debian4: sending incremental file list
2018-05-14 10:37:41.175173 +0000 build-debian4: .d..t...... stretch/
2018-05-14 10:37:41.175228 +0000 build-debian4: <f..t...... stretch/InRelease
2018-05-14 10:37:41.175265 +0000 build-debian4: .            700  28%    0.00kB/s    0:00:00  .          2,484 100%    1.70MB/s    0:00:00 (xfr#1, to-chk=10/12)
2018-05-14 10:37:41.175291 +0000 build-debian4: <f..t...... stretch/Release.gpg
2018-05-14 10:37:41.175322 +0000 build-debian4: .            833 100%  813.48kB/s    0:00:00  .            833 100%  813.48kB/s    0:00:00 (xfr#2, to-chk=8/12)
2018-05-14 10:37:41.260918 +0000 build-debian4: Syncing r4.0/vm/stretch-securitytesting...
2018-05-14 10:37:41.476764 +0000 build-debian4: sending incremental file list
2018-05-14 10:37:41.681361 +0000 build-debian4: Syncing r4.0/vm/stretch-testing...
2018-05-14 10:37:41.898502 +0000 build-debian4: sending incremental file list
2018-05-14 10:37:41.985313 +0000 build-debian4: ~/builder-r4.0/qubes-src/linux-deb
2018-05-14 10:37:41.986823 +0000 build-debian4: Makefile:689: update target 'update-repo-current' due to: internal-update-repo-current.vm.buster internal-update-repo-current.vm.jessie internal-update-repo-current.vm.stretch post-update-repo-current
2018-05-14 10:37:41.986877 +0000 build-debian4: true
2018-05-14 10:37:41.992054 +0000 build-debian4: > done
2018-05-14 10:38:42.029940 +0000 > closing log
