2022-06-09 13:53:18.364291 +0000 > starting log
2022-06-09 13:53:18.364660 +0000 build-debian4: > starting build with log
2022-06-09 13:53:18.364674 +0000 build-debian4: >> make args: update-repo-current
2022-06-09 13:53:18.364682 +0000 build-debian4: >> MAKEFLAGS=
2022-06-09 13:53:18.364689 +0000 build-debian4: >> COMPONENTS=intel-microcode
2022-06-09 13:53:18.364697 +0000 build-debian4: >> DISTS_VM=stretch buster bullseye
2022-06-09 13:53:18.364703 +0000 build-debian4: >> DIST_DOM0=
2022-06-09 13:53:18.364711 +0000 build-debian4: >> qubes-builder df5b4a000ce3f134e0d2e6af8d476ca527ee5ee9
2022-06-09 13:53:18.364721 +0000 build-debian4: >> qubes-builder/qubes-src/intel-microcode 3ae92f849940be3db058fa8cb33a81ced4e2e54a
2022-06-09 13:53:18.364728 +0000 build-debian4: !! microcode-20190514.tar.gz
2022-06-09 13:53:18.364735 +0000 build-debian4: !! microcode-20191112.tar.gz
2022-06-09 13:53:18.364741 +0000 build-debian4: !! microcode-20200609.tar.gz
2022-06-09 13:53:18.364748 +0000 build-debian4: !! microcode-20201110.tar.gz
2022-06-09 13:53:18.364754 +0000 build-debian4: !! microcode-20201118.tar.gz
2022-06-09 13:53:18.364761 +0000 build-debian4: !! microcode-20210608.tar.gz
2022-06-09 13:53:18.364767 +0000 build-debian4: !! microcode-20220207.tar.gz
2022-06-09 13:53:18.364774 +0000 build-debian4: !! microcode-20220510.tar.gz
2022-06-09 13:53:18.364780 +0000 build-debian4: !! microcode_ctl-2.1-16.tar.xz
2022-06-09 13:53:18.364787 +0000 build-debian4: !! microcode_ctl-2.1-19.tar.xz
2022-06-09 13:53:18.364801 +0000 build-debian4: fd5e82708d4a7f08630a2c51a182814cc4c0fbd88fe473e871b9784c03cb87e804a9ed4c2f3e041696aabfdd60996f2d50a175bea90f1644f6f3205a37215017  microcode-20190514.tar.gz
2022-06-09 13:53:18.364815 +0000 build-debian4: 34cebf266f9d6cc38b0dd87f8c7fcf42f3c8d9e434560328b0811b4c4834d0f253d834f53bfaf5b4c561bb153b4bcf509620131046bf0afd6038d02bf9a25a13  microcode-20191112.tar.gz
2022-06-09 13:53:18.364829 +0000 build-debian4: bfcaaea2811214b79445d632e256cd35af82d62f748799d47f7bc2490c5a6fd53f020bcaa3331a96b54c91ded1d17dfd9946b40174694b9a7ad17810f58293ae  microcode-20200609.tar.gz
2022-06-09 13:53:18.375168 +0000 build-debian4: da0a2614fcd651536a2dc64a2207ab02d8b482453e9d2ae18f628f1cbc3da0aa0734f830264fca5541823693d300f74ae60f7014cbf43b87ff55345c8fd80014  microcode-20201110.tar.gz
2022-06-09 13:53:18.394152 +0000 build-debian4: 5c54c45c799e3989fce08f69d918c90cdf5f977cc3d30301d177e545bae1a4f385b282c7fc2c43f7464f0fa9426840ee0bc9b248684e66302bbb27c77d5e1d33  microcode-20201118.tar.gz
2022-06-09 13:53:18.416745 +0000 build-debian4: 61acd2e76aa019fa0002fbf56c503791080a937ff93d81e020f8f0cc089dc08928b4c7e9884f713b886e2f9d4a8409fea59e39f628ef534a588515e1c3fc861d  microcode-20210608.tar.gz
2022-06-09 13:53:18.441904 +0000 build-debian4: efa9f80815947cf2be371e7da7185634cbacefe779d1d6dfef0c15b78ccae7d2740ea6681b967a19dfbcc3014edce5bcdcdba87c9dea1f19d0415a03fca9e936  microcode-20220207.tar.gz
2022-06-09 13:53:18.473004 +0000 build-debian4: 00329ce62a6d9cc66fb8594d132ef67951086ab1250ceaf908d5a357753ed62557275f55c5eb7b3ad55d1fdd312b5d1a436b214cdcbf6e3e1a840c8bf6f4795d  microcode-20220510.tar.gz
2022-06-09 13:53:18.490914 +0000 build-debian4: 9a5a70548daa156db78ad390232bdcb1f8bd50390e9bf7a34c9f27e92be5265b180dc2478958eca9bf735f8e9125a27fa5993accd9bcd9b6f51391c5c0391a41  microcode_ctl-2.1-16.tar.xz
2022-06-09 13:53:18.500900 +0000 build-debian4: d6b61ee16a2d38e062dbced78bf9ecd97fbc7ebd78fbe78c86603f3b45f6a6b7952287a99d764d7d988da09600e047d1f9c7404687806c73e80d4e5a466112df  microcode_ctl-2.1-19.tar.xz
2022-06-09 13:53:18.555030 +0000 build-debian4: ================================================================================
2022-06-09 13:53:18.555073 +0000 build-debian4:                            B U I L D   I N F O                                  
2022-06-09 13:53:18.555089 +0000 build-debian4: Items in red indicate it was automatically generated by configuration file(s)
2022-06-09 13:53:18.555101 +0000 build-debian4: Items in white indicate it was automatically removed by configuration file(s)
2022-06-09 13:53:18.555113 +0000 build-debian4: ================================================================================
2022-06-09 13:53:18.555135 +0000 build-debian4: DISTS_VM:
2022-06-09 13:53:18.557508 +0000 build-debian4:      stretch+standard, buster+standard, bullseye+standard, stretch buster bullseye
2022-06-09 13:53:18.557540 +0000 build-debian4: DISTS_ALL:
2022-06-09 13:53:18.558359 +0000 build-debian4:      vm-bullseye, vm-buster, vm-stretch,
2022-06-09 13:53:18.559130 +0000 build-debian4: DIST_DOM0:
2022-06-09 13:53:18.562287 +0000 build-debian4:     
2022-06-09 13:53:18.562322 +0000 build-debian4: BUILDER_PLUGINS:
2022-06-09 13:53:18.567157 +0000 build-debian4:      builder-debian, mgmt-salt, linux-deb, release-configs, builder-github,
2022-06-09 13:53:18.567191 +0000 build-debian4: COMPONENTS:
2022-06-09 13:53:18.571612 +0000 build-debian4:      intel-microcode,
2022-06-09 13:53:18.571645 +0000 build-debian4: GIT_REPOS:
2022-06-09 13:53:18.575991 +0000 build-debian4:      qubes-src/intel-microcode,
2022-06-09 13:53:18.577751 +0000 build-debian4: TEMPLATE:
2022-06-09 13:53:18.611475 +0000 build-debian4:     
2022-06-09 13:53:18.611515 +0000 build-debian4: TEMPLATE_FLAVOR_DIR:
2022-06-09 13:53:18.616908 +0000 build-debian4:     
2022-06-09 13:53:18.616942 +0000 build-debian4: TEMPLATE_ALIAS:
2022-06-09 13:53:18.619207 +0000 build-debian4:      stretch:stretch+standard, stretch+gnome:stretch+gnome+standard,
2022-06-09 13:53:18.619244 +0000 build-debian4:      stretch+minimal:stretch+minimal+no-recommends, buster:buster+standard, buster+gnome:buster+gnome+standard,
2022-06-09 13:53:18.619256 +0000 build-debian4:      buster+minimal:buster+minimal+no-recommends, bullseye:bullseye+standard,
2022-06-09 13:53:18.619268 +0000 build-debian4:      bullseye+gnome:bullseye+gnome+standard, bullseye+minimal:bullseye+minimal+no-recommends,
2022-06-09 13:53:18.619280 +0000 build-debian4:      bionic:bionic+standard, focal:focal+standard, whonix-gateway-15:buster+whonix-gateway+minimal+no-recommends,
2022-06-09 13:53:18.619289 +0000 build-debian4:      whonix-workstation-15:buster+whonix-workstation+minimal+no-recommends,
2022-06-09 13:53:18.619298 +0000 build-debian4:      whonix-gateway-16:bullseye+whonix-gateway+minimal+no-recommends,
2022-06-09 13:53:18.619308 +0000 build-debian4:      whonix-workstation-16:bullseye+whonix-workstation+minimal+no-recommends,
2022-06-09 13:53:18.619314 +0000 build-debian4: TEMPLATE_LABEL:
2022-06-09 13:53:18.620500 +0000 build-debian4:      stretch+standard:debian-9, buster+standard:debian-10, bullseye+standard:debian-11,
2022-06-09 13:53:18.620535 +0000 build-debian4:      stretch+standard:stretch, buster+standard:buster, bullseye+standard:bullseye, fc25:fedora-25
2022-06-09 13:53:18.620548 +0000 build-debian4:      fc32:fedora-32 fc33:fedora-33 fc34:fedora-34 fc35:fedora-35 fc32+minimal:fedora-32-minimal
2022-06-09 13:53:18.620560 +0000 build-debian4:      fc33+minimal:fedora-33-minimal fc34+minimal:fedora-34-minimal fc35+minimal:fedora-35-minimal
2022-06-09 13:53:18.620569 +0000 build-debian4:      fc32+xfce:fedora-32-xfce fc33+xfce:fedora-33-xfce fc34+xfce:fedora-34-xfce
2022-06-09 13:53:18.620579 +0000 build-debian4:      fc35+xfce:fedora-35-xfce stretch:debian-9 stretch+xfce:debian-9-xfce buster:debian-10
2022-06-09 13:53:18.620590 +0000 build-debian4:      buster+xfce:debian-10-xfce bullseye:debian-11 bullseye+xfce:debian-11-xfce bionic+standard:bionic
2022-06-09 13:53:18.620602 +0000 build-debian4:      focal+standard:focal buster+whonix-gateway+minimal+no-recommends:whonix-gw-15
2022-06-09 13:53:18.620611 +0000 build-debian4:      buster+whonix-workstation+minimal+no-recommends:whonix-ws-15
2022-06-09 13:53:18.620620 +0000 build-debian4:      bullseye+whonix-gateway+minimal+no-recommends:whonix-gw-16
2022-06-09 13:53:18.620630 +0000 build-debian4:      bullseye+whonix-workstation+minimal+no-recommends:whonix-ws-16 centos7:centos-7
2022-06-09 13:53:18.620640 +0000 build-debian4:      centos7+minimal:centos-7-minimal centos7+xfce:centos-7-xfce centos-stream8:centos-stream-8
2022-06-09 13:53:18.620662 +0000 build-debian4:      centos-stream8+minimal:centos-stream-8-minimal centos-stream8+xfce:centos-stream-8-xfce
2022-06-09 13:53:18.637198 +0000 build-debian4: > running make
2022-06-09 13:53:18.708577 +0000 build-debian4: Makefile:863: target 'internal-update-repo-current.vm.bullseye.intel-microcode' does not exist
2022-06-09 13:53:18.708619 +0000 build-debian4: repo_base_var="LINUX_REPO_${DIST//-/_}_BASEDIR"; \
2022-06-09 13:53:18.708648 +0000 build-debian4: if [ "intel-microcode" = linux-template-builder ]; then \
2022-06-09 13:53:18.708661 +0000 build-debian4: .# templates belongs to dom0 repository, even though PACKAGE_SET=vm
2022-06-09 13:53:18.708668 +0000 build-debian4: repo_base_var="LINUX_REPO__BASEDIR"; \
2022-06-09 13:53:18.708674 +0000 build-debian4: fi; \
2022-06-09 13:53:18.708682 +0000 build-debian4: if [ -n "${!repo_base_var}" ]; then \
2022-06-09 13:53:18.708689 +0000 build-debian4: .repo_basedir="${!repo_base_var}"; \
2022-06-09 13:53:18.708695 +0000 build-debian4: else \
2022-06-09 13:53:18.708702 +0000 build-debian4: .repo_basedir="qubes-src/linux-deb/r4.0"; \
2022-06-09 13:53:18.708708 +0000 build-debian4: fi; \
2022-06-09 13:53:18.708717 +0000 build-debian4: if [ -r qubes-src/intel-microcode/Makefile.builder ]; then \
2022-06-09 13:53:18.708725 +0000 build-debian4: .echo -n "Updating qubes-src/intel-microcode... "; \
2022-06-09 13:53:18.708732 +0000 build-debian4: .if [ "0" -eq 1 ]; then \
2022-06-09 13:53:18.708742 +0000 build-debian4: ..vtag=`git -C qubes-src/intel-microcode tag --points-at HEAD --list v*`; \
2022-06-09 13:53:18.708749 +0000 build-debian4: ..if [ -z "$vtag" ]; then \
2022-06-09 13:53:18.708756 +0000 build-debian4: ...echo "no version tag"; \
2022-06-09 13:53:18.708762 +0000 build-debian4: ...exit 0; \
2022-06-09 13:53:18.708767 +0000 build-debian4: ..fi; \
2022-06-09 13:53:18.708773 +0000 build-debian4: .fi; \
2022-06-09 13:53:18.708781 +0000 build-debian4: .if [ "intel-microcode" = linux-template-builder ]; then
2022-06-09 13:53:18.708792 +0000 build-debian4: export TEMPLATE_NAME=$(MAKEFLAGS= make -s -C qubes-src/linux-template-builder DIST=bullseye template-name)
2022-06-09 13:53:18.708799 +0000 build-debian4: fi
2022-06-09 13:53:18.708819 +0000 build-debian4: component_packages=$(MAKEFLAGS= make -s -f Makefile.generic DIST=bullseye PACKAGE_SET=vm COMPONENT=`basename qubes-src/intel-microcode` UPDATE_REPO=/home/user/builder-r4.0/$repo_basedir/current/vm/bullseye get-var GET_VAR=PACKAGE_LIST); \
2022-06-09 13:53:18.708828 +0000 build-debian4: .if [ -z "$component_packages" ]; then \
2022-06-09 13:53:18.708835 +0000 build-debian4: ..echo "no packages."; \
2022-06-09 13:53:18.708841 +0000 build-debian4: ..exit 0; \
2022-06-09 13:53:18.708846 +0000 build-debian4: .fi; \
2022-06-09 13:53:18.708855 +0000 build-debian4: .make -s -f Makefile.generic DIST=bullseye PACKAGE_SET=vm \
2022-06-09 13:53:18.708863 +0000 build-debian4: ..COMPONENT=`basename qubes-src/intel-microcode` \
2022-06-09 13:53:18.708870 +0000 build-debian4: ..SNAPSHOT_REPO=current-testing \
2022-06-09 13:53:18.708877 +0000 build-debian4: ..TARGET_REPO=current \
2022-06-09 13:53:18.708886 +0000 build-debian4: ..UPDATE_REPO=/home/user/builder-r4.0/$repo_basedir/current/vm/bullseye \
2022-06-09 13:53:18.708899 +0000 build-debian4: ..SNAPSHOT_FILE=/home/user/builder-r4.0/repo-latest-snapshot/current-testing-vm-bullseye-`basename qubes-src/intel-microcode` \
2022-06-09 13:53:18.708908 +0000 build-debian4: ..BUILD_LOG_URL= \
2022-06-09 13:53:18.708916 +0000 build-debian4: ..update-repo-from-snapshot || exit 1; \
2022-06-09 13:53:18.708926 +0000 build-debian4: elif make -C qubes-src/intel-microcode -n update-repo-current >/dev/null 2>/dev/null; then \
2022-06-09 13:53:18.708934 +0000 build-debian4: .echo "Updating qubes-src/intel-microcode... "; \
2022-06-09 13:53:18.708944 +0000 build-debian4: .DIST=bullseye UPDATE_REPO=/home/user/builder-r4.0/$repo_basedir/current/vm/bullseye \
2022-06-09 13:53:18.708953 +0000 build-debian4: .make -s -C qubes-src/intel-microcode update-repo-current || exit 1; \
2022-06-09 13:53:18.708962 +0000 build-debian4: else \
2022-06-09 13:53:18.708986 +0000 build-debian4: .echo -n "Updating qubes-src/intel-microcode... skipping."; \
2022-06-09 13:53:18.708992 +0000 build-debian4: fi; \
2022-06-09 13:53:18.708997 +0000 build-debian4: echo
2022-06-09 13:53:18.732790 +0000 build-debian4: Updating qubes-src/intel-microcode... no packages.
2022-06-09 13:53:18.732836 +0000 build-debian4: Makefile:832: update target 'internal-update-repo-current.vm.bullseye' due to: internal-update-repo-current.vm.bullseye.intel-microcode
2022-06-09 13:53:18.732845 +0000 build-debian4: true
2022-06-09 13:53:18.738535 +0000 build-debian4: Makefile:863: target 'internal-update-repo-current.vm.buster.intel-microcode' does not exist
2022-06-09 13:53:18.738570 +0000 build-debian4: repo_base_var="LINUX_REPO_${DIST//-/_}_BASEDIR"; \
2022-06-09 13:53:18.738581 +0000 build-debian4: if [ "intel-microcode" = linux-template-builder ]; then \
2022-06-09 13:53:18.738591 +0000 build-debian4: .# templates belongs to dom0 repository, even though PACKAGE_SET=vm
2022-06-09 13:53:18.738617 +0000 build-debian4: repo_base_var="LINUX_REPO__BASEDIR"; \
2022-06-09 13:53:18.738625 +0000 build-debian4: fi; \
2022-06-09 13:53:18.738633 +0000 build-debian4: if [ -n "${!repo_base_var}" ]; then \
2022-06-09 13:53:18.738640 +0000 build-debian4: .repo_basedir="${!repo_base_var}"; \
2022-06-09 13:53:18.738645 +0000 build-debian4: else \
2022-06-09 13:53:18.738652 +0000 build-debian4: .repo_basedir="qubes-src/linux-deb/r4.0"; \
2022-06-09 13:53:18.738658 +0000 build-debian4: fi; \
2022-06-09 13:53:18.738666 +0000 build-debian4: if [ -r qubes-src/intel-microcode/Makefile.builder ]; then \
2022-06-09 13:53:18.738674 +0000 build-debian4: .echo -n "Updating qubes-src/intel-microcode... "; \
2022-06-09 13:53:18.738681 +0000 build-debian4: .if [ "0" -eq 1 ]; then \
2022-06-09 13:53:18.738690 +0000 build-debian4: ..vtag=`git -C qubes-src/intel-microcode tag --points-at HEAD --list v*`; \
2022-06-09 13:53:18.738697 +0000 build-debian4: ..if [ -z "$vtag" ]; then \
2022-06-09 13:53:18.738704 +0000 build-debian4: ...echo "no version tag"; \
2022-06-09 13:53:18.738710 +0000 build-debian4: ...exit 0; \
2022-06-09 13:53:18.738715 +0000 build-debian4: ..fi; \
2022-06-09 13:53:18.738721 +0000 build-debian4: .fi; \
2022-06-09 13:53:18.738729 +0000 build-debian4: .if [ "intel-microcode" = linux-template-builder ]; then
2022-06-09 13:53:18.738740 +0000 build-debian4: export TEMPLATE_NAME=$(MAKEFLAGS= make -s -C qubes-src/linux-template-builder DIST=buster template-name)
2022-06-09 13:53:18.738746 +0000 build-debian4: fi
2022-06-09 13:53:18.738765 +0000 build-debian4: component_packages=$(MAKEFLAGS= make -s -f Makefile.generic DIST=buster PACKAGE_SET=vm COMPONENT=`basename qubes-src/intel-microcode` UPDATE_REPO=/home/user/builder-r4.0/$repo_basedir/current/vm/buster get-var GET_VAR=PACKAGE_LIST); \
2022-06-09 13:53:18.738773 +0000 build-debian4: .if [ -z "$component_packages" ]; then \
2022-06-09 13:53:18.738780 +0000 build-debian4: ..echo "no packages."; \
2022-06-09 13:53:18.738786 +0000 build-debian4: ..exit 0; \
2022-06-09 13:53:18.738791 +0000 build-debian4: .fi; \
2022-06-09 13:53:18.738799 +0000 build-debian4: .make -s -f Makefile.generic DIST=buster PACKAGE_SET=vm \
2022-06-09 13:53:18.738807 +0000 build-debian4: ..COMPONENT=`basename qubes-src/intel-microcode` \
2022-06-09 13:53:18.738814 +0000 build-debian4: ..SNAPSHOT_REPO=current-testing \
2022-06-09 13:53:18.738820 +0000 build-debian4: ..TARGET_REPO=current \
2022-06-09 13:53:18.738830 +0000 build-debian4: ..UPDATE_REPO=/home/user/builder-r4.0/$repo_basedir/current/vm/buster \
2022-06-09 13:53:18.738842 +0000 build-debian4: ..SNAPSHOT_FILE=/home/user/builder-r4.0/repo-latest-snapshot/current-testing-vm-buster-`basename qubes-src/intel-microcode` \
2022-06-09 13:53:18.738848 +0000 build-debian4: ..BUILD_LOG_URL= \
2022-06-09 13:53:18.738856 +0000 build-debian4: ..update-repo-from-snapshot || exit 1; \
2022-06-09 13:53:18.738866 +0000 build-debian4: elif make -C qubes-src/intel-microcode -n update-repo-current >/dev/null 2>/dev/null; then \
2022-06-09 13:53:18.738887 +0000 build-debian4: .echo "Updating qubes-src/intel-microcode... "; \
2022-06-09 13:53:18.738898 +0000 build-debian4: .DIST=buster UPDATE_REPO=/home/user/builder-r4.0/$repo_basedir/current/vm/buster \
2022-06-09 13:53:18.738907 +0000 build-debian4: .make -s -C qubes-src/intel-microcode update-repo-current || exit 1; \
2022-06-09 13:53:18.738912 +0000 build-debian4: else \
2022-06-09 13:53:18.738921 +0000 build-debian4: .echo -n "Updating qubes-src/intel-microcode... skipping."; \
2022-06-09 13:53:18.738926 +0000 build-debian4: fi; \
2022-06-09 13:53:18.738931 +0000 build-debian4: echo
2022-06-09 13:53:18.792707 +0000 build-debian4: Updating qubes-src/intel-microcode... no packages.
2022-06-09 13:53:18.792755 +0000 build-debian4: Makefile:832: update target 'internal-update-repo-current.vm.buster' due to: internal-update-repo-current.vm.buster.intel-microcode
2022-06-09 13:53:18.792764 +0000 build-debian4: true
2022-06-09 13:53:18.796083 +0000 build-debian4: Makefile:863: target 'internal-update-repo-current.vm.stretch.intel-microcode' does not exist
2022-06-09 13:53:18.796117 +0000 build-debian4: repo_base_var="LINUX_REPO_${DIST//-/_}_BASEDIR"; \
2022-06-09 13:53:18.796128 +0000 build-debian4: if [ "intel-microcode" = linux-template-builder ]; then \
2022-06-09 13:53:18.796138 +0000 build-debian4: .# templates belongs to dom0 repository, even though PACKAGE_SET=vm
2022-06-09 13:53:18.796146 +0000 build-debian4: repo_base_var="LINUX_REPO__BASEDIR"; \
2022-06-09 13:53:18.796151 +0000 build-debian4: fi; \
2022-06-09 13:53:18.796159 +0000 build-debian4: if [ -n "${!repo_base_var}" ]; then \
2022-06-09 13:53:18.796166 +0000 build-debian4: .repo_basedir="${!repo_base_var}"; \
2022-06-09 13:53:18.796171 +0000 build-debian4: else \
2022-06-09 13:53:18.796179 +0000 build-debian4: .repo_basedir="qubes-src/linux-deb/r4.0"; \
2022-06-09 13:53:18.796184 +0000 build-debian4: fi; \
2022-06-09 13:53:18.796192 +0000 build-debian4: if [ -r qubes-src/intel-microcode/Makefile.builder ]; then \
2022-06-09 13:53:18.796200 +0000 build-debian4: .echo -n "Updating qubes-src/intel-microcode... "; \
2022-06-09 13:53:18.796207 +0000 build-debian4: .if [ "0" -eq 1 ]; then \
2022-06-09 13:53:18.796217 +0000 build-debian4: ..vtag=`git -C qubes-src/intel-microcode tag --points-at HEAD --list v*`; \
2022-06-09 13:53:18.796223 +0000 build-debian4: ..if [ -z "$vtag" ]; then \
2022-06-09 13:53:18.796230 +0000 build-debian4: ...echo "no version tag"; \
2022-06-09 13:53:18.796236 +0000 build-debian4: ...exit 0; \
2022-06-09 13:53:18.796241 +0000 build-debian4: ..fi; \
2022-06-09 13:53:18.796247 +0000 build-debian4: .fi; \
2022-06-09 13:53:18.796255 +0000 build-debian4: .if [ "intel-microcode" = linux-template-builder ]; then
2022-06-09 13:53:18.796266 +0000 build-debian4: export TEMPLATE_NAME=$(MAKEFLAGS= make -s -C qubes-src/linux-template-builder DIST=stretch template-name)
2022-06-09 13:53:18.796271 +0000 build-debian4: fi
2022-06-09 13:53:18.796290 +0000 build-debian4: component_packages=$(MAKEFLAGS= make -s -f Makefile.generic DIST=stretch PACKAGE_SET=vm COMPONENT=`basename qubes-src/intel-microcode` UPDATE_REPO=/home/user/builder-r4.0/$repo_basedir/current/vm/stretch get-var GET_VAR=PACKAGE_LIST); \
2022-06-09 13:53:18.796299 +0000 build-debian4: .if [ -z "$component_packages" ]; then \
2022-06-09 13:53:18.796306 +0000 build-debian4: ..echo "no packages."; \
2022-06-09 13:53:18.796312 +0000 build-debian4: ..exit 0; \
2022-06-09 13:53:18.796317 +0000 build-debian4: .fi; \
2022-06-09 13:53:18.796325 +0000 build-debian4: .make -s -f Makefile.generic DIST=stretch PACKAGE_SET=vm \
2022-06-09 13:53:18.796333 +0000 build-debian4: ..COMPONENT=`basename qubes-src/intel-microcode` \
2022-06-09 13:53:18.796340 +0000 build-debian4: ..SNAPSHOT_REPO=current-testing \
2022-06-09 13:53:18.796347 +0000 build-debian4: ..TARGET_REPO=current \
2022-06-09 13:53:18.796356 +0000 build-debian4: ..UPDATE_REPO=/home/user/builder-r4.0/$repo_basedir/current/vm/stretch \
2022-06-09 13:53:18.796382 +0000 build-debian4: ..SNAPSHOT_FILE=/home/user/builder-r4.0/repo-latest-snapshot/current-testing-vm-stretch-`basename qubes-src/intel-microcode` \
2022-06-09 13:53:18.796390 +0000 build-debian4: ..BUILD_LOG_URL= \
2022-06-09 13:53:18.796397 +0000 build-debian4: ..update-repo-from-snapshot || exit 1; \
2022-06-09 13:53:18.796408 +0000 build-debian4: elif make -C qubes-src/intel-microcode -n update-repo-current >/dev/null 2>/dev/null; then \
2022-06-09 13:53:18.796416 +0000 build-debian4: .echo "Updating qubes-src/intel-microcode... "; \
2022-06-09 13:53:18.796426 +0000 build-debian4: .DIST=stretch UPDATE_REPO=/home/user/builder-r4.0/$repo_basedir/current/vm/stretch \
2022-06-09 13:53:18.796435 +0000 build-debian4: .make -s -C qubes-src/intel-microcode update-repo-current || exit 1; \
2022-06-09 13:53:18.796440 +0000 build-debian4: else \
2022-06-09 13:53:18.796448 +0000 build-debian4: .echo -n "Updating qubes-src/intel-microcode... skipping."; \
2022-06-09 13:53:18.796454 +0000 build-debian4: fi; \
2022-06-09 13:53:18.796459 +0000 build-debian4: echo
2022-06-09 13:53:18.872140 +0000 build-debian4: Updating qubes-src/intel-microcode... no packages.
2022-06-09 13:53:18.872191 +0000 build-debian4: Makefile:832: update target 'internal-update-repo-current.vm.stretch' due to: internal-update-repo-current.vm.stretch.intel-microcode
2022-06-09 13:53:18.872202 +0000 build-debian4: true
2022-06-09 13:53:18.879162 +0000 build-debian4: Makefile:945: target 'post-update-repo-current' does not exist
2022-06-09 13:53:18.879197 +0000 build-debian4: true
2022-06-09 13:53:18.880700 +0000 build-debian4: Makefile:819: update target 'update-repo-current' due to: internal-update-repo-current.vm.bullseye internal-update-repo-current.vm.buster internal-update-repo-current.vm.stretch post-update-repo-current
2022-06-09 13:53:18.880729 +0000 build-debian4: true
2022-06-09 13:53:18.893655 +0000 build-debian4: > done
2022-06-09 13:53:18.893695 +0000 > closing log
