2020-10-30 15:05:40.814791 +0000 > starting log
2020-10-30 15:05:40.815129 +0000 build-debian4: > starting build with log
2020-10-30 15:05:40.815142 +0000 build-debian4: >> make args: DISTS_VM=bullseye DIST_DOM0= qubes
2020-10-30 15:05:40.815150 +0000 build-debian4: >> MAKEFLAGS=
2020-10-30 15:05:40.815157 +0000 build-debian4: >> COMPONENTS=dnf
2020-10-30 15:05:40.815163 +0000 build-debian4: >> DISTS_VM=
2020-10-30 15:05:40.815169 +0000 build-debian4: >> DIST_DOM0=
2020-10-30 15:05:40.815177 +0000 build-debian4: >> qubes-builder e30bd65a2defdcc252803ccc565d85e3ad492142
2020-10-30 15:05:40.815186 +0000 build-debian4: >> qubes-builder/qubes-src/dnf ca6f870fdbbc5ac64276b596be83f10d7130e980
2020-10-30 15:05:40.815193 +0000 build-debian4: !! dnf-4.2.23.tar.gz
2020-10-30 15:05:40.815206 +0000 build-debian4: fc5c633b5b306f0e1ed2a064a0b9face4d199159ef1f0096df334db925094a63fbdc751dc883052e11e7d13148a623e2cebb9a8e1b206529a894055f74aa607d  dnf-4.2.23.tar.gz
2020-10-30 15:05:40.893202 +0000 build-debian4: ================================================================================
2020-10-30 15:05:40.893246 +0000 build-debian4:                            B U I L D   I N F O                                  
2020-10-30 15:05:40.893259 +0000 build-debian4: Items in red indicate it was automatically generated by configuration file(s)
2020-10-30 15:05:40.893269 +0000 build-debian4: Items in white indicate it was automatically removed by configuration file(s)
2020-10-30 15:05:40.893279 +0000 build-debian4: ================================================================================
2020-10-30 15:05:40.893285 +0000 build-debian4: DISTS_VM:
2020-10-30 15:05:40.906592 +0000 build-debian4:      stretch+standard, buster+standard, bullseye+standard, stretch buster bullseye
2020-10-30 15:05:40.909993 +0000 build-debian4: DISTS_ALL:
2020-10-30 15:05:40.926366 +0000 build-debian4:      vm-bullseye, vm-buster, vm-stretch,
2020-10-30 15:05:40.928111 +0000 build-debian4: DIST_DOM0:
2020-10-30 15:05:40.938113 +0000 build-debian4:     
2020-10-30 15:05:40.940118 +0000 build-debian4: BUILDER_PLUGINS:
2020-10-30 15:05:40.946243 +0000 build-debian4:      builder-debian, mgmt-salt, linux-deb, release-configs, builder-github,
2020-10-30 15:05:40.949082 +0000 build-debian4: COMPONENTS:
2020-10-30 15:05:40.955955 +0000 build-debian4:      dnf,
2020-10-30 15:05:40.957593 +0000 build-debian4: GIT_REPOS:
2020-10-30 15:05:40.961552 +0000 build-debian4:      qubes-src/dnf,
2020-10-30 15:05:40.963457 +0000 build-debian4: TEMPLATE:
2020-10-30 15:05:40.967965 +0000 build-debian4:     
2020-10-30 15:05:40.971283 +0000 build-debian4: TEMPLATE_FLAVOR_DIR:
2020-10-30 15:05:40.975586 +0000 build-debian4:     
2020-10-30 15:05:40.975624 +0000 build-debian4: TEMPLATE_ALIAS:
2020-10-30 15:05:40.980485 +0000 build-debian4:      stretch:stretch+standard, stretch+gnome:stretch+gnome+standard,
2020-10-30 15:05:40.980524 +0000 build-debian4:      stretch+minimal:stretch+minimal+no-recommends, buster:buster+standard, buster+gnome:buster+gnome+standard,
2020-10-30 15:05:40.980537 +0000 build-debian4:      buster+minimal:buster+minimal+no-recommends, bullseye:bullseye+standard,
2020-10-30 15:05:40.980548 +0000 build-debian4:      bullseye+gnome:bullseye+gnome+standard, bullseye+minimal:bullseye+minimal+no-recommends,
2020-10-30 15:05:40.980557 +0000 build-debian4:      whonix-gateway-14:stretch+whonix-gateway+minimal+no-recommends,
2020-10-30 15:05:40.980567 +0000 build-debian4:      whonix-workstation-14:stretch+whonix-workstation+minimal+no-recommends,
2020-10-30 15:05:40.980575 +0000 build-debian4:      whonix-gateway-15:buster+whonix-gateway+minimal+no-recommends,
2020-10-30 15:05:40.980584 +0000 build-debian4:      whonix-workstation-15:buster+whonix-workstation+minimal+no-recommends,
2020-10-30 15:05:40.982305 +0000 build-debian4: TEMPLATE_LABEL:
2020-10-30 15:05:40.993576 +0000 build-debian4:      stretch+standard:debian-9, buster+standard:debian-10, bullseye+standard:debian-11, stretch+standard:stretch,
2020-10-30 15:05:40.993619 +0000 build-debian4:      buster+standard:buster, bullseye+standard:bullseye, fc25:fedora-25 fc30:fedora-30 fc31:fedora-31
2020-10-30 15:05:40.993667 +0000 build-debian4:      fc32:fedora-32 fc30+minimal:fedora-30-minimal fc31+minimal:fedora-31-minimal fc32+minimal:fedora-32-minimal
2020-10-30 15:05:40.993681 +0000 build-debian4:      fc30+xfce:fedora-30-xfce fc31+xfce:fedora-31-xfce fc32+xfce:fedora-32-xfce stretch:debian-9
2020-10-30 15:05:40.993692 +0000 build-debian4:      stretch+xfce:debian-9-xfce buster:debian-10 buster+xfce:debian-10-xfce bullseye:debian-11
2020-10-30 15:05:40.993702 +0000 build-debian4:      bullseye+xfce:debian-11-xfce stretch+whonix-gateway+minimal+no-recommends:whonix-gw-14
2020-10-30 15:05:40.993711 +0000 build-debian4:      stretch+whonix-workstation+minimal+no-recommends:whonix-ws-14
2020-10-30 15:05:40.993720 +0000 build-debian4:      buster+whonix-gateway+minimal+no-recommends:whonix-gw-15
2020-10-30 15:05:40.993729 +0000 build-debian4:      buster+whonix-workstation+minimal+no-recommends:whonix-ws-15 centos7:centos-7
2020-10-30 15:05:40.993738 +0000 build-debian4:      centos7+minimal:centos-7-minimal centos7+xfce:centos-7-xfce centos8:centos-8
2020-10-30 15:05:40.993747 +0000 build-debian4:      centos8+minimal:centos-8-minimal centos8+xfce:centos-8-xfce
2020-10-30 15:05:41.022903 +0000 build-debian4: > running make
2020-10-30 15:05:41.048125 +0000 build-debian4: Makefile:1024: target 'build-info' does not exist
2020-10-30 15:05:41.048166 +0000 build-debian4: echo "================================================================================"
2020-10-30 15:05:41.048179 +0000 build-debian4: echo "                           B U I L D   I N F O                                  "
2020-10-30 15:05:41.048189 +0000 build-debian4: echo -e "Items in red indicate it was automatically generated by configuration file(s)"
2020-10-30 15:05:41.048199 +0000 build-debian4: echo -e "Items in white indicate it was automatically removed by configuration file(s)"
2020-10-30 15:05:41.048209 +0000 build-debian4: echo "================================================================================"
2020-10-30 15:05:41.048218 +0000 build-debian4: # (1): Item Color, (2): Label, (3): Item, (4): Original item used to compare if changed
2020-10-30 15:05:41.048227 +0000 build-debian4: echo -e "DISTS_VM:"; echo -e " bullseye," | fmt -w110  | sed -e 's/^/    /'
2020-10-30 15:05:41.048237 +0000 build-debian4: echo -e "DISTS_ALL:"; echo -e " vm-bullseye," | fmt -w110  | sed -e 's/^/    /'
2020-10-30 15:05:41.048246 +0000 build-debian4: echo -e "DIST_DOM0:"; echo -e " " | fmt -w110  | sed -e 's/^/    /'
2020-10-30 15:05:41.048259 +0000 build-debian4: echo -e "BUILDER_PLUGINS:"; echo -e " builder-debian, mgmt-salt, linux-deb, release-configs, builder-github," | fmt -w110  | sed -e 's/^/    /'
2020-10-30 15:05:41.048268 +0000 build-debian4: echo -e "COMPONENTS:"; echo -e " dnf," | fmt -w110  | sed -e 's/^/    /'
2020-10-30 15:05:41.048278 +0000 build-debian4: echo -e "GIT_REPOS:"; echo -e " qubes-src/dnf," | fmt -w110  | sed -e 's/^/    /'
2020-10-30 15:05:41.048287 +0000 build-debian4: echo -e "TEMPLATE:"; echo -e " " | fmt -w110  | sed -e 's/^/    /'
2020-10-30 15:05:41.048296 +0000 build-debian4: echo -e "TEMPLATE_FLAVOR_DIR:"; echo -e " " | fmt -w110  | sed -e 's/^/    /'
2020-10-30 15:05:41.048341 +0000 build-debian4: echo -e "TEMPLATE_ALIAS:"; echo -e " stretch:stretch+standard, stretch+gnome:stretch+gnome+standard, stretch+minimal:stretch+minimal+no-recommends, buster:buster+standard, buster+gnome:buster+gnome+standard, buster+minimal:buster+minimal+no-recommends, bullseye:bullseye+standard, bullseye+gnome:bullseye+gnome+standard, bullseye+minimal:bullseye+minimal+no-recommends, whonix-gateway-14:stretch+whonix-gateway+minimal+no-recommends, whonix-workstation-14:stretch+whonix-workstation+minimal+no-recommends, whonix-gateway-15:buster+whonix-gateway+minimal+no-recommends, whonix-workstation-15:buster+whonix-workstation+minimal+no-recommends," | fmt -w110  | sed -e 's/^/    /'
2020-10-30 15:05:41.048401 +0000 build-debian4: echo -e "TEMPLATE_LABEL:"; echo -e " bullseye:debian-11, fc25:fedora-25 fc30:fedora-30 fc31:fedora-31 fc32:fedora-32 fc30+minimal:fedora-30-minimal fc31+minimal:fedora-31-minimal fc32+minimal:fedora-32-minimal fc30+xfce:fedora-30-xfce fc31+xfce:fedora-31-xfce fc32+xfce:fedora-32-xfce stretch:debian-9 stretch+standard:debian-9 stretch+xfce:debian-9-xfce buster:debian-10 buster+standard:debian-10 buster+xfce:debian-10-xfce bullseye+standard:debian-11 bullseye+xfce:debian-11-xfce stretch+whonix-gateway+minimal+no-recommends:whonix-gw-14 stretch+whonix-workstation+minimal+no-recommends:whonix-ws-14 buster+whonix-gateway+minimal+no-recommends:whonix-gw-15 buster+whonix-workstation+minimal+no-recommends:whonix-ws-15 centos7:centos-7 centos7+minimal:centos-7-minimal centos7+xfce:centos-7-xfce centos8:centos-8 centos8+minimal:centos-8-minimal centos8+xfce:centos-8-xfce" | fmt -w110  | sed -e 's/^/    /'
2020-10-30 15:05:41.048425 +0000 build-debian4: for component in dnf; do \
2020-10-30 15:05:41.048436 +0000 build-debian4: .component_env_var=`MAKEFLAGS= make -s get-var GET_VAR=ENV_${component//-/_}`; \
2020-10-30 15:05:41.048450 +0000 build-debian4: .if [ ! -z "$component_env_var" ]; then echo -e "ENV_${component//-/_}:"; echo -e " ${component_env_var}, """ | fmt -w110  | sed -e 's/^/    /'; fi; \
2020-10-30 15:05:41.048456 +0000 build-debian4: done
2020-10-30 15:05:41.049599 +0000 build-debian4: ================================================================================
2020-10-30 15:05:41.049655 +0000 build-debian4:                            B U I L D   I N F O                                  
2020-10-30 15:05:41.049668 +0000 build-debian4: Items in red indicate it was automatically generated by configuration file(s)
2020-10-30 15:05:41.049679 +0000 build-debian4: Items in white indicate it was automatically removed by configuration file(s)
2020-10-30 15:05:41.049688 +0000 build-debian4: ================================================================================
2020-10-30 15:05:41.049695 +0000 build-debian4: DISTS_VM:
2020-10-30 15:05:41.053372 +0000 build-debian4:      bullseye,
2020-10-30 15:05:41.053829 +0000 build-debian4: DISTS_ALL:
2020-10-30 15:05:41.060609 +0000 build-debian4:      vm-bullseye,
2020-10-30 15:05:41.064282 +0000 build-debian4: DIST_DOM0:
2020-10-30 15:05:41.069321 +0000 build-debian4:     
2020-10-30 15:05:41.069355 +0000 build-debian4: BUILDER_PLUGINS:
2020-10-30 15:05:41.073944 +0000 build-debian4:      builder-debian, mgmt-salt, linux-deb, release-configs, builder-github,
2020-10-30 15:05:41.073978 +0000 build-debian4: COMPONENTS:
2020-10-30 15:05:41.080202 +0000 build-debian4:      dnf,
2020-10-30 15:05:41.080236 +0000 build-debian4: GIT_REPOS:
2020-10-30 15:05:41.085450 +0000 build-debian4:      qubes-src/dnf,
2020-10-30 15:05:41.085484 +0000 build-debian4: TEMPLATE:
2020-10-30 15:05:41.088804 +0000 build-debian4:     
2020-10-30 15:05:41.088840 +0000 build-debian4: TEMPLATE_FLAVOR_DIR:
2020-10-30 15:05:41.094165 +0000 build-debian4:     
2020-10-30 15:05:41.094200 +0000 build-debian4: TEMPLATE_ALIAS:
2020-10-30 15:05:41.099819 +0000 build-debian4:      stretch:stretch+standard, stretch+gnome:stretch+gnome+standard,
2020-10-30 15:05:41.099857 +0000 build-debian4:      stretch+minimal:stretch+minimal+no-recommends, buster:buster+standard, buster+gnome:buster+gnome+standard,
2020-10-30 15:05:41.099870 +0000 build-debian4:      buster+minimal:buster+minimal+no-recommends, bullseye:bullseye+standard,
2020-10-30 15:05:41.099881 +0000 build-debian4:      bullseye+gnome:bullseye+gnome+standard, bullseye+minimal:bullseye+minimal+no-recommends,
2020-10-30 15:05:41.099890 +0000 build-debian4:      whonix-gateway-14:stretch+whonix-gateway+minimal+no-recommends,
2020-10-30 15:05:41.099903 +0000 build-debian4:      whonix-workstation-14:stretch+whonix-workstation+minimal+no-recommends,
2020-10-30 15:05:41.099912 +0000 build-debian4:      whonix-gateway-15:buster+whonix-gateway+minimal+no-recommends,
2020-10-30 15:05:41.099921 +0000 build-debian4:      whonix-workstation-15:buster+whonix-workstation+minimal+no-recommends,
2020-10-30 15:05:41.100214 +0000 build-debian4: TEMPLATE_LABEL:
2020-10-30 15:05:41.102727 +0000 build-debian4:      bullseye:debian-11, fc25:fedora-25 fc30:fedora-30 fc31:fedora-31 fc32:fedora-32
2020-10-30 15:05:41.102769 +0000 build-debian4:      fc30+minimal:fedora-30-minimal fc31+minimal:fedora-31-minimal fc32+minimal:fedora-32-minimal
2020-10-30 15:05:41.102782 +0000 build-debian4:      fc30+xfce:fedora-30-xfce fc31+xfce:fedora-31-xfce fc32+xfce:fedora-32-xfce
2020-10-30 15:05:41.102793 +0000 build-debian4:      stretch:debian-9 stretch+standard:debian-9 stretch+xfce:debian-9-xfce buster:debian-10
2020-10-30 15:05:41.102802 +0000 build-debian4:      buster+standard:debian-10 buster+xfce:debian-10-xfce bullseye+standard:debian-11
2020-10-30 15:05:41.102812 +0000 build-debian4:      bullseye+xfce:debian-11-xfce stretch+whonix-gateway+minimal+no-recommends:whonix-gw-14
2020-10-30 15:05:41.102821 +0000 build-debian4:      stretch+whonix-workstation+minimal+no-recommends:whonix-ws-14
2020-10-30 15:05:41.102830 +0000 build-debian4:      buster+whonix-gateway+minimal+no-recommends:whonix-gw-15
2020-10-30 15:05:41.102839 +0000 build-debian4:      buster+whonix-workstation+minimal+no-recommends:whonix-ws-15 centos7:centos-7
2020-10-30 15:05:41.102849 +0000 build-debian4:      centos7+minimal:centos-7-minimal centos7+xfce:centos-7-xfce centos8:centos-8
2020-10-30 15:05:41.102857 +0000 build-debian4:      centos8+minimal:centos-8-minimal centos8+xfce:centos-8-xfce
2020-10-30 15:05:41.143441 +0000 build-debian4: Makefile:226: target 'check-depend.rpm' does not exist
2020-10-30 15:05:41.143494 +0000 build-debian4: echo "Currently installed dependencies:" && rpm -q --whatprovides createrepo_c debootstrap devscripts dpkg-dev git perl-Digest-MD5 perl-Digest-SHA python3-pyyaml python3-sh rpm-build rpm-sign rpmdevtools wget || \
2020-10-30 15:05:41.143508 +0000 build-debian4: .{ echo "ERROR: call 'make install-deps' to install missing dependencies"; exit 1; }
2020-10-30 15:05:41.143517 +0000 build-debian4: Currently installed dependencies:
2020-10-30 15:05:41.159710 +0000 build-debian4: createrepo_c-0.15.11-1.fc32.x86_64
2020-10-30 15:05:41.161421 +0000 build-debian4: debootstrap-1.0.123-1.fc32.noarch
2020-10-30 15:05:41.163373 +0000 build-debian4: devscripts-2.20.2-1.fc32.x86_64
2020-10-30 15:05:41.163407 +0000 build-debian4: dpkg-dev-1.19.7-5.fc32.noarch
2020-10-30 15:05:41.164670 +0000 build-debian4: git-2.26.2-1.fc32.x86_64
2020-10-30 15:05:41.164724 +0000 build-debian4: perl-Digest-MD5-2.55-440.fc32.x86_64
2020-10-30 15:05:41.164735 +0000 build-debian4: perl-Digest-SHA-6.02-442.fc32.x86_64
2020-10-30 15:05:41.164742 +0000 build-debian4: python3-pyyaml-5.3.1-1.fc32.x86_64
2020-10-30 15:05:41.165856 +0000 build-debian4: python3-sh-1.13.1-1.fc32.noarch
2020-10-30 15:05:41.165887 +0000 build-debian4: rpm-build-4.15.1-3.fc32.1.x86_64
2020-10-30 15:05:41.165896 +0000 build-debian4: rpm-sign-4.15.1-3.fc32.1.x86_64
2020-10-30 15:05:41.165904 +0000 build-debian4: rpmdevtools-8.10-10.fc32.noarch
2020-10-30 15:05:41.166343 +0000 build-debian4: wget-1.20.3-4.fc32.x86_64
2020-10-30 15:05:41.168621 +0000 build-debian4: Makefile:254: update target 'dnf-dom0' due to: check-depend
2020-10-30 15:05:41.168697 +0000 build-debian4: if [ -n "dnf" -a "0" -ne 0 ]; then BRANCH=release4.0; branch_var="BRANCH_dnf"; [ -n "${!branch_var}" ] && BRANCH="${!branch_var}"; pushd qubes-src/dnf > /dev/null; CURRENT_BRANCH=`git symbolic-ref --short HEAD 2>/dev/null || git describe --tags --exact-match HEAD`; if [ "$BRANCH" != "$CURRENT_BRANCH" ]; then echo "-> ERROR: Wrong branch $branch_var=$CURRENT_BRANCH (expected $BRANCH)"; exit 1; fi; popd > /dev/null; fi
2020-10-30 15:05:41.179761 +0000 build-debian4: Makefile:246: update target 'dnf-vm' due to: check-depend
2020-10-30 15:05:41.179820 +0000 build-debian4: if [ -n "dnf" -a "0" -ne 0 ]; then BRANCH=release4.0; branch_var="BRANCH_dnf"; [ -n "${!branch_var}" ] && BRANCH="${!branch_var}"; pushd qubes-src/dnf > /dev/null; CURRENT_BRANCH=`git symbolic-ref --short HEAD 2>/dev/null || git describe --tags --exact-match HEAD`; if [ "$BRANCH" != "$CURRENT_BRANCH" ]; then echo "-> ERROR: Wrong branch $branch_var=$CURRENT_BRANCH (expected $BRANCH)"; exit 1; fi; popd > /dev/null; fi
2020-10-30 15:05:41.179845 +0000 build-debian4: if [ -r qubes-src/dnf/Makefile.builder ]; then \
2020-10-30 15:05:41.179854 +0000 build-debian4: .for DIST in bullseye; do \
2020-10-30 15:05:41.179867 +0000 build-debian4: ..make --no-print-directory DIST=$DIST PACKAGE_SET=vm COMPONENT=dnf ENV_COMPONENT= -f Makefile.generic all || exit 1; \
2020-10-30 15:05:41.179875 +0000 build-debian4: .done; \
2020-10-30 15:05:41.179880 +0000 build-debian4: fi
2020-10-30 15:05:41.189125 +0000 build-debian4: Makefile.generic:151: target 'generic-prepare-chroot' does not exist
2020-10-30 15:05:41.189162 +0000 build-debian4: if [ "`id -u`" = 0 ]; then \
2020-10-30 15:05:41.189176 +0000 build-debian4: .echo "*******************************************************************************"; \
2020-10-30 15:05:41.189187 +0000 build-debian4: .echo "***                               ERROR                                      ***"; \
2020-10-30 15:05:41.189198 +0000 build-debian4: .echo "*** Start the build as normal user, it will use sudo (only) where necessary! ***"; \
2020-10-30 15:05:41.189208 +0000 build-debian4: .echo "***                                                                          ***"; \
2020-10-30 15:05:41.189218 +0000 build-debian4: .echo "*******************************************************************************"; \
2020-10-30 15:05:41.189224 +0000 build-debian4: .exit 1; \
2020-10-30 15:05:41.189230 +0000 build-debian4: fi
2020-10-30 15:05:41.205435 +0000 build-debian4: mkdir -p "/home/user/builder-r4.0/cache/bullseye"
2020-10-30 15:05:41.206660 +0000 build-debian4: if ! scripts/test-sane-mount .; then \
2020-10-30 15:05:41.206714 +0000 build-debian4: .mountpoint=$(scripts/find-mount-point .); \
2020-10-30 15:05:41.206727 +0000 build-debian4: .echo "*******************************************************************************"; \
2020-10-30 15:05:41.206739 +0000 build-debian4: .echo "***                               ERROR                                      ***"; \
2020-10-30 15:05:41.206749 +0000 build-debian4: .echo "*** Cannot create chroot because the current filesystem is mounted as nodev. ***"; \
2020-10-30 15:05:41.206759 +0000 build-debian4: .echo "*** Build Qubes on a different filesystem, or run 'make remount' to remount  ***"; \
2020-10-30 15:05:41.206770 +0000 build-debian4: .echo "*** $mountpoint with dev option."; \
2020-10-30 15:05:41.206780 +0000 build-debian4: .echo "***                                                                          ***"; \
2020-10-30 15:05:41.206791 +0000 build-debian4: .echo "*******************************************************************************"; \
2020-10-30 15:05:41.206797 +0000 build-debian4: .exit 1; \
2020-10-30 15:05:41.206803 +0000 build-debian4: fi
2020-10-30 15:05:41.250203 +0000 build-debian4: /home/user/builder-r4.0/qubes-src/builder-debian//Makefile-legacy.debian:4: update target 'dist-prepare-chroot' due to: /home/user/builder-r4.0/chroot-vm-bullseye/home/user/.prepared_base
2020-10-30 15:05:41.250244 +0000 build-debian4: # Make sure repo directory exists
2020-10-30 15:05:41.267646 +0000 build-debian4: if ! [ -d "/home/user/builder-r4.0/qubes-packages-mirror-repo/vm-bullseye/dists" ]; then\
2020-10-30 15:05:41.267705 +0000 build-debian4:     mkdir -p "/home/user/builder-r4.0/qubes-packages-mirror-repo/vm-bullseye/dists";\
2020-10-30 15:05:41.267714 +0000 build-debian4: fi
2020-10-30 15:05:41.268998 +0000 build-debian4: if [ 2 -gt 0 ]; then \
2020-10-30 15:05:41.269033 +0000 build-debian4: .echo "-> dist-prepare-chroot for bullseye"; \
2020-10-30 15:05:41.269050 +0000 build-debian4: .echo "-> sudo mount --bind /home/user/builder-r4.0/qubes-packages-mirror-repo/vm-bullseye /home/user/builder-r4.0/chroot-vm-bullseye/tmp/qubes-deb;"; \
2020-10-30 15:05:41.269075 +0000 build-debian4: fi
2020-10-30 15:05:41.269518 +0000 build-debian4: -> dist-prepare-chroot for bullseye
2020-10-30 15:05:41.269547 +0000 build-debian4: -> sudo mount --bind /home/user/builder-r4.0/qubes-packages-mirror-repo/vm-bullseye /home/user/builder-r4.0/chroot-vm-bullseye/tmp/qubes-deb;
2020-10-30 15:05:41.269562 +0000 build-debian4: if [ ! -r /home/user/builder-r4.0/chroot-vm-bullseye/proc/cpuinfo ]; then\
2020-10-30 15:05:41.269572 +0000 build-debian4: .sudo mount -t proc proc /home/user/builder-r4.0/chroot-vm-bullseye/proc;\
2020-10-30 15:05:41.269578 +0000 build-debian4: fi
2020-10-30 15:05:41.271128 +0000 build-debian4: if ! [ -d /home/user/builder-r4.0/chroot-vm-bullseye/tmp/qubes-deb/deb ]; then\
2020-10-30 15:05:41.271164 +0000 build-debian4: .mkdir -p /home/user/builder-r4.0/chroot-vm-bullseye/tmp/qubes-deb;\
2020-10-30 15:05:41.271179 +0000 build-debian4: .sudo mount --bind /home/user/builder-r4.0/qubes-packages-mirror-repo/vm-bullseye /home/user/builder-r4.0/chroot-vm-bullseye/tmp/qubes-deb;\
2020-10-30 15:05:41.271186 +0000 build-debian4: fi
2020-10-30 15:05:41.272334 +0000 build-debian4: if [ "tmpfs" != tmpfs ]; then\
2020-10-30 15:05:41.272367 +0000 build-debian4: .sudo mkdir -p "/home/user/builder-r4.0/chroot-vm-bullseye/dev/shm";\
2020-10-30 15:05:41.272378 +0000 build-debian4: .sudo mount -t tmpfs shm "/home/user/builder-r4.0/chroot-vm-bullseye/dev/shm";\
2020-10-30 15:05:41.272388 +0000 build-debian4: .sudo chmod 1777 "/home/user/builder-r4.0/chroot-vm-bullseye/dev/shm";\
2020-10-30 15:05:41.272394 +0000 build-debian4: fi
2020-10-30 15:05:41.273560 +0000 build-debian4: Makefile.generic:145: target 'generic-prep' does not exist
2020-10-30 15:05:41.273590 +0000 build-debian4: if [ -e ""build-logs/dnf-vm-bullseye.log"" ]; then\
2020-10-30 15:05:41.273621 +0000 build-debian4:    mv -f ""build-logs/dnf-vm-bullseye.log"" ""build-logs/dnf-vm-bullseye.log".old";\
2020-10-30 15:05:41.273628 +0000 build-debian4: fi
2020-10-30 15:05:41.330733 +0000 build-debian4: /home/user/builder-r4.0/qubes-src/builder-debian//Makefile-legacy.debian:32: target 'dist-prep' does not exist
2020-10-30 15:05:41.330777 +0000 build-debian4: rm -f "/home/user/builder-r4.0/chroot-vm-bullseye//home/user/qubes-src/dnf/../dnf_4.2.23"*
2020-10-30 15:05:41.384654 +0000 build-debian4: Makefile.generic:126: target 'generic-copy-in' does not exist
2020-10-30 15:05:41.384714 +0000 build-debian4: mkdir -p /home/user/builder-r4.0/chroot-vm-bullseye//home/user/qubes-src
2020-10-30 15:05:41.399261 +0000 build-debian4: cp Makefile.generic /home/user/builder-r4.0/chroot-vm-bullseye//home/user/
2020-10-30 15:05:41.401797 +0000 build-debian4: cp /home/user/builder-r4.0/qubes-src/builder-debian/Makefile.debian /home/user/builder-r4.0/qubes-src/builder-github//Makefile.github /home/user/builder-r4.0/chroot-vm-bullseye//home/user/
2020-10-30 15:05:41.405678 +0000 build-debian4: rm -rf /home/user/builder-r4.0/chroot-vm-bullseye//home/user/qubes-src/dnf
2020-10-30 15:05:41.418630 +0000 build-debian4: cp -alt /home/user/builder-r4.0/chroot-vm-bullseye//home/user/qubes-src/ qubes-src/dnf
2020-10-30 15:05:41.423056 +0000 build-debian4: rm -rf /home/user/builder-r4.0/chroot-vm-bullseye//home/user/qubes-src/dnf/pkgs
2020-10-30 15:05:41.434071 +0000 build-debian4: qubes-src/dnf/Makefile.builder:12: target 'source-debian-copy-in' does not exist
2020-10-30 15:05:41.434113 +0000 build-debian4: cp -p qubes-src/dnf/dnf-4.2.23.tar.gz /home/user/builder-r4.0/chroot-vm-bullseye//home/user/qubes-src/dnf/dnf_4.2.23.orig.tar.gz
2020-10-30 15:05:41.457730 +0000 build-debian4: tar xvf qubes-src/dnf/dnf-4.2.23.tar.gz -C /home/user/builder-r4.0/chroot-vm-bullseye//home/user/qubes-src/dnf/debian-pkg --strip-components=1
2020-10-30 15:05:41.460211 +0000 build-debian4: dnf-4.2.23/.gitignore
2020-10-30 15:05:41.460253 +0000 build-debian4: dnf-4.2.23/.packit.yaml
2020-10-30 15:05:41.460275 +0000 build-debian4: dnf-4.2.23/.tito/
2020-10-30 15:05:41.460283 +0000 build-debian4: dnf-4.2.23/.tito/packages/
2020-10-30 15:05:41.460291 +0000 build-debian4: dnf-4.2.23/.tito/packages/.readme
2020-10-30 15:05:41.460298 +0000 build-debian4: dnf-4.2.23/.tito/tito.props
2020-10-30 15:05:41.460304 +0000 build-debian4: dnf-4.2.23/AUTHORS
2020-10-30 15:05:41.460310 +0000 build-debian4: dnf-4.2.23/CMakeLists.txt
2020-10-30 15:05:41.460317 +0000 build-debian4: dnf-4.2.23/COPYING
2020-10-30 15:05:41.460323 +0000 build-debian4: dnf-4.2.23/PACKAGE-LICENSING
2020-10-30 15:05:41.460329 +0000 build-debian4: dnf-4.2.23/README.rst
2020-10-30 15:05:41.460335 +0000 build-debian4: dnf-4.2.23/VERSION.cmake
2020-10-30 15:05:41.460342 +0000 build-debian4: dnf-4.2.23/bin/
2020-10-30 15:05:41.460349 +0000 build-debian4: dnf-4.2.23/bin/CMakeLists.txt
2020-10-30 15:05:41.460355 +0000 build-debian4: dnf-4.2.23/bin/dnf-automatic.in
2020-10-30 15:05:41.460362 +0000 build-debian4: dnf-4.2.23/bin/dnf.in
2020-10-30 15:05:41.460368 +0000 build-debian4: dnf-4.2.23/dnf.spec
2020-10-30 15:05:41.462473 +0000 build-debian4: dnf-4.2.23/dnf/
2020-10-30 15:05:41.462509 +0000 build-debian4: dnf-4.2.23/dnf/CMakeLists.txt
2020-10-30 15:05:41.462519 +0000 build-debian4: dnf-4.2.23/dnf/__init__.py
2020-10-30 15:05:41.462527 +0000 build-debian4: dnf-4.2.23/dnf/automatic/
2020-10-30 15:05:41.462535 +0000 build-debian4: dnf-4.2.23/dnf/automatic/CMakeLists.txt
2020-10-30 15:05:41.462542 +0000 build-debian4: dnf-4.2.23/dnf/automatic/__init__.py
2020-10-30 15:05:41.462550 +0000 build-debian4: dnf-4.2.23/dnf/automatic/emitter.py
2020-10-30 15:05:41.462556 +0000 build-debian4: dnf-4.2.23/dnf/automatic/main.py
2020-10-30 15:05:41.462563 +0000 build-debian4: dnf-4.2.23/dnf/base.py
2020-10-30 15:05:41.463738 +0000 build-debian4: dnf-4.2.23/dnf/callback.py
2020-10-30 15:05:41.463776 +0000 build-debian4: dnf-4.2.23/dnf/cli/
2020-10-30 15:05:41.463787 +0000 build-debian4: dnf-4.2.23/dnf/cli/CMakeLists.txt
2020-10-30 15:05:41.464224 +0000 build-debian4: dnf-4.2.23/dnf/cli/__init__.py
2020-10-30 15:05:41.464244 +0000 build-debian4: dnf-4.2.23/dnf/cli/aliases.py
2020-10-30 15:05:41.464252 +0000 build-debian4: dnf-4.2.23/dnf/cli/cli.py
2020-10-30 15:05:41.464544 +0000 build-debian4: dnf-4.2.23/dnf/cli/commands/
2020-10-30 15:05:41.464561 +0000 build-debian4: dnf-4.2.23/dnf/cli/commands/CMakeLists.txt
2020-10-30 15:05:41.464570 +0000 build-debian4: dnf-4.2.23/dnf/cli/commands/__init__.py
2020-10-30 15:05:41.464968 +0000 build-debian4: dnf-4.2.23/dnf/cli/commands/alias.py
2020-10-30 15:05:41.464990 +0000 build-debian4: dnf-4.2.23/dnf/cli/commands/autoremove.py
2020-10-30 15:05:41.465028 +0000 build-debian4: dnf-4.2.23/dnf/cli/commands/check.py
2020-10-30 15:05:41.465040 +0000 build-debian4: dnf-4.2.23/dnf/cli/commands/clean.py
2020-10-30 15:05:41.465048 +0000 build-debian4: dnf-4.2.23/dnf/cli/commands/deplist.py
2020-10-30 15:05:41.465055 +0000 build-debian4: dnf-4.2.23/dnf/cli/commands/distrosync.py
2020-10-30 15:05:41.465062 +0000 build-debian4: dnf-4.2.23/dnf/cli/commands/downgrade.py
2020-10-30 15:05:41.465099 +0000 build-debian4: dnf-4.2.23/dnf/cli/commands/group.py
2020-10-30 15:05:41.465113 +0000 build-debian4: dnf-4.2.23/dnf/cli/commands/install.py
2020-10-30 15:05:41.465210 +0000 build-debian4: dnf-4.2.23/dnf/cli/commands/makecache.py
2020-10-30 15:05:41.465226 +0000 build-debian4: dnf-4.2.23/dnf/cli/commands/mark.py
2020-10-30 15:05:41.465279 +0000 build-debian4: dnf-4.2.23/dnf/cli/commands/module.py
2020-10-30 15:05:41.465493 +0000 build-debian4: dnf-4.2.23/dnf/cli/commands/reinstall.py
2020-10-30 15:05:41.465510 +0000 build-debian4: dnf-4.2.23/dnf/cli/commands/remove.py
2020-10-30 15:05:41.465518 +0000 build-debian4: dnf-4.2.23/dnf/cli/commands/repolist.py
2020-10-30 15:05:41.466286 +0000 build-debian4: dnf-4.2.23/dnf/cli/commands/repoquery.py
2020-10-30 15:05:41.466303 +0000 build-debian4: dnf-4.2.23/dnf/cli/commands/search.py
2020-10-30 15:05:41.466313 +0000 build-debian4: dnf-4.2.23/dnf/cli/commands/shell.py
2020-10-30 15:05:41.466331 +0000 build-debian4: dnf-4.2.23/dnf/cli/commands/swap.py
2020-10-30 15:05:41.466339 +0000 build-debian4: dnf-4.2.23/dnf/cli/commands/updateinfo.py
2020-10-30 15:05:41.466346 +0000 build-debian4: dnf-4.2.23/dnf/cli/commands/upgrade.py
2020-10-30 15:05:41.466354 +0000 build-debian4: dnf-4.2.23/dnf/cli/commands/upgrademinimal.py
2020-10-30 15:05:41.466361 +0000 build-debian4: dnf-4.2.23/dnf/cli/completion_helper.py.in
2020-10-30 15:05:41.466368 +0000 build-debian4: dnf-4.2.23/dnf/cli/demand.py
2020-10-30 15:05:41.466374 +0000 build-debian4: dnf-4.2.23/dnf/cli/format.py
2020-10-30 15:05:41.466381 +0000 build-debian4: dnf-4.2.23/dnf/cli/main.py
2020-10-30 15:05:41.466388 +0000 build-debian4: dnf-4.2.23/dnf/cli/option_parser.py
2020-10-30 15:05:41.466395 +0000 build-debian4: dnf-4.2.23/dnf/cli/output.py
2020-10-30 15:05:41.467107 +0000 build-debian4: dnf-4.2.23/dnf/cli/progress.py
2020-10-30 15:05:41.467133 +0000 build-debian4: dnf-4.2.23/dnf/cli/term.py
2020-10-30 15:05:41.468309 +0000 build-debian4: dnf-4.2.23/dnf/cli/utils.py
2020-10-30 15:05:41.468337 +0000 build-debian4: dnf-4.2.23/dnf/comps.py
2020-10-30 15:05:41.468346 +0000 build-debian4: dnf-4.2.23/dnf/conf/
2020-10-30 15:05:41.468354 +0000 build-debian4: dnf-4.2.23/dnf/conf/CMakeLists.txt
2020-10-30 15:05:41.468361 +0000 build-debian4: dnf-4.2.23/dnf/conf/__init__.py
2020-10-30 15:05:41.468368 +0000 build-debian4: dnf-4.2.23/dnf/conf/config.py
2020-10-30 15:05:41.468375 +0000 build-debian4: dnf-4.2.23/dnf/conf/read.py
2020-10-30 15:05:41.468382 +0000 build-debian4: dnf-4.2.23/dnf/conf/substitutions.py
2020-10-30 15:05:41.468388 +0000 build-debian4: dnf-4.2.23/dnf/const.py.in
2020-10-30 15:05:41.468395 +0000 build-debian4: dnf-4.2.23/dnf/crypto.py
2020-10-30 15:05:41.468757 +0000 build-debian4: dnf-4.2.23/dnf/db/
2020-10-30 15:05:41.468805 +0000 build-debian4: dnf-4.2.23/dnf/db/CMakeLists.txt
2020-10-30 15:05:41.468815 +0000 build-debian4: dnf-4.2.23/dnf/db/__init__.py
2020-10-30 15:05:41.468822 +0000 build-debian4: dnf-4.2.23/dnf/db/group.py
2020-10-30 15:05:41.468829 +0000 build-debian4: dnf-4.2.23/dnf/db/history.py
2020-10-30 15:05:41.468867 +0000 build-debian4: dnf-4.2.23/dnf/dnssec.py
2020-10-30 15:05:41.468877 +0000 build-debian4: dnf-4.2.23/dnf/drpm.py
2020-10-30 15:05:41.469204 +0000 build-debian4: dnf-4.2.23/dnf/exceptions.py
2020-10-30 15:05:41.469221 +0000 build-debian4: dnf-4.2.23/dnf/goal.py
2020-10-30 15:05:41.469229 +0000 build-debian4: dnf-4.2.23/dnf/history.py
2020-10-30 15:05:41.469235 +0000 build-debian4: dnf-4.2.23/dnf/i18n.py
2020-10-30 15:05:41.469241 +0000 build-debian4: dnf-4.2.23/dnf/lock.py
2020-10-30 15:05:41.469248 +0000 build-debian4: dnf-4.2.23/dnf/logging.py
2020-10-30 15:05:41.470388 +0000 build-debian4: dnf-4.2.23/dnf/match_counter.py
2020-10-30 15:05:41.470445 +0000 build-debian4: dnf-4.2.23/dnf/module/
2020-10-30 15:05:41.470785 +0000 build-debian4: dnf-4.2.23/dnf/module/CMakeLists.txt
2020-10-30 15:05:41.470805 +0000 build-debian4: dnf-4.2.23/dnf/module/__init__.py
2020-10-30 15:05:41.470814 +0000 build-debian4: dnf-4.2.23/dnf/module/exceptions.py
2020-10-30 15:05:41.470821 +0000 build-debian4: dnf-4.2.23/dnf/module/module_base.py
2020-10-30 15:05:41.470828 +0000 build-debian4: dnf-4.2.23/dnf/package.py
2020-10-30 15:05:41.473001 +0000 build-debian4: dnf-4.2.23/dnf/persistor.py
2020-10-30 15:05:41.473032 +0000 build-debian4: dnf-4.2.23/dnf/plugin.py
2020-10-30 15:05:41.473041 +0000 build-debian4: dnf-4.2.23/dnf/pycomp.py
2020-10-30 15:05:41.473048 +0000 build-debian4: dnf-4.2.23/dnf/query.py
2020-10-30 15:05:41.473054 +0000 build-debian4: dnf-4.2.23/dnf/repo.py
2020-10-30 15:05:41.473061 +0000 build-debian4: dnf-4.2.23/dnf/repodict.py
2020-10-30 15:05:41.473067 +0000 build-debian4: dnf-4.2.23/dnf/rpm/
2020-10-30 15:05:41.473074 +0000 build-debian4: dnf-4.2.23/dnf/rpm/CMakeLists.txt
2020-10-30 15:05:41.473081 +0000 build-debian4: dnf-4.2.23/dnf/rpm/__init__.py
2020-10-30 15:05:41.473088 +0000 build-debian4: dnf-4.2.23/dnf/rpm/connection.py
2020-10-30 15:05:41.473106 +0000 build-debian4: dnf-4.2.23/dnf/rpm/error.py
2020-10-30 15:05:41.473114 +0000 build-debian4: dnf-4.2.23/dnf/rpm/miscutils.py
2020-10-30 15:05:41.473121 +0000 build-debian4: dnf-4.2.23/dnf/rpm/transaction.py
2020-10-30 15:05:41.474388 +0000 build-debian4: dnf-4.2.23/dnf/sack.py
2020-10-30 15:05:41.474450 +0000 build-debian4: dnf-4.2.23/dnf/selector.py
2020-10-30 15:05:41.474492 +0000 build-debian4: dnf-4.2.23/dnf/subject.py
2020-10-30 15:05:41.474934 +0000 build-debian4: dnf-4.2.23/dnf/transaction.py
2020-10-30 15:05:41.474957 +0000 build-debian4: dnf-4.2.23/dnf/util.py
2020-10-30 15:05:41.474965 +0000 build-debian4: dnf-4.2.23/dnf/yum/
2020-10-30 15:05:41.474973 +0000 build-debian4: dnf-4.2.23/dnf/yum/CMakeLists.txt
2020-10-30 15:05:41.474981 +0000 build-debian4: dnf-4.2.23/dnf/yum/__init__.py
2020-10-30 15:05:41.474988 +0000 build-debian4: dnf-4.2.23/dnf/yum/misc.py
2020-10-30 15:05:41.474994 +0000 build-debian4: dnf-4.2.23/dnf/yum/rpmtrans.py
2020-10-30 15:05:41.477335 +0000 build-debian4: dnf-4.2.23/doc/
2020-10-30 15:05:41.477370 +0000 build-debian4: dnf-4.2.23/doc/CMakeLists.txt
2020-10-30 15:05:41.477379 +0000 build-debian4: dnf-4.2.23/doc/__init__.py
2020-10-30 15:05:41.477386 +0000 build-debian4: dnf-4.2.23/doc/api.rst
2020-10-30 15:05:41.477392 +0000 build-debian4: dnf-4.2.23/doc/api_base.rst
2020-10-30 15:05:41.477399 +0000 build-debian4: dnf-4.2.23/doc/api_callback.rst
2020-10-30 15:05:41.477406 +0000 build-debian4: dnf-4.2.23/doc/api_cli.rst
2020-10-30 15:05:41.477413 +0000 build-debian4: dnf-4.2.23/doc/api_common.rst
2020-10-30 15:05:41.477419 +0000 build-debian4: dnf-4.2.23/doc/api_comps.rst
2020-10-30 15:05:41.477426 +0000 build-debian4: dnf-4.2.23/doc/api_conf.rst
2020-10-30 15:05:41.477433 +0000 build-debian4: dnf-4.2.23/doc/api_exceptions.rst
2020-10-30 15:05:41.477440 +0000 build-debian4: dnf-4.2.23/doc/api_module.rst
2020-10-30 15:05:41.477446 +0000 build-debian4: dnf-4.2.23/doc/api_package.rst
2020-10-30 15:05:41.479380 +0000 build-debian4: dnf-4.2.23/doc/api_plugins.rst
2020-10-30 15:05:41.479442 +0000 build-debian4: dnf-4.2.23/doc/api_queries.rst
2020-10-30 15:05:41.479454 +0000 build-debian4: dnf-4.2.23/doc/api_repos.rst
2020-10-30 15:05:41.479461 +0000 build-debian4: dnf-4.2.23/doc/api_rpm.rst
2020-10-30 15:05:41.479497 +0000 build-debian4: dnf-4.2.23/doc/api_sack.rst
2020-10-30 15:05:41.479506 +0000 build-debian4: dnf-4.2.23/doc/api_selector.rst
2020-10-30 15:05:41.479519 +0000 build-debian4: dnf-4.2.23/doc/api_transaction.rst
2020-10-30 15:05:41.479527 +0000 build-debian4: dnf-4.2.23/doc/api_vs_yum.rst
2020-10-30 15:05:41.479561 +0000 build-debian4: dnf-4.2.23/doc/automatic.rst
2020-10-30 15:05:41.479574 +0000 build-debian4: dnf-4.2.23/doc/cli_vs_yum.rst
2020-10-30 15:05:41.481245 +0000 build-debian4: dnf-4.2.23/doc/command_ref.rst
2020-10-30 15:05:41.483133 +0000 build-debian4: dnf-4.2.23/doc/conf.py.in
2020-10-30 15:05:41.483171 +0000 build-debian4: dnf-4.2.23/doc/conf_ref.rst
2020-10-30 15:05:41.485462 +0000 build-debian4: dnf-4.2.23/doc/dnf-1_vs_dnf-2.rst
2020-10-30 15:05:41.485496 +0000 build-debian4: dnf-4.2.23/doc/examples/
2020-10-30 15:05:41.485507 +0000 build-debian4: dnf-4.2.23/doc/examples/install_extension.py
2020-10-30 15:05:41.485515 +0000 build-debian4: dnf-4.2.23/doc/examples/install_plugin.py
2020-10-30 15:05:41.485523 +0000 build-debian4: dnf-4.2.23/doc/examples/list_extras_extension.py
2020-10-30 15:05:41.485531 +0000 build-debian4: dnf-4.2.23/doc/examples/list_obsoletes_plugin.py
2020-10-30 15:05:41.485537 +0000 build-debian4: dnf-4.2.23/doc/index.rst
2020-10-30 15:05:41.485544 +0000 build-debian4: dnf-4.2.23/doc/modularity.rst
2020-10-30 15:05:41.485551 +0000 build-debian4: dnf-4.2.23/doc/release_notes.rst
2020-10-30 15:05:41.487431 +0000 build-debian4: dnf-4.2.23/doc/rhbug.py
2020-10-30 15:05:41.487464 +0000 build-debian4: dnf-4.2.23/doc/summaries_cache
2020-10-30 15:05:41.489296 +0000 build-debian4: dnf-4.2.23/doc/use_cases.rst
2020-10-30 15:05:41.489330 +0000 build-debian4: dnf-4.2.23/doc/user_faq.rst
2020-10-30 15:05:41.491074 +0000 build-debian4: dnf-4.2.23/etc/
2020-10-30 15:05:41.491110 +0000 build-debian4: dnf-4.2.23/etc/CMakeLists.txt
2020-10-30 15:05:41.491150 +0000 build-debian4: dnf-4.2.23/etc/bash_completion.d/
2020-10-30 15:05:41.491160 +0000 build-debian4: dnf-4.2.23/etc/bash_completion.d/CMakeLists.txt
2020-10-30 15:05:41.491167 +0000 build-debian4: dnf-4.2.23/etc/bash_completion.d/dnf
2020-10-30 15:05:41.491205 +0000 build-debian4: dnf-4.2.23/etc/collect_dnf.conf
2020-10-30 15:05:41.491216 +0000 build-debian4: dnf-4.2.23/etc/dnf/
2020-10-30 15:05:41.491226 +0000 build-debian4: dnf-4.2.23/etc/dnf/CMakeLists.txt
2020-10-30 15:05:41.491279 +0000 build-debian4: dnf-4.2.23/etc/dnf/aliases.d/
2020-10-30 15:05:41.492465 +0000 build-debian4: dnf-4.2.23/etc/dnf/aliases.d/CMakeLists.txt
2020-10-30 15:05:41.492520 +0000 build-debian4: dnf-4.2.23/etc/dnf/aliases.d/zypper.conf
2020-10-30 15:05:41.492534 +0000 build-debian4: dnf-4.2.23/etc/dnf/automatic.conf
2020-10-30 15:05:41.492542 +0000 build-debian4: dnf-4.2.23/etc/dnf/dnf-strict.conf
2020-10-30 15:05:41.492549 +0000 build-debian4: dnf-4.2.23/etc/dnf/dnf.conf
2020-10-30 15:05:41.492556 +0000 build-debian4: dnf-4.2.23/etc/dnf/protected.d/
2020-10-30 15:05:41.492610 +0000 build-debian4: dnf-4.2.23/etc/dnf/protected.d/CMakeLists.txt
2020-10-30 15:05:41.492619 +0000 build-debian4: dnf-4.2.23/etc/dnf/protected.d/dnf.conf
2020-10-30 15:05:41.492626 +0000 build-debian4: dnf-4.2.23/etc/dnf/protected.d/yum.conf
2020-10-30 15:05:41.492637 +0000 build-debian4: dnf-4.2.23/etc/logrotate.d/
2020-10-30 15:05:41.492670 +0000 build-debian4: dnf-4.2.23/etc/logrotate.d/CMakeLists.txt
2020-10-30 15:05:41.492677 +0000 build-debian4: dnf-4.2.23/etc/logrotate.d/dnf
2020-10-30 15:05:41.492683 +0000 build-debian4: dnf-4.2.23/etc/systemd/
2020-10-30 15:05:41.492690 +0000 build-debian4: dnf-4.2.23/etc/systemd/CMakeLists.txt
2020-10-30 15:05:41.492725 +0000 build-debian4: dnf-4.2.23/etc/systemd/dnf-automatic-download.service
2020-10-30 15:05:41.492735 +0000 build-debian4: dnf-4.2.23/etc/systemd/dnf-automatic-download.timer
2020-10-30 15:05:41.492743 +0000 build-debian4: dnf-4.2.23/etc/systemd/dnf-automatic-install.service
2020-10-30 15:05:41.492750 +0000 build-debian4: dnf-4.2.23/etc/systemd/dnf-automatic-install.timer
2020-10-30 15:05:41.492758 +0000 build-debian4: dnf-4.2.23/etc/systemd/dnf-automatic-notifyonly.service
2020-10-30 15:05:41.492769 +0000 build-debian4: dnf-4.2.23/etc/systemd/dnf-automatic-notifyonly.timer
2020-10-30 15:05:41.492777 +0000 build-debian4: dnf-4.2.23/etc/systemd/dnf-automatic.service
2020-10-30 15:05:41.492784 +0000 build-debian4: dnf-4.2.23/etc/systemd/dnf-automatic.timer
2020-10-30 15:05:41.492791 +0000 build-debian4: dnf-4.2.23/etc/systemd/dnf-makecache.service
2020-10-30 15:05:41.492798 +0000 build-debian4: dnf-4.2.23/etc/systemd/dnf-makecache.timer
2020-10-30 15:05:41.492805 +0000 build-debian4: dnf-4.2.23/etc/tmpfiles.d/
2020-10-30 15:05:41.492812 +0000 build-debian4: dnf-4.2.23/etc/tmpfiles.d/CMakeLists.txt
2020-10-30 15:05:41.492824 +0000 build-debian4: dnf-4.2.23/etc/tmpfiles.d/dnf.conf
2020-10-30 15:05:41.492830 +0000 build-debian4: dnf-4.2.23/po/
2020-10-30 15:05:41.492837 +0000 build-debian4: dnf-4.2.23/po/.gitignore
2020-10-30 15:05:41.492844 +0000 build-debian4: dnf-4.2.23/po/CMakeLists.txt
2020-10-30 15:05:41.492850 +0000 build-debian4: dnf-4.2.23/po/ar.po
2020-10-30 15:05:41.495147 +0000 build-debian4: dnf-4.2.23/po/bg.po
2020-10-30 15:05:41.496783 +0000 build-debian4: dnf-4.2.23/po/bn_IN.po
2020-10-30 15:05:41.498554 +0000 build-debian4: dnf-4.2.23/po/ca.po
