2022-04-21 01:34:41.845525 +0000 > starting log
2022-04-21 01:34:41.845881 +0000 build-debian4: > starting build with log
2022-04-21 01:34:41.845894 +0000 build-debian4: >> make args: update-repo-current
2022-04-21 01:34:41.845901 +0000 build-debian4: >> MAKEFLAGS=
2022-04-21 01:34:41.845909 +0000 build-debian4: >> COMPONENTS=linux-kernel
2022-04-21 01:34:41.845916 +0000 build-debian4: >> DISTS_VM=buster bullseye bookworm
2022-04-21 01:34:41.845922 +0000 build-debian4: >> DIST_DOM0=
2022-04-21 01:34:41.845930 +0000 build-debian4: >> qubes-builder d5be146f87b29d9d153562b1b8bec5a3b2d676c3
2022-04-21 01:34:41.845940 +0000 build-debian4: >> qubes-builder/qubes-src/linux-kernel d31216398fd0a2218d314cd31cf1fb97df68103f
2022-04-21 01:34:41.928392 +0000 build-debian4: !! linux-5.10.109.tar.sign
2022-04-21 01:34:41.928435 +0000 build-debian4: !! linux-5.10.109.tar.xz.UNTRUSTED
2022-04-21 01:34:41.928454 +0000 build-debian4: 45642e01921fff411714d6df90190161c5122f5810e136b55357ce3d9364321868e55b3b7c14445b16b1426e81321619aa636cfa501609f23bf9105c661bffdc  linux-5.10.109.tar.sign
2022-04-21 01:34:42.320385 +0000 build-debian4: 26f065608ff9d0170af6e506995c9b24da6dee529a498d25e5c8c4b26d63b2cde2c0e9cdafc6abdb5d65857b1a5464e87e747d5579a9f706a4cdef0626dae265  linux-5.10.109.tar.xz.UNTRUSTED
2022-04-21 01:34:42.834566 +0000 build-debian4: >> qubes-builder/qubes-src/linux-kernel/dummy-backlight 33420931ad20f1e3edc805d0db89da2a73c044cb
2022-04-21 01:34:43.272464 +0000 build-debian4: >> qubes-builder/qubes-src/linux-kernel/dummy-psu 49475d88d94e079bda8212ddb8489f1654615047
2022-04-21 01:34:43.608507 +0000 build-debian4: >> qubes-builder/qubes-src/linux-kernel/linux-utils 97271bab41f588b0c9dc8cbcf3ff70bd775e1ec3
2022-04-21 01:34:43.892799 +0000 build-debian4: ================================================================================
2022-04-21 01:34:43.894101 +0000 build-debian4:                            B U I L D   I N F O                                  
2022-04-21 01:34:43.894136 +0000 build-debian4: Items in red indicate it was automatically generated by configuration file(s)
2022-04-21 01:34:43.894148 +0000 build-debian4: Items in white indicate it was automatically removed by configuration file(s)
2022-04-21 01:34:43.894159 +0000 build-debian4: ================================================================================
2022-04-21 01:34:43.894165 +0000 build-debian4: DISTS_VM:
2022-04-21 01:34:43.904506 +0000 build-debian4:      buster+standard, bullseye+standard+firmware, bookworm+standard, buster bullseye bookworm
2022-04-21 01:34:43.904541 +0000 build-debian4: DISTS_ALL:
2022-04-21 01:34:43.911005 +0000 build-debian4:      vm-bookworm, vm-bullseye, vm-buster,
2022-04-21 01:34:43.911039 +0000 build-debian4: DIST_DOM0:
2022-04-21 01:34:43.932180 +0000 build-debian4:     
2022-04-21 01:34:43.932216 +0000 build-debian4: BUILDER_PLUGINS:
2022-04-21 01:34:43.933675 +0000 build-debian4:      builder-debian, mgmt-salt, release-configs, linux-deb, builder-github,
2022-04-21 01:34:43.937796 +0000 build-debian4: COMPONENTS:
2022-04-21 01:34:43.951196 +0000 build-debian4:      linux-kernel,
2022-04-21 01:34:43.951232 +0000 build-debian4: GIT_REPOS:
2022-04-21 01:34:43.975487 +0000 build-debian4:      qubes-src/linux-kernel,
2022-04-21 01:34:43.975528 +0000 build-debian4: TEMPLATE:
2022-04-21 01:34:43.983201 +0000 build-debian4:     
2022-04-21 01:34:44.009323 +0000 build-debian4: TEMPLATE_FLAVOR_DIR:
2022-04-21 01:34:44.024910 +0000 build-debian4:     
2022-04-21 01:34:44.024946 +0000 build-debian4: TEMPLATE_ALIAS:
2022-04-21 01:34:44.045494 +0000 build-debian4:      stretch:stretch+standard, stretch+gnome:stretch+gnome+standard,
2022-04-21 01:34:44.045536 +0000 build-debian4:      stretch+minimal:stretch+minimal+no-recommends, buster:buster+standard,
2022-04-21 01:34:44.045549 +0000 build-debian4:      buster+gnome:buster+gnome+standard, buster+minimal:buster+minimal+no-recommends,
2022-04-21 01:34:44.045581 +0000 build-debian4:      bullseye:bullseye+standard+firmware, bullseye+gnome:bullseye+gnome+standard+firmware,
2022-04-21 01:34:44.045591 +0000 build-debian4:      bullseye+minimal:bullseye+minimal+no-recommends, bookworm:bookworm+standard,
2022-04-21 01:34:44.045616 +0000 build-debian4:      bookworm+gnome:bookworm+gnome+standard, bookworm+minimal:bookworm+minimal+no-recommends,
2022-04-21 01:34:44.045629 +0000 build-debian4:      bionic:bionic+standard, focal:focal+standard, whonix-gateway-15:buster+whonix-gateway+minimal+no-recommends,
2022-04-21 01:34:44.045639 +0000 build-debian4:      whonix-workstation-15:buster+whonix-workstation+minimal+no-recommends,
2022-04-21 01:34:44.045648 +0000 build-debian4:      whonix-gateway-16:bullseye+whonix-gateway+minimal+no-recommends,
2022-04-21 01:34:44.045657 +0000 build-debian4:      whonix-workstation-16:bullseye+whonix-workstation+minimal+no-recommends,
2022-04-21 01:34:44.045663 +0000 build-debian4: TEMPLATE_LABEL:
2022-04-21 01:34:44.050973 +0000 build-debian4:      buster+standard:debian-10, bullseye+standard+firmware:debian-11, bookworm+standard:debian-12,
2022-04-21 01:34:44.051014 +0000 build-debian4:      buster+standard:buster, bullseye+standard+firmware:bullseye, bookworm+standard:bookworm,
2022-04-21 01:34:44.051027 +0000 build-debian4:      fc34:fedora-34 fc35:fedora-35 fc36:fedora-36 fc34+minimal:fedora-34-minimal
2022-04-21 01:34:44.051038 +0000 build-debian4:      fc35+minimal:fedora-35-minimal fc36+minimal:fedora-36-minimal fc34+xfce:fedora-34-xfce
2022-04-21 01:34:44.051049 +0000 build-debian4:      fc35+xfce:fedora-35-xfce fc36+xfce:fedora-36-xfce stretch:debian-9 stretch+standard:debian-9
2022-04-21 01:34:44.051060 +0000 build-debian4:      stretch+xfce:debian-9-xfce buster:debian-10 buster+xfce:debian-10-xfce bullseye:debian-11
2022-04-21 01:34:44.051071 +0000 build-debian4:      bullseye+xfce:debian-11-xfce bookworm:debian-12 bookworm+xfce:debian-12-xfce bionic+standard:bionic
2022-04-21 01:34:44.051081 +0000 build-debian4:      focal+standard:focal buster+whonix-gateway+minimal+no-recommends:whonix-gw-15
2022-04-21 01:34:44.051090 +0000 build-debian4:      buster+whonix-workstation+minimal+no-recommends:whonix-ws-15
2022-04-21 01:34:44.051099 +0000 build-debian4:      bullseye+whonix-gateway+minimal+no-recommends:whonix-gw-16
2022-04-21 01:34:44.051109 +0000 build-debian4:      bullseye+whonix-workstation+minimal+no-recommends:whonix-ws-16 centos7:centos-7
2022-04-21 01:34:44.051119 +0000 build-debian4:      centos7+minimal:centos-7-minimal centos7+xfce:centos-7-xfce centos-stream8:centos-stream-8
2022-04-21 01:34:44.051130 +0000 build-debian4:      centos-stream8+minimal:centos-stream-8-minimal centos-stream8+xfce:centos-stream-8-xfce
2022-04-21 01:34:44.178149 +0000 build-debian4: > running make
2022-04-21 01:34:44.231968 +0000 build-debian4: Makefile:863: target 'internal-update-repo-current.vm.bookworm.linux-kernel' does not exist
2022-04-21 01:34:44.232011 +0000 build-debian4: repo_base_var="LINUX_REPO_${DIST//-/_}_BASEDIR"; \
2022-04-21 01:34:44.232022 +0000 build-debian4: if [ "linux-kernel" = linux-template-builder ]; then \
2022-04-21 01:34:44.232032 +0000 build-debian4: .# templates belongs to dom0 repository, even though PACKAGE_SET=vm
2022-04-21 01:34:44.232040 +0000 build-debian4: repo_base_var="LINUX_REPO__BASEDIR"; \
2022-04-21 01:34:44.232046 +0000 build-debian4: fi; \
2022-04-21 01:34:44.232053 +0000 build-debian4: if [ -n "${!repo_base_var}" ]; then \
2022-04-21 01:34:44.232061 +0000 build-debian4: .repo_basedir="${!repo_base_var}"; \
2022-04-21 01:34:44.232066 +0000 build-debian4: else \
2022-04-21 01:34:44.232074 +0000 build-debian4: .repo_basedir="qubes-src/linux-deb/r4.1"; \
2022-04-21 01:34:44.232079 +0000 build-debian4: fi; \
2022-04-21 01:34:44.232087 +0000 build-debian4: if [ -r qubes-src/linux-kernel/Makefile.builder ]; then \
2022-04-21 01:34:44.232095 +0000 build-debian4: .echo -n "Updating qubes-src/linux-kernel... "; \
2022-04-21 01:34:44.232102 +0000 build-debian4: .if [ "0" -eq 1 ]; then \
2022-04-21 01:34:44.232112 +0000 build-debian4: ..vtag=`git -C qubes-src/linux-kernel tag --points-at HEAD --list v*`; \
2022-04-21 01:34:44.232119 +0000 build-debian4: ..if [ -z "$vtag" ]; then \
2022-04-21 01:34:44.232141 +0000 build-debian4: ...echo "no version tag"; \
2022-04-21 01:34:44.232148 +0000 build-debian4: ...exit 0; \
2022-04-21 01:34:44.232153 +0000 build-debian4: ..fi; \
2022-04-21 01:34:44.232159 +0000 build-debian4: .fi; \
2022-04-21 01:34:44.232167 +0000 build-debian4: .if [ "linux-kernel" = linux-template-builder ]; then
2022-04-21 01:34:44.232178 +0000 build-debian4: export TEMPLATE_NAME=$(MAKEFLAGS= make -s -C qubes-src/linux-template-builder DIST=bookworm template-name)
2022-04-21 01:34:44.232184 +0000 build-debian4: fi
2022-04-21 01:34:44.232204 +0000 build-debian4: component_packages=$(MAKEFLAGS= make -s -f Makefile.generic DIST=bookworm PACKAGE_SET=vm COMPONENT=`basename qubes-src/linux-kernel` UPDATE_REPO=/home/user/builder-r4.1/$repo_basedir/current/vm/bookworm get-var GET_VAR=PACKAGE_LIST); \
2022-04-21 01:34:44.232212 +0000 build-debian4: .if [ -z "$component_packages" ]; then \
2022-04-21 01:34:44.232219 +0000 build-debian4: ..echo "no packages."; \
2022-04-21 01:34:44.232225 +0000 build-debian4: ..exit 0; \
2022-04-21 01:34:44.232230 +0000 build-debian4: .fi; \
2022-04-21 01:34:44.232239 +0000 build-debian4: .make -s -f Makefile.generic DIST=bookworm PACKAGE_SET=vm \
2022-04-21 01:34:44.232247 +0000 build-debian4: ..COMPONENT=`basename qubes-src/linux-kernel` \
2022-04-21 01:34:44.232254 +0000 build-debian4: ..SNAPSHOT_REPO=current-testing \
2022-04-21 01:34:44.232260 +0000 build-debian4: ..TARGET_REPO=current \
2022-04-21 01:34:44.232269 +0000 build-debian4: ..UPDATE_REPO=/home/user/builder-r4.1/$repo_basedir/current/vm/bookworm \
2022-04-21 01:34:44.232282 +0000 build-debian4: ..SNAPSHOT_FILE=/home/user/builder-r4.1/repo-latest-snapshot/current-testing-vm-bookworm-`basename qubes-src/linux-kernel` \
2022-04-21 01:34:44.232288 +0000 build-debian4: ..BUILD_LOG_URL= \
2022-04-21 01:34:44.232296 +0000 build-debian4: ..update-repo-from-snapshot || exit 1; \
2022-04-21 01:34:44.232306 +0000 build-debian4: elif make -C qubes-src/linux-kernel -n update-repo-current >/dev/null 2>/dev/null; then \
2022-04-21 01:34:44.232314 +0000 build-debian4: .echo "Updating qubes-src/linux-kernel... "; \
2022-04-21 01:34:44.232324 +0000 build-debian4: .DIST=bookworm UPDATE_REPO=/home/user/builder-r4.1/$repo_basedir/current/vm/bookworm \
2022-04-21 01:34:44.232333 +0000 build-debian4: .make -s -C qubes-src/linux-kernel update-repo-current || exit 1; \
2022-04-21 01:34:44.232338 +0000 build-debian4: else \
2022-04-21 01:34:44.232347 +0000 build-debian4: .echo -n "Updating qubes-src/linux-kernel... skipping."; \
2022-04-21 01:34:44.232352 +0000 build-debian4: fi; \
2022-04-21 01:34:44.232357 +0000 build-debian4: echo
2022-04-21 01:34:44.299329 +0000 build-debian4: Updating qubes-src/linux-kernel... no packages.
2022-04-21 01:34:44.303587 +0000 build-debian4: Makefile:832: update target 'internal-update-repo-current.vm.bookworm' due to: internal-update-repo-current.vm.bookworm.linux-kernel
2022-04-21 01:34:44.303621 +0000 build-debian4: true
2022-04-21 01:34:44.303634 +0000 build-debian4: Makefile:863: target 'internal-update-repo-current.vm.bullseye.linux-kernel' does not exist
2022-04-21 01:34:44.303643 +0000 build-debian4: repo_base_var="LINUX_REPO_${DIST//-/_}_BASEDIR"; \
2022-04-21 01:34:44.303651 +0000 build-debian4: if [ "linux-kernel" = linux-template-builder ]; then \
2022-04-21 01:34:44.303661 +0000 build-debian4: .# templates belongs to dom0 repository, even though PACKAGE_SET=vm
2022-04-21 01:34:44.303669 +0000 build-debian4: repo_base_var="LINUX_REPO__BASEDIR"; \
2022-04-21 01:34:44.303674 +0000 build-debian4: fi; \
2022-04-21 01:34:44.303682 +0000 build-debian4: if [ -n "${!repo_base_var}" ]; then \
2022-04-21 01:34:44.303689 +0000 build-debian4: .repo_basedir="${!repo_base_var}"; \
2022-04-21 01:34:44.303694 +0000 build-debian4: else \
2022-04-21 01:34:44.303702 +0000 build-debian4: .repo_basedir="qubes-src/linux-deb/r4.1"; \
2022-04-21 01:34:44.303707 +0000 build-debian4: fi; \
2022-04-21 01:34:44.303716 +0000 build-debian4: if [ -r qubes-src/linux-kernel/Makefile.builder ]; then \
2022-04-21 01:34:44.303737 +0000 build-debian4: .echo -n "Updating qubes-src/linux-kernel... "; \
2022-04-21 01:34:44.303745 +0000 build-debian4: .if [ "0" -eq 1 ]; then \
2022-04-21 01:34:44.303755 +0000 build-debian4: ..vtag=`git -C qubes-src/linux-kernel tag --points-at HEAD --list v*`; \
2022-04-21 01:34:44.303762 +0000 build-debian4: ..if [ -z "$vtag" ]; then \
2022-04-21 01:34:44.303769 +0000 build-debian4: ...echo "no version tag"; \
2022-04-21 01:34:44.303775 +0000 build-debian4: ...exit 0; \
2022-04-21 01:34:44.303780 +0000 build-debian4: ..fi; \
2022-04-21 01:34:44.303786 +0000 build-debian4: .fi; \
2022-04-21 01:34:44.303794 +0000 build-debian4: .if [ "linux-kernel" = linux-template-builder ]; then
2022-04-21 01:34:44.303805 +0000 build-debian4: export TEMPLATE_NAME=$(MAKEFLAGS= make -s -C qubes-src/linux-template-builder DIST=bullseye template-name)
2022-04-21 01:34:44.303811 +0000 build-debian4: fi
2022-04-21 01:34:44.303830 +0000 build-debian4: component_packages=$(MAKEFLAGS= make -s -f Makefile.generic DIST=bullseye PACKAGE_SET=vm COMPONENT=`basename qubes-src/linux-kernel` UPDATE_REPO=/home/user/builder-r4.1/$repo_basedir/current/vm/bullseye get-var GET_VAR=PACKAGE_LIST); \
2022-04-21 01:34:44.303838 +0000 build-debian4: .if [ -z "$component_packages" ]; then \
2022-04-21 01:34:44.303845 +0000 build-debian4: ..echo "no packages."; \
2022-04-21 01:34:44.303851 +0000 build-debian4: ..exit 0; \
2022-04-21 01:34:44.303857 +0000 build-debian4: .fi; \
2022-04-21 01:34:44.303865 +0000 build-debian4: .make -s -f Makefile.generic DIST=bullseye PACKAGE_SET=vm \
2022-04-21 01:34:44.303873 +0000 build-debian4: ..COMPONENT=`basename qubes-src/linux-kernel` \
2022-04-21 01:34:44.303880 +0000 build-debian4: ..SNAPSHOT_REPO=current-testing \
2022-04-21 01:34:44.303886 +0000 build-debian4: ..TARGET_REPO=current \
2022-04-21 01:34:44.303896 +0000 build-debian4: ..UPDATE_REPO=/home/user/builder-r4.1/$repo_basedir/current/vm/bullseye \
2022-04-21 01:34:44.303908 +0000 build-debian4: ..SNAPSHOT_FILE=/home/user/builder-r4.1/repo-latest-snapshot/current-testing-vm-bullseye-`basename qubes-src/linux-kernel` \
2022-04-21 01:34:44.303914 +0000 build-debian4: ..BUILD_LOG_URL= \
2022-04-21 01:34:44.303922 +0000 build-debian4: ..update-repo-from-snapshot || exit 1; \
2022-04-21 01:34:44.303932 +0000 build-debian4: elif make -C qubes-src/linux-kernel -n update-repo-current >/dev/null 2>/dev/null; then \
2022-04-21 01:34:44.303940 +0000 build-debian4: .echo "Updating qubes-src/linux-kernel... "; \
2022-04-21 01:34:44.303949 +0000 build-debian4: .DIST=bullseye UPDATE_REPO=/home/user/builder-r4.1/$repo_basedir/current/vm/bullseye \
2022-04-21 01:34:44.303958 +0000 build-debian4: .make -s -C qubes-src/linux-kernel update-repo-current || exit 1; \
2022-04-21 01:34:44.303964 +0000 build-debian4: else \
2022-04-21 01:34:44.303972 +0000 build-debian4: .echo -n "Updating qubes-src/linux-kernel... skipping."; \
2022-04-21 01:34:44.303978 +0000 build-debian4: fi; \
2022-04-21 01:34:44.303983 +0000 build-debian4: echo
2022-04-21 01:34:44.426846 +0000 build-debian4: Updating qubes-src/linux-kernel... no packages.
2022-04-21 01:34:44.426897 +0000 build-debian4: Makefile:832: update target 'internal-update-repo-current.vm.bullseye' due to: internal-update-repo-current.vm.bullseye.linux-kernel
2022-04-21 01:34:44.426907 +0000 build-debian4: true
2022-04-21 01:34:44.431255 +0000 build-debian4: Makefile:863: target 'internal-update-repo-current.vm.buster.linux-kernel' does not exist
2022-04-21 01:34:44.431293 +0000 build-debian4: repo_base_var="LINUX_REPO_${DIST//-/_}_BASEDIR"; \
2022-04-21 01:34:44.431304 +0000 build-debian4: if [ "linux-kernel" = linux-template-builder ]; then \
2022-04-21 01:34:44.431314 +0000 build-debian4: .# templates belongs to dom0 repository, even though PACKAGE_SET=vm
2022-04-21 01:34:44.431322 +0000 build-debian4: repo_base_var="LINUX_REPO__BASEDIR"; \
2022-04-21 01:34:44.431328 +0000 build-debian4: fi; \
2022-04-21 01:34:44.431336 +0000 build-debian4: if [ -n "${!repo_base_var}" ]; then \
2022-04-21 01:34:44.431356 +0000 build-debian4: .repo_basedir="${!repo_base_var}"; \
2022-04-21 01:34:44.431363 +0000 build-debian4: else \
2022-04-21 01:34:44.431370 +0000 build-debian4: .repo_basedir="qubes-src/linux-deb/r4.1"; \
2022-04-21 01:34:44.431376 +0000 build-debian4: fi; \
2022-04-21 01:34:44.431384 +0000 build-debian4: if [ -r qubes-src/linux-kernel/Makefile.builder ]; then \
2022-04-21 01:34:44.431392 +0000 build-debian4: .echo -n "Updating qubes-src/linux-kernel... "; \
2022-04-21 01:34:44.431398 +0000 build-debian4: .if [ "0" -eq 1 ]; then \
2022-04-21 01:34:44.431408 +0000 build-debian4: ..vtag=`git -C qubes-src/linux-kernel tag --points-at HEAD --list v*`; \
2022-04-21 01:34:44.431418 +0000 build-debian4: ..if [ -z "$vtag" ]; then \
2022-04-21 01:34:44.431425 +0000 build-debian4: ...echo "no version tag"; \
2022-04-21 01:34:44.431431 +0000 build-debian4: ...exit 0; \
2022-04-21 01:34:44.431437 +0000 build-debian4: ..fi; \
2022-04-21 01:34:44.431442 +0000 build-debian4: .fi; \
2022-04-21 01:34:44.431450 +0000 build-debian4: .if [ "linux-kernel" = linux-template-builder ]; then
2022-04-21 01:34:44.431461 +0000 build-debian4: export TEMPLATE_NAME=$(MAKEFLAGS= make -s -C qubes-src/linux-template-builder DIST=buster template-name)
2022-04-21 01:34:44.431467 +0000 build-debian4: fi
2022-04-21 01:34:44.431486 +0000 build-debian4: component_packages=$(MAKEFLAGS= make -s -f Makefile.generic DIST=buster PACKAGE_SET=vm COMPONENT=`basename qubes-src/linux-kernel` UPDATE_REPO=/home/user/builder-r4.1/$repo_basedir/current/vm/buster get-var GET_VAR=PACKAGE_LIST); \
2022-04-21 01:34:44.431495 +0000 build-debian4: .if [ -z "$component_packages" ]; then \
2022-04-21 01:34:44.431502 +0000 build-debian4: ..echo "no packages."; \
2022-04-21 01:34:44.431508 +0000 build-debian4: ..exit 0; \
2022-04-21 01:34:44.431513 +0000 build-debian4: .fi; \
2022-04-21 01:34:44.431521 +0000 build-debian4: .make -s -f Makefile.generic DIST=buster PACKAGE_SET=vm \
2022-04-21 01:34:44.431529 +0000 build-debian4: ..COMPONENT=`basename qubes-src/linux-kernel` \
2022-04-21 01:34:44.431536 +0000 build-debian4: ..SNAPSHOT_REPO=current-testing \
2022-04-21 01:34:44.431560 +0000 build-debian4: ..TARGET_REPO=current \
2022-04-21 01:34:44.431571 +0000 build-debian4: ..UPDATE_REPO=/home/user/builder-r4.1/$repo_basedir/current/vm/buster \
2022-04-21 01:34:44.431583 +0000 build-debian4: ..SNAPSHOT_FILE=/home/user/builder-r4.1/repo-latest-snapshot/current-testing-vm-buster-`basename qubes-src/linux-kernel` \
2022-04-21 01:34:44.431590 +0000 build-debian4: ..BUILD_LOG_URL= \
2022-04-21 01:34:44.431598 +0000 build-debian4: ..update-repo-from-snapshot || exit 1; \
2022-04-21 01:34:44.431608 +0000 build-debian4: elif make -C qubes-src/linux-kernel -n update-repo-current >/dev/null 2>/dev/null; then \
2022-04-21 01:34:44.431616 +0000 build-debian4: .echo "Updating qubes-src/linux-kernel... "; \
2022-04-21 01:34:44.431625 +0000 build-debian4: .DIST=buster UPDATE_REPO=/home/user/builder-r4.1/$repo_basedir/current/vm/buster \
2022-04-21 01:34:44.431634 +0000 build-debian4: .make -s -C qubes-src/linux-kernel update-repo-current || exit 1; \
2022-04-21 01:34:44.431640 +0000 build-debian4: else \
2022-04-21 01:34:44.431648 +0000 build-debian4: .echo -n "Updating qubes-src/linux-kernel... skipping."; \
2022-04-21 01:34:44.431653 +0000 build-debian4: fi; \
2022-04-21 01:34:44.431659 +0000 build-debian4: echo
2022-04-21 01:34:44.535885 +0000 build-debian4: Updating qubes-src/linux-kernel... no packages.
2022-04-21 01:34:44.535937 +0000 build-debian4: Makefile:832: update target 'internal-update-repo-current.vm.buster' due to: internal-update-repo-current.vm.buster.linux-kernel
2022-04-21 01:34:44.535947 +0000 build-debian4: true
2022-04-21 01:34:44.535959 +0000 build-debian4: Makefile:945: target 'post-update-repo-current' does not exist
2022-04-21 01:34:44.535965 +0000 build-debian4: true
2022-04-21 01:34:44.535985 +0000 build-debian4: Makefile:819: update target 'update-repo-current' due to: internal-update-repo-current.vm.bookworm internal-update-repo-current.vm.bullseye internal-update-repo-current.vm.buster post-update-repo-current
2022-04-21 01:34:44.536008 +0000 build-debian4: true
2022-04-21 01:34:44.536812 +0000 build-debian4: > done
2022-04-21 01:34:44.536841 +0000 > closing log
