2023-03-13 20:40:27.411290 +0000 > starting log
2023-03-13 20:40:27.411577 +0000 build-debian4: > starting build with log
2023-03-13 20:40:27.411590 +0000 build-debian4: >> make args: update-repo-current
2023-03-13 20:40:27.411598 +0000 build-debian4: >> MAKEFLAGS=
2023-03-13 20:40:27.411606 +0000 build-debian4: >> COMPONENTS=xscreensaver
2023-03-13 20:40:27.411613 +0000 build-debian4: >> DISTS_VM=buster bullseye bookworm
2023-03-13 20:40:27.411620 +0000 build-debian4: >> DIST_DOM0=
2023-03-13 20:40:27.411628 +0000 build-debian4: >> qubes-builder 5270201823d36f6ae4d28fd08fc416d021667f65
2023-03-13 20:40:27.411638 +0000 build-debian4: >> qubes-builder/qubes-src/xscreensaver b0d0f1fde3eff04cee4c508f6c3add3206fbe07f
2023-03-13 20:40:27.411645 +0000 build-debian4: !! xscreensaver-5.42.tar.gz
2023-03-13 20:40:27.411651 +0000 build-debian4: !! xscreensaver-5.45.tar.gz
2023-03-13 20:40:27.411665 +0000 build-debian4: 84cde9364c933de720acd51a0bf75eb4d0642d60f62b92de89d932233eb5abb51e1edb53cd413b2dc4801a02cb68652a28d7d1f83cdaa8d8cdd1fee7d651eefd  xscreensaver-5.42.tar.gz
2023-03-13 20:40:27.796294 +0000 build-debian4: 1b21418c591fd99f3caaea9d31ca49abdb94b8e89f33e661c464299bc81bf4ff13fd99a187070fce19b3843c28a1f2a2a7b94bd6949d2b3b06bba730cae59f14  xscreensaver-5.45.tar.gz
2023-03-13 20:40:27.899590 +0000 build-debian4: ================================================================================
2023-03-13 20:40:27.899639 +0000 build-debian4:                            B U I L D   I N F O                                  
2023-03-13 20:40:27.899653 +0000 build-debian4: Items in red indicate it was automatically generated by configuration file(s)
2023-03-13 20:40:27.899665 +0000 build-debian4: Items in white indicate it was automatically removed by configuration file(s)
2023-03-13 20:40:27.899675 +0000 build-debian4: ================================================================================
2023-03-13 20:40:27.899682 +0000 build-debian4: DISTS_VM:
2023-03-13 20:40:27.904593 +0000 build-debian4:      buster+standard, bullseye+standard+firmware, bookworm+standard, buster bullseye bookworm
2023-03-13 20:40:27.908000 +0000 build-debian4: DISTS_ALL:
2023-03-13 20:40:27.910581 +0000 build-debian4:      vm-bookworm, vm-bullseye, vm-buster,
2023-03-13 20:40:27.913431 +0000 build-debian4: DIST_DOM0:
2023-03-13 20:40:27.914728 +0000 build-debian4:     
2023-03-13 20:40:27.917479 +0000 build-debian4: BUILDER_PLUGINS:
2023-03-13 20:40:27.919931 +0000 build-debian4:      builder-debian, mgmt-salt, release-configs, linux-deb, builder-github,
2023-03-13 20:40:27.923166 +0000 build-debian4: COMPONENTS:
2023-03-13 20:40:27.929894 +0000 build-debian4:      xscreensaver,
2023-03-13 20:40:27.932251 +0000 build-debian4: GIT_REPOS:
2023-03-13 20:40:27.936237 +0000 build-debian4:      qubes-src/xscreensaver,
2023-03-13 20:40:27.938658 +0000 build-debian4: TEMPLATE:
2023-03-13 20:40:27.940772 +0000 build-debian4:     
2023-03-13 20:40:27.942161 +0000 build-debian4: TEMPLATE_FLAVOR_DIR:
2023-03-13 20:40:27.946216 +0000 build-debian4:     
2023-03-13 20:40:27.947510 +0000 build-debian4: TEMPLATE_ALIAS:
2023-03-13 20:40:27.950503 +0000 build-debian4:      stretch:stretch+standard, stretch+gnome:stretch+gnome+standard,
2023-03-13 20:40:27.950543 +0000 build-debian4:      stretch+minimal:stretch+minimal+no-recommends, buster:buster+standard,
2023-03-13 20:40:27.950555 +0000 build-debian4:      buster+gnome:buster+gnome+standard, buster+minimal:buster+minimal+no-recommends,
2023-03-13 20:40:27.950566 +0000 build-debian4:      bullseye:bullseye+standard+firmware, bullseye+gnome:bullseye+gnome+standard+firmware,
2023-03-13 20:40:27.950576 +0000 build-debian4:      bullseye+minimal:bullseye+minimal+no-recommends, bookworm:bookworm+standard,
2023-03-13 20:40:27.950587 +0000 build-debian4:      bookworm+gnome:bookworm+gnome+standard, bookworm+minimal:bookworm+minimal+no-recommends,
2023-03-13 20:40:27.950598 +0000 build-debian4:      bionic:bionic+standard, focal:focal+standard, whonix-gateway-15:buster+whonix-gateway+minimal+no-recommends,
2023-03-13 20:40:27.950608 +0000 build-debian4:      whonix-workstation-15:buster+whonix-workstation+minimal+no-recommends,
2023-03-13 20:40:27.950633 +0000 build-debian4:      whonix-gateway-16:bullseye+whonix-gateway+minimal+no-recommends,
2023-03-13 20:40:27.950643 +0000 build-debian4:      whonix-workstation-16:bullseye+whonix-workstation+minimal+no-recommends,
2023-03-13 20:40:27.953288 +0000 build-debian4: TEMPLATE_LABEL:
2023-03-13 20:40:27.957139 +0000 build-debian4:      buster+standard:debian-10, bullseye+standard+firmware:debian-11, bookworm+standard:debian-12,
2023-03-13 20:40:27.957181 +0000 build-debian4:      buster+standard:buster, bullseye+standard+firmware:bullseye, bookworm+standard:bookworm, fc34:fedora-34
2023-03-13 20:40:27.957195 +0000 build-debian4:      fc35:fedora-35 fc36:fedora-36 fc37:fedora-37 fc34+minimal:fedora-34-minimal fc35+minimal:fedora-35-minimal
2023-03-13 20:40:27.957207 +0000 build-debian4:      fc36+minimal:fedora-36-minimal fc37+minimal:fedora-37-minimal fc34+xfce:fedora-34-xfce
2023-03-13 20:40:27.957218 +0000 build-debian4:      fc35+xfce:fedora-35-xfce fc36+xfce:fedora-36-xfce fc37+xfce:fedora-37-xfce stretch:debian-9
2023-03-13 20:40:27.957229 +0000 build-debian4:      stretch+standard:debian-9 stretch+xfce:debian-9-xfce buster:debian-10 buster+xfce:debian-10-xfce
2023-03-13 20:40:27.957239 +0000 build-debian4:      bullseye:debian-11 bullseye+xfce:debian-11-xfce bookworm:debian-12 bookworm+xfce:debian-12-xfce
2023-03-13 20:40:27.957250 +0000 build-debian4:      bionic+standard:bionic focal+standard:focal buster+whonix-gateway+minimal+no-recommends:whonix-gw-15
2023-03-13 20:40:27.957258 +0000 build-debian4:      buster+whonix-workstation+minimal+no-recommends:whonix-ws-15
2023-03-13 20:40:27.957267 +0000 build-debian4:      bullseye+whonix-gateway+minimal+no-recommends:whonix-gw-16
2023-03-13 20:40:27.957277 +0000 build-debian4:      bullseye+whonix-workstation+minimal+no-recommends:whonix-ws-16 centos7:centos-7
2023-03-13 20:40:27.957287 +0000 build-debian4:      centos7+minimal:centos-7-minimal centos7+xfce:centos-7-xfce centos-stream8:centos-stream-8
2023-03-13 20:40:27.957297 +0000 build-debian4:      centos-stream8+minimal:centos-stream-8-minimal centos-stream8+xfce:centos-stream-8-xfce
2023-03-13 20:40:27.991830 +0000 build-debian4: > running make
2023-03-13 20:40:28.012574 +0000 build-debian4: Makefile:863: target 'internal-update-repo-current.vm.bookworm.xscreensaver' does not exist
2023-03-13 20:40:28.012617 +0000 build-debian4: repo_base_var="LINUX_REPO_${DIST//-/_}_BASEDIR"; \
2023-03-13 20:40:28.012629 +0000 build-debian4: if [ "xscreensaver" = linux-template-builder ]; then \
2023-03-13 20:40:28.012639 +0000 build-debian4: .# templates belongs to dom0 repository, even though PACKAGE_SET=vm
2023-03-13 20:40:28.012647 +0000 build-debian4: repo_base_var="LINUX_REPO__BASEDIR"; \
2023-03-13 20:40:28.012653 +0000 build-debian4: fi; \
2023-03-13 20:40:28.012660 +0000 build-debian4: if [ -n "${!repo_base_var}" ]; then \
2023-03-13 20:40:28.012667 +0000 build-debian4: .repo_basedir="${!repo_base_var}"; \
2023-03-13 20:40:28.012673 +0000 build-debian4: else \
2023-03-13 20:40:28.012680 +0000 build-debian4: .repo_basedir="qubes-src/linux-deb/r4.1"; \
2023-03-13 20:40:28.012685 +0000 build-debian4: fi; \
2023-03-13 20:40:28.012694 +0000 build-debian4: if [ -r qubes-src/xscreensaver/Makefile.builder ]; then \
2023-03-13 20:40:28.012701 +0000 build-debian4: .echo -n "Updating qubes-src/xscreensaver... "; \
2023-03-13 20:40:28.012708 +0000 build-debian4: .if [ "0" -eq 1 ]; then \
2023-03-13 20:40:28.012717 +0000 build-debian4: ..vtag=`git -C qubes-src/xscreensaver tag --points-at HEAD --list v*`; \
2023-03-13 20:40:28.012724 +0000 build-debian4: ..if [ -z "$vtag" ]; then \
2023-03-13 20:40:28.012731 +0000 build-debian4: ...echo "no version tag"; \
2023-03-13 20:40:28.012736 +0000 build-debian4: ...exit 0; \
2023-03-13 20:40:28.012742 +0000 build-debian4: ..fi; \
2023-03-13 20:40:28.012747 +0000 build-debian4: .fi; \
2023-03-13 20:40:28.012755 +0000 build-debian4: .if [ "xscreensaver" = linux-template-builder ]; then
2023-03-13 20:40:28.012784 +0000 build-debian4: export TEMPLATE_NAME=$(MAKEFLAGS= make -s -C qubes-src/linux-template-builder DIST=bookworm template-name)
2023-03-13 20:40:28.012791 +0000 build-debian4: fi
2023-03-13 20:40:28.012810 +0000 build-debian4: component_packages=$(MAKEFLAGS= make -s -f Makefile.generic DIST=bookworm PACKAGE_SET=vm COMPONENT=`basename qubes-src/xscreensaver` UPDATE_REPO=/home/user/builder-r4.1/$repo_basedir/current/vm/bookworm get-var GET_VAR=PACKAGE_LIST); \
2023-03-13 20:40:28.012819 +0000 build-debian4: .if [ -z "$component_packages" ]; then \
2023-03-13 20:40:28.012825 +0000 build-debian4: ..echo "no packages."; \
2023-03-13 20:40:28.012831 +0000 build-debian4: ..exit 0; \
2023-03-13 20:40:28.012836 +0000 build-debian4: .fi; \
2023-03-13 20:40:28.012845 +0000 build-debian4: .make -s -f Makefile.generic DIST=bookworm PACKAGE_SET=vm \
2023-03-13 20:40:28.012852 +0000 build-debian4: ..COMPONENT=`basename qubes-src/xscreensaver` \
2023-03-13 20:40:28.012859 +0000 build-debian4: ..SNAPSHOT_REPO=current-testing \
2023-03-13 20:40:28.012866 +0000 build-debian4: ..TARGET_REPO=current \
2023-03-13 20:40:28.012875 +0000 build-debian4: ..UPDATE_REPO=/home/user/builder-r4.1/$repo_basedir/current/vm/bookworm \
2023-03-13 20:40:28.012887 +0000 build-debian4: ..SNAPSHOT_FILE=/home/user/builder-r4.1/repo-latest-snapshot/current-testing-vm-bookworm-`basename qubes-src/xscreensaver` \
2023-03-13 20:40:28.012893 +0000 build-debian4: ..BUILD_LOG_URL= \
2023-03-13 20:40:28.012904 +0000 build-debian4: ..update-repo-from-snapshot || exit 1; \
2023-03-13 20:40:28.012915 +0000 build-debian4: elif make -C qubes-src/xscreensaver -n update-repo-current >/dev/null 2>/dev/null; then \
2023-03-13 20:40:28.012922 +0000 build-debian4: .echo "Updating qubes-src/xscreensaver... "; \
2023-03-13 20:40:28.012932 +0000 build-debian4: .DIST=bookworm UPDATE_REPO=/home/user/builder-r4.1/$repo_basedir/current/vm/bookworm \
2023-03-13 20:40:28.012941 +0000 build-debian4: .make -s -C qubes-src/xscreensaver update-repo-current || exit 1; \
2023-03-13 20:40:28.012946 +0000 build-debian4: else \
2023-03-13 20:40:28.012955 +0000 build-debian4: .echo -n "Updating qubes-src/xscreensaver... skipping."; \
2023-03-13 20:40:28.012960 +0000 build-debian4: fi; \
2023-03-13 20:40:28.012965 +0000 build-debian4: echo
2023-03-13 20:40:28.064491 +0000 build-debian4: Updating qubes-src/xscreensaver... no packages.
2023-03-13 20:40:28.067119 +0000 build-debian4: Makefile:832: update target 'internal-update-repo-current.vm.bookworm' due to: internal-update-repo-current.vm.bookworm.xscreensaver
2023-03-13 20:40:28.067156 +0000 build-debian4: true
2023-03-13 20:40:28.070211 +0000 build-debian4: Makefile:863: target 'internal-update-repo-current.vm.bullseye.xscreensaver' does not exist
2023-03-13 20:40:28.070251 +0000 build-debian4: repo_base_var="LINUX_REPO_${DIST//-/_}_BASEDIR"; \
2023-03-13 20:40:28.070262 +0000 build-debian4: if [ "xscreensaver" = linux-template-builder ]; then \
2023-03-13 20:40:28.070272 +0000 build-debian4: .# templates belongs to dom0 repository, even though PACKAGE_SET=vm
2023-03-13 20:40:28.070279 +0000 build-debian4: repo_base_var="LINUX_REPO__BASEDIR"; \
2023-03-13 20:40:28.070285 +0000 build-debian4: fi; \
2023-03-13 20:40:28.070293 +0000 build-debian4: if [ -n "${!repo_base_var}" ]; then \
2023-03-13 20:40:28.070300 +0000 build-debian4: .repo_basedir="${!repo_base_var}"; \
2023-03-13 20:40:28.070305 +0000 build-debian4: else \
2023-03-13 20:40:28.070313 +0000 build-debian4: .repo_basedir="qubes-src/linux-deb/r4.1"; \
2023-03-13 20:40:28.070318 +0000 build-debian4: fi; \
2023-03-13 20:40:28.070326 +0000 build-debian4: if [ -r qubes-src/xscreensaver/Makefile.builder ]; then \
2023-03-13 20:40:28.070334 +0000 build-debian4: .echo -n "Updating qubes-src/xscreensaver... "; \
2023-03-13 20:40:28.070340 +0000 build-debian4: .if [ "0" -eq 1 ]; then \
2023-03-13 20:40:28.070349 +0000 build-debian4: ..vtag=`git -C qubes-src/xscreensaver tag --points-at HEAD --list v*`; \
2023-03-13 20:40:28.070374 +0000 build-debian4: ..if [ -z "$vtag" ]; then \
2023-03-13 20:40:28.070382 +0000 build-debian4: ...echo "no version tag"; \
2023-03-13 20:40:28.070388 +0000 build-debian4: ...exit 0; \
2023-03-13 20:40:28.070394 +0000 build-debian4: ..fi; \
2023-03-13 20:40:28.070399 +0000 build-debian4: .fi; \
2023-03-13 20:40:28.070407 +0000 build-debian4: .if [ "xscreensaver" = linux-template-builder ]; then
2023-03-13 20:40:28.070440 +0000 build-debian4: export TEMPLATE_NAME=$(MAKEFLAGS= make -s -C qubes-src/linux-template-builder DIST=bullseye template-name)
2023-03-13 20:40:28.070449 +0000 build-debian4: fi
2023-03-13 20:40:28.070468 +0000 build-debian4: component_packages=$(MAKEFLAGS= make -s -f Makefile.generic DIST=bullseye PACKAGE_SET=vm COMPONENT=`basename qubes-src/xscreensaver` UPDATE_REPO=/home/user/builder-r4.1/$repo_basedir/current/vm/bullseye get-var GET_VAR=PACKAGE_LIST); \
2023-03-13 20:40:28.070477 +0000 build-debian4: .if [ -z "$component_packages" ]; then \
2023-03-13 20:40:28.070483 +0000 build-debian4: ..echo "no packages."; \
2023-03-13 20:40:28.070489 +0000 build-debian4: ..exit 0; \
2023-03-13 20:40:28.070495 +0000 build-debian4: .fi; \
2023-03-13 20:40:28.070503 +0000 build-debian4: .make -s -f Makefile.generic DIST=bullseye PACKAGE_SET=vm \
2023-03-13 20:40:28.070510 +0000 build-debian4: ..COMPONENT=`basename qubes-src/xscreensaver` \
2023-03-13 20:40:28.070517 +0000 build-debian4: ..SNAPSHOT_REPO=current-testing \
2023-03-13 20:40:28.070523 +0000 build-debian4: ..TARGET_REPO=current \
2023-03-13 20:40:28.070533 +0000 build-debian4: ..UPDATE_REPO=/home/user/builder-r4.1/$repo_basedir/current/vm/bullseye \
2023-03-13 20:40:28.070544 +0000 build-debian4: ..SNAPSHOT_FILE=/home/user/builder-r4.1/repo-latest-snapshot/current-testing-vm-bullseye-`basename qubes-src/xscreensaver` \
2023-03-13 20:40:28.070551 +0000 build-debian4: ..BUILD_LOG_URL= \
2023-03-13 20:40:28.070558 +0000 build-debian4: ..update-repo-from-snapshot || exit 1; \
2023-03-13 20:40:28.070568 +0000 build-debian4: elif make -C qubes-src/xscreensaver -n update-repo-current >/dev/null 2>/dev/null; then \
2023-03-13 20:40:28.070575 +0000 build-debian4: .echo "Updating qubes-src/xscreensaver... "; \
2023-03-13 20:40:28.070585 +0000 build-debian4: .DIST=bullseye UPDATE_REPO=/home/user/builder-r4.1/$repo_basedir/current/vm/bullseye \
2023-03-13 20:40:28.070594 +0000 build-debian4: .make -s -C qubes-src/xscreensaver update-repo-current || exit 1; \
2023-03-13 20:40:28.070599 +0000 build-debian4: else \
2023-03-13 20:40:28.070607 +0000 build-debian4: .echo -n "Updating qubes-src/xscreensaver... skipping."; \
2023-03-13 20:40:28.070612 +0000 build-debian4: fi; \
2023-03-13 20:40:28.070617 +0000 build-debian4: echo
2023-03-13 20:40:28.144762 +0000 build-debian4: Updating qubes-src/xscreensaver... no packages.
2023-03-13 20:40:28.146646 +0000 build-debian4: Makefile:832: update target 'internal-update-repo-current.vm.bullseye' due to: internal-update-repo-current.vm.bullseye.xscreensaver
2023-03-13 20:40:28.146684 +0000 build-debian4: true
2023-03-13 20:40:28.152745 +0000 build-debian4: Makefile:863: target 'internal-update-repo-current.vm.buster.xscreensaver' does not exist
2023-03-13 20:40:28.152785 +0000 build-debian4: repo_base_var="LINUX_REPO_${DIST//-/_}_BASEDIR"; \
2023-03-13 20:40:28.152796 +0000 build-debian4: if [ "xscreensaver" = linux-template-builder ]; then \
2023-03-13 20:40:28.152806 +0000 build-debian4: .# templates belongs to dom0 repository, even though PACKAGE_SET=vm
2023-03-13 20:40:28.152814 +0000 build-debian4: repo_base_var="LINUX_REPO__BASEDIR"; \
2023-03-13 20:40:28.152820 +0000 build-debian4: fi; \
2023-03-13 20:40:28.152827 +0000 build-debian4: if [ -n "${!repo_base_var}" ]; then \
2023-03-13 20:40:28.152835 +0000 build-debian4: .repo_basedir="${!repo_base_var}"; \
2023-03-13 20:40:28.152840 +0000 build-debian4: else \
2023-03-13 20:40:28.152847 +0000 build-debian4: .repo_basedir="qubes-src/linux-deb/r4.1"; \
2023-03-13 20:40:28.152870 +0000 build-debian4: fi; \
2023-03-13 20:40:28.152879 +0000 build-debian4: if [ -r qubes-src/xscreensaver/Makefile.builder ]; then \
2023-03-13 20:40:28.152887 +0000 build-debian4: .echo -n "Updating qubes-src/xscreensaver... "; \
2023-03-13 20:40:28.152894 +0000 build-debian4: .if [ "0" -eq 1 ]; then \
2023-03-13 20:40:28.152908 +0000 build-debian4: ..vtag=`git -C qubes-src/xscreensaver tag --points-at HEAD --list v*`; \
2023-03-13 20:40:28.152915 +0000 build-debian4: ..if [ -z "$vtag" ]; then \
2023-03-13 20:40:28.152922 +0000 build-debian4: ...echo "no version tag"; \
2023-03-13 20:40:28.152928 +0000 build-debian4: ...exit 0; \
2023-03-13 20:40:28.152933 +0000 build-debian4: ..fi; \
2023-03-13 20:40:28.152939 +0000 build-debian4: .fi; \
2023-03-13 20:40:28.152947 +0000 build-debian4: .if [ "xscreensaver" = linux-template-builder ]; then
2023-03-13 20:40:28.152957 +0000 build-debian4: export TEMPLATE_NAME=$(MAKEFLAGS= make -s -C qubes-src/linux-template-builder DIST=buster template-name)
2023-03-13 20:40:28.152964 +0000 build-debian4: fi
2023-03-13 20:40:28.152982 +0000 build-debian4: component_packages=$(MAKEFLAGS= make -s -f Makefile.generic DIST=buster PACKAGE_SET=vm COMPONENT=`basename qubes-src/xscreensaver` UPDATE_REPO=/home/user/builder-r4.1/$repo_basedir/current/vm/buster get-var GET_VAR=PACKAGE_LIST); \
2023-03-13 20:40:28.152991 +0000 build-debian4: .if [ -z "$component_packages" ]; then \
2023-03-13 20:40:28.152997 +0000 build-debian4: ..echo "no packages."; \
2023-03-13 20:40:28.153003 +0000 build-debian4: ..exit 0; \
2023-03-13 20:40:28.153008 +0000 build-debian4: .fi; \
2023-03-13 20:40:28.153017 +0000 build-debian4: .make -s -f Makefile.generic DIST=buster PACKAGE_SET=vm \
2023-03-13 20:40:28.153024 +0000 build-debian4: ..COMPONENT=`basename qubes-src/xscreensaver` \
2023-03-13 20:40:28.153034 +0000 build-debian4: ..SNAPSHOT_REPO=current-testing \
2023-03-13 20:40:28.153041 +0000 build-debian4: ..TARGET_REPO=current \
2023-03-13 20:40:28.153050 +0000 build-debian4: ..UPDATE_REPO=/home/user/builder-r4.1/$repo_basedir/current/vm/buster \
2023-03-13 20:40:28.153062 +0000 build-debian4: ..SNAPSHOT_FILE=/home/user/builder-r4.1/repo-latest-snapshot/current-testing-vm-buster-`basename qubes-src/xscreensaver` \
2023-03-13 20:40:28.153068 +0000 build-debian4: ..BUILD_LOG_URL= \
2023-03-13 20:40:28.153076 +0000 build-debian4: ..update-repo-from-snapshot || exit 1; \
2023-03-13 20:40:28.153086 +0000 build-debian4: elif make -C qubes-src/xscreensaver -n update-repo-current >/dev/null 2>/dev/null; then \
2023-03-13 20:40:28.153093 +0000 build-debian4: .echo "Updating qubes-src/xscreensaver... "; \
2023-03-13 20:40:28.153103 +0000 build-debian4: .DIST=buster UPDATE_REPO=/home/user/builder-r4.1/$repo_basedir/current/vm/buster \
2023-03-13 20:40:28.153112 +0000 build-debian4: .make -s -C qubes-src/xscreensaver update-repo-current || exit 1; \
2023-03-13 20:40:28.153117 +0000 build-debian4: else \
2023-03-13 20:40:28.153125 +0000 build-debian4: .echo -n "Updating qubes-src/xscreensaver... skipping."; \
2023-03-13 20:40:28.153131 +0000 build-debian4: fi; \
2023-03-13 20:40:28.153136 +0000 build-debian4: echo
2023-03-13 20:40:28.214176 +0000 build-debian4: Updating qubes-src/xscreensaver... no packages.
2023-03-13 20:40:28.216039 +0000 build-debian4: Makefile:832: update target 'internal-update-repo-current.vm.buster' due to: internal-update-repo-current.vm.buster.xscreensaver
2023-03-13 20:40:28.216078 +0000 build-debian4: true
2023-03-13 20:40:28.217395 +0000 build-debian4: Makefile:945: target 'post-update-repo-current' does not exist
2023-03-13 20:40:28.217432 +0000 build-debian4: true
2023-03-13 20:40:28.225953 +0000 build-debian4: Makefile:819: update target 'update-repo-current' due to: internal-update-repo-current.vm.bookworm internal-update-repo-current.vm.bullseye internal-update-repo-current.vm.buster post-update-repo-current
2023-03-13 20:40:28.226005 +0000 build-debian4: true
2023-03-13 20:40:28.229609 +0000 build-debian4: > done
2023-03-13 20:40:28.229668 +0000 > closing log
