2020-02-25 04:21:48.436712 +0000 > starting log
2020-02-25 04:21:48.436995 +0000 build-debian4: > starting build with log
2020-02-25 04:21:48.437009 +0000 build-debian4: >> make args: update-repo-current
2020-02-25 04:21:48.437017 +0000 build-debian4: >> MAKEFLAGS=
2020-02-25 04:21:48.437025 +0000 build-debian4: >> COMPONENTS=python-daemon
2020-02-25 04:21:48.437033 +0000 build-debian4: >> DISTS_VM=stretch buster bullseye
2020-02-25 04:21:48.437040 +0000 build-debian4: >> DIST_DOM0=
2020-02-25 04:21:48.437049 +0000 build-debian4: >> qubes-builder 4464cf19403577fe429383eaf004715f646ae69b
2020-02-25 04:21:48.437055 +0000 build-debian4: ?? rpmdb/Basenames
2020-02-25 04:21:48.437062 +0000 build-debian4: ?? rpmdb/Conflictname
2020-02-25 04:21:48.437069 +0000 build-debian4: ?? rpmdb/Dirnames
2020-02-25 04:21:48.437076 +0000 build-debian4: ?? rpmdb/Enhancename
2020-02-25 04:21:48.437083 +0000 build-debian4: ?? rpmdb/Filetriggername
2020-02-25 04:21:48.437090 +0000 build-debian4: ?? rpmdb/Group
2020-02-25 04:21:48.437096 +0000 build-debian4: ?? rpmdb/Installtid
2020-02-25 04:21:48.437103 +0000 build-debian4: ?? rpmdb/Name
2020-02-25 04:21:48.437110 +0000 build-debian4: ?? rpmdb/Obsoletename
2020-02-25 04:21:48.437116 +0000 build-debian4: ?? rpmdb/Packages
2020-02-25 04:21:48.437123 +0000 build-debian4: ?? rpmdb/Providename
2020-02-25 04:21:48.437130 +0000 build-debian4: ?? rpmdb/Recommendname
2020-02-25 04:21:48.437137 +0000 build-debian4: ?? rpmdb/Requirename
2020-02-25 04:21:48.437143 +0000 build-debian4: ?? rpmdb/Sha1header
2020-02-25 04:21:48.437150 +0000 build-debian4: ?? rpmdb/Sigmd5
2020-02-25 04:21:48.437156 +0000 build-debian4: ?? rpmdb/Suggestname
2020-02-25 04:21:48.437163 +0000 build-debian4: ?? rpmdb/Supplementname
2020-02-25 04:21:48.437170 +0000 build-debian4: ?? rpmdb/Transfiletriggername
2020-02-25 04:21:48.437177 +0000 build-debian4: ?? rpmdb/Triggername
2020-02-25 04:21:48.437184 +0000 build-debian4: ?? rpmdb/__db.001
2020-02-25 04:21:48.437190 +0000 build-debian4: ?? rpmdb/__db.002
2020-02-25 04:21:48.437197 +0000 build-debian4: ?? rpmdb/__db.003
2020-02-25 04:21:48.437210 +0000 build-debian4: cff35fce8f5cfbc00390291ade07bafccdfb62eca60f94d10f138680a08af08e3e6f2ba334848ecd5915104466fd3faab090227da8a3e038c9ff1ef6f2f6d8d9  rpmdb/Basenames
2020-02-25 04:21:48.437224 +0000 build-debian4: 9abba56e01d26ba25bc7176f8d544ee17658cb97cea4b06bc337f4aa968cd7e3a27197354ff28d8b9a155e9865df0938face2a33c460c72c754d304cdc547dbf  rpmdb/Conflictname
2020-02-25 04:21:48.437238 +0000 build-debian4: a851c9f3609e28dc16f60dcb51effe890a99fb49603103bed0f20c3ac93a794ab22721897bfa9259b24cb532654f63fd7db112c89c9dadb4f26e31d0730478b5  rpmdb/Dirnames
2020-02-25 04:21:48.437251 +0000 build-debian4: 91c34df76153fd0d8b074ad63af09218bfc8b972a402373d8f916e2672c6e71b00757d8da9ee4b2f5adf4227d03f06f6ceaba0c127b5c7af6703fc6184f5a603  rpmdb/Enhancename
2020-02-25 04:21:48.437265 +0000 build-debian4: da8ccb9717df1d6f24edd370a280ce816f879f4117ae03241ddd250f4dd74c94484cfee31037fb49a71cb4112c9fed7742d5bc5943538971aef03b2e3da218ae  rpmdb/Filetriggername
2020-02-25 04:21:48.437278 +0000 build-debian4: 7300f317899eb30adeec7e0c239e55b7d126e9d1d32053f31705e3814b523535984923485e14e6467d04de345d63fb0d1ca4fb1b28263b9bb762cd8340dc722f  rpmdb/Group
2020-02-25 04:21:48.437292 +0000 build-debian4: 08b269da63ce678411235e53ee54ab375ba60181138b17531f8b06afea4a5948d36077ab36397ca8f74d6f10aa7530df818d029d8d8ffe6e28cce2f37459ee80  rpmdb/Installtid
2020-02-25 04:21:48.437306 +0000 build-debian4: f3d167ce5dd5095647b21fff0024539708de45a57ddfc5da800cc5805fc37d7439ddc636b9ecd75459d6103330723ccf70ca53360fe3ac7b258875c5021d4a4c  rpmdb/Name
2020-02-25 04:21:48.437319 +0000 build-debian4: efa92d26ee53fec47e4c7a344932ef1fa9ff152c355e982c79efc162a3d8db3a102ff211887467dfb0d02dd471f7d3253739fc1d6fc398f0aab6bd757bf020e4  rpmdb/Obsoletename
2020-02-25 04:21:48.437333 +0000 build-debian4: 1dccbe52bab76f87c72343ef4bea1efa8edd4e7656f5e6bad13945a9a22bfcc43858906583dc2f52485616ca9a4e47c9beae5308d9c49ee4082d3dae5af2c9a5  rpmdb/Packages
2020-02-25 04:21:48.437346 +0000 build-debian4: 18d63ad3b2e468e8e4dc535a6ac495da306f3e86e6b8d1acc2f5b96ef8948821c3b13ad0ceae00ef66688265df86827c5418a52f78b20a5018f68ad8d35f495c  rpmdb/Providename
2020-02-25 04:21:48.437365 +0000 build-debian4: 0f7e20775dff284958ab37d22230e028e2cbb7bac14ca0a18c4f9dcf851af6c659b7b361c90745fb604ff2f9bc8073f43acb802a9e0fe77c518078579aaa1a77  rpmdb/Recommendname
2020-02-25 04:21:48.437379 +0000 build-debian4: 99caf69f7632e4972aaf5df642adde853737ebfe8c1d27d08377d4bfd2a0250b8e7dc4386a2fb9128183b31f39ebfc0672372fd7358361c7a7fd9a56ad3d4ff3  rpmdb/Requirename
2020-02-25 04:21:48.437393 +0000 build-debian4: 2205bb42662a209547fce7b8db8c8fd6ffbbf1d5dec17929d5078f34436ff39c6afebc3333a1a9c5f4032ccd9db35460d61f7d8c1fd948fb43f005af0e9b29a6  rpmdb/Sha1header
2020-02-25 04:21:48.437406 +0000 build-debian4: 73e58c825d7a3b94f8a6e70e577ea7706032604813c6c51842449beab93f00fdc5bb291b15053919c114553c302676520b5e96376720dbc4db1f8e55ff1bf8bf  rpmdb/Sigmd5
2020-02-25 04:21:48.437419 +0000 build-debian4: 3a553cace72ea2d82ffc7b8c09ef8db0ceababdcc7b20aa2798f3e39be7bb23122831c51430c3e3bbf4870eabf3c98d66a41003d41f1718a7ae0bdfe31360331  rpmdb/Suggestname
2020-02-25 04:21:48.437433 +0000 build-debian4: 30cfca733536946e75f55c1244344063b95ec694bb48d2b836e5b78a759fff65118bbea9138027f1f8f88edfc09b1b1e1e2faf13eb1d18feed03a61b615fc8b9  rpmdb/Supplementname
2020-02-25 04:21:48.437447 +0000 build-debian4: 8612faad7fd4e8766cdb350361e18c6dafcf6ede4b8b2919b8212bfb8140705bf777225291588a43d4afc96b65f8337264587da270457239e1e17d8084ae3d36  rpmdb/Transfiletriggername
2020-02-25 04:21:48.437460 +0000 build-debian4: 1c707af8aadf0b67e79c5917f947f67eed43f7e34e1830bac6fd7ac4c496336225d80ad01dc1b130448571ade3376aa2e89306a1537c0a3c0537bd67be4f9544  rpmdb/Triggername
2020-02-25 04:21:48.437473 +0000 build-debian4: 38041ba56d9b6ea8545eed639ec46946fe7687782b1442c5d00a319b0f247e22a833474f289f817c4c67e69a7abc68d3943af6337fff6c1b18193d1ce9fcada1  rpmdb/__db.001
2020-02-25 04:21:48.437487 +0000 build-debian4: 60831b37731b9aab2d84facf0456d6ae16283a2bb951c318222aebbbf916755585cb1f2425519744998deb12d85e34bd74ba4a71327d449053d3d58c236ad934  rpmdb/__db.002
2020-02-25 04:21:48.437500 +0000 build-debian4: 0c8c8843cebb3415418bf6791d0cc934cc66b72c317b42a22b241ed8f6c04479700f2d710a7c9a3f506bc442c25c7f4a203c32da5594c542389442019aaac741  rpmdb/__db.003
2020-02-25 04:21:48.437511 +0000 build-debian4: >> qubes-builder/qubes-src/python-daemon c3a11be88de97155f938bcd193548786e8b4f0bb
2020-02-25 04:21:48.437518 +0000 build-debian4: !! python-daemon-2.2.3.tar.gz
2020-02-25 04:21:48.437535 +0000 build-debian4: e284643acfc53570b31f6c1926368678e495446fcf73a4a81ca3f2bde3d55a6b7f332c681a42552bbded5b101733c52a56ccc099f526ce9fd460307e518417de  python-daemon-2.2.3.tar.gz
2020-02-25 04:21:48.474960 +0000 build-debian4: ================================================================================
2020-02-25 04:21:48.475013 +0000 build-debian4:                            B U I L D   I N F O                                  
2020-02-25 04:21:48.475028 +0000 build-debian4: Items in red indicate it was automatically generated by configuration file(s)
2020-02-25 04:21:48.475039 +0000 build-debian4: Items in white indicate it was automatically removed by configuration file(s)
2020-02-25 04:21:48.475049 +0000 build-debian4: ================================================================================
2020-02-25 04:21:48.475057 +0000 build-debian4: DISTS_VM:
2020-02-25 04:21:48.475067 +0000 build-debian4:      stretch+standard, buster+standard, bullseye+standard, stretch buster bullseye
2020-02-25 04:21:48.475074 +0000 build-debian4: DISTS_ALL:
2020-02-25 04:21:48.476609 +0000 build-debian4:      vm-bullseye, vm-buster, vm-stretch,
2020-02-25 04:21:48.476635 +0000 build-debian4: DIST_DOM0:
2020-02-25 04:21:48.482198 +0000 build-debian4:     
2020-02-25 04:21:48.482237 +0000 build-debian4: BUILDER_PLUGINS:
2020-02-25 04:21:48.482250 +0000 build-debian4:      builder-debian, mgmt-salt, release-configs, linux-deb, builder-github,
2020-02-25 04:21:48.482258 +0000 build-debian4: COMPONENTS:
2020-02-25 04:21:48.484803 +0000 build-debian4:      python-daemon,
2020-02-25 04:21:48.484839 +0000 build-debian4: GIT_REPOS:
2020-02-25 04:21:48.497007 +0000 build-debian4:      qubes-src/python-daemon,
2020-02-25 04:21:48.497045 +0000 build-debian4: TEMPLATE:
2020-02-25 04:21:48.497054 +0000 build-debian4:     
2020-02-25 04:21:48.497062 +0000 build-debian4: TEMPLATE_FLAVOR_DIR:
2020-02-25 04:21:48.497069 +0000 build-debian4:     
2020-02-25 04:21:48.497076 +0000 build-debian4: TEMPLATE_ALIAS:
2020-02-25 04:21:48.505864 +0000 build-debian4:      stretch:stretch+standard, stretch+gnome:stretch+gnome+standard,
2020-02-25 04:21:48.505910 +0000 build-debian4:      stretch+minimal:stretch+minimal+no-recommends, buster:buster+standard, buster+gnome:buster+gnome+standard,
2020-02-25 04:21:48.505924 +0000 build-debian4:      buster+minimal:buster+minimal+no-recommends, bullseye:bullseye+standard,
2020-02-25 04:21:48.505936 +0000 build-debian4:      bullseye+gnome:bullseye+gnome+standard, bullseye+minimal:bullseye+minimal+no-recommends,
2020-02-25 04:21:48.505947 +0000 build-debian4:      whonix-gateway-14:stretch+whonix-gateway+minimal+no-recommends,
2020-02-25 04:21:48.505957 +0000 build-debian4:      whonix-workstation-14:stretch+whonix-workstation+minimal+no-recommends,
2020-02-25 04:21:48.505967 +0000 build-debian4:      whonix-gateway-15:buster+whonix-gateway+minimal+no-recommends,
2020-02-25 04:21:48.505977 +0000 build-debian4:      whonix-workstation-15:buster+whonix-workstation+minimal+no-recommends,
2020-02-25 04:21:48.505984 +0000 build-debian4: TEMPLATE_LABEL:
2020-02-25 04:21:48.505994 +0000 build-debian4:      stretch+standard:debian-9, buster+standard:debian-10, bullseye+standard:bullseye-11,
2020-02-25 04:21:48.506006 +0000 build-debian4:      stretch+standard:stretch, buster+standard:buster, bullseye+standard:bullseye, fc29:fedora-29 fc30:fedora-30
2020-02-25 04:21:48.506018 +0000 build-debian4:      fc31:fedora-31 fc29+minimal:fedora-29-minimal fc30+minimal:fedora-30-minimal fc31+minimal:fedora-31-minimal
2020-02-25 04:21:48.506029 +0000 build-debian4:      fc29+xfce:fedora-29-xfce fc30+xfce:fedora-30-xfce fc31+xfce:fedora-31-xfce stretch:debian-9
2020-02-25 04:21:48.506040 +0000 build-debian4:      buster:debian-10 bullseye:debian-11 stretch+whonix-gateway+minimal+no-recommends:whonix-gw-14
2020-02-25 04:21:48.506050 +0000 build-debian4:      stretch+whonix-workstation+minimal+no-recommends:whonix-ws-14
2020-02-25 04:21:48.506059 +0000 build-debian4:      buster+whonix-gateway+minimal+no-recommends:whonix-gw-15
2020-02-25 04:21:48.506070 +0000 build-debian4:      buster+whonix-workstation+minimal+no-recommends:whonix-ws-15 centos7:centos-7
2020-02-25 04:21:48.506079 +0000 build-debian4:      centos7+minimal:centos-7-minimal centos7+xfce:centos-7-xfce
2020-02-25 04:21:48.544949 +0000 build-debian4: > running make
2020-02-25 04:21:48.564895 +0000 build-debian4: Makefile:812: target 'internal-update-repo-current.vm.bullseye.python-daemon' does not exist
2020-02-25 04:21:48.564936 +0000 build-debian4: repo_base_var="LINUX_REPO_bullseye_BASEDIR"; \
2020-02-25 04:21:48.564949 +0000 build-debian4: if [ "python-daemon" = linux-template-builder ]; then \
2020-02-25 04:21:48.564960 +0000 build-debian4: .# templates belongs to dom0 repository, even though PACKAGE_SET=vm
2020-02-25 04:21:48.564969 +0000 build-debian4: repo_base_var="LINUX_REPO__BASEDIR"; \
2020-02-25 04:21:48.564976 +0000 build-debian4: fi; \
2020-02-25 04:21:48.564989 +0000 build-debian4: if [ -n "${!repo_base_var}" ]; then \
2020-02-25 04:21:48.564998 +0000 build-debian4: .repo_basedir="${!repo_base_var}"; \
2020-02-25 04:21:48.565004 +0000 build-debian4: else \
2020-02-25 04:21:48.565013 +0000 build-debian4: .repo_basedir="qubes-src/linux-deb/r4.1"; \
2020-02-25 04:21:48.565019 +0000 build-debian4: fi; \
2020-02-25 04:21:48.565029 +0000 build-debian4: if [ -r qubes-src/python-daemon/Makefile.builder ]; then \
2020-02-25 04:21:48.565038 +0000 build-debian4: .echo -n "Updating qubes-src/python-daemon... "; \
2020-02-25 04:21:48.565061 +0000 build-debian4: .if [ "0" -eq 1 ]; then \
2020-02-25 04:21:48.565072 +0000 build-debian4: ..vtag=`git -C qubes-src/python-daemon tag --points-at HEAD --list v*`; \
2020-02-25 04:21:48.565080 +0000 build-debian4: ..if [ -z "$vtag" ]; then \
2020-02-25 04:21:48.565088 +0000 build-debian4: ...echo "no version tag"; \
2020-02-25 04:21:48.565095 +0000 build-debian4: ...exit 0; \
2020-02-25 04:21:48.565102 +0000 build-debian4: ..fi; \
2020-02-25 04:21:48.565108 +0000 build-debian4: .fi; \
2020-02-25 04:21:48.565117 +0000 build-debian4: .if [ "python-daemon" = linux-template-builder ]; then
2020-02-25 04:21:48.565131 +0000 build-debian4: export TEMPLATE_NAME=$(MAKEFLAGS= make -s -C qubes-src/linux-template-builder DIST=bullseye template-name)
2020-02-25 04:21:48.565138 +0000 build-debian4: fi
2020-02-25 04:21:48.565157 +0000 build-debian4: component_packages=$(MAKEFLAGS= make -s -f Makefile.generic DIST=bullseye PACKAGE_SET=vm COMPONENT=`basename qubes-src/python-daemon` UPDATE_REPO=/home/user/builder-r4.1/$repo_basedir/current/vm/bullseye get-var GET_VAR=PACKAGE_LIST); \
2020-02-25 04:21:48.565167 +0000 build-debian4: .if [ -z "$component_packages" ]; then \
2020-02-25 04:21:48.565174 +0000 build-debian4: ..echo "no packages."; \
2020-02-25 04:21:48.565181 +0000 build-debian4: ..exit 0; \
2020-02-25 04:21:48.565187 +0000 build-debian4: .fi; \
2020-02-25 04:21:48.565197 +0000 build-debian4: .make -s -f Makefile.generic DIST=bullseye PACKAGE_SET=vm \
2020-02-25 04:21:48.565205 +0000 build-debian4: ..COMPONENT=`basename qubes-src/python-daemon` \
2020-02-25 04:21:48.565213 +0000 build-debian4: ..SNAPSHOT_REPO=current-testing \
2020-02-25 04:21:48.565220 +0000 build-debian4: ..TARGET_REPO=current \
2020-02-25 04:21:48.565230 +0000 build-debian4: ..UPDATE_REPO=/home/user/builder-r4.1/$repo_basedir/current/vm/bullseye \
2020-02-25 04:21:48.565243 +0000 build-debian4: ..SNAPSHOT_FILE=/home/user/builder-r4.1/repo-latest-snapshot/current-testing-vm-bullseye-`basename qubes-src/python-daemon` \
2020-02-25 04:21:48.565250 +0000 build-debian4: ..BUILD_LOG_URL= \
2020-02-25 04:21:48.565259 +0000 build-debian4: ..update-repo-from-snapshot || exit 1; \
2020-02-25 04:21:48.565269 +0000 build-debian4: elif make -C qubes-src/python-daemon -n update-repo-current >/dev/null 2>/dev/null; then \
2020-02-25 04:21:48.565278 +0000 build-debian4: .echo "Updating qubes-src/python-daemon... "; \
2020-02-25 04:21:48.565289 +0000 build-debian4: .DIST=bullseye UPDATE_REPO=/home/user/builder-r4.1/$repo_basedir/current/vm/bullseye \
2020-02-25 04:21:48.565298 +0000 build-debian4: .make -s -C qubes-src/python-daemon update-repo-current || exit 1; \
2020-02-25 04:21:48.565305 +0000 build-debian4: else \
2020-02-25 04:21:48.565314 +0000 build-debian4: .echo -n "Updating qubes-src/python-daemon... skipping."; \
2020-02-25 04:21:48.565333 +0000 build-debian4: fi; \
2020-02-25 04:21:48.565339 +0000 build-debian4: echo
2020-02-25 04:21:48.585247 +0000 build-debian4: Updating qubes-src/python-daemon... no packages.
2020-02-25 04:21:48.586613 +0000 build-debian4: Makefile:785: update target 'internal-update-repo-current.vm.bullseye' due to: internal-update-repo-current.vm.bullseye.python-daemon
2020-02-25 04:21:48.586651 +0000 build-debian4: true
2020-02-25 04:21:48.586886 +0000 build-debian4: Makefile:812: target 'internal-update-repo-current.vm.buster.python-daemon' does not exist
2020-02-25 04:21:48.586909 +0000 build-debian4: repo_base_var="LINUX_REPO_buster_BASEDIR"; \
2020-02-25 04:21:48.586920 +0000 build-debian4: if [ "python-daemon" = linux-template-builder ]; then \
2020-02-25 04:21:48.586931 +0000 build-debian4: .# templates belongs to dom0 repository, even though PACKAGE_SET=vm
2020-02-25 04:21:48.586939 +0000 build-debian4: repo_base_var="LINUX_REPO__BASEDIR"; \
2020-02-25 04:21:48.586946 +0000 build-debian4: fi; \
2020-02-25 04:21:48.586954 +0000 build-debian4: if [ -n "${!repo_base_var}" ]; then \
2020-02-25 04:21:48.586962 +0000 build-debian4: .repo_basedir="${!repo_base_var}"; \
2020-02-25 04:21:48.586981 +0000 build-debian4: else \
2020-02-25 04:21:48.586990 +0000 build-debian4: .repo_basedir="qubes-src/linux-deb/r4.1"; \
2020-02-25 04:21:48.586997 +0000 build-debian4: fi; \
2020-02-25 04:21:48.587006 +0000 build-debian4: if [ -r qubes-src/python-daemon/Makefile.builder ]; then \
2020-02-25 04:21:48.587014 +0000 build-debian4: .echo -n "Updating qubes-src/python-daemon... "; \
2020-02-25 04:21:48.587022 +0000 build-debian4: .if [ "0" -eq 1 ]; then \
2020-02-25 04:21:48.587032 +0000 build-debian4: ..vtag=`git -C qubes-src/python-daemon tag --points-at HEAD --list v*`; \
2020-02-25 04:21:48.587039 +0000 build-debian4: ..if [ -z "$vtag" ]; then \
2020-02-25 04:21:48.587047 +0000 build-debian4: ...echo "no version tag"; \
2020-02-25 04:21:48.587054 +0000 build-debian4: ...exit 0; \
2020-02-25 04:21:48.587060 +0000 build-debian4: ..fi; \
2020-02-25 04:21:48.587066 +0000 build-debian4: .fi; \
2020-02-25 04:21:48.587075 +0000 build-debian4: .if [ "python-daemon" = linux-template-builder ]; then
2020-02-25 04:21:48.587087 +0000 build-debian4: export TEMPLATE_NAME=$(MAKEFLAGS= make -s -C qubes-src/linux-template-builder DIST=buster template-name)
2020-02-25 04:21:48.587094 +0000 build-debian4: fi
2020-02-25 04:21:48.587112 +0000 build-debian4: component_packages=$(MAKEFLAGS= make -s -f Makefile.generic DIST=buster PACKAGE_SET=vm COMPONENT=`basename qubes-src/python-daemon` UPDATE_REPO=/home/user/builder-r4.1/$repo_basedir/current/vm/buster get-var GET_VAR=PACKAGE_LIST); \
2020-02-25 04:21:48.587121 +0000 build-debian4: .if [ -z "$component_packages" ]; then \
2020-02-25 04:21:48.587129 +0000 build-debian4: ..echo "no packages."; \
2020-02-25 04:21:48.587136 +0000 build-debian4: ..exit 0; \
2020-02-25 04:21:48.587142 +0000 build-debian4: .fi; \
2020-02-25 04:21:48.587151 +0000 build-debian4: .make -s -f Makefile.generic DIST=buster PACKAGE_SET=vm \
2020-02-25 04:21:48.587159 +0000 build-debian4: ..COMPONENT=`basename qubes-src/python-daemon` \
2020-02-25 04:21:48.587167 +0000 build-debian4: ..SNAPSHOT_REPO=current-testing \
2020-02-25 04:21:48.587174 +0000 build-debian4: ..TARGET_REPO=current \
2020-02-25 04:21:48.587184 +0000 build-debian4: ..UPDATE_REPO=/home/user/builder-r4.1/$repo_basedir/current/vm/buster \
2020-02-25 04:21:48.587196 +0000 build-debian4: ..SNAPSHOT_FILE=/home/user/builder-r4.1/repo-latest-snapshot/current-testing-vm-buster-`basename qubes-src/python-daemon` \
2020-02-25 04:21:48.587203 +0000 build-debian4: ..BUILD_LOG_URL= \
2020-02-25 04:21:48.587211 +0000 build-debian4: ..update-repo-from-snapshot || exit 1; \
2020-02-25 04:21:48.587222 +0000 build-debian4: elif make -C qubes-src/python-daemon -n update-repo-current >/dev/null 2>/dev/null; then \
2020-02-25 04:21:48.587231 +0000 build-debian4: .echo "Updating qubes-src/python-daemon... "; \
2020-02-25 04:21:48.587241 +0000 build-debian4: .DIST=buster UPDATE_REPO=/home/user/builder-r4.1/$repo_basedir/current/vm/buster \
2020-02-25 04:21:48.587250 +0000 build-debian4: .make -s -C qubes-src/python-daemon update-repo-current || exit 1; \
2020-02-25 04:21:48.587257 +0000 build-debian4: else \
2020-02-25 04:21:48.587266 +0000 build-debian4: .echo -n "Updating qubes-src/python-daemon... skipping."; \
2020-02-25 04:21:48.587272 +0000 build-debian4: fi; \
2020-02-25 04:21:48.587278 +0000 build-debian4: echo
2020-02-25 04:21:48.604081 +0000 build-debian4: Updating qubes-src/python-daemon... no packages.
2020-02-25 04:21:48.605280 +0000 build-debian4: Makefile:785: update target 'internal-update-repo-current.vm.buster' due to: internal-update-repo-current.vm.buster.python-daemon
2020-02-25 04:21:48.605315 +0000 build-debian4: true
2020-02-25 04:21:48.606539 +0000 build-debian4: Makefile:812: target 'internal-update-repo-current.vm.stretch.python-daemon' does not exist
2020-02-25 04:21:48.606575 +0000 build-debian4: repo_base_var="LINUX_REPO_stretch_BASEDIR"; \
2020-02-25 04:21:48.606586 +0000 build-debian4: if [ "python-daemon" = linux-template-builder ]; then \
2020-02-25 04:21:48.606630 +0000 build-debian4: .# templates belongs to dom0 repository, even though PACKAGE_SET=vm
2020-02-25 04:21:48.606641 +0000 build-debian4: repo_base_var="LINUX_REPO__BASEDIR"; \
2020-02-25 04:21:48.606647 +0000 build-debian4: fi; \
2020-02-25 04:21:48.606655 +0000 build-debian4: if [ -n "${!repo_base_var}" ]; then \
2020-02-25 04:21:48.606663 +0000 build-debian4: .repo_basedir="${!repo_base_var}"; \
2020-02-25 04:21:48.606669 +0000 build-debian4: else \
2020-02-25 04:21:48.606677 +0000 build-debian4: .repo_basedir="qubes-src/linux-deb/r4.1"; \
2020-02-25 04:21:48.606683 +0000 build-debian4: fi; \
2020-02-25 04:21:48.606695 +0000 build-debian4: if [ -r qubes-src/python-daemon/Makefile.builder ]; then \
2020-02-25 04:21:48.606703 +0000 build-debian4: .echo -n "Updating qubes-src/python-daemon... "; \
2020-02-25 04:21:48.606711 +0000 build-debian4: .if [ "0" -eq 1 ]; then \
2020-02-25 04:21:48.606720 +0000 build-debian4: ..vtag=`git -C qubes-src/python-daemon tag --points-at HEAD --list v*`; \
2020-02-25 04:21:48.606728 +0000 build-debian4: ..if [ -z "$vtag" ]; then \
2020-02-25 04:21:48.606735 +0000 build-debian4: ...echo "no version tag"; \
2020-02-25 04:21:48.606741 +0000 build-debian4: ...exit 0; \
2020-02-25 04:21:48.606748 +0000 build-debian4: ..fi; \
2020-02-25 04:21:48.606754 +0000 build-debian4: .fi; \
2020-02-25 04:21:48.606762 +0000 build-debian4: .if [ "python-daemon" = linux-template-builder ]; then
2020-02-25 04:21:48.606773 +0000 build-debian4: export TEMPLATE_NAME=$(MAKEFLAGS= make -s -C qubes-src/linux-template-builder DIST=stretch template-name)
2020-02-25 04:21:48.606779 +0000 build-debian4: fi
2020-02-25 04:21:48.606799 +0000 build-debian4: component_packages=$(MAKEFLAGS= make -s -f Makefile.generic DIST=stretch PACKAGE_SET=vm COMPONENT=`basename qubes-src/python-daemon` UPDATE_REPO=/home/user/builder-r4.1/$repo_basedir/current/vm/stretch get-var GET_VAR=PACKAGE_LIST); \
2020-02-25 04:21:48.606808 +0000 build-debian4: .if [ -z "$component_packages" ]; then \
2020-02-25 04:21:48.606815 +0000 build-debian4: ..echo "no packages."; \
2020-02-25 04:21:48.606821 +0000 build-debian4: ..exit 0; \
2020-02-25 04:21:48.606828 +0000 build-debian4: .fi; \
2020-02-25 04:21:48.606836 +0000 build-debian4: .make -s -f Makefile.generic DIST=stretch PACKAGE_SET=vm \
2020-02-25 04:21:48.606844 +0000 build-debian4: ..COMPONENT=`basename qubes-src/python-daemon` \
2020-02-25 04:21:48.606852 +0000 build-debian4: ..SNAPSHOT_REPO=current-testing \
2020-02-25 04:21:48.606859 +0000 build-debian4: ..TARGET_REPO=current \
2020-02-25 04:21:48.606868 +0000 build-debian4: ..UPDATE_REPO=/home/user/builder-r4.1/$repo_basedir/current/vm/stretch \
2020-02-25 04:21:48.606879 +0000 build-debian4: ..SNAPSHOT_FILE=/home/user/builder-r4.1/repo-latest-snapshot/current-testing-vm-stretch-`basename qubes-src/python-daemon` \
2020-02-25 04:21:48.606886 +0000 build-debian4: ..BUILD_LOG_URL= \
2020-02-25 04:21:48.606894 +0000 build-debian4: ..update-repo-from-snapshot || exit 1; \
2020-02-25 04:21:48.606904 +0000 build-debian4: elif make -C qubes-src/python-daemon -n update-repo-current >/dev/null 2>/dev/null; then \
2020-02-25 04:21:48.606912 +0000 build-debian4: .echo "Updating qubes-src/python-daemon... "; \
2020-02-25 04:21:48.606922 +0000 build-debian4: .DIST=stretch UPDATE_REPO=/home/user/builder-r4.1/$repo_basedir/current/vm/stretch \
2020-02-25 04:21:48.606931 +0000 build-debian4: .make -s -C qubes-src/python-daemon update-repo-current || exit 1; \
2020-02-25 04:21:48.606937 +0000 build-debian4: else \
2020-02-25 04:21:48.606946 +0000 build-debian4: .echo -n "Updating qubes-src/python-daemon... skipping."; \
2020-02-25 04:21:48.606952 +0000 build-debian4: fi; \
2020-02-25 04:21:48.606958 +0000 build-debian4: echo
2020-02-25 04:21:48.622304 +0000 build-debian4: Updating qubes-src/python-daemon... no packages.
2020-02-25 04:21:48.623485 +0000 build-debian4: Makefile:785: update target 'internal-update-repo-current.vm.stretch' due to: internal-update-repo-current.vm.stretch.python-daemon
2020-02-25 04:21:48.623531 +0000 build-debian4: true
2020-02-25 04:21:48.623772 +0000 build-debian4: Makefile:866: target 'post-update-repo-current' does not exist
2020-02-25 04:21:48.623801 +0000 build-debian4: for dist in  bullseye buster stretch; do \
2020-02-25 04:21:48.623813 +0000 build-debian4: .repo_base_var="LINUX_REPO_${dist}_BASEDIR"; \
2020-02-25 04:21:48.623822 +0000 build-debian4: .if [ -n "${!repo_base_var}" ]; then \
2020-02-25 04:21:48.623830 +0000 build-debian4: ..repo_basedir="${!repo_base_var}"; \
2020-02-25 04:21:48.623837 +0000 build-debian4: .else \
2020-02-25 04:21:48.623846 +0000 build-debian4: ..repo_basedir="qubes-src/linux-deb/r4.1"; \
2020-02-25 04:21:48.623852 +0000 build-debian4: .fi; \
2020-02-25 04:21:48.623861 +0000 build-debian4: .repos_to_update="$repos_to_update $repo_basedir"; \
2020-02-25 04:21:48.623867 +0000 build-debian4: done; \
2020-02-25 04:21:48.623874 +0000 build-debian4: pkgset_dist= ; \
2020-02-25 04:21:48.623880 +0000 build-debian4: for dist in ; do \
2020-02-25 04:21:48.623888 +0000 build-debian4: .pkgset_dist="$pkgset_dist dom0/$dist"; \
2020-02-25 04:21:48.623894 +0000 build-debian4: done; \
2020-02-25 04:21:48.623902 +0000 build-debian4: for dist in bullseye buster stretch; do \
2020-02-25 04:21:48.623910 +0000 build-debian4: .pkgset_dist="$pkgset_dist vm/$dist"; \
2020-02-25 04:21:48.623916 +0000 build-debian4: done; \
2020-02-25 04:21:48.623925 +0000 build-debian4: for repo in `echo $repos_to_update|tr ' ' '\n'|sort|uniq`; do \
2020-02-25 04:21:48.623933 +0000 build-debian4: .[ -z "$repo" ] && continue; \
2020-02-25 04:21:48.623941 +0000 build-debian4: .[ -x "$repo/../update_repo-current.sh" ] || continue; \
2020-02-25 04:21:48.623950 +0000 build-debian4: .(cd $repo/.. && ./update_repo-current.sh r4.1 $pkgset_dist); \
2020-02-25 04:21:48.623956 +0000 build-debian4: done
2020-02-25 04:21:48.631924 +0000 build-debian4: --> Processing repo: r4.1/vm/dists/bullseye...
2020-02-25 04:21:48.938984 +0000 build-debian4: --> Processing repo: r4.1/vm/dists/buster...
2020-02-25 04:21:49.541500 +0000 build-debian4: --> Processing repo: r4.1/vm/dists/stretch...
2020-02-25 04:21:50.096092 +0000 build-debian4: Done.
2020-02-25 04:21:50.099737 +0000 build-debian4: ~/builder-r4.1/qubes-src/linux-deb ~/builder-r4.1/qubes-src/linux-deb
2020-02-25 04:21:50.211898 +0000 build-debian4: sending incremental file list
2020-02-25 04:21:50.434279 +0000 build-debian4: Syncing r4.1/vm/bullseye...
2020-02-25 04:21:50.576156 +0000 build-debian4: sending incremental file list
2020-02-25 04:21:50.638300 +0000 build-debian4: .d..t...... bullseye/
2020-02-25 04:21:50.638349 +0000 build-debian4: <f..t...... bullseye/InRelease
2020-02-25 04:21:50.638365 +0000 build-debian4: .            700  27%    0.00kB/s    0:00:00  .          2,501 100%    1.72MB/s    0:00:00 (xfr#1, to-chk=10/12)
2020-02-25 04:21:50.638375 +0000 build-debian4: <f..t...... bullseye/Release.gpg
2020-02-25 04:21:50.638387 +0000 build-debian4: .            833 100%  813.48kB/s    0:00:00  .            833 100%  813.48kB/s    0:00:00 (xfr#2, to-chk=8/12)
2020-02-25 04:21:50.718166 +0000 build-debian4: Syncing r4.1/vm/bullseye-testing...
2020-02-25 04:21:50.953220 +0000 build-debian4: sending incremental file list
2020-02-25 04:21:51.053222 +0000 build-debian4: Syncing r4.1/vm/buster...
2020-02-25 04:21:51.219442 +0000 build-debian4: sending incremental file list
2020-02-25 04:21:51.296147 +0000 build-debian4: .d..t...... buster/
2020-02-25 04:21:51.296197 +0000 build-debian4: <f..t...... buster/InRelease
2020-02-25 04:21:51.296316 +0000 build-debian4: .            700  28%    0.00kB/s    0:00:00  .          2,497 100%    1.71MB/s    0:00:00 (xfr#1, to-chk=10/12)
2020-02-25 04:21:51.296335 +0000 build-debian4: <f..t...... buster/Release.gpg
2020-02-25 04:21:51.296348 +0000 build-debian4: .            833 100%  813.48kB/s    0:00:00  .            833 100%  813.48kB/s    0:00:00 (xfr#2, to-chk=8/12)
2020-02-25 04:21:51.383058 +0000 build-debian4: Syncing r4.1/vm/buster-testing...
2020-02-25 04:21:51.529063 +0000 build-debian4: sending incremental file list
2020-02-25 04:21:51.713394 +0000 build-debian4: Syncing r4.1/vm/stretch...
2020-02-25 04:21:51.866931 +0000 build-debian4: sending incremental file list
2020-02-25 04:21:51.936230 +0000 build-debian4: .d..t...... stretch/
2020-02-25 04:21:51.936279 +0000 build-debian4: <f..t...... stretch/InRelease
2020-02-25 04:21:51.936295 +0000 build-debian4: .            700  28%    0.00kB/s    0:00:00  .          2,499 100%    1.72MB/s    0:00:00 (xfr#1, to-chk=10/12)
2020-02-25 04:21:51.936304 +0000 build-debian4: <f..t...... stretch/Release.gpg
2020-02-25 04:21:51.936316 +0000 build-debian4: .            833 100%  813.48kB/s    0:00:00  .            833 100%  813.48kB/s    0:00:00 (xfr#2, to-chk=8/12)
2020-02-25 04:21:52.019443 +0000 build-debian4: Syncing r4.1/vm/stretch-testing...
2020-02-25 04:21:52.166729 +0000 build-debian4: sending incremental file list
2020-02-25 04:21:52.311089 +0000 build-debian4: ~/builder-r4.1/qubes-src/linux-deb
2020-02-25 04:21:52.349281 +0000 build-debian4: Makefile:772: update target 'update-repo-current' due to: internal-update-repo-current.vm.bullseye internal-update-repo-current.vm.buster internal-update-repo-current.vm.stretch post-update-repo-current
2020-02-25 04:21:52.349333 +0000 build-debian4: true
2020-02-25 04:21:52.349918 +0000 build-debian4: > done
2020-02-25 04:21:52.349950 +0000 > closing log
