2020-03-17 01:48:32.872602 +0000 > starting log
2020-03-17 01:48:32.872912 +0000 build-debian4: > starting build with log
2020-03-17 01:48:32.872954 +0000 build-debian4: >> make args: DISTS_VM= bullseye buster stretch DIST_DOM0= BUILD_LOGS_URL= linux-utils-vm-bullseye=https://github.com/QubesOS/build-logs/tree/master/build-debian4/log_2020-03-17_01-42-35 linux-utils-vm-buster=https://github.com/QubesOS/build-logs/tree/master/build-debian4/log_2020-03-17_01-45-00 linux-utils-vm-stretch=https://github.com/QubesOS/build-logs/tree/master/build-debian4/log_2020-03-17_01-47-14 GIT_URL_linux_utils=https://github.com/QubesOS/qubes-linux-utils sign-all update-repo-current-testing
2020-03-17 01:48:32.872965 +0000 build-debian4: >> MAKEFLAGS=
2020-03-17 01:48:32.872973 +0000 build-debian4: >> COMPONENTS=linux-utils
2020-03-17 01:48:32.872981 +0000 build-debian4: >> DISTS_VM=
2020-03-17 01:48:32.872988 +0000 build-debian4: >> DIST_DOM0=
2020-03-17 01:48:32.872997 +0000 build-debian4: >> qubes-builder 498379bbc5f69f3724f4ccd06851d91efafbd0f9
2020-03-17 01:48:32.873004 +0000 build-debian4: ?? rpmdb/Basenames
2020-03-17 01:48:32.873012 +0000 build-debian4: ?? rpmdb/Conflictname
2020-03-17 01:48:32.873019 +0000 build-debian4: ?? rpmdb/Dirnames
2020-03-17 01:48:32.873026 +0000 build-debian4: ?? rpmdb/Enhancename
2020-03-17 01:48:32.873033 +0000 build-debian4: ?? rpmdb/Filetriggername
2020-03-17 01:48:32.873040 +0000 build-debian4: ?? rpmdb/Group
2020-03-17 01:48:32.873047 +0000 build-debian4: ?? rpmdb/Installtid
2020-03-17 01:48:32.873054 +0000 build-debian4: ?? rpmdb/Name
2020-03-17 01:48:32.873061 +0000 build-debian4: ?? rpmdb/Obsoletename
2020-03-17 01:48:32.873068 +0000 build-debian4: ?? rpmdb/Packages
2020-03-17 01:48:32.873075 +0000 build-debian4: ?? rpmdb/Providename
2020-03-17 01:48:32.873083 +0000 build-debian4: ?? rpmdb/Recommendname
2020-03-17 01:48:32.873090 +0000 build-debian4: ?? rpmdb/Requirename
2020-03-17 01:48:32.873097 +0000 build-debian4: ?? rpmdb/Sha1header
2020-03-17 01:48:32.873104 +0000 build-debian4: ?? rpmdb/Sigmd5
2020-03-17 01:48:32.873111 +0000 build-debian4: ?? rpmdb/Suggestname
2020-03-17 01:48:32.873118 +0000 build-debian4: ?? rpmdb/Supplementname
2020-03-17 01:48:32.873126 +0000 build-debian4: ?? rpmdb/Transfiletriggername
2020-03-17 01:48:32.873150 +0000 build-debian4: ?? rpmdb/Triggername
2020-03-17 01:48:32.873160 +0000 build-debian4: ?? rpmdb/__db.001
2020-03-17 01:48:32.873167 +0000 build-debian4: ?? rpmdb/__db.002
2020-03-17 01:48:32.873174 +0000 build-debian4: ?? rpmdb/__db.003
2020-03-17 01:48:32.873188 +0000 build-debian4: cff35fce8f5cfbc00390291ade07bafccdfb62eca60f94d10f138680a08af08e3e6f2ba334848ecd5915104466fd3faab090227da8a3e038c9ff1ef6f2f6d8d9  rpmdb/Basenames
2020-03-17 01:48:32.873202 +0000 build-debian4: 9abba56e01d26ba25bc7176f8d544ee17658cb97cea4b06bc337f4aa968cd7e3a27197354ff28d8b9a155e9865df0938face2a33c460c72c754d304cdc547dbf  rpmdb/Conflictname
2020-03-17 01:48:32.873523 +0000 build-debian4: a851c9f3609e28dc16f60dcb51effe890a99fb49603103bed0f20c3ac93a794ab22721897bfa9259b24cb532654f63fd7db112c89c9dadb4f26e31d0730478b5  rpmdb/Dirnames
2020-03-17 01:48:32.873559 +0000 build-debian4: 91c34df76153fd0d8b074ad63af09218bfc8b972a402373d8f916e2672c6e71b00757d8da9ee4b2f5adf4227d03f06f6ceaba0c127b5c7af6703fc6184f5a603  rpmdb/Enhancename
2020-03-17 01:48:32.873574 +0000 build-debian4: da8ccb9717df1d6f24edd370a280ce816f879f4117ae03241ddd250f4dd74c94484cfee31037fb49a71cb4112c9fed7742d5bc5943538971aef03b2e3da218ae  rpmdb/Filetriggername
2020-03-17 01:48:32.873588 +0000 build-debian4: 7300f317899eb30adeec7e0c239e55b7d126e9d1d32053f31705e3814b523535984923485e14e6467d04de345d63fb0d1ca4fb1b28263b9bb762cd8340dc722f  rpmdb/Group
2020-03-17 01:48:32.873602 +0000 build-debian4: 08b269da63ce678411235e53ee54ab375ba60181138b17531f8b06afea4a5948d36077ab36397ca8f74d6f10aa7530df818d029d8d8ffe6e28cce2f37459ee80  rpmdb/Installtid
2020-03-17 01:48:32.873615 +0000 build-debian4: f3d167ce5dd5095647b21fff0024539708de45a57ddfc5da800cc5805fc37d7439ddc636b9ecd75459d6103330723ccf70ca53360fe3ac7b258875c5021d4a4c  rpmdb/Name
2020-03-17 01:48:32.873642 +0000 build-debian4: efa92d26ee53fec47e4c7a344932ef1fa9ff152c355e982c79efc162a3d8db3a102ff211887467dfb0d02dd471f7d3253739fc1d6fc398f0aab6bd757bf020e4  rpmdb/Obsoletename
2020-03-17 01:48:32.873656 +0000 build-debian4: 1dccbe52bab76f87c72343ef4bea1efa8edd4e7656f5e6bad13945a9a22bfcc43858906583dc2f52485616ca9a4e47c9beae5308d9c49ee4082d3dae5af2c9a5  rpmdb/Packages
2020-03-17 01:48:32.873670 +0000 build-debian4: 18d63ad3b2e468e8e4dc535a6ac495da306f3e86e6b8d1acc2f5b96ef8948821c3b13ad0ceae00ef66688265df86827c5418a52f78b20a5018f68ad8d35f495c  rpmdb/Providename
2020-03-17 01:48:32.873683 +0000 build-debian4: 0f7e20775dff284958ab37d22230e028e2cbb7bac14ca0a18c4f9dcf851af6c659b7b361c90745fb604ff2f9bc8073f43acb802a9e0fe77c518078579aaa1a77  rpmdb/Recommendname
2020-03-17 01:48:32.873697 +0000 build-debian4: 99caf69f7632e4972aaf5df642adde853737ebfe8c1d27d08377d4bfd2a0250b8e7dc4386a2fb9128183b31f39ebfc0672372fd7358361c7a7fd9a56ad3d4ff3  rpmdb/Requirename
2020-03-17 01:48:32.873711 +0000 build-debian4: 2205bb42662a209547fce7b8db8c8fd6ffbbf1d5dec17929d5078f34436ff39c6afebc3333a1a9c5f4032ccd9db35460d61f7d8c1fd948fb43f005af0e9b29a6  rpmdb/Sha1header
2020-03-17 01:48:32.873724 +0000 build-debian4: 73e58c825d7a3b94f8a6e70e577ea7706032604813c6c51842449beab93f00fdc5bb291b15053919c114553c302676520b5e96376720dbc4db1f8e55ff1bf8bf  rpmdb/Sigmd5
2020-03-17 01:48:32.873737 +0000 build-debian4: 3a553cace72ea2d82ffc7b8c09ef8db0ceababdcc7b20aa2798f3e39be7bb23122831c51430c3e3bbf4870eabf3c98d66a41003d41f1718a7ae0bdfe31360331  rpmdb/Suggestname
2020-03-17 01:48:32.873751 +0000 build-debian4: 30cfca733536946e75f55c1244344063b95ec694bb48d2b836e5b78a759fff65118bbea9138027f1f8f88edfc09b1b1e1e2faf13eb1d18feed03a61b615fc8b9  rpmdb/Supplementname
2020-03-17 01:48:32.873765 +0000 build-debian4: 8612faad7fd4e8766cdb350361e18c6dafcf6ede4b8b2919b8212bfb8140705bf777225291588a43d4afc96b65f8337264587da270457239e1e17d8084ae3d36  rpmdb/Transfiletriggername
2020-03-17 01:48:32.873779 +0000 build-debian4: 1c707af8aadf0b67e79c5917f947f67eed43f7e34e1830bac6fd7ac4c496336225d80ad01dc1b130448571ade3376aa2e89306a1537c0a3c0537bd67be4f9544  rpmdb/Triggername
2020-03-17 01:48:32.873792 +0000 build-debian4: 38041ba56d9b6ea8545eed639ec46946fe7687782b1442c5d00a319b0f247e22a833474f289f817c4c67e69a7abc68d3943af6337fff6c1b18193d1ce9fcada1  rpmdb/__db.001
2020-03-17 01:48:32.873814 +0000 build-debian4: 60831b37731b9aab2d84facf0456d6ae16283a2bb951c318222aebbbf916755585cb1f2425519744998deb12d85e34bd74ba4a71327d449053d3d58c236ad934  rpmdb/__db.002
2020-03-17 01:48:32.873831 +0000 build-debian4: 0c8c8843cebb3415418bf6791d0cc934cc66b72c317b42a22b241ed8f6c04479700f2d710a7c9a3f506bc442c25c7f4a203c32da5594c542389442019aaac741  rpmdb/__db.003
2020-03-17 01:48:32.873841 +0000 build-debian4: >> qubes-builder/qubes-src/linux-utils 1113bf318b18f5687b7e45d7eed9caf3b175d84b
2020-03-17 01:48:32.873851 +0000 build-debian4: !! pkgs/vm-bullseye/libqubes-rpc-filecopy-dev_4.1.1+deb11u1_amd64.deb
2020-03-17 01:48:32.873864 +0000 build-debian4: !! pkgs/vm-bullseye/libqubes-rpc-filecopy-dev_4.1.2+deb11u1_amd64.deb
2020-03-17 01:48:32.873874 +0000 build-debian4: !! pkgs/vm-bullseye/libqubes-rpc-filecopy-dev_4.1.3+deb11u1_amd64.deb
2020-03-17 01:48:32.873884 +0000 build-debian4: !! pkgs/vm-bullseye/libqubes-rpc-filecopy-dev_4.1.4+deb11u1_amd64.deb
2020-03-17 01:48:32.873894 +0000 build-debian4: !! pkgs/vm-bullseye/libqubes-rpc-filecopy2-dbgsym_4.1.1+deb11u1_amd64.deb
2020-03-17 01:48:32.873916 +0000 build-debian4: !! pkgs/vm-bullseye/libqubes-rpc-filecopy2-dbgsym_4.1.2+deb11u1_amd64.deb
2020-03-17 01:48:32.873926 +0000 build-debian4: !! pkgs/vm-bullseye/libqubes-rpc-filecopy2-dbgsym_4.1.3+deb11u1_amd64.deb
2020-03-17 01:48:32.873937 +0000 build-debian4: !! pkgs/vm-bullseye/libqubes-rpc-filecopy2-dbgsym_4.1.4+deb11u1_amd64.deb
2020-03-17 01:48:32.873946 +0000 build-debian4: !! pkgs/vm-bullseye/libqubes-rpc-filecopy2_4.1.1+deb11u1_amd64.deb
2020-03-17 01:48:32.873962 +0000 build-debian4: !! pkgs/vm-bullseye/libqubes-rpc-filecopy2_4.1.2+deb11u1_amd64.deb
2020-03-17 01:48:32.873972 +0000 build-debian4: !! pkgs/vm-bullseye/libqubes-rpc-filecopy2_4.1.3+deb11u1_amd64.deb
2020-03-17 01:48:32.873982 +0000 build-debian4: !! pkgs/vm-bullseye/libqubes-rpc-filecopy2_4.1.4+deb11u1_amd64.deb
2020-03-17 01:48:32.873992 +0000 build-debian4: !! pkgs/vm-bullseye/qubes-kernel-vm-support_4.1.1+deb11u1_amd64.deb
2020-03-17 01:48:32.874002 +0000 build-debian4: !! pkgs/vm-bullseye/qubes-kernel-vm-support_4.1.2+deb11u1_amd64.deb
2020-03-17 01:48:32.874012 +0000 build-debian4: !! pkgs/vm-bullseye/qubes-kernel-vm-support_4.1.3+deb11u1_amd64.deb
2020-03-17 01:48:32.874021 +0000 build-debian4: !! pkgs/vm-bullseye/qubes-kernel-vm-support_4.1.4+deb11u1_amd64.deb
2020-03-17 01:48:32.874031 +0000 build-debian4: !! pkgs/vm-bullseye/qubes-utils-dbgsym_4.1.1+deb11u1_amd64.deb
2020-03-17 01:48:32.874041 +0000 build-debian4: !! pkgs/vm-bullseye/qubes-utils-dbgsym_4.1.2+deb11u1_amd64.deb
2020-03-17 01:48:32.874050 +0000 build-debian4: !! pkgs/vm-bullseye/qubes-utils-dbgsym_4.1.3+deb11u1_amd64.deb
2020-03-17 01:48:32.874060 +0000 build-debian4: !! pkgs/vm-bullseye/qubes-utils-dbgsym_4.1.4+deb11u1_amd64.deb
2020-03-17 01:48:32.874069 +0000 build-debian4: !! pkgs/vm-bullseye/qubes-utils_4.1.1+deb11u1.dsc
2020-03-17 01:48:32.874077 +0000 build-debian4: !! pkgs/vm-bullseye/qubes-utils_4.1.1+deb11u1.tar.xz
2020-03-17 01:48:32.874087 +0000 build-debian4: !! pkgs/vm-bullseye/qubes-utils_4.1.1+deb11u1_amd64.buildinfo
2020-03-17 01:48:32.874096 +0000 build-debian4: !! pkgs/vm-bullseye/qubes-utils_4.1.1+deb11u1_amd64.changes
2020-03-17 01:48:32.874105 +0000 build-debian4: !! pkgs/vm-bullseye/qubes-utils_4.1.1+deb11u1_amd64.deb
2020-03-17 01:48:32.874118 +0000 build-debian4: !! pkgs/vm-bullseye/qubes-utils_4.1.2+deb11u1.dsc
2020-03-17 01:48:32.874128 +0000 build-debian4: !! pkgs/vm-bullseye/qubes-utils_4.1.2+deb11u1.tar.xz
2020-03-17 01:48:32.874137 +0000 build-debian4: !! pkgs/vm-bullseye/qubes-utils_4.1.2+deb11u1_amd64.buildinfo
2020-03-17 01:48:32.874146 +0000 build-debian4: !! pkgs/vm-bullseye/qubes-utils_4.1.2+deb11u1_amd64.changes
2020-03-17 01:48:32.874156 +0000 build-debian4: !! pkgs/vm-bullseye/qubes-utils_4.1.2+deb11u1_amd64.deb
2020-03-17 01:48:32.874195 +0000 build-debian4: !! pkgs/vm-bullseye/qubes-utils_4.1.3+deb11u1.dsc
2020-03-17 01:48:32.874207 +0000 build-debian4: !! pkgs/vm-bullseye/qubes-utils_4.1.3+deb11u1.tar.xz
2020-03-17 01:48:32.874216 +0000 build-debian4: !! pkgs/vm-bullseye/qubes-utils_4.1.3+deb11u1_amd64.buildinfo
2020-03-17 01:48:32.874226 +0000 build-debian4: !! pkgs/vm-bullseye/qubes-utils_4.1.3+deb11u1_amd64.changes
2020-03-17 01:48:32.874235 +0000 build-debian4: !! pkgs/vm-bullseye/qubes-utils_4.1.3+deb11u1_amd64.deb
2020-03-17 01:48:32.874244 +0000 build-debian4: !! pkgs/vm-bullseye/qubes-utils_4.1.4+deb11u1.dsc
2020-03-17 01:48:32.874253 +0000 build-debian4: !! pkgs/vm-bullseye/qubes-utils_4.1.4+deb11u1.tar.xz
2020-03-17 01:48:32.874265 +0000 build-debian4: !! pkgs/vm-bullseye/qubes-utils_4.1.4+deb11u1_amd64.buildinfo
2020-03-17 01:48:32.874275 +0000 build-debian4: !! pkgs/vm-bullseye/qubes-utils_4.1.4+deb11u1_amd64.changes
2020-03-17 01:48:32.874285 +0000 build-debian4: !! pkgs/vm-bullseye/qubes-utils_4.1.4+deb11u1_amd64.deb
2020-03-17 01:48:32.874294 +0000 build-debian4: !! pkgs/vm-buster/libqrexec-utils-dev_4.0.23+deb10u1_amd64.deb
2020-03-17 01:48:32.874304 +0000 build-debian4: !! pkgs/vm-buster/libqrexec-utils-dev_4.0.24+deb10u1_amd64.deb
2020-03-17 01:48:32.874313 +0000 build-debian4: !! pkgs/vm-buster/libqrexec-utils2-dbgsym_4.0.23+deb10u1_amd64.deb
2020-03-17 01:48:32.874323 +0000 build-debian4: !! pkgs/vm-buster/libqrexec-utils2-dbgsym_4.0.24+deb10u1_amd64.deb
2020-03-17 01:48:32.874333 +0000 build-debian4: !! pkgs/vm-buster/libqrexec-utils2_4.0.23+deb10u1_amd64.deb
2020-03-17 01:48:32.874342 +0000 build-debian4: !! pkgs/vm-buster/libqrexec-utils2_4.0.24+deb10u1_amd64.deb
2020-03-17 01:48:32.874357 +0000 build-debian4: !! pkgs/vm-buster/libqubes-rpc-filecopy-dev_4.0.23+deb10u1_amd64.deb
2020-03-17 01:48:32.874367 +0000 build-debian4: !! pkgs/vm-buster/libqubes-rpc-filecopy-dev_4.0.24+deb10u1_amd64.deb
2020-03-17 01:48:32.874377 +0000 build-debian4: !! pkgs/vm-buster/libqubes-rpc-filecopy-dev_4.1.0+deb10u1_amd64.deb
2020-03-17 01:48:32.874387 +0000 build-debian4: !! pkgs/vm-buster/libqubes-rpc-filecopy-dev_4.1.1+deb10u1_amd64.deb
2020-03-17 01:48:32.874397 +0000 build-debian4: !! pkgs/vm-buster/libqubes-rpc-filecopy-dev_4.1.2+deb10u1_amd64.deb
2020-03-17 01:48:32.874407 +0000 build-debian4: !! pkgs/vm-buster/libqubes-rpc-filecopy-dev_4.1.3+deb10u1_amd64.deb
2020-03-17 01:48:32.874416 +0000 build-debian4: !! pkgs/vm-buster/libqubes-rpc-filecopy-dev_4.1.4+deb10u1_amd64.deb
2020-03-17 01:48:32.874427 +0000 build-debian4: !! pkgs/vm-buster/libqubes-rpc-filecopy2-dbgsym_4.0.23+deb10u1_amd64.deb
2020-03-17 01:48:32.874437 +0000 build-debian4: !! pkgs/vm-buster/libqubes-rpc-filecopy2-dbgsym_4.0.24+deb10u1_amd64.deb
2020-03-17 01:48:32.874447 +0000 build-debian4: !! pkgs/vm-buster/libqubes-rpc-filecopy2-dbgsym_4.1.0+deb10u1_amd64.deb
2020-03-17 01:48:32.874456 +0000 build-debian4: !! pkgs/vm-buster/libqubes-rpc-filecopy2-dbgsym_4.1.1+deb10u1_amd64.deb
2020-03-17 01:48:32.874466 +0000 build-debian4: !! pkgs/vm-buster/libqubes-rpc-filecopy2-dbgsym_4.1.2+deb10u1_amd64.deb
2020-03-17 01:48:32.874481 +0000 build-debian4: !! pkgs/vm-buster/libqubes-rpc-filecopy2-dbgsym_4.1.3+deb10u1_amd64.deb
2020-03-17 01:48:32.874492 +0000 build-debian4: !! pkgs/vm-buster/libqubes-rpc-filecopy2-dbgsym_4.1.4+deb10u1_amd64.deb
2020-03-17 01:48:32.877616 +0000 build-debian4: !! pkgs/vm-buster/libqubes-rpc-filecopy2_4.0.23+deb10u1_amd64.deb
2020-03-17 01:48:32.877678 +0000 build-debian4: !! pkgs/vm-buster/libqubes-rpc-filecopy2_4.0.24+deb10u1_amd64.deb
2020-03-17 01:48:32.877693 +0000 build-debian4: !! pkgs/vm-buster/libqubes-rpc-filecopy2_4.1.0+deb10u1_amd64.deb
2020-03-17 01:48:32.877707 +0000 build-debian4: !! pkgs/vm-buster/libqubes-rpc-filecopy2_4.1.1+deb10u1_amd64.deb
2020-03-17 01:48:32.877718 +0000 build-debian4: !! pkgs/vm-buster/libqubes-rpc-filecopy2_4.1.2+deb10u1_amd64.deb
2020-03-17 01:48:32.877728 +0000 build-debian4: !! pkgs/vm-buster/libqubes-rpc-filecopy2_4.1.3+deb10u1_amd64.deb
2020-03-17 01:48:32.877737 +0000 build-debian4: !! pkgs/vm-buster/libqubes-rpc-filecopy2_4.1.4+deb10u1_amd64.deb
2020-03-17 01:48:32.877747 +0000 build-debian4: !! pkgs/vm-buster/qubes-kernel-vm-support_4.0.23+deb10u1_amd64.deb
2020-03-17 01:48:32.877757 +0000 build-debian4: !! pkgs/vm-buster/qubes-kernel-vm-support_4.0.24+deb10u1_amd64.deb
2020-03-17 01:48:32.877766 +0000 build-debian4: !! pkgs/vm-buster/qubes-kernel-vm-support_4.1.0+deb10u1_amd64.deb
2020-03-17 01:48:32.877776 +0000 build-debian4: !! pkgs/vm-buster/qubes-kernel-vm-support_4.1.1+deb10u1_amd64.deb
2020-03-17 01:48:32.877785 +0000 build-debian4: !! pkgs/vm-buster/qubes-kernel-vm-support_4.1.2+deb10u1_amd64.deb
2020-03-17 01:48:32.877794 +0000 build-debian4: !! pkgs/vm-buster/qubes-kernel-vm-support_4.1.3+deb10u1_amd64.deb
2020-03-17 01:48:32.877804 +0000 build-debian4: !! pkgs/vm-buster/qubes-kernel-vm-support_4.1.4+deb10u1_amd64.deb
2020-03-17 01:48:32.877813 +0000 build-debian4: !! pkgs/vm-buster/qubes-utils-dbgsym_4.0.23+deb10u1_amd64.deb
2020-03-17 01:48:32.877823 +0000 build-debian4: !! pkgs/vm-buster/qubes-utils-dbgsym_4.0.24+deb10u1_amd64.deb
2020-03-17 01:48:32.877832 +0000 build-debian4: !! pkgs/vm-buster/qubes-utils-dbgsym_4.1.0+deb10u1_amd64.deb
2020-03-17 01:48:32.877841 +0000 build-debian4: !! pkgs/vm-buster/qubes-utils-dbgsym_4.1.1+deb10u1_amd64.deb
2020-03-17 01:48:32.877851 +0000 build-debian4: !! pkgs/vm-buster/qubes-utils-dbgsym_4.1.2+deb10u1_amd64.deb
2020-03-17 01:48:32.877861 +0000 build-debian4: !! pkgs/vm-buster/qubes-utils-dbgsym_4.1.3+deb10u1_amd64.deb
2020-03-17 01:48:32.877871 +0000 build-debian4: !! pkgs/vm-buster/qubes-utils-dbgsym_4.1.4+deb10u1_amd64.deb
2020-03-17 01:48:32.877895 +0000 build-debian4: !! pkgs/vm-buster/qubes-utils_4.0.23+deb10u1.dsc
2020-03-17 01:48:32.877905 +0000 build-debian4: !! pkgs/vm-buster/qubes-utils_4.0.23+deb10u1.tar.xz
2020-03-17 01:48:32.877928 +0000 build-debian4: !! pkgs/vm-buster/qubes-utils_4.0.23+deb10u1_amd64.buildinfo
2020-03-17 01:48:32.877937 +0000 build-debian4: !! pkgs/vm-buster/qubes-utils_4.0.23+deb10u1_amd64.changes
2020-03-17 01:48:32.877945 +0000 build-debian4: !! pkgs/vm-buster/qubes-utils_4.0.23+deb10u1_amd64.deb
2020-03-17 01:48:32.877953 +0000 build-debian4: !! pkgs/vm-buster/qubes-utils_4.0.24+deb10u1.dsc
2020-03-17 01:48:32.877962 +0000 build-debian4: !! pkgs/vm-buster/qubes-utils_4.0.24+deb10u1.tar.xz
2020-03-17 01:48:32.877970 +0000 build-debian4: !! pkgs/vm-buster/qubes-utils_4.0.24+deb10u1_amd64.buildinfo
2020-03-17 01:48:32.877979 +0000 build-debian4: !! pkgs/vm-buster/qubes-utils_4.0.24+deb10u1_amd64.changes
2020-03-17 01:48:32.877987 +0000 build-debian4: !! pkgs/vm-buster/qubes-utils_4.0.24+deb10u1_amd64.deb
2020-03-17 01:48:32.877996 +0000 build-debian4: !! pkgs/vm-buster/qubes-utils_4.1.0+deb10u1.dsc
2020-03-17 01:48:32.878004 +0000 build-debian4: !! pkgs/vm-buster/qubes-utils_4.1.0+deb10u1.tar.xz
2020-03-17 01:48:32.878013 +0000 build-debian4: !! pkgs/vm-buster/qubes-utils_4.1.0+deb10u1_amd64.buildinfo
2020-03-17 01:48:32.878022 +0000 build-debian4: !! pkgs/vm-buster/qubes-utils_4.1.0+deb10u1_amd64.changes
2020-03-17 01:48:32.878030 +0000 build-debian4: !! pkgs/vm-buster/qubes-utils_4.1.0+deb10u1_amd64.deb
2020-03-17 01:48:32.878039 +0000 build-debian4: !! pkgs/vm-buster/qubes-utils_4.1.1+deb10u1.dsc
2020-03-17 01:48:32.878047 +0000 build-debian4: !! pkgs/vm-buster/qubes-utils_4.1.1+deb10u1.tar.xz
2020-03-17 01:48:32.878056 +0000 build-debian4: !! pkgs/vm-buster/qubes-utils_4.1.1+deb10u1_amd64.buildinfo
2020-03-17 01:48:32.878064 +0000 build-debian4: !! pkgs/vm-buster/qubes-utils_4.1.1+deb10u1_amd64.changes
2020-03-17 01:48:32.878073 +0000 build-debian4: !! pkgs/vm-buster/qubes-utils_4.1.1+deb10u1_amd64.deb
2020-03-17 01:48:32.878081 +0000 build-debian4: !! pkgs/vm-buster/qubes-utils_4.1.2+deb10u1.dsc
2020-03-17 01:48:32.878090 +0000 build-debian4: !! pkgs/vm-buster/qubes-utils_4.1.2+deb10u1.tar.xz
2020-03-17 01:48:32.878099 +0000 build-debian4: !! pkgs/vm-buster/qubes-utils_4.1.2+deb10u1_amd64.buildinfo
2020-03-17 01:48:32.878107 +0000 build-debian4: !! pkgs/vm-buster/qubes-utils_4.1.2+deb10u1_amd64.changes
2020-03-17 01:48:32.878116 +0000 build-debian4: !! pkgs/vm-buster/qubes-utils_4.1.2+deb10u1_amd64.deb
2020-03-17 01:48:32.878124 +0000 build-debian4: !! pkgs/vm-buster/qubes-utils_4.1.3+deb10u1.dsc
2020-03-17 01:48:32.878145 +0000 build-debian4: !! pkgs/vm-buster/qubes-utils_4.1.3+deb10u1.tar.xz
2020-03-17 01:48:32.878158 +0000 build-debian4: !! pkgs/vm-buster/qubes-utils_4.1.3+deb10u1_amd64.buildinfo
2020-03-17 01:48:32.878168 +0000 build-debian4: !! pkgs/vm-buster/qubes-utils_4.1.3+deb10u1_amd64.changes
2020-03-17 01:48:32.878177 +0000 build-debian4: !! pkgs/vm-buster/qubes-utils_4.1.3+deb10u1_amd64.deb
2020-03-17 01:48:32.878185 +0000 build-debian4: !! pkgs/vm-buster/qubes-utils_4.1.4+deb10u1.dsc
2020-03-17 01:48:32.878194 +0000 build-debian4: !! pkgs/vm-buster/qubes-utils_4.1.4+deb10u1.tar.xz
2020-03-17 01:48:32.878202 +0000 build-debian4: !! pkgs/vm-buster/qubes-utils_4.1.4+deb10u1_amd64.buildinfo
2020-03-17 01:48:32.878211 +0000 build-debian4: !! pkgs/vm-buster/qubes-utils_4.1.4+deb10u1_amd64.changes
2020-03-17 01:48:32.878219 +0000 build-debian4: !! pkgs/vm-buster/qubes-utils_4.1.4+deb10u1_amd64.deb
2020-03-17 01:48:32.878228 +0000 build-debian4: !! pkgs/vm-stretch/libqrexec-utils-dev_4.0.23+deb9u1_amd64.deb
2020-03-17 01:48:32.878237 +0000 build-debian4: !! pkgs/vm-stretch/libqrexec-utils-dev_4.0.24+deb9u1_amd64.deb
2020-03-17 01:48:32.878246 +0000 build-debian4: !! pkgs/vm-stretch/libqrexec-utils2-dbgsym_4.0.23+deb9u1_amd64.deb
2020-03-17 01:48:32.878255 +0000 build-debian4: !! pkgs/vm-stretch/libqrexec-utils2-dbgsym_4.0.24+deb9u1_amd64.deb
2020-03-17 01:48:32.878271 +0000 build-debian4: !! pkgs/vm-stretch/libqrexec-utils2_4.0.23+deb9u1_amd64.deb
2020-03-17 01:48:32.878281 +0000 build-debian4: !! pkgs/vm-stretch/libqrexec-utils2_4.0.24+deb9u1_amd64.deb
2020-03-17 01:48:32.878290 +0000 build-debian4: !! pkgs/vm-stretch/libqubes-rpc-filecopy-dev_4.0.23+deb9u1_amd64.deb
2020-03-17 01:48:32.878300 +0000 build-debian4: !! pkgs/vm-stretch/libqubes-rpc-filecopy-dev_4.0.24+deb9u1_amd64.deb
2020-03-17 01:48:32.878309 +0000 build-debian4: !! pkgs/vm-stretch/libqubes-rpc-filecopy-dev_4.1.0+deb9u1_amd64.deb
2020-03-17 01:48:32.878318 +0000 build-debian4: !! pkgs/vm-stretch/libqubes-rpc-filecopy-dev_4.1.1+deb9u1_amd64.deb
2020-03-17 01:48:32.878327 +0000 build-debian4: !! pkgs/vm-stretch/libqubes-rpc-filecopy-dev_4.1.2+deb9u1_amd64.deb
2020-03-17 01:48:32.878346 +0000 build-debian4: !! pkgs/vm-stretch/libqubes-rpc-filecopy-dev_4.1.3+deb9u1_amd64.deb
2020-03-17 01:48:32.878356 +0000 build-debian4: !! pkgs/vm-stretch/libqubes-rpc-filecopy-dev_4.1.4+deb9u1_amd64.deb
2020-03-17 01:48:32.878365 +0000 build-debian4: !! pkgs/vm-stretch/libqubes-rpc-filecopy2-dbgsym_4.0.23+deb9u1_amd64.deb
2020-03-17 01:48:32.878375 +0000 build-debian4: !! pkgs/vm-stretch/libqubes-rpc-filecopy2-dbgsym_4.0.24+deb9u1_amd64.deb
2020-03-17 01:48:32.878384 +0000 build-debian4: !! pkgs/vm-stretch/libqubes-rpc-filecopy2-dbgsym_4.1.0+deb9u1_amd64.deb
2020-03-17 01:48:32.878393 +0000 build-debian4: !! pkgs/vm-stretch/libqubes-rpc-filecopy2-dbgsym_4.1.1+deb9u1_amd64.deb
2020-03-17 01:48:32.878403 +0000 build-debian4: !! pkgs/vm-stretch/libqubes-rpc-filecopy2-dbgsym_4.1.2+deb9u1_amd64.deb
2020-03-17 01:48:32.878412 +0000 build-debian4: !! pkgs/vm-stretch/libqubes-rpc-filecopy2-dbgsym_4.1.3+deb9u1_amd64.deb
2020-03-17 01:48:32.878422 +0000 build-debian4: !! pkgs/vm-stretch/libqubes-rpc-filecopy2-dbgsym_4.1.4+deb9u1_amd64.deb
2020-03-17 01:48:32.878430 +0000 build-debian4: !! pkgs/vm-stretch/libqubes-rpc-filecopy2_4.0.23+deb9u1_amd64.deb
2020-03-17 01:48:32.878439 +0000 build-debian4: !! pkgs/vm-stretch/libqubes-rpc-filecopy2_4.0.24+deb9u1_amd64.deb
2020-03-17 01:48:32.878448 +0000 build-debian4: !! pkgs/vm-stretch/libqubes-rpc-filecopy2_4.1.0+deb9u1_amd64.deb
2020-03-17 01:48:32.878458 +0000 build-debian4: !! pkgs/vm-stretch/libqubes-rpc-filecopy2_4.1.1+deb9u1_amd64.deb
2020-03-17 01:48:32.878469 +0000 build-debian4: !! pkgs/vm-stretch/libqubes-rpc-filecopy2_4.1.2+deb9u1_amd64.deb
2020-03-17 01:48:32.878479 +0000 build-debian4: !! pkgs/vm-stretch/libqubes-rpc-filecopy2_4.1.3+deb9u1_amd64.deb
2020-03-17 01:48:32.878488 +0000 build-debian4: !! pkgs/vm-stretch/libqubes-rpc-filecopy2_4.1.4+deb9u1_amd64.deb
2020-03-17 01:48:32.878497 +0000 build-debian4: !! pkgs/vm-stretch/qubes-kernel-vm-support_4.0.23+deb9u1_amd64.deb
2020-03-17 01:48:32.878506 +0000 build-debian4: !! pkgs/vm-stretch/qubes-kernel-vm-support_4.0.24+deb9u1_amd64.deb
2020-03-17 01:48:32.878516 +0000 build-debian4: !! pkgs/vm-stretch/qubes-kernel-vm-support_4.1.0+deb9u1_amd64.deb
2020-03-17 01:48:32.878525 +0000 build-debian4: !! pkgs/vm-stretch/qubes-kernel-vm-support_4.1.1+deb9u1_amd64.deb
2020-03-17 01:48:32.878534 +0000 build-debian4: !! pkgs/vm-stretch/qubes-kernel-vm-support_4.1.2+deb9u1_amd64.deb
2020-03-17 01:48:32.878543 +0000 build-debian4: !! pkgs/vm-stretch/qubes-kernel-vm-support_4.1.3+deb9u1_amd64.deb
2020-03-17 01:48:32.878552 +0000 build-debian4: !! pkgs/vm-stretch/qubes-kernel-vm-support_4.1.4+deb9u1_amd64.deb
2020-03-17 01:48:32.878561 +0000 build-debian4: !! pkgs/vm-stretch/qubes-utils-dbgsym_4.0.23+deb9u1_amd64.deb
2020-03-17 01:48:32.878570 +0000 build-debian4: !! pkgs/vm-stretch/qubes-utils-dbgsym_4.0.24+deb9u1_amd64.deb
2020-03-17 01:48:32.879457 +0000 build-debian4: !! pkgs/vm-stretch/qubes-utils-dbgsym_4.1.0+deb9u1_amd64.deb
2020-03-17 01:48:32.879470 +0000 build-debian4: !! pkgs/vm-stretch/qubes-utils-dbgsym_4.1.1+deb9u1_amd64.deb
2020-03-17 01:48:32.879480 +0000 build-debian4: !! pkgs/vm-stretch/qubes-utils-dbgsym_4.1.2+deb9u1_amd64.deb
2020-03-17 01:48:32.879503 +0000 build-debian4: !! pkgs/vm-stretch/qubes-utils-dbgsym_4.1.3+deb9u1_amd64.deb
2020-03-17 01:48:32.879513 +0000 build-debian4: !! pkgs/vm-stretch/qubes-utils-dbgsym_4.1.4+deb9u1_amd64.deb
2020-03-17 01:48:32.879522 +0000 build-debian4: !! pkgs/vm-stretch/qubes-utils_4.0.23+deb9u1.dsc
2020-03-17 01:48:32.879531 +0000 build-debian4: !! pkgs/vm-stretch/qubes-utils_4.0.23+deb9u1.tar.xz
2020-03-17 01:48:32.879540 +0000 build-debian4: !! pkgs/vm-stretch/qubes-utils_4.0.23+deb9u1_amd64.buildinfo
2020-03-17 01:48:32.879549 +0000 build-debian4: !! pkgs/vm-stretch/qubes-utils_4.0.23+deb9u1_amd64.changes
2020-03-17 01:48:32.879558 +0000 build-debian4: !! pkgs/vm-stretch/qubes-utils_4.0.23+deb9u1_amd64.deb
2020-03-17 01:48:32.879567 +0000 build-debian4: !! pkgs/vm-stretch/qubes-utils_4.0.24+deb9u1.dsc
2020-03-17 01:48:32.879576 +0000 build-debian4: !! pkgs/vm-stretch/qubes-utils_4.0.24+deb9u1.tar.xz
2020-03-17 01:48:32.879585 +0000 build-debian4: !! pkgs/vm-stretch/qubes-utils_4.0.24+deb9u1_amd64.buildinfo
2020-03-17 01:48:32.879594 +0000 build-debian4: !! pkgs/vm-stretch/qubes-utils_4.0.24+deb9u1_amd64.changes
2020-03-17 01:48:32.879603 +0000 build-debian4: !! pkgs/vm-stretch/qubes-utils_4.0.24+deb9u1_amd64.deb
2020-03-17 01:48:32.879612 +0000 build-debian4: !! pkgs/vm-stretch/qubes-utils_4.1.0+deb9u1.dsc
2020-03-17 01:48:32.879620 +0000 build-debian4: !! pkgs/vm-stretch/qubes-utils_4.1.0+deb9u1.tar.xz
2020-03-17 01:48:32.879630 +0000 build-debian4: !! pkgs/vm-stretch/qubes-utils_4.1.0+deb9u1_amd64.buildinfo
2020-03-17 01:48:32.879639 +0000 build-debian4: !! pkgs/vm-stretch/qubes-utils_4.1.0+deb9u1_amd64.changes
2020-03-17 01:48:32.879648 +0000 build-debian4: !! pkgs/vm-stretch/qubes-utils_4.1.0+deb9u1_amd64.deb
2020-03-17 01:48:32.879656 +0000 build-debian4: !! pkgs/vm-stretch/qubes-utils_4.1.1+deb9u1.dsc
2020-03-17 01:48:32.879665 +0000 build-debian4: !! pkgs/vm-stretch/qubes-utils_4.1.1+deb9u1.tar.xz
2020-03-17 01:48:32.879674 +0000 build-debian4: !! pkgs/vm-stretch/qubes-utils_4.1.1+deb9u1_amd64.buildinfo
2020-03-17 01:48:32.879683 +0000 build-debian4: !! pkgs/vm-stretch/qubes-utils_4.1.1+deb9u1_amd64.changes
2020-03-17 01:48:32.879692 +0000 build-debian4: !! pkgs/vm-stretch/qubes-utils_4.1.1+deb9u1_amd64.deb
2020-03-17 01:48:32.879701 +0000 build-debian4: !! pkgs/vm-stretch/qubes-utils_4.1.2+deb9u1.dsc
2020-03-17 01:48:32.879710 +0000 build-debian4: !! pkgs/vm-stretch/qubes-utils_4.1.2+deb9u1.tar.xz
2020-03-17 01:48:32.879719 +0000 build-debian4: !! pkgs/vm-stretch/qubes-utils_4.1.2+deb9u1_amd64.buildinfo
2020-03-17 01:48:32.879730 +0000 build-debian4: !! pkgs/vm-stretch/qubes-utils_4.1.2+deb9u1_amd64.changes
2020-03-17 01:48:32.879739 +0000 build-debian4: !! pkgs/vm-stretch/qubes-utils_4.1.2+deb9u1_amd64.deb
2020-03-17 01:48:32.879748 +0000 build-debian4: !! pkgs/vm-stretch/qubes-utils_4.1.3+deb9u1.dsc
2020-03-17 01:48:32.879757 +0000 build-debian4: !! pkgs/vm-stretch/qubes-utils_4.1.3+deb9u1.tar.xz
2020-03-17 01:48:32.879766 +0000 build-debian4: !! pkgs/vm-stretch/qubes-utils_4.1.3+deb9u1_amd64.buildinfo
2020-03-17 01:48:32.879775 +0000 build-debian4: !! pkgs/vm-stretch/qubes-utils_4.1.3+deb9u1_amd64.changes
2020-03-17 01:48:32.879784 +0000 build-debian4: !! pkgs/vm-stretch/qubes-utils_4.1.3+deb9u1_amd64.deb
2020-03-17 01:48:32.879793 +0000 build-debian4: !! pkgs/vm-stretch/qubes-utils_4.1.4+deb9u1.dsc
2020-03-17 01:48:32.879802 +0000 build-debian4: !! pkgs/vm-stretch/qubes-utils_4.1.4+deb9u1.tar.xz
2020-03-17 01:48:32.879811 +0000 build-debian4: !! pkgs/vm-stretch/qubes-utils_4.1.4+deb9u1_amd64.buildinfo
2020-03-17 01:48:32.879820 +0000 build-debian4: !! pkgs/vm-stretch/qubes-utils_4.1.4+deb9u1_amd64.changes
2020-03-17 01:48:32.879829 +0000 build-debian4: !! pkgs/vm-stretch/qubes-utils_4.1.4+deb9u1_amd64.deb
2020-03-17 01:48:32.879846 +0000 build-debian4: 3dd7fb80a88e057f9f1c2858c9e3bdbfa0d18a7545f174d272018726ef8b40a080074569c2dcd705832ca33a04693afd7c185d8e23b8d627741cf016cf8c0a60  pkgs/vm-bullseye/libqubes-rpc-filecopy-dev_4.1.1+deb11u1_amd64.deb
2020-03-17 01:48:32.879878 +0000 build-debian4: 3b28169ac7719ab990a789a096dd31b86da335befa42499f703e2b53d73ee6bb44ba35b55561d9b1b0fbcd272219caa97497f72481782e38f9bcfc26bf874505  pkgs/vm-bullseye/libqubes-rpc-filecopy-dev_4.1.2+deb11u1_amd64.deb
2020-03-17 01:48:32.879897 +0000 build-debian4: b6f555414604a0136a6dd960e9da22a0d8f01081b1dcc6525d21ed286b9900926c5c2995bcccc56aa37ec310c319f64419de8b69b25195e2dbab6382d78b22d6  pkgs/vm-bullseye/libqubes-rpc-filecopy-dev_4.1.3+deb11u1_amd64.deb
2020-03-17 01:48:32.879927 +0000 build-debian4: 300578800a480efc6ebc38fe5fcc1b4913245683610b6a5cd78f6f1de532b3d0563439bf59bde2fc22b04d7dc4419efcc7c59f098367d90d438d251130ba9053  pkgs/vm-bullseye/libqubes-rpc-filecopy-dev_4.1.4+deb11u1_amd64.deb
2020-03-17 01:48:32.879944 +0000 build-debian4: 61f3d953cadfcfd64e47bda3d4f7d265cc45d0e295fcbf4525952d3f5a0b363aa469da5f4d81ce8ce8f63689627cd51ea42a58fda64526f04c03a0fcb652e94e  pkgs/vm-bullseye/libqubes-rpc-filecopy2-dbgsym_4.1.1+deb11u1_amd64.deb
2020-03-17 01:48:32.879961 +0000 build-debian4: 9d9d634ea3464d12a6047175c4c15767c56fadbe89dab13aac0883e125bf3cdb6c7016e6ea4e065a32db4353ab8d94d7a1f95addaf62cefb6f7f9f278a9acb9a  pkgs/vm-bullseye/libqubes-rpc-filecopy2-dbgsym_4.1.2+deb11u1_amd64.deb
2020-03-17 01:48:32.879978 +0000 build-debian4: 0e2736f49e89ee079e5813617032072ad5c04682441ae0a88b3146ba426c330320b6fd9aa6717cfae958e0bd1a2642d8452242a06841a8898c751e3803f009fb  pkgs/vm-bullseye/libqubes-rpc-filecopy2-dbgsym_4.1.3+deb11u1_amd64.deb
2020-03-17 01:48:32.879995 +0000 build-debian4: 6650873682fc212025be4bdcae3ceef4c80f4b749c33e289117edd25b9c8e85c6c10c9ab7c7d1fc46353058c98197bfa9b89fee754a0075884f34243e51c7632  pkgs/vm-bullseye/libqubes-rpc-filecopy2-dbgsym_4.1.4+deb11u1_amd64.deb
2020-03-17 01:48:32.880011 +0000 build-debian4: e64ead40569a64a389d0c788237008e673a9fd580380271b30ee12a5e715d56d58cc0c5c405d0a79a761fed9325c09c30a4b477d62fb7cf5402b0dbae75f8f3e  pkgs/vm-bullseye/libqubes-rpc-filecopy2_4.1.1+deb11u1_amd64.deb
2020-03-17 01:48:32.880028 +0000 build-debian4: cd7f192537d5202698a4cb9a1784975671fa1d25d17045dfba9fe2164d88ee5e682f2888661b7260378fee3cfc3e7721b54d0b165e98be2e544e19c8b3b08378  pkgs/vm-bullseye/libqubes-rpc-filecopy2_4.1.2+deb11u1_amd64.deb
2020-03-17 01:48:32.880044 +0000 build-debian4: ef0c128186de9b0c054204ad3575931008213f68641da0c5ccfedeb9d41cf98b6b0d2d2e11b27fa2b8bef07196413e371a2f130b793e0480d5f95e9f6d508192  pkgs/vm-bullseye/libqubes-rpc-filecopy2_4.1.3+deb11u1_amd64.deb
2020-03-17 01:48:32.880061 +0000 build-debian4: b0f45c8f4617a0d47de42f40f45645f6759a50fce8e641dd5c2a0bcb969ba9b586b8897dc492f016747441dadb4071f3f25eaf856e3c1536e77b6b22f690de07  pkgs/vm-bullseye/libqubes-rpc-filecopy2_4.1.4+deb11u1_amd64.deb
2020-03-17 01:48:32.880077 +0000 build-debian4: 04bdb9e3ba9ff95c0b00652027e51e79200b6b7fc362b480c27dba750d4f5dc05b70d13f5ddfcefe52ef297c3239030e1a28c971d33b12f8508ffaee880621c1  pkgs/vm-bullseye/qubes-kernel-vm-support_4.1.1+deb11u1_amd64.deb
2020-03-17 01:48:32.880094 +0000 build-debian4: 399417c5bb8eb3e7ed60d65a4345f25da6b194e50bb595922da01a253391466341182d675f6104d13320dc5d2f6b3dafeca6b4c005613879b4a022585041e0d8  pkgs/vm-bullseye/qubes-kernel-vm-support_4.1.2+deb11u1_amd64.deb
2020-03-17 01:48:32.880111 +0000 build-debian4: d406ebc949a27b83b4901765ce20ba370ed658f82ca6d405915bb90586810754487207a680f102c74c17c800552b4acbb261475e0f801fefa5868cdea5f70bb1  pkgs/vm-bullseye/qubes-kernel-vm-support_4.1.3+deb11u1_amd64.deb
2020-03-17 01:48:32.880127 +0000 build-debian4: faf2fc08b5fc4ac4aa4536fb8b012982f37b1cbc3287b6af03af1f62d4475dbe946f5931bf81ef9581f0732f1de2db98fd30faceec66ed2a32afdf07745dbc21  pkgs/vm-bullseye/qubes-kernel-vm-support_4.1.4+deb11u1_amd64.deb
2020-03-17 01:48:32.880155 +0000 build-debian4: db27e564a0c26c58426fc9f52b8cbbd01c4f1155155a2072f65047533f582283453e193d24c6fd1cd6e25b813d897d1dfff62eefcf8649ea32dae6b240c90a15  pkgs/vm-bullseye/qubes-utils-dbgsym_4.1.1+deb11u1_amd64.deb
2020-03-17 01:48:32.880178 +0000 build-debian4: 759a78f0c0dea3a775cbd9fd83a32340e509342a2527967beb26ef5254086dc97516514f880906f6005f3d34fa3232c67807c6ccbabed2a9921280b3836e0677  pkgs/vm-bullseye/qubes-utils-dbgsym_4.1.2+deb11u1_amd64.deb
2020-03-17 01:48:32.880195 +0000 build-debian4: 074035e4042fd41df262f3c886468c831bb57720ad31835bcc2d814ec2cf15740ec308f9b9e7c0dfa32c6db4c37579d0dec6aa040f3afa0fcd82d21a56188f48  pkgs/vm-bullseye/qubes-utils-dbgsym_4.1.3+deb11u1_amd64.deb
2020-03-17 01:48:32.880212 +0000 build-debian4: 582c604fa88c5be2d1868f7e67f59cde7e29c4b19f6a1460cc4e049be88a8c70408ddd04f7e996c8a789a5230b0abf5239a2ca0bb6542bfcc79d2da6a118651a  pkgs/vm-bullseye/qubes-utils-dbgsym_4.1.4+deb11u1_amd64.deb
2020-03-17 01:48:32.880228 +0000 build-debian4: 968a0d178246f37aa34d1a77e79b8e1cb13aa25da425e433de20844b6f91320295d81b47533925e6a3fdacf1159dba3dfdb79d3753aa561905d10239441c54b2  pkgs/vm-bullseye/qubes-utils_4.1.1+deb11u1.dsc
2020-03-17 01:48:32.880244 +0000 build-debian4: 77d3762b7141d3d62707da4cb3d2337f336c80d91cc03366cac9dc69a9eec8d609ed85368329baadac6cd49bb077e093bbe0beeb96e0c27163b587bfcaac3a51  pkgs/vm-bullseye/qubes-utils_4.1.1+deb11u1.tar.xz
2020-03-17 01:48:32.880268 +0000 build-debian4: 5fc00448083fbb8d07d46f7ee8e7e6b9c8d48230745a6f203797c1a97477536db7a4f7adb9830a2fa09e1602282018a93845e8441db85691fbf2c2f489fad345  pkgs/vm-bullseye/qubes-utils_4.1.1+deb11u1_amd64.buildinfo
2020-03-17 01:48:32.880285 +0000 build-debian4: 3519ea333bf1b147ac3df19913d9a1d07b4723e7b988b25a80a20825b86fa7bc9f2ddb0bda5233710b1e81bc542501c0dff9168f5497e42edcf5abf4a1e8e463  pkgs/vm-bullseye/qubes-utils_4.1.1+deb11u1_amd64.changes
2020-03-17 01:48:32.880301 +0000 build-debian4: 1c52d8b88f7e093dde8e745ce4fe74eed58b64488654d09f608188ea6f2267c577c2e45f6d3bcf9fc9ab1c22764542841d51eb79f7801b5e741a6f8bc9dd3a21  pkgs/vm-bullseye/qubes-utils_4.1.1+deb11u1_amd64.deb
2020-03-17 01:48:32.880317 +0000 build-debian4: daf16afb3fb8600b43a6401c86115609776f4b1244ba2e06b242dba9ebcd294b818e4d39ba7c56612703527872e3ff4c69b1da01da62cfddbd4fb5b58583096c  pkgs/vm-bullseye/qubes-utils_4.1.2+deb11u1.dsc
2020-03-17 01:48:32.880333 +0000 build-debian4: bd75c68217784e313e52de98f7af3a538d5d0c4537eb38797f6260f5ec7481cd2236ce900d2e529e3be9f6e870a31c1ca6e8a4c6666c9b7cd8944b942bcfd4dc  pkgs/vm-bullseye/qubes-utils_4.1.2+deb11u1.tar.xz
2020-03-17 01:48:32.880349 +0000 build-debian4: b111567c0bc5fb776f43f0a30dbb3ad1503a09e276d6b3526599f0f5f891ba2654d84984583022609e7d1fe5818a6fa47ca961898c2961f8134510112f0eba86  pkgs/vm-bullseye/qubes-utils_4.1.2+deb11u1_amd64.buildinfo
2020-03-17 01:48:32.880365 +0000 build-debian4: 2e87ce2a9dff8a61915c9212ba391715ffae17724316231f87eaa54d7f14bdc1a5f7c72321ff31842cb63e8129060751c61af1d10a8c01d98185a1bd2fec1f8b  pkgs/vm-bullseye/qubes-utils_4.1.2+deb11u1_amd64.changes
2020-03-17 01:48:32.880888 +0000 build-debian4: 4b690a6127301b729b268c83b8de42e16bc4341a53fd6c2c2df3a60229fedba5376736906f6be1f962ce6ef5df5f8dd63255d4c5784ed1bb3d1281798c0a4304  pkgs/vm-bullseye/qubes-utils_4.1.2+deb11u1_amd64.deb
2020-03-17 01:48:32.880926 +0000 build-debian4: 7e8d9e2445089b0d76f042557847b4b68eb5cf305491729e236a562956d38fe376a50832f7f65235b2c18c54527c4f438d64dbfaa69f2f1554a598993d0da172  pkgs/vm-bullseye/qubes-utils_4.1.3+deb11u1.dsc
2020-03-17 01:48:32.880944 +0000 build-debian4: 2c0ad0f1fc1386a5bbb55ca8a4178cd9f1f7b8173d8291aadfcd87c937ad950e91721d045591d0b64ae2a7035d9e0051b8ee32dcda377664f46c830185836db9  pkgs/vm-bullseye/qubes-utils_4.1.3+deb11u1.tar.xz
2020-03-17 01:48:32.880960 +0000 build-debian4: 884b7aab1ae5234c71722706d3474ee051701aeb5ca1a7f1c143fab826795a48145d8ab87f092e1790c2336f2d1fb6b7a8338d27a3cffcf43a0878dd1a6d8246  pkgs/vm-bullseye/qubes-utils_4.1.3+deb11u1_amd64.buildinfo
2020-03-17 01:48:32.880977 +0000 build-debian4: 3d737e64a1c2a5af0cf2a046cc86544dfe5a053e107b904b818dfc9c09e624ca6861531e3e24b0fe57971b0385afc2add07de35f7a2466bcb6e41023e1d1729a  pkgs/vm-bullseye/qubes-utils_4.1.3+deb11u1_amd64.changes
2020-03-17 01:48:32.881004 +0000 build-debian4: 92017aee9d335c4d8aa4af4bc5551b712ca4b0086a2455ae41ff70bd0293890b6fd78c3cbf8fc4e349d2f546c4afff8745098511068aa2a531cab360ec7e69e4  pkgs/vm-bullseye/qubes-utils_4.1.3+deb11u1_amd64.deb
2020-03-17 01:48:32.881020 +0000 build-debian4: a2d3a773cde74d91baaa01c01cac237e24566d8b2d2f8bcdb083fd7cedcfeb5fc8fdfe6d8799bd911c438dd3f07d7c4f669ea18183f1e072c50fcd12c821b47a  pkgs/vm-bullseye/qubes-utils_4.1.4+deb11u1.dsc
2020-03-17 01:48:32.881036 +0000 build-debian4: bc62654ded84c5e8db6c26e78db21aba8f448d998761e58e355b87710c8e30630b9975ac0447e4501e6021e5ecd0387fe7f5fb42c1df6d1d404fadee5ea2d826  pkgs/vm-bullseye/qubes-utils_4.1.4+deb11u1.tar.xz
2020-03-17 01:48:32.881052 +0000 build-debian4: 8654abe07d47d89462b9cf41df8c42cb43f9fd55cdd1c55d1704b98ba28829c7334a9626924dc40f32be5ca49fba239e439897c42e7e8bc712f22c960dd8f096  pkgs/vm-bullseye/qubes-utils_4.1.4+deb11u1_amd64.buildinfo
2020-03-17 01:48:32.881068 +0000 build-debian4: 9006a1903f3542c6f60ace6844d0bcff8b6e98dc6d5e8a2522f223fc9afcf923de21c488d4a443476a1f1512f82565bbc493b9634a956c5c079c50bdf09fd461  pkgs/vm-bullseye/qubes-utils_4.1.4+deb11u1_amd64.changes
2020-03-17 01:48:32.881084 +0000 build-debian4: 7f03be8acb1132c3bf533dade642e7de2d8dcfb4865a6c3760a24e3881f02b5ee10e013eeb46aeb66b5377361f2c128f540d34fafcea6c2e3620895ee923c320  pkgs/vm-bullseye/qubes-utils_4.1.4+deb11u1_amd64.deb
2020-03-17 01:48:32.881101 +0000 build-debian4: 389a882ef74f35547d8bf3affdf2d5e34f939143e6c495dae68c18de84f1440336444fa74993401f4c42a32233498ec7c38e0a2649b00dc111aa6bc3e5605031  pkgs/vm-buster/libqrexec-utils-dev_4.0.23+deb10u1_amd64.deb
2020-03-17 01:48:32.881117 +0000 build-debian4: 0248faba099f4db5eb6b2bdd8c4962b70615ea0909065bb751ad331f6fa4e2752c2990c3ce01a26fb8c1a72310bda95a95ac1d7a9b861c34ff7d47b19729c5d5  pkgs/vm-buster/libqrexec-utils-dev_4.0.24+deb10u1_amd64.deb
2020-03-17 01:48:32.881150 +0000 build-debian4: 1c9b0ecf2ea4effc9344c8f0024cb087ca7f979d1cabe1fb64635a95354793f834ad73dec63fe93eb36b9b88935092c182ce2a8c96a376aa3e4750d3af0e1dce  pkgs/vm-buster/libqrexec-utils2-dbgsym_4.0.23+deb10u1_amd64.deb
2020-03-17 01:48:32.881170 +0000 build-debian4: d01db7756f2fdc167d741750b399bf3d5d0808a85ffbe91c34a4387c08dda7a7a96aeff5fb77fc829989c373d781836121429942cd6ae36f07799627584b6c17  pkgs/vm-buster/libqrexec-utils2-dbgsym_4.0.24+deb10u1_amd64.deb
2020-03-17 01:48:32.881196 +0000 build-debian4: a5c88cadf83712af6bb1d9bc849373f830efcec4a651b7e174424bf12f52abaef23c436cf1bc00925beba3d52bcad3ef700d71e7b8d61dc5cc4f68adf6e02809  pkgs/vm-buster/libqrexec-utils2_4.0.23+deb10u1_amd64.deb
2020-03-17 01:48:32.881213 +0000 build-debian4: 0cb8f004c36ddd5a50f537bcf5391df17386de7df5403b0bbdc5e155122b4874dbc77d69b56f237b8b8786ba46d79be39ce70bfee2e18a88daf583aae7fe9633  pkgs/vm-buster/libqrexec-utils2_4.0.24+deb10u1_amd64.deb
2020-03-17 01:48:32.881230 +0000 build-debian4: 73d0d4149e1eba74750cc184464c1606aa06a1a926966fcb764084b243fe34200f18432c4443f116868067a8d9418e3da35dce497df57805f8780f7936f8ae05  pkgs/vm-buster/libqubes-rpc-filecopy-dev_4.0.23+deb10u1_amd64.deb
2020-03-17 01:48:32.881247 +0000 build-debian4: cba4cb4fe7c0ef1e023ef3fc5f0b9583e8736d35d960490ae3151e55078b4e042625bc3c013d78c78f3719125aa277f64e5e091e52966c4686ccd60b6e1ae24a  pkgs/vm-buster/libqubes-rpc-filecopy-dev_4.0.24+deb10u1_amd64.deb
2020-03-17 01:48:32.881267 +0000 build-debian4: 9145e67fd6ed919a8535c1a22fcc7d6b9942a1ff8c74223d5012235e60f37a5cf476476f8449feabe8ffd9d9fe69359eb9cf686f28cf3282b5584ba617de8cb3  pkgs/vm-buster/libqubes-rpc-filecopy-dev_4.1.0+deb10u1_amd64.deb
2020-03-17 01:48:32.881284 +0000 build-debian4: 98fbe6dc7c2211afbbffb84a90e6a3e45f67dbbfdccaf047aa4d559b6f19a9890f249e2d232c3a19ab8c5f9b6d6d4ba18ef7b3402218da46bfcddff5fd40983f  pkgs/vm-buster/libqubes-rpc-filecopy-dev_4.1.1+deb10u1_amd64.deb
