2020-06-14 00:36:50.954121 +0000 > starting log
2020-06-14 00:36:50.954426 +0000 build-debian4: > starting build with log
2020-06-14 00:36:50.954440 +0000 build-debian4: >> make args: update-repo-current
2020-06-14 00:36:50.954449 +0000 build-debian4: >> MAKEFLAGS=
2020-06-14 00:36:50.954457 +0000 build-debian4: >> COMPONENTS=python-objgraph
2020-06-14 00:36:50.954466 +0000 build-debian4: >> DISTS_VM=stretch buster bullseye
2020-06-14 00:36:50.954475 +0000 build-debian4: >> DIST_DOM0=
2020-06-14 00:36:50.954485 +0000 build-debian4: >> qubes-builder 8f62427b204a04149aacf8f9f29565fed6cc964f
2020-06-14 00:36:50.954496 +0000 build-debian4: >> qubes-builder/qubes-src/python-objgraph b1101f169d6df0ddc4740cacdf8f3a6ba97d7b3d
2020-06-14 00:36:50.991390 +0000 build-debian4: ================================================================================
2020-06-14 00:36:50.991436 +0000 build-debian4:                            B U I L D   I N F O                                  
2020-06-14 00:36:50.991450 +0000 build-debian4: Items in red indicate it was automatically generated by configuration file(s)
2020-06-14 00:36:50.991462 +0000 build-debian4: Items in white indicate it was automatically removed by configuration file(s)
2020-06-14 00:36:50.991473 +0000 build-debian4: ================================================================================
2020-06-14 00:36:50.991480 +0000 build-debian4: DISTS_VM:
2020-06-14 00:36:50.993272 +0000 build-debian4:      stretch+standard, buster+standard, bullseye+standard, stretch buster bullseye
2020-06-14 00:36:50.993311 +0000 build-debian4: DISTS_ALL:
2020-06-14 00:36:50.996940 +0000 build-debian4:      vm-bullseye, vm-buster, vm-stretch,
2020-06-14 00:36:50.996979 +0000 build-debian4: DIST_DOM0:
2020-06-14 00:36:51.000719 +0000 build-debian4:     
2020-06-14 00:36:51.000760 +0000 build-debian4: BUILDER_PLUGINS:
2020-06-14 00:36:51.003009 +0000 build-debian4:      builder-debian, mgmt-salt, release-configs, linux-deb, builder-github,
2020-06-14 00:36:51.003046 +0000 build-debian4: COMPONENTS:
2020-06-14 00:36:51.004697 +0000 build-debian4:      python-objgraph,
2020-06-14 00:36:51.004735 +0000 build-debian4: GIT_REPOS:
2020-06-14 00:36:51.008659 +0000 build-debian4:      qubes-src/python-objgraph,
2020-06-14 00:36:51.008697 +0000 build-debian4: TEMPLATE:
2020-06-14 00:36:51.010663 +0000 build-debian4:     
2020-06-14 00:36:51.010701 +0000 build-debian4: TEMPLATE_FLAVOR_DIR:
2020-06-14 00:36:51.013235 +0000 build-debian4:     
2020-06-14 00:36:51.013276 +0000 build-debian4: TEMPLATE_ALIAS:
2020-06-14 00:36:51.016671 +0000 build-debian4:      stretch:stretch+standard, stretch+gnome:stretch+gnome+standard,
2020-06-14 00:36:51.016715 +0000 build-debian4:      stretch+minimal:stretch+minimal+no-recommends, buster:buster+standard, buster+gnome:buster+gnome+standard,
2020-06-14 00:36:51.016729 +0000 build-debian4:      buster+minimal:buster+minimal+no-recommends, bullseye:bullseye+standard,
2020-06-14 00:36:51.016741 +0000 build-debian4:      bullseye+gnome:bullseye+gnome+standard, bullseye+minimal:bullseye+minimal+no-recommends,
2020-06-14 00:36:51.016756 +0000 build-debian4:      whonix-gateway-14:stretch+whonix-gateway+minimal+no-recommends,
2020-06-14 00:36:51.016766 +0000 build-debian4:      whonix-workstation-14:stretch+whonix-workstation+minimal+no-recommends,
2020-06-14 00:36:51.016776 +0000 build-debian4:      whonix-gateway-15:buster+whonix-gateway+minimal+no-recommends,
2020-06-14 00:36:51.016786 +0000 build-debian4:      whonix-workstation-15:buster+whonix-workstation+minimal+no-recommends,
2020-06-14 00:36:51.016793 +0000 build-debian4: TEMPLATE_LABEL:
2020-06-14 00:36:51.018757 +0000 build-debian4:      stretch+standard:debian-9, buster+standard:debian-10, bullseye+standard:debian-11,
2020-06-14 00:36:51.018800 +0000 build-debian4:      stretch+standard:stretch, buster+standard:buster, bullseye+standard:bullseye, fc29:fedora-29 fc30:fedora-30
2020-06-14 00:36:51.018815 +0000 build-debian4:      fc31:fedora-31 fc32:fedora-32 fc29+minimal:fedora-29-minimal fc30+minimal:fedora-30-minimal
2020-06-14 00:36:51.018843 +0000 build-debian4:      fc31+minimal:fedora-31-minimal fc32+minimal:fedora-32-minimal fc29+xfce:fedora-29-xfce
2020-06-14 00:36:51.018856 +0000 build-debian4:      fc30+xfce:fedora-30-xfce fc31+xfce:fedora-31-xfce fc32+xfce:fedora-32-xfce stretch:debian-9
2020-06-14 00:36:51.018868 +0000 build-debian4:      buster:debian-10 bullseye:debian-11 stretch+whonix-gateway+minimal+no-recommends:whonix-gw-14
2020-06-14 00:36:51.018878 +0000 build-debian4:      stretch+whonix-workstation+minimal+no-recommends:whonix-ws-14
2020-06-14 00:36:51.018888 +0000 build-debian4:      buster+whonix-gateway+minimal+no-recommends:whonix-gw-15
2020-06-14 00:36:51.018899 +0000 build-debian4:      buster+whonix-workstation+minimal+no-recommends:whonix-ws-15 centos7:centos-7
2020-06-14 00:36:51.018910 +0000 build-debian4:      centos7+minimal:centos-7-minimal centos7+xfce:centos-7-xfce centos8:centos-8
2020-06-14 00:36:51.018920 +0000 build-debian4:      centos8+minimal:centos-7-minimal centos8+xfce:centos-8-xfce
2020-06-14 00:36:51.037280 +0000 build-debian4: > running make
2020-06-14 00:36:51.048950 +0000 build-debian4: Makefile:818: target 'internal-update-repo-current.vm.bullseye.python-objgraph' does not exist
2020-06-14 00:36:51.048991 +0000 build-debian4: repo_base_var="LINUX_REPO_bullseye_BASEDIR"; \
2020-06-14 00:36:51.049004 +0000 build-debian4: if [ "python-objgraph" = linux-template-builder ]; then \
2020-06-14 00:36:51.049015 +0000 build-debian4: .# templates belongs to dom0 repository, even though PACKAGE_SET=vm
2020-06-14 00:36:51.049024 +0000 build-debian4: repo_base_var="LINUX_REPO__BASEDIR"; \
2020-06-14 00:36:51.049031 +0000 build-debian4: fi; \
2020-06-14 00:36:51.049040 +0000 build-debian4: if [ -n "${!repo_base_var}" ]; then \
2020-06-14 00:36:51.049048 +0000 build-debian4: .repo_basedir="${!repo_base_var}"; \
2020-06-14 00:36:51.049054 +0000 build-debian4: else \
2020-06-14 00:36:51.049063 +0000 build-debian4: .repo_basedir="qubes-src/linux-deb/r4.1"; \
2020-06-14 00:36:51.049070 +0000 build-debian4: fi; \
2020-06-14 00:36:51.049079 +0000 build-debian4: if [ -r qubes-src/python-objgraph/Makefile.builder ]; then \
2020-06-14 00:36:51.049088 +0000 build-debian4: .echo -n "Updating qubes-src/python-objgraph... "; \
2020-06-14 00:36:51.049096 +0000 build-debian4: .if [ "0" -eq 1 ]; then \
2020-06-14 00:36:51.049107 +0000 build-debian4: ..vtag=`git -C qubes-src/python-objgraph tag --points-at HEAD --list v*`; \
2020-06-14 00:36:51.049115 +0000 build-debian4: ..if [ -z "$vtag" ]; then \
2020-06-14 00:36:51.049123 +0000 build-debian4: ...echo "no version tag"; \
2020-06-14 00:36:51.049130 +0000 build-debian4: ...exit 0; \
2020-06-14 00:36:51.049137 +0000 build-debian4: ..fi; \
2020-06-14 00:36:51.049143 +0000 build-debian4: .fi; \
2020-06-14 00:36:51.049152 +0000 build-debian4: .if [ "python-objgraph" = linux-template-builder ]; then
2020-06-14 00:36:51.049165 +0000 build-debian4: export TEMPLATE_NAME=$(MAKEFLAGS= make -s -C qubes-src/linux-template-builder DIST=bullseye template-name)
2020-06-14 00:36:51.049172 +0000 build-debian4: fi
2020-06-14 00:36:51.049192 +0000 build-debian4: component_packages=$(MAKEFLAGS= make -s -f Makefile.generic DIST=bullseye PACKAGE_SET=vm COMPONENT=`basename qubes-src/python-objgraph` UPDATE_REPO=/home/user/builder-r4.1/$repo_basedir/current/vm/bullseye get-var GET_VAR=PACKAGE_LIST); \
2020-06-14 00:36:51.049223 +0000 build-debian4: .if [ -z "$component_packages" ]; then \
2020-06-14 00:36:51.049233 +0000 build-debian4: ..echo "no packages."; \
2020-06-14 00:36:51.049240 +0000 build-debian4: ..exit 0; \
2020-06-14 00:36:51.049247 +0000 build-debian4: .fi; \
2020-06-14 00:36:51.049257 +0000 build-debian4: .make -s -f Makefile.generic DIST=bullseye PACKAGE_SET=vm \
2020-06-14 00:36:51.049267 +0000 build-debian4: ..COMPONENT=`basename qubes-src/python-objgraph` \
2020-06-14 00:36:51.049275 +0000 build-debian4: ..SNAPSHOT_REPO=current-testing \
2020-06-14 00:36:51.049297 +0000 build-debian4: ..TARGET_REPO=current \
2020-06-14 00:36:51.049309 +0000 build-debian4: ..UPDATE_REPO=/home/user/builder-r4.1/$repo_basedir/current/vm/bullseye \
2020-06-14 00:36:51.049323 +0000 build-debian4: ..SNAPSHOT_FILE=/home/user/builder-r4.1/repo-latest-snapshot/current-testing-vm-bullseye-`basename qubes-src/python-objgraph` \
2020-06-14 00:36:51.049330 +0000 build-debian4: ..BUILD_LOG_URL= \
2020-06-14 00:36:51.049339 +0000 build-debian4: ..update-repo-from-snapshot || exit 1; \
2020-06-14 00:36:51.049350 +0000 build-debian4: elif make -C qubes-src/python-objgraph -n update-repo-current >/dev/null 2>/dev/null; then \
2020-06-14 00:36:51.049360 +0000 build-debian4: .echo "Updating qubes-src/python-objgraph... "; \
2020-06-14 00:36:51.049371 +0000 build-debian4: .DIST=bullseye UPDATE_REPO=/home/user/builder-r4.1/$repo_basedir/current/vm/bullseye \
2020-06-14 00:36:51.049381 +0000 build-debian4: .make -s -C qubes-src/python-objgraph update-repo-current || exit 1; \
2020-06-14 00:36:51.049388 +0000 build-debian4: else \
2020-06-14 00:36:51.049398 +0000 build-debian4: .echo -n "Updating qubes-src/python-objgraph... skipping."; \
2020-06-14 00:36:51.049404 +0000 build-debian4: fi; \
2020-06-14 00:36:51.049411 +0000 build-debian4: echo
2020-06-14 00:36:51.068404 +0000 build-debian4: Updating qubes-src/python-objgraph... no packages.
2020-06-14 00:36:51.068450 +0000 build-debian4: Makefile:791: update target 'internal-update-repo-current.vm.bullseye' due to: internal-update-repo-current.vm.bullseye.python-objgraph
2020-06-14 00:36:51.068461 +0000 build-debian4: true
2020-06-14 00:36:51.069891 +0000 build-debian4: Makefile:818: target 'internal-update-repo-current.vm.buster.python-objgraph' does not exist
2020-06-14 00:36:51.069933 +0000 build-debian4: repo_base_var="LINUX_REPO_buster_BASEDIR"; \
2020-06-14 00:36:51.069946 +0000 build-debian4: if [ "python-objgraph" = linux-template-builder ]; then \
2020-06-14 00:36:51.069958 +0000 build-debian4: .# templates belongs to dom0 repository, even though PACKAGE_SET=vm
2020-06-14 00:36:51.069966 +0000 build-debian4: repo_base_var="LINUX_REPO__BASEDIR"; \
2020-06-14 00:36:51.069973 +0000 build-debian4: fi; \
2020-06-14 00:36:51.069982 +0000 build-debian4: if [ -n "${!repo_base_var}" ]; then \
2020-06-14 00:36:51.069990 +0000 build-debian4: .repo_basedir="${!repo_base_var}"; \
2020-06-14 00:36:51.069996 +0000 build-debian4: else \
2020-06-14 00:36:51.070005 +0000 build-debian4: .repo_basedir="qubes-src/linux-deb/r4.1"; \
2020-06-14 00:36:51.070011 +0000 build-debian4: fi; \
2020-06-14 00:36:51.070021 +0000 build-debian4: if [ -r qubes-src/python-objgraph/Makefile.builder ]; then \
2020-06-14 00:36:51.070030 +0000 build-debian4: .echo -n "Updating qubes-src/python-objgraph... "; \
2020-06-14 00:36:51.070038 +0000 build-debian4: .if [ "0" -eq 1 ]; then \
2020-06-14 00:36:51.070049 +0000 build-debian4: ..vtag=`git -C qubes-src/python-objgraph tag --points-at HEAD --list v*`; \
2020-06-14 00:36:51.070057 +0000 build-debian4: ..if [ -z "$vtag" ]; then \
2020-06-14 00:36:51.070064 +0000 build-debian4: ...echo "no version tag"; \
2020-06-14 00:36:51.070071 +0000 build-debian4: ...exit 0; \
2020-06-14 00:36:51.070078 +0000 build-debian4: ..fi; \
2020-06-14 00:36:51.070085 +0000 build-debian4: .fi; \
2020-06-14 00:36:51.070094 +0000 build-debian4: .if [ "python-objgraph" = linux-template-builder ]; then
2020-06-14 00:36:51.070106 +0000 build-debian4: export TEMPLATE_NAME=$(MAKEFLAGS= make -s -C qubes-src/linux-template-builder DIST=buster template-name)
2020-06-14 00:36:51.070113 +0000 build-debian4: fi
2020-06-14 00:36:51.070133 +0000 build-debian4: component_packages=$(MAKEFLAGS= make -s -f Makefile.generic DIST=buster PACKAGE_SET=vm COMPONENT=`basename qubes-src/python-objgraph` UPDATE_REPO=/home/user/builder-r4.1/$repo_basedir/current/vm/buster get-var GET_VAR=PACKAGE_LIST); \
2020-06-14 00:36:51.070143 +0000 build-debian4: .if [ -z "$component_packages" ]; then \
2020-06-14 00:36:51.070151 +0000 build-debian4: ..echo "no packages."; \
2020-06-14 00:36:51.070174 +0000 build-debian4: ..exit 0; \
2020-06-14 00:36:51.070183 +0000 build-debian4: .fi; \
2020-06-14 00:36:51.070192 +0000 build-debian4: .make -s -f Makefile.generic DIST=buster PACKAGE_SET=vm \
2020-06-14 00:36:51.070225 +0000 build-debian4: ..COMPONENT=`basename qubes-src/python-objgraph` \
2020-06-14 00:36:51.070235 +0000 build-debian4: ..SNAPSHOT_REPO=current-testing \
2020-06-14 00:36:51.070243 +0000 build-debian4: ..TARGET_REPO=current \
2020-06-14 00:36:51.070253 +0000 build-debian4: ..UPDATE_REPO=/home/user/builder-r4.1/$repo_basedir/current/vm/buster \
2020-06-14 00:36:51.070267 +0000 build-debian4: ..SNAPSHOT_FILE=/home/user/builder-r4.1/repo-latest-snapshot/current-testing-vm-buster-`basename qubes-src/python-objgraph` \
2020-06-14 00:36:51.070274 +0000 build-debian4: ..BUILD_LOG_URL= \
2020-06-14 00:36:51.070283 +0000 build-debian4: ..update-repo-from-snapshot || exit 1; \
2020-06-14 00:36:51.070294 +0000 build-debian4: elif make -C qubes-src/python-objgraph -n update-repo-current >/dev/null 2>/dev/null; then \
2020-06-14 00:36:51.070303 +0000 build-debian4: .echo "Updating qubes-src/python-objgraph... "; \
2020-06-14 00:36:51.070314 +0000 build-debian4: .DIST=buster UPDATE_REPO=/home/user/builder-r4.1/$repo_basedir/current/vm/buster \
2020-06-14 00:36:51.070324 +0000 build-debian4: .make -s -C qubes-src/python-objgraph update-repo-current || exit 1; \
2020-06-14 00:36:51.070330 +0000 build-debian4: else \
2020-06-14 00:36:51.070340 +0000 build-debian4: .echo -n "Updating qubes-src/python-objgraph... skipping."; \
2020-06-14 00:36:51.070346 +0000 build-debian4: fi; \
2020-06-14 00:36:51.070352 +0000 build-debian4: echo
2020-06-14 00:36:51.087639 +0000 build-debian4: Updating qubes-src/python-objgraph... no packages.
2020-06-14 00:36:51.087685 +0000 build-debian4: Makefile:791: update target 'internal-update-repo-current.vm.buster' due to: internal-update-repo-current.vm.buster.python-objgraph
2020-06-14 00:36:51.087695 +0000 build-debian4: true
2020-06-14 00:36:51.088573 +0000 build-debian4: Makefile:818: target 'internal-update-repo-current.vm.stretch.python-objgraph' does not exist
2020-06-14 00:36:51.088612 +0000 build-debian4: repo_base_var="LINUX_REPO_stretch_BASEDIR"; \
2020-06-14 00:36:51.088624 +0000 build-debian4: if [ "python-objgraph" = linux-template-builder ]; then \
2020-06-14 00:36:51.088635 +0000 build-debian4: .# templates belongs to dom0 repository, even though PACKAGE_SET=vm
2020-06-14 00:36:51.088644 +0000 build-debian4: repo_base_var="LINUX_REPO__BASEDIR"; \
2020-06-14 00:36:51.088651 +0000 build-debian4: fi; \
2020-06-14 00:36:51.088660 +0000 build-debian4: if [ -n "${!repo_base_var}" ]; then \
2020-06-14 00:36:51.088668 +0000 build-debian4: .repo_basedir="${!repo_base_var}"; \
2020-06-14 00:36:51.088674 +0000 build-debian4: else \
2020-06-14 00:36:51.088683 +0000 build-debian4: .repo_basedir="qubes-src/linux-deb/r4.1"; \
2020-06-14 00:36:51.088689 +0000 build-debian4: fi; \
2020-06-14 00:36:51.088699 +0000 build-debian4: if [ -r qubes-src/python-objgraph/Makefile.builder ]; then \
2020-06-14 00:36:51.088708 +0000 build-debian4: .echo -n "Updating qubes-src/python-objgraph... "; \
2020-06-14 00:36:51.088716 +0000 build-debian4: .if [ "0" -eq 1 ]; then \
2020-06-14 00:36:51.088726 +0000 build-debian4: ..vtag=`git -C qubes-src/python-objgraph tag --points-at HEAD --list v*`; \
2020-06-14 00:36:51.088734 +0000 build-debian4: ..if [ -z "$vtag" ]; then \
2020-06-14 00:36:51.088742 +0000 build-debian4: ...echo "no version tag"; \
2020-06-14 00:36:51.088753 +0000 build-debian4: ...exit 0; \
2020-06-14 00:36:51.088760 +0000 build-debian4: ..fi; \
2020-06-14 00:36:51.088766 +0000 build-debian4: .fi; \
2020-06-14 00:36:51.088776 +0000 build-debian4: .if [ "python-objgraph" = linux-template-builder ]; then
2020-06-14 00:36:51.088788 +0000 build-debian4: export TEMPLATE_NAME=$(MAKEFLAGS= make -s -C qubes-src/linux-template-builder DIST=stretch template-name)
2020-06-14 00:36:51.088794 +0000 build-debian4: fi
2020-06-14 00:36:51.088827 +0000 build-debian4: component_packages=$(MAKEFLAGS= make -s -f Makefile.generic DIST=stretch PACKAGE_SET=vm COMPONENT=`basename qubes-src/python-objgraph` UPDATE_REPO=/home/user/builder-r4.1/$repo_basedir/current/vm/stretch get-var GET_VAR=PACKAGE_LIST); \
2020-06-14 00:36:51.088838 +0000 build-debian4: .if [ -z "$component_packages" ]; then \
2020-06-14 00:36:51.088845 +0000 build-debian4: ..echo "no packages."; \
2020-06-14 00:36:51.088852 +0000 build-debian4: ..exit 0; \
2020-06-14 00:36:51.088859 +0000 build-debian4: .fi; \
2020-06-14 00:36:51.088868 +0000 build-debian4: .make -s -f Makefile.generic DIST=stretch PACKAGE_SET=vm \
2020-06-14 00:36:51.088877 +0000 build-debian4: ..COMPONENT=`basename qubes-src/python-objgraph` \
2020-06-14 00:36:51.088885 +0000 build-debian4: ..SNAPSHOT_REPO=current-testing \
2020-06-14 00:36:51.088893 +0000 build-debian4: ..TARGET_REPO=current \
2020-06-14 00:36:51.088903 +0000 build-debian4: ..UPDATE_REPO=/home/user/builder-r4.1/$repo_basedir/current/vm/stretch \
2020-06-14 00:36:51.088916 +0000 build-debian4: ..SNAPSHOT_FILE=/home/user/builder-r4.1/repo-latest-snapshot/current-testing-vm-stretch-`basename qubes-src/python-objgraph` \
2020-06-14 00:36:51.088923 +0000 build-debian4: ..BUILD_LOG_URL= \
2020-06-14 00:36:51.088932 +0000 build-debian4: ..update-repo-from-snapshot || exit 1; \
2020-06-14 00:36:51.088943 +0000 build-debian4: elif make -C qubes-src/python-objgraph -n update-repo-current >/dev/null 2>/dev/null; then \
2020-06-14 00:36:51.088952 +0000 build-debian4: .echo "Updating qubes-src/python-objgraph... "; \
2020-06-14 00:36:51.088963 +0000 build-debian4: .DIST=stretch UPDATE_REPO=/home/user/builder-r4.1/$repo_basedir/current/vm/stretch \
2020-06-14 00:36:51.088973 +0000 build-debian4: .make -s -C qubes-src/python-objgraph update-repo-current || exit 1; \
2020-06-14 00:36:51.088979 +0000 build-debian4: else \
2020-06-14 00:36:51.088989 +0000 build-debian4: .echo -n "Updating qubes-src/python-objgraph... skipping."; \
2020-06-14 00:36:51.088995 +0000 build-debian4: fi; \
2020-06-14 00:36:51.089002 +0000 build-debian4: echo
2020-06-14 00:36:51.106191 +0000 build-debian4: Updating qubes-src/python-objgraph... no packages.
2020-06-14 00:36:51.106237 +0000 build-debian4: Makefile:791: update target 'internal-update-repo-current.vm.stretch' due to: internal-update-repo-current.vm.stretch.python-objgraph
2020-06-14 00:36:51.106247 +0000 build-debian4: true
2020-06-14 00:36:51.107494 +0000 build-debian4: Makefile:872: target 'post-update-repo-current' does not exist
2020-06-14 00:36:51.107532 +0000 build-debian4: for dist in  bullseye buster stretch; do \
2020-06-14 00:36:51.107544 +0000 build-debian4: .repo_base_var="LINUX_REPO_${dist}_BASEDIR"; \
2020-06-14 00:36:51.107553 +0000 build-debian4: .if [ -n "${!repo_base_var}" ]; then \
2020-06-14 00:36:51.107562 +0000 build-debian4: ..repo_basedir="${!repo_base_var}"; \
2020-06-14 00:36:51.107569 +0000 build-debian4: .else \
2020-06-14 00:36:51.107578 +0000 build-debian4: ..repo_basedir="qubes-src/linux-deb/r4.1"; \
2020-06-14 00:36:51.107584 +0000 build-debian4: .fi; \
2020-06-14 00:36:51.107593 +0000 build-debian4: .repos_to_update="$repos_to_update $repo_basedir"; \
2020-06-14 00:36:51.107600 +0000 build-debian4: done; \
2020-06-14 00:36:51.107607 +0000 build-debian4: pkgset_dist= ; \
2020-06-14 00:36:51.107614 +0000 build-debian4: for dist in ; do \
2020-06-14 00:36:51.107622 +0000 build-debian4: .pkgset_dist="$pkgset_dist dom0/$dist"; \
2020-06-14 00:36:51.107629 +0000 build-debian4: done; \
2020-06-14 00:36:51.107637 +0000 build-debian4: for dist in bullseye buster stretch; do \
2020-06-14 00:36:51.107646 +0000 build-debian4: .pkgset_dist="$pkgset_dist vm/$dist"; \
2020-06-14 00:36:51.107652 +0000 build-debian4: done; \
2020-06-14 00:36:51.107661 +0000 build-debian4: for repo in `echo $repos_to_update|tr ' ' '\n'|sort|uniq`; do \
2020-06-14 00:36:51.107669 +0000 build-debian4: .[ -z "$repo" ] && continue; \
2020-06-14 00:36:51.107679 +0000 build-debian4: .[ -x "$repo/../update_repo-current.sh" ] || continue; \
2020-06-14 00:36:51.107701 +0000 build-debian4: .(cd $repo/.. && ./update_repo-current.sh r4.1 $pkgset_dist); \
2020-06-14 00:36:51.107709 +0000 build-debian4: done
2020-06-14 00:36:51.116957 +0000 build-debian4: --> Processing repo: r4.1/vm/dists/bullseye...
2020-06-14 00:36:51.428774 +0000 build-debian4: --> Processing repo: r4.1/vm/dists/buster...
2020-06-14 00:36:52.015778 +0000 build-debian4: --> Processing repo: r4.1/vm/dists/stretch...
2020-06-14 00:36:52.402706 +0000 build-debian4: Done.
2020-06-14 00:36:52.411806 +0000 build-debian4: ~/builder-r4.1/qubes-src/linux-deb ~/builder-r4.1/qubes-src/linux-deb
2020-06-14 00:36:52.508498 +0000 build-debian4: sending incremental file list
2020-06-14 00:36:52.712398 +0000 build-debian4: Syncing r4.1/vm/bullseye...
2020-06-14 00:36:52.860548 +0000 build-debian4: sending incremental file list
2020-06-14 00:36:52.952448 +0000 build-debian4: .d..t...... bullseye/
2020-06-14 00:36:52.952496 +0000 build-debian4: <f..t...... bullseye/InRelease
2020-06-14 00:36:52.952516 +0000 build-debian4: .            700  27%    0.00kB/s    0:00:00  .          2,507 100%    1.72MB/s    0:00:00 (xfr#1, to-chk=10/12)
2020-06-14 00:36:52.952527 +0000 build-debian4: <f..t...... bullseye/Release.gpg
2020-06-14 00:36:52.952540 +0000 build-debian4: .            833 100%  813.48kB/s    0:00:00  .            833 100%  813.48kB/s    0:00:00 (xfr#2, to-chk=8/12)
2020-06-14 00:36:53.055318 +0000 build-debian4: Syncing r4.1/vm/bullseye-testing...
2020-06-14 00:36:53.194634 +0000 build-debian4: sending incremental file list
2020-06-14 00:36:53.342971 +0000 build-debian4: Syncing r4.1/vm/buster...
2020-06-14 00:36:53.489208 +0000 build-debian4: sending incremental file list
2020-06-14 00:36:53.586452 +0000 build-debian4: .d..t...... buster/
2020-06-14 00:36:53.586497 +0000 build-debian4: <f..t...... buster/InRelease
2020-06-14 00:36:53.595706 +0000 build-debian4: .            700  27%    0.00kB/s    0:00:00  .          2,503 100%    1.72MB/s    0:00:00 (xfr#1, to-chk=10/12)
2020-06-14 00:36:53.595746 +0000 build-debian4: <f..t...... buster/Release.gpg
2020-06-14 00:36:53.595762 +0000 build-debian4: .            833 100%  813.48kB/s    0:00:00  .            833 100%  813.48kB/s    0:00:00 (xfr#2, to-chk=8/12)
2020-06-14 00:36:53.663186 +0000 build-debian4: Syncing r4.1/vm/buster-testing...
2020-06-14 00:36:53.812135 +0000 build-debian4: sending incremental file list
2020-06-14 00:36:53.913280 +0000 build-debian4: Syncing r4.1/vm/stretch...
2020-06-14 00:36:54.056325 +0000 build-debian4: sending incremental file list
2020-06-14 00:36:54.101753 +0000 build-debian4: .d..t...... stretch/
2020-06-14 00:36:54.101798 +0000 build-debian4: <f..t...... stretch/InRelease
2020-06-14 00:36:54.101815 +0000 build-debian4: .            700  27%    0.00kB/s    0:00:00  .          2,505 100%    1.72MB/s    0:00:00 (xfr#1, to-chk=10/12)
2020-06-14 00:36:54.101825 +0000 build-debian4: <f..t...... stretch/Release.gpg
2020-06-14 00:36:54.101838 +0000 build-debian4: .            833 100%  813.48kB/s    0:00:00  .            833 100%  813.48kB/s    0:00:00 (xfr#2, to-chk=8/12)
2020-06-14 00:36:54.185657 +0000 build-debian4: Syncing r4.1/vm/stretch-testing...
2020-06-14 00:36:54.350105 +0000 build-debian4: sending incremental file list
2020-06-14 00:36:54.461145 +0000 build-debian4: ~/builder-r4.1/qubes-src/linux-deb
2020-06-14 00:36:54.467293 +0000 build-debian4: Makefile:778: update target 'update-repo-current' due to: internal-update-repo-current.vm.bullseye internal-update-repo-current.vm.buster internal-update-repo-current.vm.stretch post-update-repo-current
2020-06-14 00:36:54.467354 +0000 build-debian4: true
2020-06-14 00:36:54.554195 +0000 build-debian4: > done
2020-06-14 00:36:54.554273 +0000 > closing log
