2020-01-06 02:35:58.168468 +0000 > starting log
2020-01-06 02:35:58.170772 +0000 build-debian4: > starting build with log
2020-01-06 02:35:58.170794 +0000 build-debian4: >> make args: DISTS_VM=stretch DIST_DOM0= qubes
2020-01-06 02:35:58.170805 +0000 build-debian4: >> MAKEFLAGS=
2020-01-06 02:35:58.170814 +0000 build-debian4: >> COMPONENTS=app-linux-usb-proxy
2020-01-06 02:35:58.170822 +0000 build-debian4: >> DISTS_VM=
2020-01-06 02:35:58.170829 +0000 build-debian4: >> DIST_DOM0=
2020-01-06 02:35:58.170839 +0000 build-debian4: >> qubes-builder 327366c2986b7eb531174adaa2e25025c630687a
2020-01-06 02:35:58.170846 +0000 build-debian4: ?? rpmdb/Basenames
2020-01-06 02:35:58.170854 +0000 build-debian4: ?? rpmdb/Conflictname
2020-01-06 02:35:58.170861 +0000 build-debian4: ?? rpmdb/Dirnames
2020-01-06 02:35:58.170868 +0000 build-debian4: ?? rpmdb/Enhancename
2020-01-06 02:35:58.170875 +0000 build-debian4: ?? rpmdb/Filetriggername
2020-01-06 02:35:58.170882 +0000 build-debian4: ?? rpmdb/Group
2020-01-06 02:35:58.170889 +0000 build-debian4: ?? rpmdb/Installtid
2020-01-06 02:35:58.170896 +0000 build-debian4: ?? rpmdb/Name
2020-01-06 02:35:58.170904 +0000 build-debian4: ?? rpmdb/Obsoletename
2020-01-06 02:35:58.170911 +0000 build-debian4: ?? rpmdb/Packages
2020-01-06 02:35:58.170934 +0000 build-debian4: ?? rpmdb/Providename
2020-01-06 02:35:58.170942 +0000 build-debian4: ?? rpmdb/Recommendname
2020-01-06 02:35:58.170949 +0000 build-debian4: ?? rpmdb/Requirename
2020-01-06 02:35:58.170956 +0000 build-debian4: ?? rpmdb/Sha1header
2020-01-06 02:35:58.170963 +0000 build-debian4: ?? rpmdb/Sigmd5
2020-01-06 02:35:58.170970 +0000 build-debian4: ?? rpmdb/Suggestname
2020-01-06 02:35:58.170978 +0000 build-debian4: ?? rpmdb/Supplementname
2020-01-06 02:35:58.170985 +0000 build-debian4: ?? rpmdb/Transfiletriggername
2020-01-06 02:35:58.170993 +0000 build-debian4: ?? rpmdb/Triggername
2020-01-06 02:35:58.171000 +0000 build-debian4: ?? rpmdb/__db.001
2020-01-06 02:35:58.171007 +0000 build-debian4: ?? rpmdb/__db.002
2020-01-06 02:35:58.171013 +0000 build-debian4: ?? rpmdb/__db.003
2020-01-06 02:35:58.171026 +0000 build-debian4: f9484959726e243e3d184de058d56dcf1101628cc531e8cf9a2837b1fd5b53c30c05ef58ed0a1c66ec0dcacf43bb536a2aced5740c8768eec7467aff515c1bc8  rpmdb/Basenames
2020-01-06 02:35:58.172170 +0000 build-debian4: 5ce361a48c11b4a0e2722784fc610f43818b4441eb3b5648e5c6c274c7f66ef3b061fd245619266f9d2a5cf1c50d0f1f45bb97bfdb2f6d6212b04f691d7b6aef  rpmdb/Conflictname
2020-01-06 02:35:58.172205 +0000 build-debian4: 7dedb7ed4ac43719d57277d494cd644b929bc96ce365022919969ea98d853d42e1303ee22d275e893211844af7f8fa6c731ca4cdb7c83139aeab3c1c840c73d1  rpmdb/Dirnames
2020-01-06 02:35:58.172222 +0000 build-debian4: 27940c3a0722eb19cc490599a53d0a534de2c8620a57687e097e9bf139394a3ce0ae712687d5960b89db3b03f3b621f2796586bb96a41458c9b44d7d1607853f  rpmdb/Enhancename
2020-01-06 02:35:58.172237 +0000 build-debian4: 2a3776bd6dea62e65b3112882cdd4d2f643cd529ab1b5be1cec5e95e906565a9e237bd335c9154ef8aa74d71b1de36287f1083289a988c56419c858b0fd1200e  rpmdb/Filetriggername
2020-01-06 02:35:58.172250 +0000 build-debian4: f7453568e8a63f2d330e3d6d8c0655f4b3776bc732281a509801e7db296d17af088079415265cdd58b3f5cee6d55d7e4112c7a3894abe892722373e8eb8b359c  rpmdb/Group
2020-01-06 02:35:58.172263 +0000 build-debian4: 36976438c0cef020739dc44f95c9342ff3d82547fff0fee98162c7cb3278d72a07b27305b5e8b4549315a835f794f84b276b33d013ef0eb3f472aa08f15d1ddd  rpmdb/Installtid
2020-01-06 02:35:58.172276 +0000 build-debian4: 9d3f5ce45b0cd3cd75943b4d8eab36328bf9fdc0b005a56df223dcede352abe5f6e212ee969caeb4e3239b417ae73b261bb3f44c1205a2fbf4710ab908a1e789  rpmdb/Name
2020-01-06 02:35:58.172289 +0000 build-debian4: 73f6d8020ad5e85a7bc028c70c8d8335f849255947e759986a0da8762df0386531c289ec327336513a60e556631c64b57fff34f43b14c8881ad5b6e3f675a85b  rpmdb/Obsoletename
2020-01-06 02:35:58.172302 +0000 build-debian4: 4601587f6d1406187244e01588f86620775f8eb640d21fb17dd1b5d7daf82891237077f1751d91ab70bc7e940761ce228167b75c43d4002bb8087b890f8554fd  rpmdb/Packages
2020-01-06 02:35:58.172315 +0000 build-debian4: cf647d1e3ea3065ef2e1323310dbad5f88171bcfcb4b7da3a1f378284c40de0b9daf03dd3e2c574d5a2e56c9f4e8dd30edb3eb3b4ad55b0ed458e4ca951dac76  rpmdb/Providename
2020-01-06 02:35:58.172338 +0000 build-debian4: 167808bb514e56c005fd52f93e75dfc7f3bb5bcd5e931619d9fa4519984b8e5dc28d14bf15c4e8f04be9a5f197123e187b4f2f70bcf0a6ea4a0bd874913273d0  rpmdb/Recommendname
2020-01-06 02:35:58.172352 +0000 build-debian4: 56bcb88ad3b4bbb61237df6ec16fb9e391e80dd4da706616553e8c408fea9f06f54f581d4bb14a410dfd39fdb47101f4853675978d84ee278c8a701ce70859f4  rpmdb/Requirename
2020-01-06 02:35:58.172365 +0000 build-debian4: 859d9e7577557ca74dc6fd23db196d68ffca756b54a9726d88f7b4dff506ab689e27c45ba1f7cb8ecb255c925935f04490bacc4e8c4fc1aab43e9bb7cc6e0415  rpmdb/Sha1header
2020-01-06 02:35:58.172378 +0000 build-debian4: 554e001752739cc3c965fc2ad91e87a01c27d13a04a6ccb520e56fd0c9e7adcbd6a60073861715ec9268d6ae5fd6e7c348044063c25dfbd8cbe39ba5ac50d28a  rpmdb/Sigmd5
2020-01-06 02:35:58.172391 +0000 build-debian4: 9b78015c3c9d4a7357e7cf1b073d9110de413708182d7d94d9a6d9e6a4fa699e7bfe3a317d68e9de3fc244a602dfba8751d93d93a0f92b648475e3f1518ac609  rpmdb/Suggestname
2020-01-06 02:35:58.172404 +0000 build-debian4: a8a91e0fd37a8121c242cf1cedf1819126504195fbe3a46d3ab0d36b6af58d1ae6580589f713c8a0b5d14324602e6c5d0cdee1ba5a95c55bbc67941a8d90032f  rpmdb/Supplementname
2020-01-06 02:35:58.172417 +0000 build-debian4: 9974c6888ab51dad699baa928ed12660cf5f0018b1d408afa3f1a041dc32d84a631a433e23792b49c9f23a6ab2d4e2726bfe46f936fa3ec5414a90d4d1db67d7  rpmdb/Transfiletriggername
2020-01-06 02:35:58.172431 +0000 build-debian4: 7b7e1e3cf0821e73fc29a692208f09aeba9cd4c186f91190c41b7b49a222cd29e33a357539e4fb95ee4fe9e9fe3ff0895d3596e90dd06a0a7580825cc47bfa5e  rpmdb/Triggername
2020-01-06 02:35:58.172444 +0000 build-debian4: de71f239b54f9afc281a58dde8361a4df89e45dce03ce0af0593761ce163e6de4b4fdaedf947839fd9e4d88b03944769beb1e25b2af7a773330941f1edb083a5  rpmdb/__db.001
2020-01-06 02:35:58.172457 +0000 build-debian4: f5fc7dd638f50bcc55f9bcb61e2b24ce3b3ffb373830d79c9924b1e18c73140630dd173354da9b64c7e00cf52e141d2f7b16cb3711444b204a2c72973bd77ea1  rpmdb/__db.002
2020-01-06 02:35:58.172470 +0000 build-debian4: f5b71bfeb498c72d715243abda3ebf18b800296d1b37e2eb39c00c890300c695ba160456d97189c0370581aff3663416d29581540f0979c0205dfa89171f8e3d  rpmdb/__db.003
2020-01-06 02:35:58.172481 +0000 build-debian4: >> qubes-builder/qubes-src/app-linux-usb-proxy 63435224d2c43fb02f277e3cf0d686c3c5b85484
2020-01-06 02:35:58.172491 +0000 build-debian4: !! pkgs/vm-bullseye/qubes-usb-proxy_1.0.21+deb11u1.dsc
2020-01-06 02:35:58.172501 +0000 build-debian4: !! pkgs/vm-bullseye/qubes-usb-proxy_1.0.21+deb11u1.tar.xz
2020-01-06 02:35:58.172521 +0000 build-debian4: !! pkgs/vm-bullseye/qubes-usb-proxy_1.0.21+deb11u1_amd64.buildinfo
2020-01-06 02:35:58.172532 +0000 build-debian4: !! pkgs/vm-bullseye/qubes-usb-proxy_1.0.21+deb11u1_amd64.changes
2020-01-06 02:35:58.172541 +0000 build-debian4: !! pkgs/vm-bullseye/qubes-usb-proxy_1.0.21+deb11u1_amd64.deb
2020-01-06 02:35:58.172550 +0000 build-debian4: !! pkgs/vm-bullseye/qubes-usb-proxy_1.0.22+deb11u1.dsc
2020-01-06 02:35:58.172559 +0000 build-debian4: !! pkgs/vm-bullseye/qubes-usb-proxy_1.0.22+deb11u1.tar.xz
2020-01-06 02:35:58.172569 +0000 build-debian4: !! pkgs/vm-bullseye/qubes-usb-proxy_1.0.22+deb11u1_amd64.buildinfo
2020-01-06 02:35:58.172578 +0000 build-debian4: !! pkgs/vm-bullseye/qubes-usb-proxy_1.0.22+deb11u1_amd64.changes
2020-01-06 02:35:58.172587 +0000 build-debian4: !! pkgs/vm-bullseye/qubes-usb-proxy_1.0.22+deb11u1_amd64.deb
2020-01-06 02:35:58.172596 +0000 build-debian4: !! pkgs/vm-bullseye/qubes-usb-proxy_1.0.23+deb11u1.dsc
2020-01-06 02:35:58.172605 +0000 build-debian4: !! pkgs/vm-bullseye/qubes-usb-proxy_1.0.23+deb11u1.tar.xz
2020-01-06 02:35:58.172614 +0000 build-debian4: !! pkgs/vm-bullseye/qubes-usb-proxy_1.0.23+deb11u1_amd64.buildinfo
2020-01-06 02:35:58.172623 +0000 build-debian4: !! pkgs/vm-bullseye/qubes-usb-proxy_1.0.23+deb11u1_amd64.changes
2020-01-06 02:35:58.172632 +0000 build-debian4: !! pkgs/vm-bullseye/qubes-usb-proxy_1.0.23+deb11u1_amd64.deb
2020-01-06 02:35:58.172645 +0000 build-debian4: !! pkgs/vm-bullseye/qubes-usb-proxy_1.0.24+deb11u1.dsc
2020-01-06 02:35:58.172659 +0000 build-debian4: !! pkgs/vm-bullseye/qubes-usb-proxy_1.0.24+deb11u1.tar.xz
2020-01-06 02:35:58.172669 +0000 build-debian4: !! pkgs/vm-bullseye/qubes-usb-proxy_1.0.24+deb11u1_amd64.buildinfo
2020-01-06 02:35:58.172678 +0000 build-debian4: !! pkgs/vm-bullseye/qubes-usb-proxy_1.0.24+deb11u1_amd64.changes
2020-01-06 02:35:58.172687 +0000 build-debian4: !! pkgs/vm-bullseye/qubes-usb-proxy_1.0.24+deb11u1_amd64.deb
2020-01-06 02:35:58.172696 +0000 build-debian4: !! pkgs/vm-bullseye/qubes-usb-proxy_1.0.25+deb11u1.dsc
2020-01-06 02:35:58.172705 +0000 build-debian4: !! pkgs/vm-bullseye/qubes-usb-proxy_1.0.25+deb11u1.tar.xz
2020-01-06 02:35:58.172714 +0000 build-debian4: !! pkgs/vm-bullseye/qubes-usb-proxy_1.0.25+deb11u1_amd64.buildinfo
2020-01-06 02:35:58.172723 +0000 build-debian4: !! pkgs/vm-bullseye/qubes-usb-proxy_1.0.25+deb11u1_amd64.changes
2020-01-06 02:35:58.172732 +0000 build-debian4: !! pkgs/vm-bullseye/qubes-usb-proxy_1.0.25+deb11u1_amd64.deb
2020-01-06 02:35:58.172741 +0000 build-debian4: !! pkgs/vm-buster/qubes-usb-proxy_1.0.15+deb10u1.dsc
2020-01-06 02:35:58.172750 +0000 build-debian4: !! pkgs/vm-buster/qubes-usb-proxy_1.0.15+deb10u1.tar.xz
2020-01-06 02:35:58.172759 +0000 build-debian4: !! pkgs/vm-buster/qubes-usb-proxy_1.0.15+deb10u1_amd64.buildinfo
2020-01-06 02:35:58.172768 +0000 build-debian4: !! pkgs/vm-buster/qubes-usb-proxy_1.0.15+deb10u1_amd64.changes
2020-01-06 02:35:58.172777 +0000 build-debian4: !! pkgs/vm-buster/qubes-usb-proxy_1.0.15+deb10u1_amd64.deb
2020-01-06 02:35:58.172786 +0000 build-debian4: !! pkgs/vm-buster/qubes-usb-proxy_1.0.16+deb10u1.dsc
2020-01-06 02:35:58.172795 +0000 build-debian4: !! pkgs/vm-buster/qubes-usb-proxy_1.0.16+deb10u1.tar.xz
2020-01-06 02:35:58.172804 +0000 build-debian4: !! pkgs/vm-buster/qubes-usb-proxy_1.0.16+deb10u1_amd64.buildinfo
2020-01-06 02:35:58.172813 +0000 build-debian4: !! pkgs/vm-buster/qubes-usb-proxy_1.0.16+deb10u1_amd64.changes
2020-01-06 02:35:58.172822 +0000 build-debian4: !! pkgs/vm-buster/qubes-usb-proxy_1.0.16+deb10u1_amd64.deb
2020-01-06 02:35:58.172831 +0000 build-debian4: !! pkgs/vm-buster/qubes-usb-proxy_1.0.17+deb10u1.dsc
2020-01-06 02:35:58.172839 +0000 build-debian4: !! pkgs/vm-buster/qubes-usb-proxy_1.0.17+deb10u1.tar.xz
2020-01-06 02:35:58.172849 +0000 build-debian4: !! pkgs/vm-buster/qubes-usb-proxy_1.0.17+deb10u1_amd64.buildinfo
2020-01-06 02:35:58.172858 +0000 build-debian4: !! pkgs/vm-buster/qubes-usb-proxy_1.0.17+deb10u1_amd64.changes
2020-01-06 02:35:58.172867 +0000 build-debian4: !! pkgs/vm-buster/qubes-usb-proxy_1.0.17+deb10u1_amd64.deb
2020-01-06 02:35:58.172875 +0000 build-debian4: !! pkgs/vm-buster/qubes-usb-proxy_1.0.18+deb10u1.dsc
2020-01-06 02:35:58.172884 +0000 build-debian4: !! pkgs/vm-buster/qubes-usb-proxy_1.0.18+deb10u1.tar.xz
2020-01-06 02:35:58.172893 +0000 build-debian4: !! pkgs/vm-buster/qubes-usb-proxy_1.0.18+deb10u1_amd64.buildinfo
2020-01-06 02:35:58.172902 +0000 build-debian4: !! pkgs/vm-buster/qubes-usb-proxy_1.0.18+deb10u1_amd64.changes
2020-01-06 02:35:58.172911 +0000 build-debian4: !! pkgs/vm-buster/qubes-usb-proxy_1.0.18+deb10u1_amd64.deb
2020-01-06 02:35:58.172932 +0000 build-debian4: !! pkgs/vm-buster/qubes-usb-proxy_1.0.19+deb10u1.dsc
2020-01-06 02:35:58.172941 +0000 build-debian4: !! pkgs/vm-buster/qubes-usb-proxy_1.0.19+deb10u1.tar.xz
2020-01-06 02:35:58.172951 +0000 build-debian4: !! pkgs/vm-buster/qubes-usb-proxy_1.0.19+deb10u1_amd64.buildinfo
2020-01-06 02:35:58.172959 +0000 build-debian4: !! pkgs/vm-buster/qubes-usb-proxy_1.0.19+deb10u1_amd64.changes
2020-01-06 02:35:58.172968 +0000 build-debian4: !! pkgs/vm-buster/qubes-usb-proxy_1.0.19+deb10u1_amd64.deb
2020-01-06 02:35:58.172977 +0000 build-debian4: !! pkgs/vm-buster/qubes-usb-proxy_1.0.20+deb10u1.dsc
2020-01-06 02:35:58.172986 +0000 build-debian4: !! pkgs/vm-buster/qubes-usb-proxy_1.0.20+deb10u1.tar.xz
2020-01-06 02:35:58.172995 +0000 build-debian4: !! pkgs/vm-buster/qubes-usb-proxy_1.0.20+deb10u1_amd64.buildinfo
2020-01-06 02:35:58.173004 +0000 build-debian4: !! pkgs/vm-buster/qubes-usb-proxy_1.0.20+deb10u1_amd64.changes
2020-01-06 02:35:58.173015 +0000 build-debian4: !! pkgs/vm-buster/qubes-usb-proxy_1.0.20+deb10u1_amd64.deb
2020-01-06 02:35:58.173025 +0000 build-debian4: !! pkgs/vm-buster/qubes-usb-proxy_1.0.21+deb10u1.dsc
2020-01-06 02:35:58.173033 +0000 build-debian4: !! pkgs/vm-buster/qubes-usb-proxy_1.0.21+deb10u1.tar.xz
2020-01-06 02:35:58.173043 +0000 build-debian4: !! pkgs/vm-buster/qubes-usb-proxy_1.0.21+deb10u1_amd64.buildinfo
2020-01-06 02:35:58.173052 +0000 build-debian4: !! pkgs/vm-buster/qubes-usb-proxy_1.0.21+deb10u1_amd64.changes
2020-01-06 02:35:58.173061 +0000 build-debian4: !! pkgs/vm-buster/qubes-usb-proxy_1.0.21+deb10u1_amd64.deb
2020-01-06 02:35:58.173070 +0000 build-debian4: !! pkgs/vm-buster/qubes-usb-proxy_1.0.22+deb10u1.dsc
2020-01-06 02:35:58.173078 +0000 build-debian4: !! pkgs/vm-buster/qubes-usb-proxy_1.0.22+deb10u1.tar.xz
2020-01-06 02:35:58.173087 +0000 build-debian4: !! pkgs/vm-buster/qubes-usb-proxy_1.0.22+deb10u1_amd64.buildinfo
2020-01-06 02:35:58.173097 +0000 build-debian4: !! pkgs/vm-buster/qubes-usb-proxy_1.0.22+deb10u1_amd64.changes
2020-01-06 02:35:58.173106 +0000 build-debian4: !! pkgs/vm-buster/qubes-usb-proxy_1.0.22+deb10u1_amd64.deb
2020-01-06 02:35:58.173114 +0000 build-debian4: !! pkgs/vm-buster/qubes-usb-proxy_1.0.23+deb10u1.dsc
2020-01-06 02:35:58.174259 +0000 build-debian4: !! pkgs/vm-buster/qubes-usb-proxy_1.0.23+deb10u1.tar.xz
2020-01-06 02:35:58.174283 +0000 build-debian4: !! pkgs/vm-buster/qubes-usb-proxy_1.0.23+deb10u1_amd64.buildinfo
2020-01-06 02:35:58.174295 +0000 build-debian4: !! pkgs/vm-buster/qubes-usb-proxy_1.0.23+deb10u1_amd64.changes
2020-01-06 02:35:58.174305 +0000 build-debian4: !! pkgs/vm-buster/qubes-usb-proxy_1.0.23+deb10u1_amd64.deb
2020-01-06 02:35:58.174324 +0000 build-debian4: !! pkgs/vm-buster/qubes-usb-proxy_1.0.24+deb10u1.dsc
2020-01-06 02:35:58.174334 +0000 build-debian4: !! pkgs/vm-buster/qubes-usb-proxy_1.0.24+deb10u1.tar.xz
2020-01-06 02:35:58.174344 +0000 build-debian4: !! pkgs/vm-buster/qubes-usb-proxy_1.0.24+deb10u1_amd64.buildinfo
2020-01-06 02:35:58.174353 +0000 build-debian4: !! pkgs/vm-buster/qubes-usb-proxy_1.0.24+deb10u1_amd64.changes
2020-01-06 02:35:58.174362 +0000 build-debian4: !! pkgs/vm-buster/qubes-usb-proxy_1.0.24+deb10u1_amd64.deb
2020-01-06 02:35:58.174371 +0000 build-debian4: !! pkgs/vm-buster/qubes-usb-proxy_1.0.25+deb10u1.dsc
2020-01-06 02:35:58.174380 +0000 build-debian4: !! pkgs/vm-buster/qubes-usb-proxy_1.0.25+deb10u1.tar.xz
2020-01-06 02:35:58.174389 +0000 build-debian4: !! pkgs/vm-buster/qubes-usb-proxy_1.0.25+deb10u1_amd64.buildinfo
2020-01-06 02:35:58.174398 +0000 build-debian4: !! pkgs/vm-buster/qubes-usb-proxy_1.0.25+deb10u1_amd64.changes
2020-01-06 02:35:58.174407 +0000 build-debian4: !! pkgs/vm-buster/qubes-usb-proxy_1.0.25+deb10u1_amd64.deb
2020-01-06 02:35:58.174416 +0000 build-debian4: !! pkgs/vm-jessie/qubes-usb-proxy_1.0.10+deb8u1.dsc
2020-01-06 02:35:58.174425 +0000 build-debian4: !! pkgs/vm-jessie/qubes-usb-proxy_1.0.10+deb8u1.tar.xz
2020-01-06 02:35:58.174434 +0000 build-debian4: !! pkgs/vm-jessie/qubes-usb-proxy_1.0.10+deb8u1_amd64.changes
2020-01-06 02:35:58.174443 +0000 build-debian4: !! pkgs/vm-jessie/qubes-usb-proxy_1.0.10+deb8u1_amd64.deb
2020-01-06 02:35:58.174452 +0000 build-debian4: !! pkgs/vm-jessie/qubes-usb-proxy_1.0.11+deb8u1.dsc
2020-01-06 02:35:58.174461 +0000 build-debian4: !! pkgs/vm-jessie/qubes-usb-proxy_1.0.11+deb8u1.tar.xz
2020-01-06 02:35:58.174470 +0000 build-debian4: !! pkgs/vm-jessie/qubes-usb-proxy_1.0.11+deb8u1_amd64.changes
2020-01-06 02:35:58.174479 +0000 build-debian4: !! pkgs/vm-jessie/qubes-usb-proxy_1.0.11+deb8u1_amd64.deb
2020-01-06 02:35:58.174488 +0000 build-debian4: !! pkgs/vm-jessie/qubes-usb-proxy_1.0.12+deb8u1.dsc
2020-01-06 02:35:58.174497 +0000 build-debian4: !! pkgs/vm-jessie/qubes-usb-proxy_1.0.12+deb8u1.tar.xz
2020-01-06 02:35:58.174506 +0000 build-debian4: !! pkgs/vm-jessie/qubes-usb-proxy_1.0.12+deb8u1_amd64.changes
2020-01-06 02:35:58.174515 +0000 build-debian4: !! pkgs/vm-jessie/qubes-usb-proxy_1.0.12+deb8u1_amd64.deb
2020-01-06 02:35:58.174530 +0000 build-debian4: !! pkgs/vm-jessie/qubes-usb-proxy_1.0.13+deb8u1.dsc
2020-01-06 02:35:58.174539 +0000 build-debian4: !! pkgs/vm-jessie/qubes-usb-proxy_1.0.13+deb8u1.tar.xz
2020-01-06 02:35:58.174548 +0000 build-debian4: !! pkgs/vm-jessie/qubes-usb-proxy_1.0.13+deb8u1_amd64.changes
2020-01-06 02:35:58.174558 +0000 build-debian4: !! pkgs/vm-jessie/qubes-usb-proxy_1.0.13+deb8u1_amd64.deb
2020-01-06 02:35:58.174566 +0000 build-debian4: !! pkgs/vm-jessie/qubes-usb-proxy_1.0.14+deb8u1.dsc
2020-01-06 02:35:58.174575 +0000 build-debian4: !! pkgs/vm-jessie/qubes-usb-proxy_1.0.14+deb8u1.tar.xz
2020-01-06 02:35:58.174584 +0000 build-debian4: !! pkgs/vm-jessie/qubes-usb-proxy_1.0.14+deb8u1_amd64.changes
2020-01-06 02:35:58.174593 +0000 build-debian4: !! pkgs/vm-jessie/qubes-usb-proxy_1.0.14+deb8u1_amd64.deb
2020-01-06 02:35:58.174602 +0000 build-debian4: !! pkgs/vm-jessie/qubes-usb-proxy_1.0.15+deb8u1.dsc
2020-01-06 02:35:58.174611 +0000 build-debian4: !! pkgs/vm-jessie/qubes-usb-proxy_1.0.15+deb8u1.tar.xz
2020-01-06 02:35:58.174620 +0000 build-debian4: !! pkgs/vm-jessie/qubes-usb-proxy_1.0.15+deb8u1_amd64.changes
2020-01-06 02:35:58.174629 +0000 build-debian4: !! pkgs/vm-jessie/qubes-usb-proxy_1.0.15+deb8u1_amd64.deb
2020-01-06 02:35:58.174642 +0000 build-debian4: !! pkgs/vm-jessie/qubes-usb-proxy_1.0.16+deb8u1.dsc
2020-01-06 02:35:58.174651 +0000 build-debian4: !! pkgs/vm-jessie/qubes-usb-proxy_1.0.16+deb8u1.tar.xz
2020-01-06 02:35:58.174660 +0000 build-debian4: !! pkgs/vm-jessie/qubes-usb-proxy_1.0.16+deb8u1_amd64.changes
2020-01-06 02:35:58.174669 +0000 build-debian4: !! pkgs/vm-jessie/qubes-usb-proxy_1.0.16+deb8u1_amd64.deb
2020-01-06 02:35:58.174678 +0000 build-debian4: !! pkgs/vm-jessie/qubes-usb-proxy_1.0.17+deb8u1.dsc
2020-01-06 02:35:58.174686 +0000 build-debian4: !! pkgs/vm-jessie/qubes-usb-proxy_1.0.17+deb8u1.tar.xz
2020-01-06 02:35:58.174695 +0000 build-debian4: !! pkgs/vm-jessie/qubes-usb-proxy_1.0.17+deb8u1_amd64.changes
2020-01-06 02:35:58.174704 +0000 build-debian4: !! pkgs/vm-jessie/qubes-usb-proxy_1.0.17+deb8u1_amd64.deb
2020-01-06 02:35:58.174713 +0000 build-debian4: !! pkgs/vm-jessie/qubes-usb-proxy_1.0.18+deb8u1.dsc
2020-01-06 02:35:58.174722 +0000 build-debian4: !! pkgs/vm-jessie/qubes-usb-proxy_1.0.18+deb8u1.tar.xz
2020-01-06 02:35:58.174731 +0000 build-debian4: !! pkgs/vm-jessie/qubes-usb-proxy_1.0.18+deb8u1_amd64.changes
2020-01-06 02:35:58.174740 +0000 build-debian4: !! pkgs/vm-jessie/qubes-usb-proxy_1.0.18+deb8u1_amd64.deb
2020-01-06 02:35:58.174748 +0000 build-debian4: !! pkgs/vm-jessie/qubes-usb-proxy_1.0.19+deb8u1.dsc
2020-01-06 02:35:58.174757 +0000 build-debian4: !! pkgs/vm-jessie/qubes-usb-proxy_1.0.19+deb8u1.tar.xz
2020-01-06 02:35:58.174766 +0000 build-debian4: !! pkgs/vm-jessie/qubes-usb-proxy_1.0.19+deb8u1_amd64.changes
2020-01-06 02:35:58.174775 +0000 build-debian4: !! pkgs/vm-jessie/qubes-usb-proxy_1.0.19+deb8u1_amd64.deb
2020-01-06 02:35:58.174784 +0000 build-debian4: !! pkgs/vm-jessie/qubes-usb-proxy_1.0.20+deb8u1.dsc
2020-01-06 02:35:58.174793 +0000 build-debian4: !! pkgs/vm-jessie/qubes-usb-proxy_1.0.20+deb8u1.tar.xz
2020-01-06 02:35:58.174802 +0000 build-debian4: !! pkgs/vm-jessie/qubes-usb-proxy_1.0.20+deb8u1_amd64.changes
2020-01-06 02:35:58.174811 +0000 build-debian4: !! pkgs/vm-jessie/qubes-usb-proxy_1.0.20+deb8u1_amd64.deb
2020-01-06 02:35:58.174820 +0000 build-debian4: !! pkgs/vm-jessie/qubes-usb-proxy_1.0.21+deb8u1.dsc
2020-01-06 02:35:58.174830 +0000 build-debian4: !! pkgs/vm-jessie/qubes-usb-proxy_1.0.21+deb8u1.tar.xz
2020-01-06 02:35:58.174840 +0000 build-debian4: !! pkgs/vm-jessie/qubes-usb-proxy_1.0.21+deb8u1_amd64.changes
2020-01-06 02:35:58.174851 +0000 build-debian4: !! pkgs/vm-jessie/qubes-usb-proxy_1.0.21+deb8u1_amd64.deb
2020-01-06 02:35:58.174860 +0000 build-debian4: !! pkgs/vm-jessie/qubes-usb-proxy_1.0.22+deb8u1.dsc
2020-01-06 02:35:58.174869 +0000 build-debian4: !! pkgs/vm-jessie/qubes-usb-proxy_1.0.22+deb8u1.tar.xz
2020-01-06 02:35:58.174878 +0000 build-debian4: !! pkgs/vm-jessie/qubes-usb-proxy_1.0.22+deb8u1_amd64.changes
2020-01-06 02:35:58.174890 +0000 build-debian4: !! pkgs/vm-jessie/qubes-usb-proxy_1.0.22+deb8u1_amd64.deb
2020-01-06 02:35:58.174899 +0000 build-debian4: !! pkgs/vm-jessie/qubes-usb-proxy_1.0.6+deb8u1.dsc
2020-01-06 02:35:58.174908 +0000 build-debian4: !! pkgs/vm-jessie/qubes-usb-proxy_1.0.6+deb8u1.tar.xz
2020-01-06 02:35:58.174929 +0000 build-debian4: !! pkgs/vm-jessie/qubes-usb-proxy_1.0.6+deb8u1_amd64.changes
2020-01-06 02:35:58.174939 +0000 build-debian4: !! pkgs/vm-jessie/qubes-usb-proxy_1.0.6+deb8u1_amd64.deb
2020-01-06 02:35:58.174948 +0000 build-debian4: !! pkgs/vm-jessie/qubes-usb-proxy_1.0.7+deb8u1.dsc
2020-01-06 02:35:58.174957 +0000 build-debian4: !! pkgs/vm-jessie/qubes-usb-proxy_1.0.7+deb8u1.tar.xz
2020-01-06 02:35:58.174966 +0000 build-debian4: !! pkgs/vm-jessie/qubes-usb-proxy_1.0.7+deb8u1_amd64.changes
2020-01-06 02:35:58.174975 +0000 build-debian4: !! pkgs/vm-jessie/qubes-usb-proxy_1.0.7+deb8u1_amd64.deb
2020-01-06 02:35:58.174984 +0000 build-debian4: !! pkgs/vm-jessie/qubes-usb-proxy_1.0.8+deb8u1.dsc
2020-01-06 02:35:58.174992 +0000 build-debian4: !! pkgs/vm-jessie/qubes-usb-proxy_1.0.8+deb8u1.tar.xz
2020-01-06 02:35:58.175006 +0000 build-debian4: !! pkgs/vm-jessie/qubes-usb-proxy_1.0.8+deb8u1_amd64.changes
2020-01-06 02:35:58.175016 +0000 build-debian4: !! pkgs/vm-jessie/qubes-usb-proxy_1.0.8+deb8u1_amd64.deb
2020-01-06 02:35:58.175025 +0000 build-debian4: !! pkgs/vm-stretch/qubes-usb-proxy_1.0.10+deb9u1.dsc
2020-01-06 02:35:58.175034 +0000 build-debian4: !! pkgs/vm-stretch/qubes-usb-proxy_1.0.10+deb9u1.tar.xz
2020-01-06 02:35:58.175043 +0000 build-debian4: !! pkgs/vm-stretch/qubes-usb-proxy_1.0.10+deb9u1_amd64.buildinfo
2020-01-06 02:35:58.175052 +0000 build-debian4: !! pkgs/vm-stretch/qubes-usb-proxy_1.0.10+deb9u1_amd64.changes
2020-01-06 02:35:58.175061 +0000 build-debian4: !! pkgs/vm-stretch/qubes-usb-proxy_1.0.10+deb9u1_amd64.deb
2020-01-06 02:35:58.175070 +0000 build-debian4: !! pkgs/vm-stretch/qubes-usb-proxy_1.0.11+deb9u1.dsc
2020-01-06 02:35:58.175079 +0000 build-debian4: !! pkgs/vm-stretch/qubes-usb-proxy_1.0.11+deb9u1.tar.xz
2020-01-06 02:35:58.175088 +0000 build-debian4: !! pkgs/vm-stretch/qubes-usb-proxy_1.0.11+deb9u1_amd64.buildinfo
2020-01-06 02:35:58.175097 +0000 build-debian4: !! pkgs/vm-stretch/qubes-usb-proxy_1.0.11+deb9u1_amd64.changes
2020-01-06 02:35:58.175106 +0000 build-debian4: !! pkgs/vm-stretch/qubes-usb-proxy_1.0.11+deb9u1_amd64.deb
2020-01-06 02:35:58.175115 +0000 build-debian4: !! pkgs/vm-stretch/qubes-usb-proxy_1.0.12+deb9u1.dsc
2020-01-06 02:35:58.175124 +0000 build-debian4: !! pkgs/vm-stretch/qubes-usb-proxy_1.0.12+deb9u1.tar.xz
2020-01-06 02:35:58.175133 +0000 build-debian4: !! pkgs/vm-stretch/qubes-usb-proxy_1.0.12+deb9u1_amd64.buildinfo
2020-01-06 02:35:58.175142 +0000 build-debian4: !! pkgs/vm-stretch/qubes-usb-proxy_1.0.12+deb9u1_amd64.changes
2020-01-06 02:35:58.175151 +0000 build-debian4: !! pkgs/vm-stretch/qubes-usb-proxy_1.0.12+deb9u1_amd64.deb
2020-01-06 02:35:58.175160 +0000 build-debian4: !! pkgs/vm-stretch/qubes-usb-proxy_1.0.13+deb9u1.dsc
2020-01-06 02:35:58.175169 +0000 build-debian4: !! pkgs/vm-stretch/qubes-usb-proxy_1.0.13+deb9u1.tar.xz
2020-01-06 02:35:58.175178 +0000 build-debian4: !! pkgs/vm-stretch/qubes-usb-proxy_1.0.13+deb9u1_amd64.buildinfo
2020-01-06 02:35:58.175187 +0000 build-debian4: !! pkgs/vm-stretch/qubes-usb-proxy_1.0.13+deb9u1_amd64.changes
2020-01-06 02:35:58.175196 +0000 build-debian4: !! pkgs/vm-stretch/qubes-usb-proxy_1.0.13+deb9u1_amd64.deb
2020-01-06 02:35:58.175205 +0000 build-debian4: !! pkgs/vm-stretch/qubes-usb-proxy_1.0.14+deb9u1.dsc
2020-01-06 02:35:58.175213 +0000 build-debian4: !! pkgs/vm-stretch/qubes-usb-proxy_1.0.14+deb9u1.tar.xz
2020-01-06 02:35:58.175225 +0000 build-debian4: !! pkgs/vm-stretch/qubes-usb-proxy_1.0.14+deb9u1_amd64.buildinfo
2020-01-06 02:35:58.175234 +0000 build-debian4: !! pkgs/vm-stretch/qubes-usb-proxy_1.0.14+deb9u1_amd64.changes
2020-01-06 02:35:58.175244 +0000 build-debian4: !! pkgs/vm-stretch/qubes-usb-proxy_1.0.14+deb9u1_amd64.deb
2020-01-06 02:35:58.175252 +0000 build-debian4: !! pkgs/vm-stretch/qubes-usb-proxy_1.0.15+deb9u1.dsc
2020-01-06 02:35:58.175264 +0000 build-debian4: !! pkgs/vm-stretch/qubes-usb-proxy_1.0.15+deb9u1.tar.xz
2020-01-06 02:35:58.175273 +0000 build-debian4: !! pkgs/vm-stretch/qubes-usb-proxy_1.0.15+deb9u1_amd64.buildinfo
2020-01-06 02:35:58.175283 +0000 build-debian4: !! pkgs/vm-stretch/qubes-usb-proxy_1.0.15+deb9u1_amd64.changes
2020-01-06 02:35:58.175292 +0000 build-debian4: !! pkgs/vm-stretch/qubes-usb-proxy_1.0.15+deb9u1_amd64.deb
2020-01-06 02:35:58.175300 +0000 build-debian4: !! pkgs/vm-stretch/qubes-usb-proxy_1.0.16+deb9u1.dsc
2020-01-06 02:35:58.175309 +0000 build-debian4: !! pkgs/vm-stretch/qubes-usb-proxy_1.0.16+deb9u1.tar.xz
2020-01-06 02:35:58.175318 +0000 build-debian4: !! pkgs/vm-stretch/qubes-usb-proxy_1.0.16+deb9u1_amd64.buildinfo
2020-01-06 02:35:58.175327 +0000 build-debian4: !! pkgs/vm-stretch/qubes-usb-proxy_1.0.16+deb9u1_amd64.changes
2020-01-06 02:35:58.175336 +0000 build-debian4: !! pkgs/vm-stretch/qubes-usb-proxy_1.0.16+deb9u1_amd64.deb
2020-01-06 02:35:58.175345 +0000 build-debian4: !! pkgs/vm-stretch/qubes-usb-proxy_1.0.17+deb9u1.dsc
2020-01-06 02:35:58.175353 +0000 build-debian4: !! pkgs/vm-stretch/qubes-usb-proxy_1.0.17+deb9u1.tar.xz
2020-01-06 02:35:58.175363 +0000 build-debian4: !! pkgs/vm-stretch/qubes-usb-proxy_1.0.17+deb9u1_amd64.buildinfo
2020-01-06 02:35:58.175372 +0000 build-debian4: !! pkgs/vm-stretch/qubes-usb-proxy_1.0.17+deb9u1_amd64.changes
2020-01-06 02:35:58.175381 +0000 build-debian4: !! pkgs/vm-stretch/qubes-usb-proxy_1.0.17+deb9u1_amd64.deb
2020-01-06 02:35:58.175389 +0000 build-debian4: !! pkgs/vm-stretch/qubes-usb-proxy_1.0.18+deb9u1.dsc
2020-01-06 02:35:58.175398 +0000 build-debian4: !! pkgs/vm-stretch/qubes-usb-proxy_1.0.18+deb9u1.tar.xz
2020-01-06 02:35:58.175407 +0000 build-debian4: !! pkgs/vm-stretch/qubes-usb-proxy_1.0.18+deb9u1_amd64.buildinfo
2020-01-06 02:35:58.175416 +0000 build-debian4: !! pkgs/vm-stretch/qubes-usb-proxy_1.0.18+deb9u1_amd64.changes
2020-01-06 02:35:58.175425 +0000 build-debian4: !! pkgs/vm-stretch/qubes-usb-proxy_1.0.18+deb9u1_amd64.deb
2020-01-06 02:35:58.175434 +0000 build-debian4: !! pkgs/vm-stretch/qubes-usb-proxy_1.0.19+deb9u1.dsc
2020-01-06 02:35:58.175443 +0000 build-debian4: !! pkgs/vm-stretch/qubes-usb-proxy_1.0.19+deb9u1.tar.xz
2020-01-06 02:35:58.175452 +0000 build-debian4: !! pkgs/vm-stretch/qubes-usb-proxy_1.0.19+deb9u1_amd64.buildinfo
2020-01-06 02:35:58.175461 +0000 build-debian4: !! pkgs/vm-stretch/qubes-usb-proxy_1.0.19+deb9u1_amd64.changes
2020-01-06 02:35:58.175470 +0000 build-debian4: !! pkgs/vm-stretch/qubes-usb-proxy_1.0.19+deb9u1_amd64.deb
2020-01-06 02:35:58.175479 +0000 build-debian4: !! pkgs/vm-stretch/qubes-usb-proxy_1.0.20+deb9u1.dsc
2020-01-06 02:35:58.175488 +0000 build-debian4: !! pkgs/vm-stretch/qubes-usb-proxy_1.0.20+deb9u1.tar.xz
2020-01-06 02:35:58.175497 +0000 build-debian4: !! pkgs/vm-stretch/qubes-usb-proxy_1.0.20+deb9u1_amd64.buildinfo
2020-01-06 02:35:58.175506 +0000 build-debian4: !! pkgs/vm-stretch/qubes-usb-proxy_1.0.20+deb9u1_amd64.changes
2020-01-06 02:35:58.175515 +0000 build-debian4: !! pkgs/vm-stretch/qubes-usb-proxy_1.0.20+deb9u1_amd64.deb
2020-01-06 02:35:58.175524 +0000 build-debian4: !! pkgs/vm-stretch/qubes-usb-proxy_1.0.21+deb9u1.dsc
2020-01-06 02:35:58.175533 +0000 build-debian4: !! pkgs/vm-stretch/qubes-usb-proxy_1.0.21+deb9u1.tar.xz
2020-01-06 02:35:58.175542 +0000 build-debian4: !! pkgs/vm-stretch/qubes-usb-proxy_1.0.21+deb9u1_amd64.buildinfo
2020-01-06 02:35:58.175551 +0000 build-debian4: !! pkgs/vm-stretch/qubes-usb-proxy_1.0.21+deb9u1_amd64.changes
2020-01-06 02:35:58.175560 +0000 build-debian4: !! pkgs/vm-stretch/qubes-usb-proxy_1.0.21+deb9u1_amd64.deb
2020-01-06 02:35:58.175569 +0000 build-debian4: !! pkgs/vm-stretch/qubes-usb-proxy_1.0.22+deb9u1.dsc
2020-01-06 02:35:58.175578 +0000 build-debian4: !! pkgs/vm-stretch/qubes-usb-proxy_1.0.22+deb9u1.tar.xz
2020-01-06 02:35:58.175587 +0000 build-debian4: !! pkgs/vm-stretch/qubes-usb-proxy_1.0.22+deb9u1_amd64.buildinfo
2020-01-06 02:35:58.175596 +0000 build-debian4: !! pkgs/vm-stretch/qubes-usb-proxy_1.0.22+deb9u1_amd64.changes
2020-01-06 02:35:58.175607 +0000 build-debian4: !! pkgs/vm-stretch/qubes-usb-proxy_1.0.22+deb9u1_amd64.deb
2020-01-06 02:35:58.175616 +0000 build-debian4: !! pkgs/vm-stretch/qubes-usb-proxy_1.0.23+deb9u1.dsc
2020-01-06 02:35:58.175625 +0000 build-debian4: !! pkgs/vm-stretch/qubes-usb-proxy_1.0.23+deb9u1.tar.xz
2020-01-06 02:35:58.175638 +0000 build-debian4: !! pkgs/vm-stretch/qubes-usb-proxy_1.0.23+deb9u1_amd64.buildinfo
2020-01-06 02:35:58.175648 +0000 build-debian4: !! pkgs/vm-stretch/qubes-usb-proxy_1.0.23+deb9u1_amd64.changes
2020-01-06 02:35:58.175657 +0000 build-debian4: !! pkgs/vm-stretch/qubes-usb-proxy_1.0.23+deb9u1_amd64.deb
2020-01-06 02:35:58.175665 +0000 build-debian4: !! pkgs/vm-stretch/qubes-usb-proxy_1.0.24+deb9u1.dsc
2020-01-06 02:35:58.175674 +0000 build-debian4: !! pkgs/vm-stretch/qubes-usb-proxy_1.0.24+deb9u1.tar.xz
2020-01-06 02:35:58.175683 +0000 build-debian4: !! pkgs/vm-stretch/qubes-usb-proxy_1.0.24+deb9u1_amd64.buildinfo
2020-01-06 02:35:58.175692 +0000 build-debian4: !! pkgs/vm-stretch/qubes-usb-proxy_1.0.24+deb9u1_amd64.changes
2020-01-06 02:35:58.175701 +0000 build-debian4: !! pkgs/vm-stretch/qubes-usb-proxy_1.0.24+deb9u1_amd64.deb
2020-01-06 02:35:58.175710 +0000 build-debian4: !! pkgs/vm-stretch/qubes-usb-proxy_1.0.6+deb9u1.dsc
2020-01-06 02:35:58.175719 +0000 build-debian4: !! pkgs/vm-stretch/qubes-usb-proxy_1.0.6+deb9u1.tar.xz
2020-01-06 02:35:58.175728 +0000 build-debian4: !! pkgs/vm-stretch/qubes-usb-proxy_1.0.6+deb9u1_amd64.buildinfo
2020-01-06 02:35:58.175737 +0000 build-debian4: !! pkgs/vm-stretch/qubes-usb-proxy_1.0.6+deb9u1_amd64.changes
2020-01-06 02:35:58.175746 +0000 build-debian4: !! pkgs/vm-stretch/qubes-usb-proxy_1.0.6+deb9u1_amd64.deb
2020-01-06 02:35:58.175755 +0000 build-debian4: !! pkgs/vm-stretch/qubes-usb-proxy_1.0.7+deb9u1.dsc
2020-01-06 02:35:58.175763 +0000 build-debian4: !! pkgs/vm-stretch/qubes-usb-proxy_1.0.7+deb9u1.tar.xz
2020-01-06 02:35:58.175772 +0000 build-debian4: !! pkgs/vm-stretch/qubes-usb-proxy_1.0.7+deb9u1_amd64.buildinfo
2020-01-06 02:35:58.175781 +0000 build-debian4: !! pkgs/vm-stretch/qubes-usb-proxy_1.0.7+deb9u1_amd64.changes
2020-01-06 02:35:58.175791 +0000 build-debian4: !! pkgs/vm-stretch/qubes-usb-proxy_1.0.7+deb9u1_amd64.deb
2020-01-06 02:35:58.175799 +0000 build-debian4: !! pkgs/vm-stretch/qubes-usb-proxy_1.0.8+deb9u1.dsc
2020-01-06 02:35:58.175808 +0000 build-debian4: !! pkgs/vm-stretch/qubes-usb-proxy_1.0.8+deb9u1.tar.xz
2020-01-06 02:35:58.175817 +0000 build-debian4: !! pkgs/vm-stretch/qubes-usb-proxy_1.0.8+deb9u1_amd64.buildinfo
2020-01-06 02:35:58.175826 +0000 build-debian4: !! pkgs/vm-stretch/qubes-usb-proxy_1.0.8+deb9u1_amd64.changes
2020-01-06 02:35:58.175835 +0000 build-debian4: !! pkgs/vm-stretch/qubes-usb-proxy_1.0.8+deb9u1_amd64.deb
2020-01-06 02:35:58.175850 +0000 build-debian4: 4a5444386a956f013836dc81827ae6595e83c2658a95c9c1c747e9dc8dbd7b77491503833feec167f5c192b94920877e1b6f052535511b546722c3c617adfe23  pkgs/vm-bullseye/qubes-usb-proxy_1.0.21+deb11u1.dsc
2020-01-06 02:35:58.175870 +0000 build-debian4: d6ae91f6fae3545da323c153aa5165827b5031bfa2b52f4e0c84f479887f41d00e6c0768f13c7f7adfbaaaf1fbfe2c4559d61e6742e768d044043ae42ad82e60  pkgs/vm-bullseye/qubes-usb-proxy_1.0.21+deb11u1.tar.xz
2020-01-06 02:35:58.175886 +0000 build-debian4: 33bcf2e41533e5daba13f93160970c5aaae149a4e6a320e222bfade6b3d766f6ad165c690537fb992ae891ff14cf8821ebdad971cd06bf449d51019f67e874fa  pkgs/vm-bullseye/qubes-usb-proxy_1.0.21+deb11u1_amd64.buildinfo
2020-01-06 02:35:58.175901 +0000 build-debian4: 6660f26644c1372a50e3e60f9a526a6cc87dfbede74ea0631748411f727db3e1a6710f4b37494dafca68ee41db60cedb3ecd51f6defeac49d898357e950c5e78  pkgs/vm-bullseye/qubes-usb-proxy_1.0.21+deb11u1_amd64.changes
2020-01-06 02:35:58.175986 +0000 build-debian4: 85d09cc0dda24924137e135909fa66440e604f8a4290df46f8ff73266559e2ba44397955881675ea795d67ec0a2913bf1947e57e8c6c6ec9fc25e38b2ed21258  pkgs/vm-bullseye/qubes-usb-proxy_1.0.21+deb11u1_amd64.deb
2020-01-06 02:35:58.176012 +0000 build-debian4: 2a41b50d304e37d5c6773ebe5c620a0c5ec186ddc0e76f222d71adeb9a4bf9d4dcd1aed0723eefb10f43d11eaab02cf308bd1c838beadd91d0cda186e14a57cc  pkgs/vm-bullseye/qubes-usb-proxy_1.0.22+deb11u1.dsc
2020-01-06 02:35:58.176034 +0000 build-debian4: 9c60d84b6586e521550b44431ecdb2a4923144603c41e48e0fa476dcbb1c432738a51d48ca81f95d93beb9b28fe066ae7fbf01f0dd1c3c0c0055f300e05e6db3  pkgs/vm-bullseye/qubes-usb-proxy_1.0.22+deb11u1.tar.xz
2020-01-06 02:35:58.176049 +0000 build-debian4: f214df4072bed315077b8015402bb7cd181fb9c260433f7ee9f831eba0006c98141a4f3643371f773c67b8f1f91c345982780a9abc9da75b39ac9aa9e2e5de98  pkgs/vm-bullseye/qubes-usb-proxy_1.0.22+deb11u1_amd64.buildinfo
2020-01-06 02:35:58.176065 +0000 build-debian4: 9bd6116553605b822e6682f97522425dc9a982d7adec590b528ff3b11d26034480005e8c5ab0073a6ed65381f90ba6b658319a5bd22f7217942a790f34dc4308  pkgs/vm-bullseye/qubes-usb-proxy_1.0.22+deb11u1_amd64.changes
2020-01-06 02:35:58.176080 +0000 build-debian4: a5d12f084248e94a78b3705bd16fdea2894bbaaf1bc6c4a7102d231231a4c124a7d49109d9541eed67b05c2f331edcfad0c7ca3cd02690a00f96a17a23474bc9  pkgs/vm-bullseye/qubes-usb-proxy_1.0.22+deb11u1_amd64.deb
2020-01-06 02:35:58.176094 +0000 build-debian4: 38f0dad9626df81989e96feda5a0e5b897feb6a736dc5723d3a2967401c332ace0e91600e9f5bc87fa3b4ac7258770e7e662560dd0269ce5987e03e5c86d2975  pkgs/vm-bullseye/qubes-usb-proxy_1.0.23+deb11u1.dsc
2020-01-06 02:35:58.176109 +0000 build-debian4: e9d2efa9b608162e0f5066b5cdc52c0fdc124ad1df5262ba518b79ee9fd55bfb6a4db7bf20dcacfd147de128627e7de1a480867898b55b1c7610235f568baafe  pkgs/vm-bullseye/qubes-usb-proxy_1.0.23+deb11u1.tar.xz
2020-01-06 02:35:58.176124 +0000 build-debian4: 38e8ca8bb6f395d03f3c656cab20e3d800f665134e14a24694b3497dd25d78cd07e40a646e1ba7a295213975abf7f69a4b88ae4c0e986bb011816f4fbe1dc52d  pkgs/vm-bullseye/qubes-usb-proxy_1.0.23+deb11u1_amd64.buildinfo
2020-01-06 02:35:58.176139 +0000 build-debian4: f840bbb1ce2a1460d884f2afe6aaa353d578981437d2ed974836f5c5d64f30076cddf200e4fcd1e68a98a84d0402241188bac43982eeea6b4f797e51ced6ecee  pkgs/vm-bullseye/qubes-usb-proxy_1.0.23+deb11u1_amd64.changes
2020-01-06 02:35:58.176160 +0000 build-debian4: fa334021f1fa8a160c5dc9349e3cff0118d32c49bb8cf8716617eaa627163b0cf3648955e4e15aa54d3ff7b1671bc30fd232b5eb58f3209bc677287adbbd6762  pkgs/vm-bullseye/qubes-usb-proxy_1.0.23+deb11u1_amd64.deb
2020-01-06 02:35:58.176175 +0000 build-debian4: 90e325e3d0064130ad5781c83fd90fd4d6d182589d83ff745bf9235b7e81601ac99f7a34cbea192d3ba061d690a611bb714dc64835584f932a3adde89f3d61aa  pkgs/vm-bullseye/qubes-usb-proxy_1.0.24+deb11u1.dsc
2020-01-06 02:35:58.176190 +0000 build-debian4: 5063b46d9e466188dc9cecb42315bfe7ca00c92994752c41ae8b15647b0fb2b1562ceb7b5ab4f9d3f9ba67c6b7b9ee70f27576676b938aee75457efa16f5ef22  pkgs/vm-bullseye/qubes-usb-proxy_1.0.24+deb11u1.tar.xz
2020-01-06 02:35:58.176205 +0000 build-debian4: 2f95829b7f491dbfbb95790003a43519e900522187aff34078c5484a12d03328bd50612cc7b8cb36192ce96e770cfd6c4c357f4ed32445117e062f700e087ef9  pkgs/vm-bullseye/qubes-usb-proxy_1.0.24+deb11u1_amd64.buildinfo
2020-01-06 02:35:58.176220 +0000 build-debian4: a598b1a375d2d2dfbfa9c340c67cbfa01de627792a236400be03891703a7aea8c124004d0b53879cdbc73a4e601a76e54a2a3d6671cd7ab7428d42c33117ee17  pkgs/vm-bullseye/qubes-usb-proxy_1.0.24+deb11u1_amd64.changes
2020-01-06 02:35:58.176234 +0000 build-debian4: 70b9aa803a1a522422709110d7d386fc1d0c9a5b26e967ace590b37dafbdd34b20ad31b8212ecf73149c91b6b557ecefe5611922fd6408b77f45342184d0c22d  pkgs/vm-bullseye/qubes-usb-proxy_1.0.24+deb11u1_amd64.deb
2020-01-06 02:35:58.176249 +0000 build-debian4: 670ae8c4737449395144c8bb15919715fd695a4d410c52877654fd5bdc269b253187845c813dd3dd0f3f6711a682c770009b3a3453a6817750e86bc5d1965a4f  pkgs/vm-bullseye/qubes-usb-proxy_1.0.25+deb11u1.dsc
2020-01-06 02:35:58.176264 +0000 build-debian4: 8ded35f630502343bc502231baf8bb40825af635345fac827bbe7e10f924b67d8827ecfc48ce3ebb27f163c03a0bffb31194e5eb6da9d814f8fdd5035743576d  pkgs/vm-bullseye/qubes-usb-proxy_1.0.25+deb11u1.tar.xz
2020-01-06 02:35:58.176279 +0000 build-debian4: ec4f1c7ae3e1b1de670e6e6b2b6dbe578ab2012a6c432cb2fc2ac538d637c543b0b7e747ee866b582446e733a2f1891db6187e8dc2209486ff792ea5b0dc6049  pkgs/vm-bullseye/qubes-usb-proxy_1.0.25+deb11u1_amd64.buildinfo
2020-01-06 02:35:58.176298 +0000 build-debian4: ee8973a22309275c7228f2e698435e771179396509890c6eebef19d1725290457b8681b3673b058b3d96c3281d8cf1d573ad0222b90002a760f4ba805e5a44a9  pkgs/vm-bullseye/qubes-usb-proxy_1.0.25+deb11u1_amd64.changes
2020-01-06 02:35:58.176313 +0000 build-debian4: e113b70007aa2f3d78796b96daf830e2b2971525265a4fdd70799c254e14e0bdc4ad980f9fe47f1ac023ba3a46ad188dcc9c181982c316ebbbc3de79752c5e88  pkgs/vm-bullseye/qubes-usb-proxy_1.0.25+deb11u1_amd64.deb
2020-01-06 02:35:58.176327 +0000 build-debian4: 6fe00ced3e9356364476153310f7ce24fef19ec4c9670fe0f8c7028c53ef1fbba6986d1cc4f07b0ceed02df87450a9ae73f7991a9ca35c917376c3435aeb405c  pkgs/vm-buster/qubes-usb-proxy_1.0.15+deb10u1.dsc
2020-01-06 02:35:58.176342 +0000 build-debian4: cab6f1d1028947a5ae3d61c3753187b80f4cc40322bcc0634ccd9106a764ccf57d084777927b72a3f9122bf496e624f41d637d65e8463cb0ae23227ff5311cbd  pkgs/vm-buster/qubes-usb-proxy_1.0.15+deb10u1.tar.xz
2020-01-06 02:35:58.176357 +0000 build-debian4: 2f2cb22c0faf390b3fb24682c12754a92bfc1531cf49d223c488d3c7ce025e17492845187e1e224982c54897411ce69a4047052cc76d5e7bf3cdb8f592b136a3  pkgs/vm-buster/qubes-usb-proxy_1.0.15+deb10u1_amd64.buildinfo
2020-01-06 02:35:58.176372 +0000 build-debian4: 8e1068b8e2808fefb1e40267c92a409b646a2abfcb8ad9eed49aba4272d2560b84a739ef2c5a6db06e9cd3aec987d29798c175a647abd7366c2c75fe852b83e7  pkgs/vm-buster/qubes-usb-proxy_1.0.15+deb10u1_amd64.changes
2020-01-06 02:35:58.176387 +0000 build-debian4: 66205b6054901a96fa6936e900a3656cf5a117c365b1908092436ffca6f596ee979a2e9e2331d0c09bc2d39db488e0e651ed0a2ca7dbe307251d6b4c60b65afc  pkgs/vm-buster/qubes-usb-proxy_1.0.15+deb10u1_amd64.deb
2020-01-06 02:35:58.176401 +0000 build-debian4: ccdfdd01cce108e210a044b3d8089cf17b4d59e7d048c38eb73bf427cffbf84dfcb921244e0819147c834066090169de0ef078be4354ed32a3e2176142254989  pkgs/vm-buster/qubes-usb-proxy_1.0.16+deb10u1.dsc
2020-01-06 02:35:58.176416 +0000 build-debian4: 5414d6da522271c967b210d5264833677bf878a253057e808b7a02b943c7235d04b372149a6fac892c78589f13dd05f213d2765b688b7d5f1ae5a27a42de27c2  pkgs/vm-buster/qubes-usb-proxy_1.0.16+deb10u1.tar.xz
2020-01-06 02:35:58.176430 +0000 build-debian4: 591a80137e25be6de7c28bf92952919bd132310b845ae53ed7c93b1246f648567a9b3fb112d0f91a713ce682d6a61a540e3224c067151eb1de6d32f6cf4c35aa  pkgs/vm-buster/qubes-usb-proxy_1.0.16+deb10u1_amd64.buildinfo
2020-01-06 02:35:58.176445 +0000 build-debian4: 24fc20cac48df459fec04604bbc96983109e876a41bac82ca89f098b490fd81166844a76fdd4820752951eb6f4b526e24e16b642ff6df335b2966686d97885f6  pkgs/vm-buster/qubes-usb-proxy_1.0.16+deb10u1_amd64.changes
2020-01-06 02:35:58.176460 +0000 build-debian4: e40c5342ed5f84e0684d0dc8363a36f0b7fa596c43d8df991a72d2a9b4c0436a9ded611a4fda377ccc49e74329fd483dbbb18df164f521dcbb9586bd0a3e4d10  pkgs/vm-buster/qubes-usb-proxy_1.0.16+deb10u1_amd64.deb
2020-01-06 02:35:58.176474 +0000 build-debian4: a17aed6a0fa8a3e6f95078999062fa50685c31a66e49e898bdaa8e8b07eefa14de1308dbeafd8bf928cbacea57a5d9d02681347915af8a9674242acc913606bf  pkgs/vm-buster/qubes-usb-proxy_1.0.17+deb10u1.dsc
