2021-10-26 00:37:28.474689 +0000 > starting log
2021-10-26 00:37:28.475077 +0000 build-debian4: > starting build with log
2021-10-26 00:37:28.475090 +0000 build-debian4: >> make args: update-repo-current
2021-10-26 00:37:28.475097 +0000 build-debian4: >> MAKEFLAGS=
2021-10-26 00:37:28.475105 +0000 build-debian4: >> COMPONENTS=mgmt-salt-dom0-update
2021-10-26 00:37:28.475112 +0000 build-debian4: >> DISTS_VM=buster bullseye
2021-10-26 00:37:28.475118 +0000 build-debian4: >> DIST_DOM0=
2021-10-26 00:37:28.475126 +0000 build-debian4: >> qubes-builder 61b94b1f0930c8b4324f606541784afc252e7d6e
2021-10-26 00:37:28.475136 +0000 build-debian4: >> qubes-builder/qubes-src/mgmt-salt-dom0-update 55bde4b21888cd72de886d5943359813baf0f6f8
2021-10-26 00:37:28.515064 +0000 build-debian4: ================================================================================
2021-10-26 00:37:28.515107 +0000 build-debian4:                            B U I L D   I N F O                                  
2021-10-26 00:37:28.515119 +0000 build-debian4: Items in red indicate it was automatically generated by configuration file(s)
2021-10-26 00:37:28.515130 +0000 build-debian4: Items in white indicate it was automatically removed by configuration file(s)
2021-10-26 00:37:28.515139 +0000 build-debian4: ================================================================================
2021-10-26 00:37:28.515145 +0000 build-debian4: DISTS_VM:
2021-10-26 00:37:28.517643 +0000 build-debian4:      buster+standard, bullseye+standard, buster bullseye
2021-10-26 00:37:28.517677 +0000 build-debian4: DISTS_ALL:
2021-10-26 00:37:28.521690 +0000 build-debian4:      vm-bullseye, vm-buster,
2021-10-26 00:37:28.521726 +0000 build-debian4: DIST_DOM0:
2021-10-26 00:37:28.521734 +0000 build-debian4:     
2021-10-26 00:37:28.523527 +0000 build-debian4: BUILDER_PLUGINS:
2021-10-26 00:37:28.526102 +0000 build-debian4:      builder-debian, mgmt-salt, release-configs, linux-deb, builder-github,
2021-10-26 00:37:28.526179 +0000 build-debian4: COMPONENTS:
2021-10-26 00:37:28.529757 +0000 build-debian4:      mgmt-salt-dom0-update,
2021-10-26 00:37:28.529791 +0000 build-debian4: GIT_REPOS:
2021-10-26 00:37:28.533399 +0000 build-debian4:      qubes-src/mgmt-salt-dom0-update,
2021-10-26 00:37:28.533433 +0000 build-debian4: TEMPLATE:
2021-10-26 00:37:28.535906 +0000 build-debian4:     
2021-10-26 00:37:28.535941 +0000 build-debian4: TEMPLATE_FLAVOR_DIR:
2021-10-26 00:37:28.540746 +0000 build-debian4:     
2021-10-26 00:37:28.540781 +0000 build-debian4: TEMPLATE_ALIAS:
2021-10-26 00:37:28.542220 +0000 build-debian4:      stretch:stretch+standard, stretch+gnome:stretch+gnome+standard,
2021-10-26 00:37:28.542262 +0000 build-debian4:      stretch+minimal:stretch+minimal+no-recommends, buster:buster+standard, buster+gnome:buster+gnome+standard,
2021-10-26 00:37:28.542274 +0000 build-debian4:      buster+minimal:buster+minimal+no-recommends, bullseye:bullseye+standard,
2021-10-26 00:37:28.542286 +0000 build-debian4:      bullseye+gnome:bullseye+gnome+standard, bullseye+minimal:bullseye+minimal+no-recommends,
2021-10-26 00:37:28.542326 +0000 build-debian4:      bionic:bionic+standard, focal:focal+standard, whonix-gateway-15:buster+whonix-gateway+minimal+no-recommends,
2021-10-26 00:37:28.542336 +0000 build-debian4:      whonix-workstation-15:buster+whonix-workstation+minimal+no-recommends,
2021-10-26 00:37:28.542350 +0000 build-debian4:      whonix-gateway-16:bullseye+whonix-gateway+minimal+no-recommends,
2021-10-26 00:37:28.542360 +0000 build-debian4:      whonix-workstation-16:bullseye+whonix-workstation+minimal+no-recommends,
2021-10-26 00:37:28.542366 +0000 build-debian4: TEMPLATE_LABEL:
2021-10-26 00:37:28.542378 +0000 build-debian4:      buster+standard:debian-10, bullseye+standard:debian-11, buster+standard:buster, bullseye+standard:bullseye,
2021-10-26 00:37:28.542389 +0000 build-debian4:      fc32:fedora-32 fc33:fedora-33 fc34:fedora-34 fc35:fedora-35 fc32+minimal:fedora-32-minimal
2021-10-26 00:37:28.542400 +0000 build-debian4:      fc33+minimal:fedora-33-minimal fc34+minimal:fedora-34-minimal fc35+minimal:fedora-35-minimal
2021-10-26 00:37:28.542426 +0000 build-debian4:      fc32+xfce:fedora-32-xfce fc33+xfce:fedora-33-xfce fc34+xfce:fedora-34-xfce fc35+xfce:fedora-35-xfce
2021-10-26 00:37:28.542437 +0000 build-debian4:      stretch:debian-9 stretch+standard:debian-9 stretch+xfce:debian-9-xfce buster:debian-10
2021-10-26 00:37:28.542448 +0000 build-debian4:      buster+xfce:debian-10-xfce bullseye:debian-11 bullseye+xfce:debian-11-xfce bionic+standard:bionic
2021-10-26 00:37:28.542458 +0000 build-debian4:      focal+standard:focal buster+whonix-gateway+minimal+no-recommends:whonix-gw-15
2021-10-26 00:37:28.542466 +0000 build-debian4:      buster+whonix-workstation+minimal+no-recommends:whonix-ws-15
2021-10-26 00:37:28.542475 +0000 build-debian4:      bullseye+whonix-gateway+minimal+no-recommends:whonix-gw-16
2021-10-26 00:37:28.542485 +0000 build-debian4:      bullseye+whonix-workstation+minimal+no-recommends:whonix-ws-16 centos7:centos-7
2021-10-26 00:37:28.542495 +0000 build-debian4:      centos7+minimal:centos-7-minimal centos7+xfce:centos-7-xfce centos-stream8:centos-stream-8
2021-10-26 00:37:28.542506 +0000 build-debian4:      centos-stream8+minimal:centos-stream-8-minimal centos-stream8+xfce:centos-stream-8-xfce
2021-10-26 00:37:28.559097 +0000 build-debian4: > running make
2021-10-26 00:37:28.566661 +0000 build-debian4: Makefile:863: target 'internal-update-repo-current.vm.bullseye.mgmt-salt-dom0-update' does not exist
2021-10-26 00:37:28.566697 +0000 build-debian4: repo_base_var="LINUX_REPO_${DIST//-/_}_BASEDIR"; \
2021-10-26 00:37:28.566709 +0000 build-debian4: if [ "mgmt-salt-dom0-update" = linux-template-builder ]; then \
2021-10-26 00:37:28.566719 +0000 build-debian4: .# templates belongs to dom0 repository, even though PACKAGE_SET=vm
2021-10-26 00:37:28.566727 +0000 build-debian4: repo_base_var="LINUX_REPO__BASEDIR"; \
2021-10-26 00:37:28.566733 +0000 build-debian4: fi; \
2021-10-26 00:37:28.566741 +0000 build-debian4: if [ -n "${!repo_base_var}" ]; then \
2021-10-26 00:37:28.566748 +0000 build-debian4: .repo_basedir="${!repo_base_var}"; \
2021-10-26 00:37:28.566754 +0000 build-debian4: else \
2021-10-26 00:37:28.566762 +0000 build-debian4: .repo_basedir="qubes-src/linux-deb/r4.1"; \
2021-10-26 00:37:28.566767 +0000 build-debian4: fi; \
2021-10-26 00:37:28.566776 +0000 build-debian4: if [ -r qubes-src/mgmt-salt-dom0-update/Makefile.builder ]; then \
2021-10-26 00:37:28.566784 +0000 build-debian4: .echo -n "Updating qubes-src/mgmt-salt-dom0-update... "; \
2021-10-26 00:37:28.566791 +0000 build-debian4: .if [ "0" -eq 1 ]; then \
2021-10-26 00:37:28.566801 +0000 build-debian4: ..vtag=`git -C qubes-src/mgmt-salt-dom0-update tag --points-at HEAD --list v*`; \
2021-10-26 00:37:28.566808 +0000 build-debian4: ..if [ -z "$vtag" ]; then \
2021-10-26 00:37:28.566815 +0000 build-debian4: ...echo "no version tag"; \
2021-10-26 00:37:28.566821 +0000 build-debian4: ...exit 0; \
2021-10-26 00:37:28.566826 +0000 build-debian4: ..fi; \
2021-10-26 00:37:28.566832 +0000 build-debian4: .fi; \
2021-10-26 00:37:28.566841 +0000 build-debian4: .if [ "mgmt-salt-dom0-update" = linux-template-builder ]; then
2021-10-26 00:37:28.566852 +0000 build-debian4: export TEMPLATE_NAME=$(MAKEFLAGS= make -s -C qubes-src/linux-template-builder DIST=bullseye template-name)
2021-10-26 00:37:28.566857 +0000 build-debian4: fi
2021-10-26 00:37:28.566877 +0000 build-debian4: component_packages=$(MAKEFLAGS= make -s -f Makefile.generic DIST=bullseye PACKAGE_SET=vm COMPONENT=`basename qubes-src/mgmt-salt-dom0-update` UPDATE_REPO=/home/user/builder-r4.1/$repo_basedir/current/vm/bullseye get-var GET_VAR=PACKAGE_LIST); \
2021-10-26 00:37:28.566886 +0000 build-debian4: .if [ -z "$component_packages" ]; then \
2021-10-26 00:37:28.566893 +0000 build-debian4: ..echo "no packages."; \
2021-10-26 00:37:28.566899 +0000 build-debian4: ..exit 0; \
2021-10-26 00:37:28.566904 +0000 build-debian4: .fi; \
2021-10-26 00:37:28.566912 +0000 build-debian4: .make -s -f Makefile.generic DIST=bullseye PACKAGE_SET=vm \
2021-10-26 00:37:28.566936 +0000 build-debian4: ..COMPONENT=`basename qubes-src/mgmt-salt-dom0-update` \
2021-10-26 00:37:28.566944 +0000 build-debian4: ..SNAPSHOT_REPO=current-testing \
2021-10-26 00:37:28.566951 +0000 build-debian4: ..TARGET_REPO=current \
2021-10-26 00:37:28.566960 +0000 build-debian4: ..UPDATE_REPO=/home/user/builder-r4.1/$repo_basedir/current/vm/bullseye \
2021-10-26 00:37:28.566973 +0000 build-debian4: ..SNAPSHOT_FILE=/home/user/builder-r4.1/repo-latest-snapshot/current-testing-vm-bullseye-`basename qubes-src/mgmt-salt-dom0-update` \
2021-10-26 00:37:28.566979 +0000 build-debian4: ..BUILD_LOG_URL= \
2021-10-26 00:37:28.566987 +0000 build-debian4: ..update-repo-from-snapshot || exit 1; \
2021-10-26 00:37:28.566998 +0000 build-debian4: elif make -C qubes-src/mgmt-salt-dom0-update -n update-repo-current >/dev/null 2>/dev/null; then \
2021-10-26 00:37:28.567006 +0000 build-debian4: .echo "Updating qubes-src/mgmt-salt-dom0-update... "; \
2021-10-26 00:37:28.567016 +0000 build-debian4: .DIST=bullseye UPDATE_REPO=/home/user/builder-r4.1/$repo_basedir/current/vm/bullseye \
2021-10-26 00:37:28.567026 +0000 build-debian4: .make -s -C qubes-src/mgmt-salt-dom0-update update-repo-current || exit 1; \
2021-10-26 00:37:28.567032 +0000 build-debian4: else \
2021-10-26 00:37:28.567040 +0000 build-debian4: .echo -n "Updating qubes-src/mgmt-salt-dom0-update... skipping."; \
2021-10-26 00:37:28.567046 +0000 build-debian4: fi; \
2021-10-26 00:37:28.567051 +0000 build-debian4: echo
2021-10-26 00:37:28.592464 +0000 build-debian4: Updating qubes-src/mgmt-salt-dom0-update... no packages.
2021-10-26 00:37:28.593755 +0000 build-debian4: Makefile:832: update target 'internal-update-repo-current.vm.bullseye' due to: internal-update-repo-current.vm.bullseye.mgmt-salt-dom0-update
2021-10-26 00:37:28.593788 +0000 build-debian4: true
2021-10-26 00:37:28.594953 +0000 build-debian4: Makefile:863: target 'internal-update-repo-current.vm.buster.mgmt-salt-dom0-update' does not exist
2021-10-26 00:37:28.594987 +0000 build-debian4: repo_base_var="LINUX_REPO_${DIST//-/_}_BASEDIR"; \
2021-10-26 00:37:28.594998 +0000 build-debian4: if [ "mgmt-salt-dom0-update" = linux-template-builder ]; then \
2021-10-26 00:37:28.595009 +0000 build-debian4: .# templates belongs to dom0 repository, even though PACKAGE_SET=vm
2021-10-26 00:37:28.595016 +0000 build-debian4: repo_base_var="LINUX_REPO__BASEDIR"; \
2021-10-26 00:37:28.595022 +0000 build-debian4: fi; \
2021-10-26 00:37:28.595030 +0000 build-debian4: if [ -n "${!repo_base_var}" ]; then \
2021-10-26 00:37:28.595038 +0000 build-debian4: .repo_basedir="${!repo_base_var}"; \
2021-10-26 00:37:28.595043 +0000 build-debian4: else \
2021-10-26 00:37:28.595051 +0000 build-debian4: .repo_basedir="qubes-src/linux-deb/r4.1"; \
2021-10-26 00:37:28.595056 +0000 build-debian4: fi; \
2021-10-26 00:37:28.595065 +0000 build-debian4: if [ -r qubes-src/mgmt-salt-dom0-update/Makefile.builder ]; then \
2021-10-26 00:37:28.595073 +0000 build-debian4: .echo -n "Updating qubes-src/mgmt-salt-dom0-update... "; \
2021-10-26 00:37:28.595080 +0000 build-debian4: .if [ "0" -eq 1 ]; then \
2021-10-26 00:37:28.595090 +0000 build-debian4: ..vtag=`git -C qubes-src/mgmt-salt-dom0-update tag --points-at HEAD --list v*`; \
2021-10-26 00:37:28.595097 +0000 build-debian4: ..if [ -z "$vtag" ]; then \
2021-10-26 00:37:28.595104 +0000 build-debian4: ...echo "no version tag"; \
2021-10-26 00:37:28.595110 +0000 build-debian4: ...exit 0; \
2021-10-26 00:37:28.595116 +0000 build-debian4: ..fi; \
2021-10-26 00:37:28.595121 +0000 build-debian4: .fi; \
2021-10-26 00:37:28.595130 +0000 build-debian4: .if [ "mgmt-salt-dom0-update" = linux-template-builder ]; then
2021-10-26 00:37:28.595140 +0000 build-debian4: export TEMPLATE_NAME=$(MAKEFLAGS= make -s -C qubes-src/linux-template-builder DIST=buster template-name)
2021-10-26 00:37:28.595146 +0000 build-debian4: fi
2021-10-26 00:37:28.595166 +0000 build-debian4: component_packages=$(MAKEFLAGS= make -s -f Makefile.generic DIST=buster PACKAGE_SET=vm COMPONENT=`basename qubes-src/mgmt-salt-dom0-update` UPDATE_REPO=/home/user/builder-r4.1/$repo_basedir/current/vm/buster get-var GET_VAR=PACKAGE_LIST); \
2021-10-26 00:37:28.595188 +0000 build-debian4: .if [ -z "$component_packages" ]; then \
2021-10-26 00:37:28.595196 +0000 build-debian4: ..echo "no packages."; \
2021-10-26 00:37:28.595202 +0000 build-debian4: ..exit 0; \
2021-10-26 00:37:28.595207 +0000 build-debian4: .fi; \
2021-10-26 00:37:28.595216 +0000 build-debian4: .make -s -f Makefile.generic DIST=buster PACKAGE_SET=vm \
2021-10-26 00:37:28.595224 +0000 build-debian4: ..COMPONENT=`basename qubes-src/mgmt-salt-dom0-update` \
2021-10-26 00:37:28.595231 +0000 build-debian4: ..SNAPSHOT_REPO=current-testing \
2021-10-26 00:37:28.595238 +0000 build-debian4: ..TARGET_REPO=current \
2021-10-26 00:37:28.595247 +0000 build-debian4: ..UPDATE_REPO=/home/user/builder-r4.1/$repo_basedir/current/vm/buster \
2021-10-26 00:37:28.595260 +0000 build-debian4: ..SNAPSHOT_FILE=/home/user/builder-r4.1/repo-latest-snapshot/current-testing-vm-buster-`basename qubes-src/mgmt-salt-dom0-update` \
2021-10-26 00:37:28.595266 +0000 build-debian4: ..BUILD_LOG_URL= \
2021-10-26 00:37:28.595293 +0000 build-debian4: ..update-repo-from-snapshot || exit 1; \
2021-10-26 00:37:28.595306 +0000 build-debian4: elif make -C qubes-src/mgmt-salt-dom0-update -n update-repo-current >/dev/null 2>/dev/null; then \
2021-10-26 00:37:28.595314 +0000 build-debian4: .echo "Updating qubes-src/mgmt-salt-dom0-update... "; \
2021-10-26 00:37:28.595324 +0000 build-debian4: .DIST=buster UPDATE_REPO=/home/user/builder-r4.1/$repo_basedir/current/vm/buster \
2021-10-26 00:37:28.595334 +0000 build-debian4: .make -s -C qubes-src/mgmt-salt-dom0-update update-repo-current || exit 1; \
2021-10-26 00:37:28.595340 +0000 build-debian4: else \
2021-10-26 00:37:28.595349 +0000 build-debian4: .echo -n "Updating qubes-src/mgmt-salt-dom0-update... skipping."; \
2021-10-26 00:37:28.595354 +0000 build-debian4: fi; \
2021-10-26 00:37:28.595359 +0000 build-debian4: echo
2021-10-26 00:37:28.617165 +0000 build-debian4: Updating qubes-src/mgmt-salt-dom0-update... no packages.
2021-10-26 00:37:28.629604 +0000 build-debian4: Makefile:832: update target 'internal-update-repo-current.vm.buster' due to: internal-update-repo-current.vm.buster.mgmt-salt-dom0-update
2021-10-26 00:37:28.629638 +0000 build-debian4: true
2021-10-26 00:37:28.630920 +0000 build-debian4: Makefile:945: target 'post-update-repo-current' does not exist
2021-10-26 00:37:28.630952 +0000 build-debian4: true
2021-10-26 00:37:28.632419 +0000 build-debian4: Makefile:819: update target 'update-repo-current' due to: internal-update-repo-current.vm.bullseye internal-update-repo-current.vm.buster post-update-repo-current
2021-10-26 00:37:28.632449 +0000 build-debian4: true
2021-10-26 00:37:28.636230 +0000 build-debian4: > done
2021-10-26 00:37:28.636270 +0000 > closing log
