2021-11-15 11:59:14.364596 +0000 > starting log
2021-11-15 11:59:14.364938 +0000 build-debian4: > starting build with log
2021-11-15 11:59:14.364951 +0000 build-debian4: >> make args: update-repo-current
2021-11-15 11:59:14.364959 +0000 build-debian4: >> MAKEFLAGS=
2021-11-15 11:59:14.364966 +0000 build-debian4: >> COMPONENTS=python-objgraph
2021-11-15 11:59:14.364973 +0000 build-debian4: >> DISTS_VM=buster bullseye
2021-11-15 11:59:14.364979 +0000 build-debian4: >> DIST_DOM0=
2021-11-15 11:59:14.364987 +0000 build-debian4: >> qubes-builder 55a924b82c57606792986de1934b9bc1b7f5f6a8
2021-11-15 11:59:14.364997 +0000 build-debian4: >> qubes-builder/qubes-src/python-objgraph 8e278fd11a2857069b6cf03fea9e66ce9e8ea790
2021-11-15 11:59:14.365004 +0000 build-debian4: ?? objgraph-3.5.0.tar.gz
2021-11-15 11:59:14.365017 +0000 build-debian4: da29202871bad06f2caa9cc297e7bf9a15af4c89e23baf9c271764e0ce93ff9557cd5c21d0bf39b425713460dbe2dbc8468d70c6bfcc1c3ff8b1b4d4a7923858  objgraph-3.5.0.tar.gz
2021-11-15 11:59:14.467492 +0000 build-debian4: ================================================================================
2021-11-15 11:59:14.484287 +0000 build-debian4:                            B U I L D   I N F O                                  
2021-11-15 11:59:14.484330 +0000 build-debian4: Items in red indicate it was automatically generated by configuration file(s)
2021-11-15 11:59:14.484343 +0000 build-debian4: Items in white indicate it was automatically removed by configuration file(s)
2021-11-15 11:59:14.484354 +0000 build-debian4: ================================================================================
2021-11-15 11:59:14.484360 +0000 build-debian4: DISTS_VM:
2021-11-15 11:59:14.500532 +0000 build-debian4:      buster+standard, bullseye+standard, buster bullseye
2021-11-15 11:59:14.500567 +0000 build-debian4: DISTS_ALL:
2021-11-15 11:59:14.503829 +0000 build-debian4:      vm-bullseye, vm-buster,
2021-11-15 11:59:14.506351 +0000 build-debian4: DIST_DOM0:
2021-11-15 11:59:14.510271 +0000 build-debian4:     
2021-11-15 11:59:14.510306 +0000 build-debian4: BUILDER_PLUGINS:
2021-11-15 11:59:14.513815 +0000 build-debian4:      builder-debian, mgmt-salt, release-configs, linux-deb, builder-github,
2021-11-15 11:59:14.515090 +0000 build-debian4: COMPONENTS:
2021-11-15 11:59:14.516966 +0000 build-debian4:      python-objgraph,
2021-11-15 11:59:14.518151 +0000 build-debian4: GIT_REPOS:
2021-11-15 11:59:14.522033 +0000 build-debian4:      qubes-src/python-objgraph,
2021-11-15 11:59:14.522813 +0000 build-debian4: TEMPLATE:
2021-11-15 11:59:14.526136 +0000 build-debian4:     
2021-11-15 11:59:14.526361 +0000 build-debian4: TEMPLATE_FLAVOR_DIR:
2021-11-15 11:59:14.528476 +0000 build-debian4:     
2021-11-15 11:59:14.529519 +0000 build-debian4: TEMPLATE_ALIAS:
2021-11-15 11:59:14.532030 +0000 build-debian4:      stretch:stretch+standard, stretch+gnome:stretch+gnome+standard,
2021-11-15 11:59:14.532069 +0000 build-debian4:      stretch+minimal:stretch+minimal+no-recommends, buster:buster+standard, buster+gnome:buster+gnome+standard,
2021-11-15 11:59:14.532082 +0000 build-debian4:      buster+minimal:buster+minimal+no-recommends, bullseye:bullseye+standard,
2021-11-15 11:59:14.532093 +0000 build-debian4:      bullseye+gnome:bullseye+gnome+standard, bullseye+minimal:bullseye+minimal+no-recommends,
2021-11-15 11:59:14.532105 +0000 build-debian4:      bionic:bionic+standard, focal:focal+standard, whonix-gateway-15:buster+whonix-gateway+minimal+no-recommends,
2021-11-15 11:59:14.532115 +0000 build-debian4:      whonix-workstation-15:buster+whonix-workstation+minimal+no-recommends,
2021-11-15 11:59:14.532124 +0000 build-debian4:      whonix-gateway-16:bullseye+whonix-gateway+minimal+no-recommends,
2021-11-15 11:59:14.532133 +0000 build-debian4:      whonix-workstation-16:bullseye+whonix-workstation+minimal+no-recommends,
2021-11-15 11:59:14.532140 +0000 build-debian4: TEMPLATE_LABEL:
2021-11-15 11:59:14.573330 +0000 build-debian4:      buster+standard:debian-10, bullseye+standard:debian-11, buster+standard:buster, bullseye+standard:bullseye,
2021-11-15 11:59:14.573393 +0000 build-debian4:      fc32:fedora-32 fc33:fedora-33 fc34:fedora-34 fc35:fedora-35 fc32+minimal:fedora-32-minimal
2021-11-15 11:59:14.573409 +0000 build-debian4:      fc33+minimal:fedora-33-minimal fc34+minimal:fedora-34-minimal fc35+minimal:fedora-35-minimal
2021-11-15 11:59:14.573421 +0000 build-debian4:      fc32+xfce:fedora-32-xfce fc33+xfce:fedora-33-xfce fc34+xfce:fedora-34-xfce fc35+xfce:fedora-35-xfce
2021-11-15 11:59:14.573432 +0000 build-debian4:      stretch:debian-9 stretch+standard:debian-9 stretch+xfce:debian-9-xfce buster:debian-10
2021-11-15 11:59:14.573443 +0000 build-debian4:      buster+xfce:debian-10-xfce bullseye:debian-11 bullseye+xfce:debian-11-xfce bionic+standard:bionic
2021-11-15 11:59:14.573453 +0000 build-debian4:      focal+standard:focal buster+whonix-gateway+minimal+no-recommends:whonix-gw-15
2021-11-15 11:59:14.573462 +0000 build-debian4:      buster+whonix-workstation+minimal+no-recommends:whonix-ws-15
2021-11-15 11:59:14.573471 +0000 build-debian4:      bullseye+whonix-gateway+minimal+no-recommends:whonix-gw-16
2021-11-15 11:59:14.573481 +0000 build-debian4:      bullseye+whonix-workstation+minimal+no-recommends:whonix-ws-16 centos7:centos-7
2021-11-15 11:59:14.573491 +0000 build-debian4:      centos7+minimal:centos-7-minimal centos7+xfce:centos-7-xfce centos-stream8:centos-stream-8
2021-11-15 11:59:14.573501 +0000 build-debian4:      centos-stream8+minimal:centos-stream-8-minimal centos-stream8+xfce:centos-stream-8-xfce
2021-11-15 11:59:14.667962 +0000 build-debian4: > running make
2021-11-15 11:59:14.694219 +0000 build-debian4: Makefile:863: target 'internal-update-repo-current.vm.bullseye.python-objgraph' does not exist
2021-11-15 11:59:14.694264 +0000 build-debian4: repo_base_var="LINUX_REPO_${DIST//-/_}_BASEDIR"; \
2021-11-15 11:59:14.694303 +0000 build-debian4: if [ "python-objgraph" = linux-template-builder ]; then \
2021-11-15 11:59:14.694315 +0000 build-debian4: .# templates belongs to dom0 repository, even though PACKAGE_SET=vm
2021-11-15 11:59:14.694323 +0000 build-debian4: repo_base_var="LINUX_REPO__BASEDIR"; \
2021-11-15 11:59:14.694329 +0000 build-debian4: fi; \
2021-11-15 11:59:14.694337 +0000 build-debian4: if [ -n "${!repo_base_var}" ]; then \
2021-11-15 11:59:14.694345 +0000 build-debian4: .repo_basedir="${!repo_base_var}"; \
2021-11-15 11:59:14.694351 +0000 build-debian4: else \
2021-11-15 11:59:14.694358 +0000 build-debian4: .repo_basedir="qubes-src/linux-deb/r4.1"; \
2021-11-15 11:59:14.694364 +0000 build-debian4: fi; \
2021-11-15 11:59:14.694373 +0000 build-debian4: if [ -r qubes-src/python-objgraph/Makefile.builder ]; then \
2021-11-15 11:59:14.694381 +0000 build-debian4: .echo -n "Updating qubes-src/python-objgraph... "; \
2021-11-15 11:59:14.694388 +0000 build-debian4: .if [ "0" -eq 1 ]; then \
2021-11-15 11:59:14.694398 +0000 build-debian4: ..vtag=`git -C qubes-src/python-objgraph tag --points-at HEAD --list v*`; \
2021-11-15 11:59:14.694405 +0000 build-debian4: ..if [ -z "$vtag" ]; then \
2021-11-15 11:59:14.694412 +0000 build-debian4: ...echo "no version tag"; \
2021-11-15 11:59:14.694418 +0000 build-debian4: ...exit 0; \
2021-11-15 11:59:14.694424 +0000 build-debian4: ..fi; \
2021-11-15 11:59:14.694430 +0000 build-debian4: .fi; \
2021-11-15 11:59:14.694438 +0000 build-debian4: .if [ "python-objgraph" = linux-template-builder ]; then
2021-11-15 11:59:14.694450 +0000 build-debian4: export TEMPLATE_NAME=$(MAKEFLAGS= make -s -C qubes-src/linux-template-builder DIST=bullseye template-name)
2021-11-15 11:59:14.694456 +0000 build-debian4: fi
2021-11-15 11:59:14.694476 +0000 build-debian4: component_packages=$(MAKEFLAGS= make -s -f Makefile.generic DIST=bullseye PACKAGE_SET=vm COMPONENT=`basename qubes-src/python-objgraph` UPDATE_REPO=/home/user/builder-r4.1/$repo_basedir/current/vm/bullseye get-var GET_VAR=PACKAGE_LIST); \
2021-11-15 11:59:14.694485 +0000 build-debian4: .if [ -z "$component_packages" ]; then \
2021-11-15 11:59:14.694509 +0000 build-debian4: ..echo "no packages."; \
2021-11-15 11:59:14.694516 +0000 build-debian4: ..exit 0; \
2021-11-15 11:59:14.694522 +0000 build-debian4: .fi; \
2021-11-15 11:59:14.694531 +0000 build-debian4: .make -s -f Makefile.generic DIST=bullseye PACKAGE_SET=vm \
2021-11-15 11:59:14.694539 +0000 build-debian4: ..COMPONENT=`basename qubes-src/python-objgraph` \
2021-11-15 11:59:14.694547 +0000 build-debian4: ..SNAPSHOT_REPO=current-testing \
2021-11-15 11:59:14.694553 +0000 build-debian4: ..TARGET_REPO=current \
2021-11-15 11:59:14.694563 +0000 build-debian4: ..UPDATE_REPO=/home/user/builder-r4.1/$repo_basedir/current/vm/bullseye \
2021-11-15 11:59:14.694575 +0000 build-debian4: ..SNAPSHOT_FILE=/home/user/builder-r4.1/repo-latest-snapshot/current-testing-vm-bullseye-`basename qubes-src/python-objgraph` \
2021-11-15 11:59:14.694582 +0000 build-debian4: ..BUILD_LOG_URL= \
2021-11-15 11:59:14.694590 +0000 build-debian4: ..update-repo-from-snapshot || exit 1; \
2021-11-15 11:59:14.694600 +0000 build-debian4: elif make -C qubes-src/python-objgraph -n update-repo-current >/dev/null 2>/dev/null; then \
2021-11-15 11:59:14.694609 +0000 build-debian4: .echo "Updating qubes-src/python-objgraph... "; \
2021-11-15 11:59:14.694619 +0000 build-debian4: .DIST=bullseye UPDATE_REPO=/home/user/builder-r4.1/$repo_basedir/current/vm/bullseye \
2021-11-15 11:59:14.694628 +0000 build-debian4: .make -s -C qubes-src/python-objgraph update-repo-current || exit 1; \
2021-11-15 11:59:14.694634 +0000 build-debian4: else \
2021-11-15 11:59:14.694643 +0000 build-debian4: .echo -n "Updating qubes-src/python-objgraph... skipping."; \
2021-11-15 11:59:14.694648 +0000 build-debian4: fi; \
2021-11-15 11:59:14.694654 +0000 build-debian4: echo
2021-11-15 11:59:14.800018 +0000 build-debian4: Updating qubes-src/python-objgraph... no packages.
2021-11-15 11:59:14.800073 +0000 build-debian4: Makefile:832: update target 'internal-update-repo-current.vm.bullseye' due to: internal-update-repo-current.vm.bullseye.python-objgraph
2021-11-15 11:59:14.800083 +0000 build-debian4: true
2021-11-15 11:59:14.800094 +0000 build-debian4: Makefile:863: target 'internal-update-repo-current.vm.buster.python-objgraph' does not exist
2021-11-15 11:59:14.800103 +0000 build-debian4: repo_base_var="LINUX_REPO_${DIST//-/_}_BASEDIR"; \
2021-11-15 11:59:14.800111 +0000 build-debian4: if [ "python-objgraph" = linux-template-builder ]; then \
2021-11-15 11:59:14.800121 +0000 build-debian4: .# templates belongs to dom0 repository, even though PACKAGE_SET=vm
2021-11-15 11:59:14.800129 +0000 build-debian4: repo_base_var="LINUX_REPO__BASEDIR"; \
2021-11-15 11:59:14.800134 +0000 build-debian4: fi; \
2021-11-15 11:59:14.800142 +0000 build-debian4: if [ -n "${!repo_base_var}" ]; then \
2021-11-15 11:59:14.800149 +0000 build-debian4: .repo_basedir="${!repo_base_var}"; \
2021-11-15 11:59:14.800154 +0000 build-debian4: else \
2021-11-15 11:59:14.800162 +0000 build-debian4: .repo_basedir="qubes-src/linux-deb/r4.1"; \
2021-11-15 11:59:14.800172 +0000 build-debian4: fi; \
2021-11-15 11:59:14.800180 +0000 build-debian4: if [ -r qubes-src/python-objgraph/Makefile.builder ]; then \
2021-11-15 11:59:14.800188 +0000 build-debian4: .echo -n "Updating qubes-src/python-objgraph... "; \
2021-11-15 11:59:14.800195 +0000 build-debian4: .if [ "0" -eq 1 ]; then \
2021-11-15 11:59:14.800205 +0000 build-debian4: ..vtag=`git -C qubes-src/python-objgraph tag --points-at HEAD --list v*`; \
2021-11-15 11:59:14.800212 +0000 build-debian4: ..if [ -z "$vtag" ]; then \
2021-11-15 11:59:14.800239 +0000 build-debian4: ...echo "no version tag"; \
2021-11-15 11:59:14.800247 +0000 build-debian4: ...exit 0; \
2021-11-15 11:59:14.800252 +0000 build-debian4: ..fi; \
2021-11-15 11:59:14.800258 +0000 build-debian4: .fi; \
2021-11-15 11:59:14.800266 +0000 build-debian4: .if [ "python-objgraph" = linux-template-builder ]; then
2021-11-15 11:59:14.800278 +0000 build-debian4: export TEMPLATE_NAME=$(MAKEFLAGS= make -s -C qubes-src/linux-template-builder DIST=buster template-name)
2021-11-15 11:59:14.800299 +0000 build-debian4: fi
2021-11-15 11:59:14.800320 +0000 build-debian4: component_packages=$(MAKEFLAGS= make -s -f Makefile.generic DIST=buster PACKAGE_SET=vm COMPONENT=`basename qubes-src/python-objgraph` UPDATE_REPO=/home/user/builder-r4.1/$repo_basedir/current/vm/buster get-var GET_VAR=PACKAGE_LIST); \
2021-11-15 11:59:14.800329 +0000 build-debian4: .if [ -z "$component_packages" ]; then \
2021-11-15 11:59:14.800335 +0000 build-debian4: ..echo "no packages."; \
2021-11-15 11:59:14.800341 +0000 build-debian4: ..exit 0; \
2021-11-15 11:59:14.800347 +0000 build-debian4: .fi; \
2021-11-15 11:59:14.800355 +0000 build-debian4: .make -s -f Makefile.generic DIST=buster PACKAGE_SET=vm \
2021-11-15 11:59:14.800364 +0000 build-debian4: ..COMPONENT=`basename qubes-src/python-objgraph` \
2021-11-15 11:59:14.800371 +0000 build-debian4: ..SNAPSHOT_REPO=current-testing \
2021-11-15 11:59:14.800377 +0000 build-debian4: ..TARGET_REPO=current \
2021-11-15 11:59:14.800387 +0000 build-debian4: ..UPDATE_REPO=/home/user/builder-r4.1/$repo_basedir/current/vm/buster \
2021-11-15 11:59:14.800399 +0000 build-debian4: ..SNAPSHOT_FILE=/home/user/builder-r4.1/repo-latest-snapshot/current-testing-vm-buster-`basename qubes-src/python-objgraph` \
2021-11-15 11:59:14.800406 +0000 build-debian4: ..BUILD_LOG_URL= \
2021-11-15 11:59:14.800413 +0000 build-debian4: ..update-repo-from-snapshot || exit 1; \
2021-11-15 11:59:14.800423 +0000 build-debian4: elif make -C qubes-src/python-objgraph -n update-repo-current >/dev/null 2>/dev/null; then \
2021-11-15 11:59:14.800431 +0000 build-debian4: .echo "Updating qubes-src/python-objgraph... "; \
2021-11-15 11:59:14.800441 +0000 build-debian4: .DIST=buster UPDATE_REPO=/home/user/builder-r4.1/$repo_basedir/current/vm/buster \
2021-11-15 11:59:14.800450 +0000 build-debian4: .make -s -C qubes-src/python-objgraph update-repo-current || exit 1; \
2021-11-15 11:59:14.800456 +0000 build-debian4: else \
2021-11-15 11:59:14.800465 +0000 build-debian4: .echo -n "Updating qubes-src/python-objgraph... skipping."; \
2021-11-15 11:59:14.800470 +0000 build-debian4: fi; \
2021-11-15 11:59:14.800475 +0000 build-debian4: echo
2021-11-15 11:59:14.902298 +0000 build-debian4: Updating qubes-src/python-objgraph... no packages.
2021-11-15 11:59:14.902347 +0000 build-debian4: Makefile:832: update target 'internal-update-repo-current.vm.buster' due to: internal-update-repo-current.vm.buster.python-objgraph
2021-11-15 11:59:14.902356 +0000 build-debian4: true
2021-11-15 11:59:14.911482 +0000 build-debian4: Makefile:945: target 'post-update-repo-current' does not exist
2021-11-15 11:59:14.911517 +0000 build-debian4: true
2021-11-15 11:59:14.923113 +0000 build-debian4: Makefile:819: update target 'update-repo-current' due to: internal-update-repo-current.vm.bullseye internal-update-repo-current.vm.buster post-update-repo-current
2021-11-15 11:59:14.923147 +0000 build-debian4: true
2021-11-15 11:59:14.925870 +0000 build-debian4: > done
2021-11-15 11:59:14.925906 +0000 > closing log
