2019-09-09 09:18:53.320899 +0000 > starting log
2019-09-09 09:18:53.321900 +0000 build-debian4: > starting build with log
2019-09-09 09:18:53.321922 +0000 build-debian4: >> make args: update-repo-current
2019-09-09 09:18:53.321933 +0000 build-debian4: >> MAKEFLAGS=
2019-09-09 09:18:53.321942 +0000 build-debian4: >> COMPONENTS=artwork
2019-09-09 09:18:53.321950 +0000 build-debian4: >> DISTS_VM=stretch buster bullseye
2019-09-09 09:18:53.321958 +0000 build-debian4: >> DIST_DOM0=
2019-09-09 09:18:53.321967 +0000 build-debian4: >> qubes-builder c41206947429459e622e1c84c3cfaff1c1cd094e
2019-09-09 09:18:53.321975 +0000 build-debian4: ?? rpmdb/Basenames
2019-09-09 09:18:53.321982 +0000 build-debian4: ?? rpmdb/Conflictname
2019-09-09 09:18:53.321989 +0000 build-debian4: ?? rpmdb/Dirnames
2019-09-09 09:18:53.321997 +0000 build-debian4: ?? rpmdb/Enhancename
2019-09-09 09:18:53.322004 +0000 build-debian4: ?? rpmdb/Filetriggername
2019-09-09 09:18:53.322011 +0000 build-debian4: ?? rpmdb/Group
2019-09-09 09:18:53.322019 +0000 build-debian4: ?? rpmdb/Installtid
2019-09-09 09:18:53.322025 +0000 build-debian4: ?? rpmdb/Name
2019-09-09 09:18:53.322033 +0000 build-debian4: ?? rpmdb/Obsoletename
2019-09-09 09:18:53.322057 +0000 build-debian4: ?? rpmdb/Packages
2019-09-09 09:18:53.322066 +0000 build-debian4: ?? rpmdb/Providename
2019-09-09 09:18:53.322073 +0000 build-debian4: ?? rpmdb/Recommendname
2019-09-09 09:18:53.322080 +0000 build-debian4: ?? rpmdb/Requirename
2019-09-09 09:18:53.322088 +0000 build-debian4: ?? rpmdb/Sha1header
2019-09-09 09:18:53.322094 +0000 build-debian4: ?? rpmdb/Sigmd5
2019-09-09 09:18:53.322102 +0000 build-debian4: ?? rpmdb/Suggestname
2019-09-09 09:18:53.322109 +0000 build-debian4: ?? rpmdb/Supplementname
2019-09-09 09:18:53.322117 +0000 build-debian4: ?? rpmdb/Transfiletriggername
2019-09-09 09:18:53.322124 +0000 build-debian4: ?? rpmdb/Triggername
2019-09-09 09:18:53.322131 +0000 build-debian4: ?? rpmdb/__db.001
2019-09-09 09:18:53.322138 +0000 build-debian4: ?? rpmdb/__db.002
2019-09-09 09:18:53.322145 +0000 build-debian4: ?? rpmdb/__db.003
2019-09-09 09:18:53.322158 +0000 build-debian4: cff35fce8f5cfbc00390291ade07bafccdfb62eca60f94d10f138680a08af08e3e6f2ba334848ecd5915104466fd3faab090227da8a3e038c9ff1ef6f2f6d8d9  rpmdb/Basenames
2019-09-09 09:18:53.322171 +0000 build-debian4: 9abba56e01d26ba25bc7176f8d544ee17658cb97cea4b06bc337f4aa968cd7e3a27197354ff28d8b9a155e9865df0938face2a33c460c72c754d304cdc547dbf  rpmdb/Conflictname
2019-09-09 09:18:53.322184 +0000 build-debian4: a851c9f3609e28dc16f60dcb51effe890a99fb49603103bed0f20c3ac93a794ab22721897bfa9259b24cb532654f63fd7db112c89c9dadb4f26e31d0730478b5  rpmdb/Dirnames
2019-09-09 09:18:53.322197 +0000 build-debian4: 91c34df76153fd0d8b074ad63af09218bfc8b972a402373d8f916e2672c6e71b00757d8da9ee4b2f5adf4227d03f06f6ceaba0c127b5c7af6703fc6184f5a603  rpmdb/Enhancename
2019-09-09 09:18:53.322210 +0000 build-debian4: da8ccb9717df1d6f24edd370a280ce816f879f4117ae03241ddd250f4dd74c94484cfee31037fb49a71cb4112c9fed7742d5bc5943538971aef03b2e3da218ae  rpmdb/Filetriggername
2019-09-09 09:18:53.322223 +0000 build-debian4: 7300f317899eb30adeec7e0c239e55b7d126e9d1d32053f31705e3814b523535984923485e14e6467d04de345d63fb0d1ca4fb1b28263b9bb762cd8340dc722f  rpmdb/Group
2019-09-09 09:18:53.322236 +0000 build-debian4: 08b269da63ce678411235e53ee54ab375ba60181138b17531f8b06afea4a5948d36077ab36397ca8f74d6f10aa7530df818d029d8d8ffe6e28cce2f37459ee80  rpmdb/Installtid
2019-09-09 09:18:53.322249 +0000 build-debian4: f3d167ce5dd5095647b21fff0024539708de45a57ddfc5da800cc5805fc37d7439ddc636b9ecd75459d6103330723ccf70ca53360fe3ac7b258875c5021d4a4c  rpmdb/Name
2019-09-09 09:18:53.322261 +0000 build-debian4: efa92d26ee53fec47e4c7a344932ef1fa9ff152c355e982c79efc162a3d8db3a102ff211887467dfb0d02dd471f7d3253739fc1d6fc398f0aab6bd757bf020e4  rpmdb/Obsoletename
2019-09-09 09:18:53.322274 +0000 build-debian4: 1dccbe52bab76f87c72343ef4bea1efa8edd4e7656f5e6bad13945a9a22bfcc43858906583dc2f52485616ca9a4e47c9beae5308d9c49ee4082d3dae5af2c9a5  rpmdb/Packages
2019-09-09 09:18:53.322287 +0000 build-debian4: 18d63ad3b2e468e8e4dc535a6ac495da306f3e86e6b8d1acc2f5b96ef8948821c3b13ad0ceae00ef66688265df86827c5418a52f78b20a5018f68ad8d35f495c  rpmdb/Providename
2019-09-09 09:18:53.322306 +0000 build-debian4: 0f7e20775dff284958ab37d22230e028e2cbb7bac14ca0a18c4f9dcf851af6c659b7b361c90745fb604ff2f9bc8073f43acb802a9e0fe77c518078579aaa1a77  rpmdb/Recommendname
2019-09-09 09:18:53.322320 +0000 build-debian4: 99caf69f7632e4972aaf5df642adde853737ebfe8c1d27d08377d4bfd2a0250b8e7dc4386a2fb9128183b31f39ebfc0672372fd7358361c7a7fd9a56ad3d4ff3  rpmdb/Requirename
2019-09-09 09:18:53.322333 +0000 build-debian4: 2205bb42662a209547fce7b8db8c8fd6ffbbf1d5dec17929d5078f34436ff39c6afebc3333a1a9c5f4032ccd9db35460d61f7d8c1fd948fb43f005af0e9b29a6  rpmdb/Sha1header
2019-09-09 09:18:53.322346 +0000 build-debian4: 73e58c825d7a3b94f8a6e70e577ea7706032604813c6c51842449beab93f00fdc5bb291b15053919c114553c302676520b5e96376720dbc4db1f8e55ff1bf8bf  rpmdb/Sigmd5
2019-09-09 09:18:53.322359 +0000 build-debian4: 3a553cace72ea2d82ffc7b8c09ef8db0ceababdcc7b20aa2798f3e39be7bb23122831c51430c3e3bbf4870eabf3c98d66a41003d41f1718a7ae0bdfe31360331  rpmdb/Suggestname
2019-09-09 09:18:53.322372 +0000 build-debian4: 30cfca733536946e75f55c1244344063b95ec694bb48d2b836e5b78a759fff65118bbea9138027f1f8f88edfc09b1b1e1e2faf13eb1d18feed03a61b615fc8b9  rpmdb/Supplementname
2019-09-09 09:18:53.322385 +0000 build-debian4: 8612faad7fd4e8766cdb350361e18c6dafcf6ede4b8b2919b8212bfb8140705bf777225291588a43d4afc96b65f8337264587da270457239e1e17d8084ae3d36  rpmdb/Transfiletriggername
2019-09-09 09:18:53.322398 +0000 build-debian4: 1c707af8aadf0b67e79c5917f947f67eed43f7e34e1830bac6fd7ac4c496336225d80ad01dc1b130448571ade3376aa2e89306a1537c0a3c0537bd67be4f9544  rpmdb/Triggername
2019-09-09 09:18:53.322411 +0000 build-debian4: 38041ba56d9b6ea8545eed639ec46946fe7687782b1442c5d00a319b0f247e22a833474f289f817c4c67e69a7abc68d3943af6337fff6c1b18193d1ce9fcada1  rpmdb/__db.001
2019-09-09 09:18:53.322424 +0000 build-debian4: 60831b37731b9aab2d84facf0456d6ae16283a2bb951c318222aebbbf916755585cb1f2425519744998deb12d85e34bd74ba4a71327d449053d3d58c236ad934  rpmdb/__db.002
2019-09-09 09:18:53.322437 +0000 build-debian4: 0c8c8843cebb3415418bf6791d0cc934cc66b72c317b42a22b241ed8f6c04479700f2d710a7c9a3f506bc442c25c7f4a203c32da5594c542389442019aaac741  rpmdb/__db.003
2019-09-09 09:18:53.322447 +0000 build-debian4: >> qubes-builder/qubes-src/artwork ba5485a8ae5b8bb712d94e612d8f8cc2d26a828c
2019-09-09 09:18:53.350443 +0000 build-debian4: ================================================================================
2019-09-09 09:18:53.350491 +0000 build-debian4:                            B U I L D   I N F O                                  
2019-09-09 09:18:53.350504 +0000 build-debian4: Items in red indicate it was automatically generated by configuration file(s)
2019-09-09 09:18:53.350516 +0000 build-debian4: Items in white indicate it was automatically removed by configuration file(s)
2019-09-09 09:18:53.350526 +0000 build-debian4: ================================================================================
2019-09-09 09:18:53.350534 +0000 build-debian4: DISTS_VM:
2019-09-09 09:18:53.350545 +0000 build-debian4:      stretch+standard, buster+standard, bullseye+standard, stretch buster bullseye
2019-09-09 09:18:53.350553 +0000 build-debian4: DISTS_ALL:
2019-09-09 09:18:53.362512 +0000 build-debian4:      vm-bullseye, vm-buster, vm-stretch,
2019-09-09 09:18:53.362551 +0000 build-debian4: DIST_DOM0:
2019-09-09 09:18:53.362562 +0000 build-debian4:     
2019-09-09 09:18:53.362571 +0000 build-debian4: BUILDER_PLUGINS:
2019-09-09 09:18:53.362582 +0000 build-debian4:      builder-debian, mgmt-salt, linux-deb, builder-github,
2019-09-09 09:18:53.362590 +0000 build-debian4: COMPONENTS:
2019-09-09 09:18:53.362601 +0000 build-debian4:      artwork,
2019-09-09 09:18:53.362608 +0000 build-debian4: GIT_REPOS:
2019-09-09 09:18:53.364873 +0000 build-debian4:      qubes-src/artwork,
2019-09-09 09:18:53.364908 +0000 build-debian4: TEMPLATE:
2019-09-09 09:18:53.364918 +0000 build-debian4:     
2019-09-09 09:18:53.364927 +0000 build-debian4: TEMPLATE_FLAVOR_DIR:
2019-09-09 09:18:53.364946 +0000 build-debian4:     
2019-09-09 09:18:53.364954 +0000 build-debian4: TEMPLATE_ALIAS:
2019-09-09 09:18:53.370217 +0000 build-debian4:      stretch:stretch+standard, stretch+gnome:stretch+gnome+standard,
2019-09-09 09:18:53.370259 +0000 build-debian4:      stretch+minimal:stretch+minimal+no-recommends, buster:buster+standard, buster+gnome:buster+gnome+standard,
2019-09-09 09:18:53.370273 +0000 build-debian4:      buster+minimal:buster+minimal+no-recommends, bullseye:bullseye+standard,
2019-09-09 09:18:53.370286 +0000 build-debian4:      bullseye+gnome:bullseye+gnome+standard, bullseye+minimal:bullseye+minimal+no-recommends,
2019-09-09 09:18:53.370297 +0000 build-debian4:      whonix-gateway-14:stretch+whonix-gateway+minimal+no-recommends,
2019-09-09 09:18:53.370306 +0000 build-debian4:      whonix-workstation-14:stretch+whonix-workstation+minimal+no-recommends,
2019-09-09 09:18:53.370316 +0000 build-debian4:      whonix-gateway-15:buster+whonix-gateway+minimal+no-recommends,
2019-09-09 09:18:53.370326 +0000 build-debian4:      whonix-workstation-15:buster+whonix-workstation+minimal+no-recommends,
2019-09-09 09:18:53.371638 +0000 build-debian4: TEMPLATE_LABEL:
2019-09-09 09:18:53.371677 +0000 build-debian4:      stretch+standard:debian-9, buster+standard:debian-10, bullseye+standard:bullseye-11,
2019-09-09 09:18:53.371697 +0000 build-debian4:      stretch+standard:stretch, buster+standard:buster, bullseye+standard:bullseye, fc29:fedora-29 fc30:fedora-30
2019-09-09 09:18:53.371710 +0000 build-debian4:      fc31:fedora-31 fc29+minimal:fedora-29-minimal fc30+minimal:fedora-30-minimal fc31+minimal:fedora-31-minimal
2019-09-09 09:18:53.371721 +0000 build-debian4:      fc29+xfce:fedora-29-xfce fc30+xfce:fedora-30-xfce fc31+xfce:fedora-31-xfce stretch:debian-9
2019-09-09 09:18:53.371733 +0000 build-debian4:      buster:debian-10 bullseye:debian-11 stretch+whonix-gateway+minimal+no-recommends:whonix-gw-14
2019-09-09 09:18:53.371743 +0000 build-debian4:      stretch+whonix-workstation+minimal+no-recommends:whonix-ws-14
2019-09-09 09:18:53.371753 +0000 build-debian4:      buster+whonix-gateway+minimal+no-recommends:whonix-gw-15
2019-09-09 09:18:53.371764 +0000 build-debian4:      buster+whonix-workstation+minimal+no-recommends:whonix-ws-15 centos7:centos-7
2019-09-09 09:18:53.371774 +0000 build-debian4:      centos7+minimal:centos-7-minimal centos7+xfce:centos-7-xfce
2019-09-09 09:18:53.409621 +0000 build-debian4: > running make
2019-09-09 09:18:53.409673 +0000 build-debian4: Makefile:812: target 'internal-update-repo-current.vm.bullseye.artwork' does not exist
2019-09-09 09:18:53.410882 +0000 build-debian4: repo_base_var="LINUX_REPO_bullseye_BASEDIR"; \
2019-09-09 09:18:53.410919 +0000 build-debian4: if [ "artwork" = linux-template-builder ]; then \
2019-09-09 09:18:53.410933 +0000 build-debian4: .# templates belongs to dom0 repository, even though PACKAGE_SET=vm
2019-09-09 09:18:53.410943 +0000 build-debian4: repo_base_var="LINUX_REPO__BASEDIR"; \
2019-09-09 09:18:53.410951 +0000 build-debian4: fi; \
2019-09-09 09:18:53.410960 +0000 build-debian4: if [ -n "${!repo_base_var}" ]; then \
2019-09-09 09:18:53.410969 +0000 build-debian4: .repo_basedir="${!repo_base_var}"; \
2019-09-09 09:18:53.410976 +0000 build-debian4: else \
2019-09-09 09:18:53.410985 +0000 build-debian4: .repo_basedir="qubes-src/linux-deb/r4.1"; \
2019-09-09 09:18:53.410992 +0000 build-debian4: fi; \
2019-09-09 09:18:53.411001 +0000 build-debian4: if [ -r qubes-src/artwork/Makefile.builder ]; then \
2019-09-09 09:18:53.411010 +0000 build-debian4: .echo -n "Updating qubes-src/artwork... "; \
2019-09-09 09:18:53.411018 +0000 build-debian4: .if [ "0" -eq 1 ]; then \
2019-09-09 09:18:53.411027 +0000 build-debian4: ..vtag=`git -C qubes-src/artwork tag --points-at HEAD --list v*`; \
2019-09-09 09:18:53.411035 +0000 build-debian4: ..if [ -z "$vtag" ]; then \
2019-09-09 09:18:53.411087 +0000 build-debian4: ...echo "no version tag"; \
2019-09-09 09:18:53.411095 +0000 build-debian4: ...exit 0; \
2019-09-09 09:18:53.411102 +0000 build-debian4: ..fi; \
2019-09-09 09:18:53.411120 +0000 build-debian4: .fi; \
2019-09-09 09:18:53.411129 +0000 build-debian4: .if [ "artwork" = linux-template-builder ]; then
2019-09-09 09:18:53.411142 +0000 build-debian4: export TEMPLATE_NAME=$(MAKEFLAGS= make -s -C qubes-src/linux-template-builder DIST=bullseye template-name)
2019-09-09 09:18:53.411149 +0000 build-debian4: fi
2019-09-09 09:18:53.411173 +0000 build-debian4: component_packages=$(MAKEFLAGS= make -s -f Makefile.generic DIST=bullseye PACKAGE_SET=vm COMPONENT=`basename qubes-src/artwork` UPDATE_REPO=/home/user/builder-r4.1/$repo_basedir/current/vm/bullseye get-var GET_VAR=PACKAGE_LIST); \
2019-09-09 09:18:53.411185 +0000 build-debian4: .if [ -z "$component_packages" ]; then \
2019-09-09 09:18:53.411192 +0000 build-debian4: ..echo "no packages."; \
2019-09-09 09:18:53.411200 +0000 build-debian4: ..exit 0; \
2019-09-09 09:18:53.411206 +0000 build-debian4: .fi; \
2019-09-09 09:18:53.411216 +0000 build-debian4: .make -s -f Makefile.generic DIST=bullseye PACKAGE_SET=vm \
2019-09-09 09:18:53.411224 +0000 build-debian4: ..COMPONENT=`basename qubes-src/artwork` \
2019-09-09 09:18:53.411232 +0000 build-debian4: ..SNAPSHOT_REPO=current-testing \
2019-09-09 09:18:53.411240 +0000 build-debian4: ..TARGET_REPO=current \
2019-09-09 09:18:53.411250 +0000 build-debian4: ..UPDATE_REPO=/home/user/builder-r4.1/$repo_basedir/current/vm/bullseye \
2019-09-09 09:18:53.411262 +0000 build-debian4: ..SNAPSHOT_FILE=/home/user/builder-r4.1/repo-latest-snapshot/current-testing-vm-bullseye-`basename qubes-src/artwork` \
2019-09-09 09:18:53.411270 +0000 build-debian4: ..BUILD_LOG_URL= \
2019-09-09 09:18:53.411278 +0000 build-debian4: ..update-repo-from-snapshot || exit 1; \
2019-09-09 09:18:53.411288 +0000 build-debian4: elif make -C qubes-src/artwork -n update-repo-current >/dev/null 2>/dev/null; then \
2019-09-09 09:18:53.411297 +0000 build-debian4: .echo "Updating qubes-src/artwork... "; \
2019-09-09 09:18:53.411307 +0000 build-debian4: .DIST=bullseye UPDATE_REPO=/home/user/builder-r4.1/$repo_basedir/current/vm/bullseye \
2019-09-09 09:18:53.411317 +0000 build-debian4: .make -s -C qubes-src/artwork update-repo-current || exit 1; \
2019-09-09 09:18:53.411324 +0000 build-debian4: else \
2019-09-09 09:18:53.411333 +0000 build-debian4: .echo -n "Updating qubes-src/artwork... skipping."; \
2019-09-09 09:18:53.411339 +0000 build-debian4: fi; \
2019-09-09 09:18:53.411346 +0000 build-debian4: echo
2019-09-09 09:18:53.429447 +0000 build-debian4: Updating qubes-src/artwork... no packages.
2019-09-09 09:18:53.429490 +0000 build-debian4: Makefile:785: update target 'internal-update-repo-current.vm.bullseye' due to: internal-update-repo-current.vm.bullseye.artwork
2019-09-09 09:18:53.429501 +0000 build-debian4: true
2019-09-09 09:18:53.430755 +0000 build-debian4: Makefile:812: target 'internal-update-repo-current.vm.buster.artwork' does not exist
2019-09-09 09:18:53.430785 +0000 build-debian4: repo_base_var="LINUX_REPO_buster_BASEDIR"; \
2019-09-09 09:18:53.430796 +0000 build-debian4: if [ "artwork" = linux-template-builder ]; then \
2019-09-09 09:18:53.430808 +0000 build-debian4: .# templates belongs to dom0 repository, even though PACKAGE_SET=vm
2019-09-09 09:18:53.430817 +0000 build-debian4: repo_base_var="LINUX_REPO__BASEDIR"; \
2019-09-09 09:18:53.430824 +0000 build-debian4: fi; \
2019-09-09 09:18:53.430833 +0000 build-debian4: if [ -n "${!repo_base_var}" ]; then \
2019-09-09 09:18:53.430842 +0000 build-debian4: .repo_basedir="${!repo_base_var}"; \
2019-09-09 09:18:53.430849 +0000 build-debian4: else \
2019-09-09 09:18:53.430858 +0000 build-debian4: .repo_basedir="qubes-src/linux-deb/r4.1"; \
2019-09-09 09:18:53.430865 +0000 build-debian4: fi; \
2019-09-09 09:18:53.430873 +0000 build-debian4: if [ -r qubes-src/artwork/Makefile.builder ]; then \
2019-09-09 09:18:53.430882 +0000 build-debian4: .echo -n "Updating qubes-src/artwork... "; \
2019-09-09 09:18:53.430890 +0000 build-debian4: .if [ "0" -eq 1 ]; then \
2019-09-09 09:18:53.430900 +0000 build-debian4: ..vtag=`git -C qubes-src/artwork tag --points-at HEAD --list v*`; \
2019-09-09 09:18:53.430918 +0000 build-debian4: ..if [ -z "$vtag" ]; then \
2019-09-09 09:18:53.430926 +0000 build-debian4: ...echo "no version tag"; \
2019-09-09 09:18:53.430933 +0000 build-debian4: ...exit 0; \
2019-09-09 09:18:53.430941 +0000 build-debian4: ..fi; \
2019-09-09 09:18:53.430948 +0000 build-debian4: .fi; \
2019-09-09 09:18:53.430956 +0000 build-debian4: .if [ "artwork" = linux-template-builder ]; then
2019-09-09 09:18:53.430968 +0000 build-debian4: export TEMPLATE_NAME=$(MAKEFLAGS= make -s -C qubes-src/linux-template-builder DIST=buster template-name)
2019-09-09 09:18:53.430976 +0000 build-debian4: fi
2019-09-09 09:18:53.430993 +0000 build-debian4: component_packages=$(MAKEFLAGS= make -s -f Makefile.generic DIST=buster PACKAGE_SET=vm COMPONENT=`basename qubes-src/artwork` UPDATE_REPO=/home/user/builder-r4.1/$repo_basedir/current/vm/buster get-var GET_VAR=PACKAGE_LIST); \
2019-09-09 09:18:53.431004 +0000 build-debian4: .if [ -z "$component_packages" ]; then \
2019-09-09 09:18:53.431012 +0000 build-debian4: ..echo "no packages."; \
2019-09-09 09:18:53.431019 +0000 build-debian4: ..exit 0; \
2019-09-09 09:18:53.431026 +0000 build-debian4: .fi; \
2019-09-09 09:18:53.431035 +0000 build-debian4: .make -s -f Makefile.generic DIST=buster PACKAGE_SET=vm \
2019-09-09 09:18:53.431067 +0000 build-debian4: ..COMPONENT=`basename qubes-src/artwork` \
2019-09-09 09:18:53.431076 +0000 build-debian4: ..SNAPSHOT_REPO=current-testing \
2019-09-09 09:18:53.431083 +0000 build-debian4: ..TARGET_REPO=current \
2019-09-09 09:18:53.431093 +0000 build-debian4: ..UPDATE_REPO=/home/user/builder-r4.1/$repo_basedir/current/vm/buster \
2019-09-09 09:18:53.431105 +0000 build-debian4: ..SNAPSHOT_FILE=/home/user/builder-r4.1/repo-latest-snapshot/current-testing-vm-buster-`basename qubes-src/artwork` \
2019-09-09 09:18:53.431113 +0000 build-debian4: ..BUILD_LOG_URL= \
2019-09-09 09:18:53.431121 +0000 build-debian4: ..update-repo-from-snapshot || exit 1; \
2019-09-09 09:18:53.431131 +0000 build-debian4: elif make -C qubes-src/artwork -n update-repo-current >/dev/null 2>/dev/null; then \
2019-09-09 09:18:53.431140 +0000 build-debian4: .echo "Updating qubes-src/artwork... "; \
2019-09-09 09:18:53.431150 +0000 build-debian4: .DIST=buster UPDATE_REPO=/home/user/builder-r4.1/$repo_basedir/current/vm/buster \
2019-09-09 09:18:53.431159 +0000 build-debian4: .make -s -C qubes-src/artwork update-repo-current || exit 1; \
2019-09-09 09:18:53.431167 +0000 build-debian4: else \
2019-09-09 09:18:53.431175 +0000 build-debian4: .echo -n "Updating qubes-src/artwork... skipping."; \
2019-09-09 09:18:53.431182 +0000 build-debian4: fi; \
2019-09-09 09:18:53.431189 +0000 build-debian4: echo
2019-09-09 09:18:53.453192 +0000 build-debian4: Updating qubes-src/artwork... no packages.
2019-09-09 09:18:53.453236 +0000 build-debian4: Makefile:785: update target 'internal-update-repo-current.vm.buster' due to: internal-update-repo-current.vm.buster.artwork
2019-09-09 09:18:53.453248 +0000 build-debian4: true
2019-09-09 09:18:53.454554 +0000 build-debian4: Makefile:812: target 'internal-update-repo-current.vm.stretch.artwork' does not exist
2019-09-09 09:18:53.454590 +0000 build-debian4: repo_base_var="LINUX_REPO_stretch_BASEDIR"; \
2019-09-09 09:18:53.454603 +0000 build-debian4: if [ "artwork" = linux-template-builder ]; then \
2019-09-09 09:18:53.454615 +0000 build-debian4: .# templates belongs to dom0 repository, even though PACKAGE_SET=vm
2019-09-09 09:18:53.454624 +0000 build-debian4: repo_base_var="LINUX_REPO__BASEDIR"; \
2019-09-09 09:18:53.454632 +0000 build-debian4: fi; \
2019-09-09 09:18:53.454641 +0000 build-debian4: if [ -n "${!repo_base_var}" ]; then \
2019-09-09 09:18:53.454650 +0000 build-debian4: .repo_basedir="${!repo_base_var}"; \
2019-09-09 09:18:53.454657 +0000 build-debian4: else \
2019-09-09 09:18:53.454665 +0000 build-debian4: .repo_basedir="qubes-src/linux-deb/r4.1"; \
2019-09-09 09:18:53.454672 +0000 build-debian4: fi; \
2019-09-09 09:18:53.454684 +0000 build-debian4: if [ -r qubes-src/artwork/Makefile.builder ]; then \
2019-09-09 09:18:53.454693 +0000 build-debian4: .echo -n "Updating qubes-src/artwork... "; \
2019-09-09 09:18:53.454710 +0000 build-debian4: .if [ "0" -eq 1 ]; then \
2019-09-09 09:18:53.454721 +0000 build-debian4: ..vtag=`git -C qubes-src/artwork tag --points-at HEAD --list v*`; \
2019-09-09 09:18:53.454729 +0000 build-debian4: ..if [ -z "$vtag" ]; then \
2019-09-09 09:18:53.454737 +0000 build-debian4: ...echo "no version tag"; \
2019-09-09 09:18:53.454744 +0000 build-debian4: ...exit 0; \
2019-09-09 09:18:53.454751 +0000 build-debian4: ..fi; \
2019-09-09 09:18:53.454758 +0000 build-debian4: .fi; \
2019-09-09 09:18:53.454766 +0000 build-debian4: .if [ "artwork" = linux-template-builder ]; then
2019-09-09 09:18:53.454778 +0000 build-debian4: export TEMPLATE_NAME=$(MAKEFLAGS= make -s -C qubes-src/linux-template-builder DIST=stretch template-name)
2019-09-09 09:18:53.454786 +0000 build-debian4: fi
2019-09-09 09:18:53.454803 +0000 build-debian4: component_packages=$(MAKEFLAGS= make -s -f Makefile.generic DIST=stretch PACKAGE_SET=vm COMPONENT=`basename qubes-src/artwork` UPDATE_REPO=/home/user/builder-r4.1/$repo_basedir/current/vm/stretch get-var GET_VAR=PACKAGE_LIST); \
2019-09-09 09:18:53.454813 +0000 build-debian4: .if [ -z "$component_packages" ]; then \
2019-09-09 09:18:53.454821 +0000 build-debian4: ..echo "no packages."; \
2019-09-09 09:18:53.454828 +0000 build-debian4: ..exit 0; \
2019-09-09 09:18:53.454835 +0000 build-debian4: .fi; \
2019-09-09 09:18:53.454844 +0000 build-debian4: .make -s -f Makefile.generic DIST=stretch PACKAGE_SET=vm \
2019-09-09 09:18:53.454852 +0000 build-debian4: ..COMPONENT=`basename qubes-src/artwork` \
2019-09-09 09:18:53.454861 +0000 build-debian4: ..SNAPSHOT_REPO=current-testing \
2019-09-09 09:18:53.454868 +0000 build-debian4: ..TARGET_REPO=current \
2019-09-09 09:18:53.454878 +0000 build-debian4: ..UPDATE_REPO=/home/user/builder-r4.1/$repo_basedir/current/vm/stretch \
2019-09-09 09:18:53.454889 +0000 build-debian4: ..SNAPSHOT_FILE=/home/user/builder-r4.1/repo-latest-snapshot/current-testing-vm-stretch-`basename qubes-src/artwork` \
2019-09-09 09:18:53.454897 +0000 build-debian4: ..BUILD_LOG_URL= \
2019-09-09 09:18:53.454905 +0000 build-debian4: ..update-repo-from-snapshot || exit 1; \
2019-09-09 09:18:53.454916 +0000 build-debian4: elif make -C qubes-src/artwork -n update-repo-current >/dev/null 2>/dev/null; then \
2019-09-09 09:18:53.454924 +0000 build-debian4: .echo "Updating qubes-src/artwork... "; \
2019-09-09 09:18:53.454934 +0000 build-debian4: .DIST=stretch UPDATE_REPO=/home/user/builder-r4.1/$repo_basedir/current/vm/stretch \
2019-09-09 09:18:53.454944 +0000 build-debian4: .make -s -C qubes-src/artwork update-repo-current || exit 1; \
2019-09-09 09:18:53.454951 +0000 build-debian4: else \
2019-09-09 09:18:53.454960 +0000 build-debian4: .echo -n "Updating qubes-src/artwork... skipping."; \
2019-09-09 09:18:53.454967 +0000 build-debian4: fi; \
2019-09-09 09:18:53.454973 +0000 build-debian4: echo
2019-09-09 09:18:53.474006 +0000 build-debian4: Updating qubes-src/artwork... no packages.
2019-09-09 09:18:53.474050 +0000 build-debian4: Makefile:785: update target 'internal-update-repo-current.vm.stretch' due to: internal-update-repo-current.vm.stretch.artwork
2019-09-09 09:18:53.474085 +0000 build-debian4: true
2019-09-09 09:18:53.475327 +0000 build-debian4: Makefile:866: target 'post-update-repo-current' does not exist
2019-09-09 09:18:53.475355 +0000 build-debian4: for dist in  bullseye buster stretch; do \
2019-09-09 09:18:53.475366 +0000 build-debian4: .repo_base_var="LINUX_REPO_${dist}_BASEDIR"; \
2019-09-09 09:18:53.475379 +0000 build-debian4: .if [ -n "${!repo_base_var}" ]; then \
2019-09-09 09:18:53.475388 +0000 build-debian4: ..repo_basedir="${!repo_base_var}"; \
2019-09-09 09:18:53.475395 +0000 build-debian4: .else \
2019-09-09 09:18:53.475404 +0000 build-debian4: ..repo_basedir="qubes-src/linux-deb/r4.1"; \
2019-09-09 09:18:53.475412 +0000 build-debian4: .fi; \
2019-09-09 09:18:53.475421 +0000 build-debian4: .repos_to_update="$repos_to_update $repo_basedir"; \
2019-09-09 09:18:53.475428 +0000 build-debian4: done; \
2019-09-09 09:18:53.475445 +0000 build-debian4: pkgset_dist= ; \
2019-09-09 09:18:53.475453 +0000 build-debian4: for dist in ; do \
2019-09-09 09:18:53.475462 +0000 build-debian4: .pkgset_dist="$pkgset_dist dom0/$dist"; \
2019-09-09 09:18:53.475468 +0000 build-debian4: done; \
2019-09-09 09:18:53.475477 +0000 build-debian4: for dist in bullseye buster stretch; do \
2019-09-09 09:18:53.475485 +0000 build-debian4: .pkgset_dist="$pkgset_dist vm/$dist"; \
2019-09-09 09:18:53.475492 +0000 build-debian4: done; \
2019-09-09 09:18:53.475501 +0000 build-debian4: for repo in `echo $repos_to_update|tr ' ' '\n'|sort|uniq`; do \
2019-09-09 09:18:53.475509 +0000 build-debian4: .[ -z "$repo" ] && continue; \
2019-09-09 09:18:53.475519 +0000 build-debian4: .[ -x "$repo/../update_repo-current.sh" ] || continue; \
2019-09-09 09:18:53.475528 +0000 build-debian4: .(cd $repo/.. && ./update_repo-current.sh r4.1 $pkgset_dist); \
2019-09-09 09:18:53.475535 +0000 build-debian4: done
2019-09-09 09:18:53.483334 +0000 build-debian4: --> Processing repo: r4.1/vm/dists/bullseye...
2019-09-09 09:18:54.071975 +0000 build-debian4: --> Processing repo: r4.1/vm/dists/buster...
2019-09-09 09:18:54.412603 +0000 build-debian4: --> Processing repo: r4.1/vm/dists/stretch...
2019-09-09 09:18:54.831850 +0000 build-debian4: Done.
2019-09-09 09:18:54.895384 +0000 build-debian4: ~/builder-r4.1/qubes-src/linux-deb ~/builder-r4.1/qubes-src/linux-deb
2019-09-09 09:18:55.534526 +0000 build-debian4: sending incremental file list
2019-09-09 09:18:55.646458 +0000 build-debian4: Syncing r4.1/vm/bullseye...
2019-09-09 09:18:55.817061 +0000 build-debian4: sending incremental file list
2019-09-09 09:18:55.848985 +0000 build-debian4: .d..t...... bullseye/
2019-09-09 09:18:55.849028 +0000 build-debian4: <f..t...... bullseye/InRelease
2019-09-09 09:18:55.849072 +0000 build-debian4: .            700  28%    0.00kB/s    0:00:00  .          2,465 100%    1.68MB/s    0:00:00 (xfr#1, to-chk=10/12)
2019-09-09 09:18:55.849084 +0000 build-debian4: <f..t...... bullseye/Release.gpg
2019-09-09 09:18:55.849097 +0000 build-debian4: .            833 100%  813.48kB/s    0:00:00  .            833 100%  813.48kB/s    0:00:00 (xfr#2, to-chk=8/12)
2019-09-09 09:18:55.938666 +0000 build-debian4: Syncing r4.1/vm/bullseye-testing...
2019-09-09 09:18:56.096295 +0000 build-debian4: sending incremental file list
2019-09-09 09:18:56.205647 +0000 build-debian4: Syncing r4.1/vm/buster...
2019-09-09 09:18:56.346047 +0000 build-debian4: sending incremental file list
2019-09-09 09:18:56.386435 +0000 build-debian4: .d..t...... buster/
2019-09-09 09:18:56.386480 +0000 build-debian4: <f..t...... buster/InRelease
2019-09-09 09:18:56.386497 +0000 build-debian4: .            700  28%    0.00kB/s    0:00:00  .          2,497 100%    1.71MB/s    0:00:00 (xfr#1, to-chk=10/12)
2019-09-09 09:18:56.386509 +0000 build-debian4: <f..t...... buster/Release.gpg
2019-09-09 09:18:56.386521 +0000 build-debian4: .            833 100%  813.48kB/s    0:00:00  .            833 100%  813.48kB/s    0:00:00 (xfr#2, to-chk=8/12)
2019-09-09 09:18:56.461792 +0000 build-debian4: Syncing r4.1/vm/buster-testing...
2019-09-09 09:18:56.623549 +0000 build-debian4: sending incremental file list
2019-09-09 09:18:56.724428 +0000 build-debian4: Syncing r4.1/vm/stretch...
2019-09-09 09:18:56.886221 +0000 build-debian4: sending incremental file list
2019-09-09 09:18:56.926337 +0000 build-debian4: .d..t...... stretch/
2019-09-09 09:18:56.926378 +0000 build-debian4: <f..t...... stretch/InRelease
2019-09-09 09:18:56.926399 +0000 build-debian4: .            700  28%    0.00kB/s    0:00:00  .          2,499 100%    1.72MB/s    0:00:00 (xfr#1, to-chk=10/12)
2019-09-09 09:18:56.926410 +0000 build-debian4: <f..t...... stretch/Release.gpg
2019-09-09 09:18:56.926423 +0000 build-debian4: .            833 100%  813.48kB/s    0:00:00  .            833 100%  813.48kB/s    0:00:00 (xfr#2, to-chk=8/12)
2019-09-09 09:18:57.014016 +0000 build-debian4: Syncing r4.1/vm/stretch-testing...
2019-09-09 09:18:57.169244 +0000 build-debian4: sending incremental file list
2019-09-09 09:18:57.268469 +0000 build-debian4: ~/builder-r4.1/qubes-src/linux-deb
2019-09-09 09:18:57.271122 +0000 build-debian4: Makefile:772: update target 'update-repo-current' due to: internal-update-repo-current.vm.bullseye internal-update-repo-current.vm.buster internal-update-repo-current.vm.stretch post-update-repo-current
2019-09-09 09:18:57.271164 +0000 build-debian4: true
2019-09-09 09:18:57.323790 +0000 build-debian4: > done
2019-09-09 09:19:57.324258 +0000 > closing log
