2021-03-16 14:57:08.260821 +0000 > starting log
2021-03-16 14:57:08.263178 +0000 build-debian4: > starting build with log
2021-03-16 14:57:08.263201 +0000 build-debian4: >> make args: update-repo-current
2021-03-16 14:57:08.263213 +0000 build-debian4: >> MAKEFLAGS=
2021-03-16 14:57:08.263224 +0000 build-debian4: >> COMPONENTS=infrastructure
2021-03-16 14:57:08.263235 +0000 build-debian4: >> DISTS_VM=buster bullseye
2021-03-16 14:57:08.263244 +0000 build-debian4: >> DIST_DOM0=
2021-03-16 14:57:08.263256 +0000 build-debian4: >> qubes-builder 62be6ed7d4c006c802cf2d567b182570b5d98ef1
2021-03-16 14:57:08.263271 +0000 build-debian4: >> qubes-builder/qubes-src/infrastructure a70264eee98d095a522ab65c6ac69187b9a7b83f
2021-03-16 14:57:08.688690 +0000 build-debian4: >> qubes-builder/qubes-src/infrastructure/build-infra/qubes-builder 4cab123723ffe981d2137d8e0ba421f6db9be103
2021-03-16 14:57:09.197011 +0000 build-debian4: >> qubes-builder/qubes-src/infrastructure/build-infra/qubes-builder-github 7c9424299078fd2cff99c3271190aa708c69a275
2021-03-16 14:57:09.587606 +0000 build-debian4: ================================================================================
2021-03-16 14:57:09.587667 +0000 build-debian4:                            B U I L D   I N F O                                  
2021-03-16 14:57:09.587687 +0000 build-debian4: Items in red indicate it was automatically generated by configuration file(s)
2021-03-16 14:57:09.587703 +0000 build-debian4: Items in white indicate it was automatically removed by configuration file(s)
2021-03-16 14:57:09.587717 +0000 build-debian4: ================================================================================
2021-03-16 14:57:09.587727 +0000 build-debian4: DISTS_VM:
2021-03-16 14:57:09.587745 +0000 build-debian4:      buster+standard, bullseye+standard, buster bullseye
2021-03-16 14:57:09.587755 +0000 build-debian4: DISTS_ALL:
2021-03-16 14:57:09.587765 +0000 build-debian4:      vm-bullseye, vm-buster,
2021-03-16 14:57:09.587774 +0000 build-debian4: DIST_DOM0:
2021-03-16 14:57:09.587782 +0000 build-debian4:     
2021-03-16 14:57:09.587792 +0000 build-debian4: BUILDER_PLUGINS:
2021-03-16 14:57:09.623926 +0000 build-debian4:      builder-debian, mgmt-salt, release-configs, linux-deb, builder-github,
2021-03-16 14:57:09.623981 +0000 build-debian4: COMPONENTS:
2021-03-16 14:57:09.747706 +0000 build-debian4:      infrastructure,
2021-03-16 14:57:09.747800 +0000 build-debian4: GIT_REPOS:
2021-03-16 14:57:09.751203 +0000 build-debian4:      qubes-src/infrastructure,
2021-03-16 14:57:09.751255 +0000 build-debian4: TEMPLATE:
2021-03-16 14:57:09.775979 +0000 build-debian4:     
2021-03-16 14:57:09.776036 +0000 build-debian4: TEMPLATE_FLAVOR_DIR:
2021-03-16 14:57:09.834434 +0000 build-debian4:     
2021-03-16 14:57:09.834490 +0000 build-debian4: TEMPLATE_ALIAS:
2021-03-16 14:57:09.853161 +0000 build-debian4:      stretch:stretch+standard, stretch+gnome:stretch+gnome+standard,
2021-03-16 14:57:09.853221 +0000 build-debian4:      stretch+minimal:stretch+minimal+no-recommends, buster:buster+standard, buster+gnome:buster+gnome+standard,
2021-03-16 14:57:09.853240 +0000 build-debian4:      buster+minimal:buster+minimal+no-recommends, bullseye:bullseye+standard,
2021-03-16 14:57:09.853257 +0000 build-debian4:      bullseye+gnome:bullseye+gnome+standard, bullseye+minimal:bullseye+minimal+no-recommends,
2021-03-16 14:57:09.853270 +0000 build-debian4:      whonix-gateway-14:stretch+whonix-gateway+minimal+no-recommends,
2021-03-16 14:57:09.853284 +0000 build-debian4:      whonix-workstation-14:stretch+whonix-workstation+minimal+no-recommends,
2021-03-16 14:57:09.853296 +0000 build-debian4:      whonix-gateway-15:buster+whonix-gateway+minimal+no-recommends,
2021-03-16 14:57:09.853309 +0000 build-debian4:      whonix-workstation-15:buster+whonix-workstation+minimal+no-recommends,
2021-03-16 14:57:09.853319 +0000 build-debian4: TEMPLATE_LABEL:
2021-03-16 14:57:09.858310 +0000 build-debian4:      buster+standard:debian-10, bullseye+standard:debian-11, buster+standard:buster,
2021-03-16 14:57:09.858369 +0000 build-debian4:      bullseye+standard:bullseye, fc30:fedora-30 fc31:fedora-31 fc32:fedora-32 fc33:fedora-33
2021-03-16 14:57:09.858416 +0000 build-debian4:      fc30+minimal:fedora-30-minimal fc31+minimal:fedora-31-minimal fc32+minimal:fedora-32-minimal
2021-03-16 14:57:09.858435 +0000 build-debian4:      fc33+minimal:fedora-33-minimal fc30+xfce:fedora-30-xfce fc31+xfce:fedora-31-xfce
2021-03-16 14:57:09.858451 +0000 build-debian4:      fc32+xfce:fedora-32-xfce fc33+xfce:fedora-33-xfce stretch:debian-9 stretch+standard:debian-9
2021-03-16 14:57:09.858467 +0000 build-debian4:      stretch+xfce:debian-9-xfce buster:debian-10 buster+xfce:debian-10-xfce bullseye:debian-11
2021-03-16 14:57:09.858483 +0000 build-debian4:      bullseye+xfce:debian-11-xfce stretch+whonix-gateway+minimal+no-recommends:whonix-gw-14
2021-03-16 14:57:09.858496 +0000 build-debian4:      stretch+whonix-workstation+minimal+no-recommends:whonix-ws-14
2021-03-16 14:57:09.858510 +0000 build-debian4:      buster+whonix-gateway+minimal+no-recommends:whonix-gw-15
2021-03-16 14:57:09.858525 +0000 build-debian4:      buster+whonix-workstation+minimal+no-recommends:whonix-ws-15 centos7:centos-7
2021-03-16 14:57:09.858540 +0000 build-debian4:      centos7+minimal:centos-7-minimal centos7+xfce:centos-7-xfce centos8:centos-8
2021-03-16 14:57:09.858553 +0000 build-debian4:      centos8+minimal:centos-8-minimal centos8+xfce:centos-8-xfce
2021-03-16 14:57:09.918879 +0000 build-debian4: > running make
2021-03-16 14:57:09.941285 +0000 build-debian4: Makefile:899: target 'internal-update-repo-current.vm.bullseye.infrastructure' does not exist
2021-03-16 14:57:09.941340 +0000 build-debian4: true
2021-03-16 14:57:09.942537 +0000 build-debian4: Makefile:816: update target 'internal-update-repo-current.vm.bullseye' due to: internal-update-repo-current.vm.bullseye.infrastructure
2021-03-16 14:57:09.942582 +0000 build-debian4: true
2021-03-16 14:57:09.988729 +0000 build-debian4: Makefile:899: target 'internal-update-repo-current.vm.buster.infrastructure' does not exist
2021-03-16 14:57:09.988808 +0000 build-debian4: true
2021-03-16 14:57:09.992841 +0000 build-debian4: Makefile:816: update target 'internal-update-repo-current.vm.buster' due to: internal-update-repo-current.vm.buster.infrastructure
2021-03-16 14:57:09.992894 +0000 build-debian4: true
2021-03-16 14:57:10.019496 +0000 build-debian4: Makefile:907: target 'post-update-repo-current' does not exist
2021-03-16 14:57:10.019551 +0000 build-debian4: for dist in  bullseye buster; do \
2021-03-16 14:57:10.019567 +0000 build-debian4: .repo_base_var="LINUX_REPO_${dist}_BASEDIR"; \
2021-03-16 14:57:10.019579 +0000 build-debian4: .if [ -n "${!repo_base_var}" ]; then \
2021-03-16 14:57:10.019590 +0000 build-debian4: ..repo_basedir="${!repo_base_var}"; \
2021-03-16 14:57:10.019599 +0000 build-debian4: .else \
2021-03-16 14:57:10.019611 +0000 build-debian4: ..repo_basedir="qubes-src/linux-deb/r4.1"; \
2021-03-16 14:57:10.019619 +0000 build-debian4: .fi; \
2021-03-16 14:57:10.019631 +0000 build-debian4: .repos_to_update="$repos_to_update $repo_basedir"; \
2021-03-16 14:57:10.019640 +0000 build-debian4: done; \
2021-03-16 14:57:10.019649 +0000 build-debian4: pkgset_dist= ; \
2021-03-16 14:57:10.019658 +0000 build-debian4: for dist in ; do \
2021-03-16 14:57:10.019669 +0000 build-debian4: .pkgset_dist="$pkgset_dist dom0/$dist"; \
2021-03-16 14:57:10.019677 +0000 build-debian4: done; \
2021-03-16 14:57:10.019687 +0000 build-debian4: for dist in bullseye buster; do \
2021-03-16 14:57:10.019698 +0000 build-debian4: .pkgset_dist="$pkgset_dist vm/$dist"; \
2021-03-16 14:57:10.019706 +0000 build-debian4: done; \
2021-03-16 14:57:10.019718 +0000 build-debian4: for repo in `echo $repos_to_update|tr ' ' '\n'|sort|uniq`; do \
2021-03-16 14:57:10.019728 +0000 build-debian4: .[ -z "$repo" ] && continue; \
2021-03-16 14:57:10.019740 +0000 build-debian4: .[ -x "$repo/../update_repo-current.sh" ] || continue; \
2021-03-16 14:57:10.019757 +0000 build-debian4: .(cd $repo/.. && ./update_repo-current.sh r4.1 $pkgset_dist); \
2021-03-16 14:57:10.019788 +0000 build-debian4: done
2021-03-16 14:57:10.029508 +0000 build-debian4: --> Processing repo: r4.1/vm/dists/bullseye...
2021-03-16 14:57:10.863780 +0000 build-debian4: --> Processing repo: r4.1/vm/dists/buster...
2021-03-16 14:57:11.433042 +0000 build-debian4: --> Processing repo: r4.1/vm/dists/stretch...
2021-03-16 14:57:12.026963 +0000 build-debian4: Done.
2021-03-16 14:57:12.030922 +0000 build-debian4: ~/builder-r4.1/qubes-src/linux-deb ~/builder-r4.1/qubes-src/linux-deb
2021-03-16 14:57:12.110821 +0000 build-debian4: sending incremental file list
2021-03-16 14:57:12.374403 +0000 build-debian4: Syncing r4.1/vm/bullseye...
2021-03-16 14:57:12.494100 +0000 build-debian4: sending incremental file list
2021-03-16 14:57:12.527721 +0000 build-debian4: .d..t...... bullseye/
2021-03-16 14:57:12.527818 +0000 build-debian4: <f..t...... bullseye/InRelease
2021-03-16 14:57:12.527843 +0000 build-debian4: .            700  27%    0.00kB/s    0:00:00  .          2,510 100%    1.73MB/s    0:00:00 (xfr#1, to-chk=10/12)
2021-03-16 14:57:12.527857 +0000 build-debian4: <f..t...... bullseye/Release.gpg
2021-03-16 14:57:12.527874 +0000 build-debian4: .            833 100%  813.48kB/s    0:00:00  .            833 100%  813.48kB/s    0:00:00 (xfr#2, to-chk=8/12)
2021-03-16 14:57:12.629812 +0000 build-debian4: Syncing r4.1/vm/bullseye-securitytesting...
2021-03-16 14:57:12.743669 +0000 build-debian4: sending incremental file list
2021-03-16 14:57:12.846657 +0000 build-debian4: Syncing r4.1/vm/bullseye-testing...
2021-03-16 14:57:12.962459 +0000 build-debian4: sending incremental file list
2021-03-16 14:57:13.069899 +0000 build-debian4: Syncing r4.1/vm/buster...
2021-03-16 14:57:13.185363 +0000 build-debian4: sending incremental file list
2021-03-16 14:57:13.217972 +0000 build-debian4: .d..t...... buster/
2021-03-16 14:57:13.218028 +0000 build-debian4: <f..t...... buster/InRelease
2021-03-16 14:57:13.218053 +0000 build-debian4: .            700  27%    0.00kB/s    0:00:00  .          2,506 100%    1.72MB/s    0:00:00 (xfr#1, to-chk=10/12)
2021-03-16 14:57:13.218067 +0000 build-debian4: <f..t...... buster/Release.gpg
2021-03-16 14:57:13.218085 +0000 build-debian4: .            833 100%  813.48kB/s    0:00:00  .            833 100%  813.48kB/s    0:00:00 (xfr#2, to-chk=8/12)
2021-03-16 14:57:13.315225 +0000 build-debian4: Syncing r4.1/vm/buster-securitytesting...
2021-03-16 14:57:13.430730 +0000 build-debian4: sending incremental file list
2021-03-16 14:57:13.531455 +0000 build-debian4: Syncing r4.1/vm/buster-testing...
2021-03-16 14:57:13.650791 +0000 build-debian4: sending incremental file list
2021-03-16 14:57:13.757179 +0000 build-debian4: Syncing r4.1/vm/stretch...
2021-03-16 14:57:13.873973 +0000 build-debian4: sending incremental file list
2021-03-16 14:57:13.909990 +0000 build-debian4: .d..t...... stretch/
2021-03-16 14:57:13.910050 +0000 build-debian4: <f..t...... stretch/InRelease
2021-03-16 14:57:13.910400 +0000 build-debian4: .            700  27%    0.00kB/s    0:00:00  .          2,508 100%    1.72MB/s    0:00:00 (xfr#1, to-chk=10/12)
2021-03-16 14:57:13.910429 +0000 build-debian4: <f..t...... stretch/Release.gpg
2021-03-16 14:57:13.910448 +0000 build-debian4: .            833 100%  813.48kB/s    0:00:00  .            833 100%  813.48kB/s    0:00:00 (xfr#2, to-chk=8/12)
2021-03-16 14:57:14.006293 +0000 build-debian4: Syncing r4.1/vm/stretch-securitytesting...
2021-03-16 14:57:14.126323 +0000 build-debian4: sending incremental file list
2021-03-16 14:57:14.235966 +0000 build-debian4: Syncing r4.1/vm/stretch-testing...
2021-03-16 14:57:14.343100 +0000 build-debian4: sending incremental file list
2021-03-16 14:57:14.444152 +0000 build-debian4: ~/builder-r4.1/qubes-src/linux-deb
2021-03-16 14:57:14.444225 +0000 build-debian4: Makefile:803: update target 'update-repo-current' due to: internal-update-repo-current.vm.bullseye internal-update-repo-current.vm.buster post-update-repo-current
2021-03-16 14:57:14.444240 +0000 build-debian4: true
2021-03-16 14:57:14.444737 +0000 build-debian4: > done
2021-03-16 14:57:14.444769 +0000 > closing log
