2020-06-15 01:56:27.565561 +0000 > starting log
2020-06-15 01:56:27.565861 +0000 build-debian4: > starting build with log
2020-06-15 01:56:27.565875 +0000 build-debian4: >> make args: update-repo-current
2020-06-15 01:56:27.565884 +0000 build-debian4: >> MAKEFLAGS=
2020-06-15 01:56:27.565891 +0000 build-debian4: >> COMPONENTS=manager
2020-06-15 01:56:27.565900 +0000 build-debian4: >> DISTS_VM=stretch buster bullseye
2020-06-15 01:56:27.565906 +0000 build-debian4: >> DIST_DOM0=
2020-06-15 01:56:27.565915 +0000 build-debian4: >> qubes-builder 8f62427b204a04149aacf8f9f29565fed6cc964f
2020-06-15 01:56:27.565926 +0000 build-debian4: >> qubes-builder/qubes-src/manager 787c5672410e0ac2aa5f05016a467d02a9adade4
2020-06-15 01:56:27.565936 +0000 build-debian4: ================================================================================
2020-06-15 01:56:27.565947 +0000 build-debian4:                            B U I L D   I N F O                                  
2020-06-15 01:56:27.565958 +0000 build-debian4: Items in red indicate it was automatically generated by configuration file(s)
2020-06-15 01:56:27.565968 +0000 build-debian4: Items in white indicate it was automatically removed by configuration file(s)
2020-06-15 01:56:27.565978 +0000 build-debian4: ================================================================================
2020-06-15 01:56:27.565984 +0000 build-debian4: DISTS_VM:
2020-06-15 01:56:27.565995 +0000 build-debian4:      stretch+standard, buster+standard, bullseye+standard, stretch buster bullseye
2020-06-15 01:56:27.566001 +0000 build-debian4: DISTS_ALL:
2020-06-15 01:56:27.566009 +0000 build-debian4:      vm-bullseye, vm-buster, vm-stretch,
2020-06-15 01:56:27.566016 +0000 build-debian4: DIST_DOM0:
2020-06-15 01:56:27.566022 +0000 build-debian4:     
2020-06-15 01:56:27.566028 +0000 build-debian4: BUILDER_PLUGINS:
2020-06-15 01:56:27.566039 +0000 build-debian4:      builder-debian, mgmt-salt, linux-deb, release-configs, builder-github,
2020-06-15 01:56:27.566045 +0000 build-debian4: COMPONENTS:
2020-06-15 01:56:27.566051 +0000 build-debian4:      manager,
2020-06-15 01:56:27.566058 +0000 build-debian4: GIT_REPOS:
2020-06-15 01:56:27.566065 +0000 build-debian4:      qubes-src/manager,
2020-06-15 01:56:27.566071 +0000 build-debian4: TEMPLATE:
2020-06-15 01:56:27.566077 +0000 build-debian4:     
2020-06-15 01:56:27.566084 +0000 build-debian4: TEMPLATE_FLAVOR_DIR:
2020-06-15 01:56:27.566090 +0000 build-debian4:     
2020-06-15 01:56:27.566097 +0000 build-debian4: TEMPLATE_ALIAS:
2020-06-15 01:56:27.566106 +0000 build-debian4:      jessie:jessie+standard, jessie+gnome:jessie+gnome+standard,
2020-06-15 01:56:27.566118 +0000 build-debian4:      jessie+minimal:jessie+minimal+no-recommends, stretch:stretch+standard, stretch+gnome:stretch+gnome+standard,
2020-06-15 01:56:27.566131 +0000 build-debian4:      stretch+minimal:stretch+minimal+no-recommends, buster:buster+standard, buster+gnome:buster+gnome+standard,
2020-06-15 01:56:27.566141 +0000 build-debian4:      buster+minimal:buster+minimal+no-recommends, bullseye:bullseye+standard,
2020-06-15 01:56:27.566152 +0000 build-debian4:      bullseye+gnome:bullseye+gnome+standard, bullseye+minimal:bullseye+minimal+no-recommends,
2020-06-15 01:56:27.566162 +0000 build-debian4:      whonix-gateway:jessie+whonix-gateway+minimal+no-recommends,
2020-06-15 01:56:27.566172 +0000 build-debian4:      whonix-workstation:jessie+whonix-workstation+minimal+no-recommends,
2020-06-15 01:56:27.566181 +0000 build-debian4:      whonix-gateway-14:stretch+whonix-gateway+minimal+no-recommends,
2020-06-15 01:56:27.566191 +0000 build-debian4:      whonix-workstation-14:stretch+whonix-workstation+minimal+no-recommends,
2020-06-15 01:56:27.566201 +0000 build-debian4:      whonix-gateway-15:buster+whonix-gateway+minimal+no-recommends,
2020-06-15 01:56:27.566211 +0000 build-debian4:      whonix-workstation-15:buster+whonix-workstation+minimal+no-recommends,
2020-06-15 01:56:27.566217 +0000 build-debian4: TEMPLATE_LABEL:
2020-06-15 01:56:27.566228 +0000 build-debian4:      stretch+standard:debian-9, buster+standard:debian-10, bullseye+standard:debian-11,
2020-06-15 01:56:27.566245 +0000 build-debian4:      stretch+standard:stretch, buster+standard:buster, bullseye+standard:bullseye, fc25:fedora-25
2020-06-15 01:56:27.566258 +0000 build-debian4:      fc29:fedora-29 fc30:fedora-30 fc31:fedora-31 fc32:fedora-32 fc29+minimal:fedora-29-minimal
2020-06-15 01:56:27.566269 +0000 build-debian4:      fc30+minimal:fedora-30-minimal fc31+minimal:fedora-31-minimal fc32+minimal:fedora-32-minimal
2020-06-15 01:56:27.566281 +0000 build-debian4:      fc29+xfce:fedora-29-xfce fc30+xfce:fedora-30-xfce fc31+xfce:fedora-31-xfce fc32+xfce:fedora-32-xfce
2020-06-15 01:56:27.566292 +0000 build-debian4:      wheezy:debian-7 wheezy+standard:debian-7 jessie:debian-8 jessie+standard:debian-8 stretch:debian-9
2020-06-15 01:56:27.566304 +0000 build-debian4:      buster:debian-10 bullseye:debian-11 jessie+whonix-gateway+minimal+no-recommends:whonix-gw
2020-06-15 01:56:27.566313 +0000 build-debian4:      jessie+whonix-workstation+minimal+no-recommends:whonix-ws
2020-06-15 01:56:27.566322 +0000 build-debian4:      stretch+whonix-gateway+minimal+no-recommends:whonix-gw-14
2020-06-15 01:56:27.566332 +0000 build-debian4:      stretch+whonix-workstation+minimal+no-recommends:whonix-ws-14
2020-06-15 01:56:27.566341 +0000 build-debian4:      buster+whonix-gateway+minimal+no-recommends:whonix-gw-15
2020-06-15 01:56:27.566352 +0000 build-debian4:      buster+whonix-workstation+minimal+no-recommends:whonix-ws-15 centos7:centos-7
2020-06-15 01:56:27.566361 +0000 build-debian4:      centos7+minimal:centos-7-minimal centos7+xfce:centos-7-xfce
2020-06-15 01:56:27.566490 +0000 build-debian4: > running make
2020-06-15 01:56:27.573007 +0000 build-debian4: Makefile:818: target 'internal-update-repo-current.vm.bullseye.manager' does not exist
2020-06-15 01:56:27.573051 +0000 build-debian4: repo_base_var="LINUX_REPO_bullseye_BASEDIR"; \
2020-06-15 01:56:27.573063 +0000 build-debian4: if [ "manager" = linux-template-builder ]; then \
2020-06-15 01:56:27.573075 +0000 build-debian4: .# templates belongs to dom0 repository, even though PACKAGE_SET=vm
2020-06-15 01:56:27.573083 +0000 build-debian4: repo_base_var="LINUX_REPO__BASEDIR"; \
2020-06-15 01:56:27.573090 +0000 build-debian4: fi; \
2020-06-15 01:56:27.573098 +0000 build-debian4: if [ -n "${!repo_base_var}" ]; then \
2020-06-15 01:56:27.573106 +0000 build-debian4: .repo_basedir="${!repo_base_var}"; \
2020-06-15 01:56:27.573116 +0000 build-debian4: else \
2020-06-15 01:56:27.573124 +0000 build-debian4: .repo_basedir="qubes-src/linux-deb/r4.0"; \
2020-06-15 01:56:27.573131 +0000 build-debian4: fi; \
2020-06-15 01:56:27.573139 +0000 build-debian4: if [ -r qubes-src/manager/Makefile.builder ]; then \
2020-06-15 01:56:27.573148 +0000 build-debian4: .echo -n "Updating qubes-src/manager... "; \
2020-06-15 01:56:27.573155 +0000 build-debian4: .if [ "0" -eq 1 ]; then \
2020-06-15 01:56:27.573165 +0000 build-debian4: ..vtag=`git -C qubes-src/manager tag --points-at HEAD --list v*`; \
2020-06-15 01:56:27.573172 +0000 build-debian4: ..if [ -z "$vtag" ]; then \
2020-06-15 01:56:27.573179 +0000 build-debian4: ...echo "no version tag"; \
2020-06-15 01:56:27.573186 +0000 build-debian4: ...exit 0; \
2020-06-15 01:56:27.573192 +0000 build-debian4: ..fi; \
2020-06-15 01:56:27.573198 +0000 build-debian4: .fi; \
2020-06-15 01:56:27.573207 +0000 build-debian4: .if [ "manager" = linux-template-builder ]; then
2020-06-15 01:56:27.573218 +0000 build-debian4: export TEMPLATE_NAME=$(MAKEFLAGS= make -s -C qubes-src/linux-template-builder DIST=bullseye template-name)
2020-06-15 01:56:27.573225 +0000 build-debian4: fi
2020-06-15 01:56:27.573245 +0000 build-debian4: component_packages=$(MAKEFLAGS= make -s -f Makefile.generic DIST=bullseye PACKAGE_SET=vm COMPONENT=`basename qubes-src/manager` UPDATE_REPO=/home/user/builder-r4.0/$repo_basedir/current/vm/bullseye get-var GET_VAR=PACKAGE_LIST); \
2020-06-15 01:56:27.573254 +0000 build-debian4: .if [ -z "$component_packages" ]; then \
2020-06-15 01:56:27.573275 +0000 build-debian4: ..echo "no packages."; \
2020-06-15 01:56:27.573282 +0000 build-debian4: ..exit 0; \
2020-06-15 01:56:27.573289 +0000 build-debian4: .fi; \
2020-06-15 01:56:27.573299 +0000 build-debian4: .make -s -f Makefile.generic DIST=bullseye PACKAGE_SET=vm \
2020-06-15 01:56:27.573307 +0000 build-debian4: ..COMPONENT=`basename qubes-src/manager` \
2020-06-15 01:56:27.573315 +0000 build-debian4: ..SNAPSHOT_REPO=current-testing \
2020-06-15 01:56:27.573322 +0000 build-debian4: ..TARGET_REPO=current \
2020-06-15 01:56:27.573332 +0000 build-debian4: ..UPDATE_REPO=/home/user/builder-r4.0/$repo_basedir/current/vm/bullseye \
2020-06-15 01:56:27.573345 +0000 build-debian4: ..SNAPSHOT_FILE=/home/user/builder-r4.0/repo-latest-snapshot/current-testing-vm-bullseye-`basename qubes-src/manager` \
2020-06-15 01:56:27.573352 +0000 build-debian4: ..BUILD_LOG_URL= \
2020-06-15 01:56:27.573360 +0000 build-debian4: ..update-repo-from-snapshot || exit 1; \
2020-06-15 01:56:27.573371 +0000 build-debian4: elif make -C qubes-src/manager -n update-repo-current >/dev/null 2>/dev/null; then \
2020-06-15 01:56:27.573379 +0000 build-debian4: .echo "Updating qubes-src/manager... "; \
2020-06-15 01:56:27.573390 +0000 build-debian4: .DIST=bullseye UPDATE_REPO=/home/user/builder-r4.0/$repo_basedir/current/vm/bullseye \
2020-06-15 01:56:27.573399 +0000 build-debian4: .make -s -C qubes-src/manager update-repo-current || exit 1; \
2020-06-15 01:56:27.573405 +0000 build-debian4: else \
2020-06-15 01:56:27.573414 +0000 build-debian4: .echo -n "Updating qubes-src/manager... skipping."; \
2020-06-15 01:56:27.573420 +0000 build-debian4: fi; \
2020-06-15 01:56:27.573426 +0000 build-debian4: echo
2020-06-15 01:56:27.592049 +0000 build-debian4: Updating qubes-src/manager... no packages.
2020-06-15 01:56:27.592098 +0000 build-debian4: Makefile:791: update target 'internal-update-repo-current.vm.bullseye' due to: internal-update-repo-current.vm.bullseye.manager
2020-06-15 01:56:27.592114 +0000 build-debian4: true
2020-06-15 01:56:27.593326 +0000 build-debian4: Makefile:818: target 'internal-update-repo-current.vm.buster.manager' does not exist
2020-06-15 01:56:27.593362 +0000 build-debian4: repo_base_var="LINUX_REPO_buster_BASEDIR"; \
2020-06-15 01:56:27.593375 +0000 build-debian4: if [ "manager" = linux-template-builder ]; then \
2020-06-15 01:56:27.593388 +0000 build-debian4: .# templates belongs to dom0 repository, even though PACKAGE_SET=vm
2020-06-15 01:56:27.593398 +0000 build-debian4: repo_base_var="LINUX_REPO__BASEDIR"; \
2020-06-15 01:56:27.593406 +0000 build-debian4: fi; \
2020-06-15 01:56:27.593415 +0000 build-debian4: if [ -n "${!repo_base_var}" ]; then \
2020-06-15 01:56:27.593424 +0000 build-debian4: .repo_basedir="${!repo_base_var}"; \
2020-06-15 01:56:27.593432 +0000 build-debian4: else \
2020-06-15 01:56:27.593441 +0000 build-debian4: .repo_basedir="qubes-src/linux-deb/r4.0"; \
2020-06-15 01:56:27.593448 +0000 build-debian4: fi; \
2020-06-15 01:56:27.593459 +0000 build-debian4: if [ -r qubes-src/manager/Makefile.builder ]; then \
2020-06-15 01:56:27.593468 +0000 build-debian4: .echo -n "Updating qubes-src/manager... "; \
2020-06-15 01:56:27.593477 +0000 build-debian4: .if [ "0" -eq 1 ]; then \
2020-06-15 01:56:27.593488 +0000 build-debian4: ..vtag=`git -C qubes-src/manager tag --points-at HEAD --list v*`; \
2020-06-15 01:56:27.593497 +0000 build-debian4: ..if [ -z "$vtag" ]; then \
2020-06-15 01:56:27.593506 +0000 build-debian4: ...echo "no version tag"; \
2020-06-15 01:56:27.593514 +0000 build-debian4: ...exit 0; \
2020-06-15 01:56:27.593521 +0000 build-debian4: ..fi; \
2020-06-15 01:56:27.593528 +0000 build-debian4: .fi; \
2020-06-15 01:56:27.593538 +0000 build-debian4: .if [ "manager" = linux-template-builder ]; then
2020-06-15 01:56:27.593552 +0000 build-debian4: export TEMPLATE_NAME=$(MAKEFLAGS= make -s -C qubes-src/linux-template-builder DIST=buster template-name)
2020-06-15 01:56:27.593560 +0000 build-debian4: fi
2020-06-15 01:56:27.593582 +0000 build-debian4: component_packages=$(MAKEFLAGS= make -s -f Makefile.generic DIST=buster PACKAGE_SET=vm COMPONENT=`basename qubes-src/manager` UPDATE_REPO=/home/user/builder-r4.0/$repo_basedir/current/vm/buster get-var GET_VAR=PACKAGE_LIST); \
2020-06-15 01:56:27.593606 +0000 build-debian4: .if [ -z "$component_packages" ]; then \
2020-06-15 01:56:27.593616 +0000 build-debian4: ..echo "no packages."; \
2020-06-15 01:56:27.593624 +0000 build-debian4: ..exit 0; \
2020-06-15 01:56:27.593631 +0000 build-debian4: .fi; \
2020-06-15 01:56:27.593642 +0000 build-debian4: .make -s -f Makefile.generic DIST=buster PACKAGE_SET=vm \
2020-06-15 01:56:27.593651 +0000 build-debian4: ..COMPONENT=`basename qubes-src/manager` \
2020-06-15 01:56:27.593661 +0000 build-debian4: ..SNAPSHOT_REPO=current-testing \
2020-06-15 01:56:27.593669 +0000 build-debian4: ..TARGET_REPO=current \
2020-06-15 01:56:27.593681 +0000 build-debian4: ..UPDATE_REPO=/home/user/builder-r4.0/$repo_basedir/current/vm/buster \
2020-06-15 01:56:27.593696 +0000 build-debian4: ..SNAPSHOT_FILE=/home/user/builder-r4.0/repo-latest-snapshot/current-testing-vm-buster-`basename qubes-src/manager` \
2020-06-15 01:56:27.593704 +0000 build-debian4: ..BUILD_LOG_URL= \
2020-06-15 01:56:27.593714 +0000 build-debian4: ..update-repo-from-snapshot || exit 1; \
2020-06-15 01:56:27.593752 +0000 build-debian4: elif make -C qubes-src/manager -n update-repo-current >/dev/null 2>/dev/null; then \
2020-06-15 01:56:27.593764 +0000 build-debian4: .echo "Updating qubes-src/manager... "; \
2020-06-15 01:56:27.593777 +0000 build-debian4: .DIST=buster UPDATE_REPO=/home/user/builder-r4.0/$repo_basedir/current/vm/buster \
2020-06-15 01:56:27.593788 +0000 build-debian4: .make -s -C qubes-src/manager update-repo-current || exit 1; \
2020-06-15 01:56:27.593795 +0000 build-debian4: else \
2020-06-15 01:56:27.593805 +0000 build-debian4: .echo -n "Updating qubes-src/manager... skipping."; \
2020-06-15 01:56:27.593812 +0000 build-debian4: fi; \
2020-06-15 01:56:27.593820 +0000 build-debian4: echo
2020-06-15 01:56:27.613971 +0000 build-debian4: Updating qubes-src/manager... no packages.
2020-06-15 01:56:27.614021 +0000 build-debian4: Makefile:791: update target 'internal-update-repo-current.vm.buster' due to: internal-update-repo-current.vm.buster.manager
2020-06-15 01:56:27.614032 +0000 build-debian4: true
2020-06-15 01:56:27.615260 +0000 build-debian4: Makefile:818: target 'internal-update-repo-current.vm.stretch.manager' does not exist
2020-06-15 01:56:27.615290 +0000 build-debian4: repo_base_var="LINUX_REPO_stretch_BASEDIR"; \
2020-06-15 01:56:27.615303 +0000 build-debian4: if [ "manager" = linux-template-builder ]; then \
2020-06-15 01:56:27.615316 +0000 build-debian4: .# templates belongs to dom0 repository, even though PACKAGE_SET=vm
2020-06-15 01:56:27.615326 +0000 build-debian4: repo_base_var="LINUX_REPO__BASEDIR"; \
2020-06-15 01:56:27.615333 +0000 build-debian4: fi; \
2020-06-15 01:56:27.615343 +0000 build-debian4: if [ -n "${!repo_base_var}" ]; then \
2020-06-15 01:56:27.615352 +0000 build-debian4: .repo_basedir="${!repo_base_var}"; \
2020-06-15 01:56:27.615360 +0000 build-debian4: else \
2020-06-15 01:56:27.615369 +0000 build-debian4: .repo_basedir="qubes-src/linux-deb/r4.0"; \
2020-06-15 01:56:27.615376 +0000 build-debian4: fi; \
2020-06-15 01:56:27.615387 +0000 build-debian4: if [ -r qubes-src/manager/Makefile.builder ]; then \
2020-06-15 01:56:27.615396 +0000 build-debian4: .echo -n "Updating qubes-src/manager... "; \
2020-06-15 01:56:27.615405 +0000 build-debian4: .if [ "0" -eq 1 ]; then \
2020-06-15 01:56:27.615416 +0000 build-debian4: ..vtag=`git -C qubes-src/manager tag --points-at HEAD --list v*`; \
2020-06-15 01:56:27.615425 +0000 build-debian4: ..if [ -z "$vtag" ]; then \
2020-06-15 01:56:27.615434 +0000 build-debian4: ...echo "no version tag"; \
2020-06-15 01:56:27.615442 +0000 build-debian4: ...exit 0; \
2020-06-15 01:56:27.615449 +0000 build-debian4: ..fi; \
2020-06-15 01:56:27.615456 +0000 build-debian4: .fi; \
2020-06-15 01:56:27.615466 +0000 build-debian4: .if [ "manager" = linux-template-builder ]; then
2020-06-15 01:56:27.615493 +0000 build-debian4: export TEMPLATE_NAME=$(MAKEFLAGS= make -s -C qubes-src/linux-template-builder DIST=stretch template-name)
2020-06-15 01:56:27.615502 +0000 build-debian4: fi
2020-06-15 01:56:27.615524 +0000 build-debian4: component_packages=$(MAKEFLAGS= make -s -f Makefile.generic DIST=stretch PACKAGE_SET=vm COMPONENT=`basename qubes-src/manager` UPDATE_REPO=/home/user/builder-r4.0/$repo_basedir/current/vm/stretch get-var GET_VAR=PACKAGE_LIST); \
2020-06-15 01:56:27.615535 +0000 build-debian4: .if [ -z "$component_packages" ]; then \
2020-06-15 01:56:27.615543 +0000 build-debian4: ..echo "no packages."; \
2020-06-15 01:56:27.615551 +0000 build-debian4: ..exit 0; \
2020-06-15 01:56:27.615558 +0000 build-debian4: .fi; \
2020-06-15 01:56:27.615569 +0000 build-debian4: .make -s -f Makefile.generic DIST=stretch PACKAGE_SET=vm \
2020-06-15 01:56:27.615578 +0000 build-debian4: ..COMPONENT=`basename qubes-src/manager` \
2020-06-15 01:56:27.615587 +0000 build-debian4: ..SNAPSHOT_REPO=current-testing \
2020-06-15 01:56:27.615596 +0000 build-debian4: ..TARGET_REPO=current \
2020-06-15 01:56:27.615607 +0000 build-debian4: ..UPDATE_REPO=/home/user/builder-r4.0/$repo_basedir/current/vm/stretch \
2020-06-15 01:56:27.615622 +0000 build-debian4: ..SNAPSHOT_FILE=/home/user/builder-r4.0/repo-latest-snapshot/current-testing-vm-stretch-`basename qubes-src/manager` \
2020-06-15 01:56:27.615630 +0000 build-debian4: ..BUILD_LOG_URL= \
2020-06-15 01:56:27.615640 +0000 build-debian4: ..update-repo-from-snapshot || exit 1; \
2020-06-15 01:56:27.615652 +0000 build-debian4: elif make -C qubes-src/manager -n update-repo-current >/dev/null 2>/dev/null; then \
2020-06-15 01:56:27.615661 +0000 build-debian4: .echo "Updating qubes-src/manager... "; \
2020-06-15 01:56:27.615673 +0000 build-debian4: .DIST=stretch UPDATE_REPO=/home/user/builder-r4.0/$repo_basedir/current/vm/stretch \
2020-06-15 01:56:27.615684 +0000 build-debian4: .make -s -C qubes-src/manager update-repo-current || exit 1; \
2020-06-15 01:56:27.615691 +0000 build-debian4: else \
2020-06-15 01:56:27.615701 +0000 build-debian4: .echo -n "Updating qubes-src/manager... skipping."; \
2020-06-15 01:56:27.615708 +0000 build-debian4: fi; \
2020-06-15 01:56:27.615715 +0000 build-debian4: echo
2020-06-15 01:56:27.635588 +0000 build-debian4: Updating qubes-src/manager... no packages.
2020-06-15 01:56:27.635638 +0000 build-debian4: Makefile:791: update target 'internal-update-repo-current.vm.stretch' due to: internal-update-repo-current.vm.stretch.manager
2020-06-15 01:56:27.635649 +0000 build-debian4: true
2020-06-15 01:56:27.636723 +0000 build-debian4: Makefile:872: target 'post-update-repo-current' does not exist
2020-06-15 01:56:27.636751 +0000 build-debian4: for dist in  bullseye buster stretch; do \
2020-06-15 01:56:27.636763 +0000 build-debian4: .repo_base_var="LINUX_REPO_${dist}_BASEDIR"; \
2020-06-15 01:56:27.636773 +0000 build-debian4: .if [ -n "${!repo_base_var}" ]; then \
2020-06-15 01:56:27.636783 +0000 build-debian4: ..repo_basedir="${!repo_base_var}"; \
2020-06-15 01:56:27.636790 +0000 build-debian4: .else \
2020-06-15 01:56:27.636826 +0000 build-debian4: ..repo_basedir="qubes-src/linux-deb/r4.0"; \
2020-06-15 01:56:27.636835 +0000 build-debian4: .fi; \
2020-06-15 01:56:27.636845 +0000 build-debian4: .repos_to_update="$repos_to_update $repo_basedir"; \
2020-06-15 01:56:27.636853 +0000 build-debian4: done; \
2020-06-15 01:56:27.636861 +0000 build-debian4: pkgset_dist= ; \
2020-06-15 01:56:27.636869 +0000 build-debian4: for dist in ; do \
2020-06-15 01:56:27.636878 +0000 build-debian4: .pkgset_dist="$pkgset_dist dom0/$dist"; \
2020-06-15 01:56:27.636886 +0000 build-debian4: done; \
2020-06-15 01:56:27.636895 +0000 build-debian4: for dist in bullseye buster stretch; do \
2020-06-15 01:56:27.636905 +0000 build-debian4: .pkgset_dist="$pkgset_dist vm/$dist"; \
2020-06-15 01:56:27.636912 +0000 build-debian4: done; \
2020-06-15 01:56:27.636926 +0000 build-debian4: for repo in `echo $repos_to_update|tr ' ' '\n'|sort|uniq`; do \
2020-06-15 01:56:27.636948 +0000 build-debian4: .[ -z "$repo" ] && continue; \
2020-06-15 01:56:27.636960 +0000 build-debian4: .[ -x "$repo/../update_repo-current.sh" ] || continue; \
2020-06-15 01:56:27.636971 +0000 build-debian4: .(cd $repo/.. && ./update_repo-current.sh r4.0 $pkgset_dist); \
2020-06-15 01:56:27.636978 +0000 build-debian4: done
2020-06-15 01:56:27.644372 +0000 build-debian4: --> Processing repo: r4.0/vm/dists/bullseye...
2020-06-15 01:56:27.875999 +0000 build-debian4: --> Processing repo: r4.0/vm/dists/buster...
2020-06-15 01:56:28.114852 +0000 build-debian4: --> Processing repo: r4.0/vm/dists/jessie...
2020-06-15 01:56:28.347819 +0000 build-debian4: --> Processing repo: r4.0/vm/dists/stretch...
2020-06-15 01:56:28.347867 +0000 build-debian4: Error while vchan send, exiting
2020-06-15 01:56:28.591643 +0000 build-debian4: Done.
2020-06-15 01:56:28.591694 +0000 build-debian4: Error while vchan send, exiting
2020-06-15 01:56:28.592617 +0000 build-debian4: ~/builder-r4.0/qubes-src/linux-deb ~/builder-r4.0/qubes-src/linux-deb
2020-06-15 01:56:28.664031 +0000 build-debian4: sending incremental file list
2020-06-15 01:56:28.830847 +0000 build-debian4: Syncing r4.0/vm/bullseye...
2020-06-15 01:56:28.959710 +0000 build-debian4: sending incremental file list
2020-06-15 01:56:29.043261 +0000 build-debian4: .d..t...... bullseye/
2020-06-15 01:56:29.043320 +0000 build-debian4: <f..t...... bullseye/InRelease
2020-06-15 01:56:29.043671 +0000 build-debian4: .            700  27%    0.00kB/s    0:00:00  .          2,507 100%    1.72MB/s    0:00:00 (xfr#1, to-chk=10/12)
2020-06-15 01:56:29.043711 +0000 build-debian4: <f..t...... bullseye/Release.gpg
2020-06-15 01:56:29.043774 +0000 build-debian4: .            833 100%  813.48kB/s    0:00:00  .            833 100%  813.48kB/s    0:00:00 (xfr#2, to-chk=8/12)
2020-06-15 01:56:29.172160 +0000 build-debian4: Syncing r4.0/vm/bullseye-securitytesting...
2020-06-15 01:56:29.307915 +0000 build-debian4: sending incremental file list
2020-06-15 01:56:29.382362 +0000 build-debian4: Syncing r4.0/vm/bullseye-testing...
2020-06-15 01:56:29.514241 +0000 build-debian4: sending incremental file list
2020-06-15 01:56:29.720369 +0000 build-debian4: Syncing r4.0/vm/buster...
2020-06-15 01:56:29.861013 +0000 build-debian4: sending incremental file list
2020-06-15 01:56:29.899662 +0000 build-debian4: .d..t...... buster/
2020-06-15 01:56:29.899791 +0000 build-debian4: <f..t...... buster/InRelease
2020-06-15 01:56:29.900278 +0000 build-debian4: .            700  28%    0.00kB/s    0:00:00  .          2,500 100%    1.72MB/s    0:00:00 (xfr#1, to-chk=10/12)
2020-06-15 01:56:29.900314 +0000 build-debian4: <f..t...... buster/Release.gpg
2020-06-15 01:56:29.900330 +0000 build-debian4: .            833 100%  813.48kB/s    0:00:00  .            833 100%  813.48kB/s    0:00:00 (xfr#2, to-chk=8/12)
2020-06-15 01:56:29.968493 +0000 build-debian4: Syncing r4.0/vm/buster-securitytesting...
2020-06-15 01:56:30.103593 +0000 build-debian4: sending incremental file list
2020-06-15 01:56:30.188249 +0000 build-debian4: Syncing r4.0/vm/buster-testing...
2020-06-15 01:56:30.316045 +0000 build-debian4: sending incremental file list
2020-06-15 01:56:30.388323 +0000 build-debian4: Syncing r4.0/vm/jessie...
2020-06-15 01:56:30.511941 +0000 build-debian4: sending incremental file list
2020-06-15 01:56:30.549734 +0000 build-debian4: .d..t...... jessie/
2020-06-15 01:56:30.549782 +0000 build-debian4: <f..t...... jessie/InRelease
2020-06-15 01:56:30.549954 +0000 build-debian4: .            700  28%    0.00kB/s    0:00:00  .          2,500 100%    1.72MB/s    0:00:00 (xfr#1, to-chk=10/12)
2020-06-15 01:56:30.550080 +0000 build-debian4: <f..t...... jessie/Release.gpg
2020-06-15 01:56:30.550117 +0000 build-debian4: .            833 100%  813.48kB/s    0:00:00  .            833 100%  813.48kB/s    0:00:00 (xfr#2, to-chk=8/12)
2020-06-15 01:56:30.622152 +0000 build-debian4: Syncing r4.0/vm/jessie-securitytesting...
2020-06-15 01:56:30.754226 +0000 build-debian4: sending incremental file list
2020-06-15 01:56:30.879886 +0000 build-debian4: Syncing r4.0/vm/jessie-testing...
2020-06-15 01:56:31.030666 +0000 build-debian4: sending incremental file list
2020-06-15 01:56:31.113700 +0000 build-debian4: Syncing r4.0/vm/stretch...
2020-06-15 01:56:31.235935 +0000 build-debian4: sending incremental file list
2020-06-15 01:56:31.330847 +0000 build-debian4: .d..t...... stretch/
2020-06-15 01:56:31.330912 +0000 build-debian4: <f..t...... stretch/InRelease
2020-06-15 01:56:31.331306 +0000 build-debian4: .            700  27%    0.00kB/s    0:00:00  .          2,502 100%    1.72MB/s    0:00:00 (xfr#1, to-chk=10/12)
2020-06-15 01:56:31.331424 +0000 build-debian4: <f..t...... stretch/Release.gpg
2020-06-15 01:56:31.331450 +0000 build-debian4: .            833 100%  813.48kB/s    0:00:00  .            833 100%  813.48kB/s    0:00:00 (xfr#2, to-chk=8/12)
2020-06-15 01:56:31.401927 +0000 build-debian4: Syncing r4.0/vm/stretch-securitytesting...
2020-06-15 01:56:31.534127 +0000 build-debian4: sending incremental file list
2020-06-15 01:56:31.620631 +0000 build-debian4: Syncing r4.0/vm/stretch-testing...
2020-06-15 01:56:31.747079 +0000 build-debian4: sending incremental file list
2020-06-15 01:56:31.895932 +0000 build-debian4: ~/builder-r4.0/qubes-src/linux-deb
2020-06-15 01:56:31.896347 +0000 build-debian4: Makefile:778: update target 'update-repo-current' due to: internal-update-repo-current.vm.bullseye internal-update-repo-current.vm.buster internal-update-repo-current.vm.stretch post-update-repo-current
2020-06-15 01:56:31.896377 +0000 build-debian4: true
2020-06-15 01:56:31.897886 +0000 build-debian4: > done
2020-06-15 01:56:31.898036 +0000 > closing log
