2018-05-21 16:28:28.230340 +0000 > starting log
2018-05-21 16:28:28.232117 +0000 build-debian4: > starting build with log
2018-05-21 16:28:28.232164 +0000 build-debian4: >> make args: update-repo-current
2018-05-21 16:28:28.232193 +0000 build-debian4: >> MAKEFLAGS=
2018-05-21 16:28:28.232219 +0000 build-debian4: >> COMPONENTS=gui-daemon
2018-05-21 16:28:28.232242 +0000 build-debian4: >> DISTS_VM=
2018-05-21 16:28:28.232263 +0000 build-debian4: >> DIST_DOM0=
2018-05-21 16:28:28.232289 +0000 build-debian4: >> qubes-builder 87e3d6a4f31e6ba10a9a59a5bfeac108af709658
2018-05-21 16:28:28.232319 +0000 build-debian4: >> qubes-builder/qubes-src/gui-daemon 6f5587b5694b5f0d11785c0a1663bcdea4375a27
2018-05-21 16:28:28.232350 +0000 build-debian4: ================================================================================
2018-05-21 16:28:28.232379 +0000 build-debian4:                            B U I L D   I N F O                                  
2018-05-21 16:28:28.232410 +0000 build-debian4: Items in red indicate it was automatically generated by configuration file(s)
2018-05-21 16:28:28.232442 +0000 build-debian4: Items in white indicate it was automatically removed by configuration file(s)
2018-05-21 16:28:28.232474 +0000 build-debian4: ================================================================================
2018-05-21 16:28:28.232497 +0000 build-debian4: DISTS_VM:
2018-05-21 16:28:28.232526 +0000 build-debian4:      jessie+standard, stretch+standard, buster, jessie stretch
2018-05-21 16:28:28.232548 +0000 build-debian4: DISTS_ALL:
2018-05-21 16:28:28.232572 +0000 build-debian4:      buster, jessie, stretch,
2018-05-21 16:28:28.232593 +0000 build-debian4: DIST_DOM0:
2018-05-21 16:28:28.232633 +0000 build-debian4:     
2018-05-21 16:28:28.232659 +0000 build-debian4: BUILDER_PLUGINS:
2018-05-21 16:28:28.232687 +0000 build-debian4:      builder-debian, mgmt-salt, builder-github,
2018-05-21 16:28:28.232711 +0000 build-debian4: COMPONENTS:
2018-05-21 16:28:28.232733 +0000 build-debian4:      gui-daemon,
2018-05-21 16:28:28.232755 +0000 build-debian4: GIT_REPOS:
2018-05-21 16:28:28.232778 +0000 build-debian4:      qubes-src/gui-daemon,
2018-05-21 16:28:28.232801 +0000 build-debian4: TEMPLATE:
2018-05-21 16:28:28.232822 +0000 build-debian4:     
2018-05-21 16:28:28.232844 +0000 build-debian4: TEMPLATE_FLAVOR_DIR:
2018-05-21 16:28:28.232864 +0000 build-debian4:     
2018-05-21 16:28:28.232885 +0000 build-debian4: TEMPLATE_ALIAS:
2018-05-21 16:28:28.232913 +0000 build-debian4:      jessie:jessie+standard, jessie+gnome:jessie+gnome+standard, jessie+minimal:jessie+minimal+no-recommends,
2018-05-21 16:28:28.232941 +0000 build-debian4:      stretch:stretch+standard, stretch+gnome:stretch+gnome+standard,
2018-05-21 16:28:28.232966 +0000 build-debian4:      stretch+minimal:stretch+minimal+no-recommends,
2018-05-21 16:28:28.232993 +0000 build-debian4: TEMPLATE_LABEL:
2018-05-21 16:28:28.233022 +0000 build-debian4:      jessie+standard:debian-8, stretch+standard:debian-9, jessie+standard:jessie, stretch+standard:stretch,
2018-05-21 16:28:28.233053 +0000 build-debian4:      fc20:fedora-20 fc21:fedora-21 fc22:fedora-22 fc23:fedora-23 fc24:fedora-24 fc25:fedora-25 fc26:fedora-26
2018-05-21 16:28:28.233083 +0000 build-debian4:      fc20+minimal:fedora-20-minimal fc21+minimal:fedora-21-minimal fc23+minimal:fedora-23-minimal
2018-05-21 16:28:28.233113 +0000 build-debian4:      fc24+minimal:fedora-24-minimal fc25+minimal:fedora-25-minimal fc26+minimal:fedora-26-minimal
2018-05-21 16:28:28.233143 +0000 build-debian4:      fc25+xfce:fedora-25-xfce fc26+xfce:fedora-26-xfce wheezy:debian-7 wheezy+standard:debian-7 jessie:debian-8
2018-05-21 16:28:28.233173 +0000 build-debian4:      stretch:debian-9 centos7:centos-7 centos7+minimal:centos-7-minimal
2018-05-21 16:28:28.233213 +0000 build-debian4: > running make
2018-05-21 16:28:28.270986 +0000 build-debian4: Makefile:721: target 'internal-update-repo-current.vm.buster.gui-daemon' does not exist
2018-05-21 16:28:28.271031 +0000 build-debian4: repo_base_var="LINUX_REPO_buster_BASEDIR"; \
2018-05-21 16:28:28.271055 +0000 build-debian4: if [ -n "${!repo_base_var}" ]; then \
2018-05-21 16:28:28.271101 +0000 build-debian4: .repo_basedir="${!repo_base_var}"; \
2018-05-21 16:28:28.271119 +0000 build-debian4: else \
2018-05-21 16:28:28.271136 +0000 build-debian4: .repo_basedir="qubes-src/linux-deb/r4.0"; \
2018-05-21 16:28:28.271150 +0000 build-debian4: fi; \
2018-05-21 16:28:28.271165 +0000 build-debian4: if [ -r qubes-src/gui-daemon/Makefile.builder ]; then \
2018-05-21 16:28:28.271180 +0000 build-debian4: .echo -n "Updating qubes-src/gui-daemon... "; \
2018-05-21 16:28:28.271194 +0000 build-debian4: .if [ "0" -eq 1 ]; then \
2018-05-21 16:28:28.271210 +0000 build-debian4: ..vtag=`git -C qubes-src/gui-daemon tag --points-at HEAD --list v*`; \
2018-05-21 16:28:28.271224 +0000 build-debian4: ..if [ -z "$vtag" ]; then \
2018-05-21 16:28:28.271238 +0000 build-debian4: ...echo "no version tag"; \
2018-05-21 16:28:28.271251 +0000 build-debian4: ...exit 0; \
2018-05-21 16:28:28.271263 +0000 build-debian4: ..fi; \
2018-05-21 16:28:28.271276 +0000 build-debian4: .fi; \
2018-05-21 16:28:28.271300 +0000 build-debian4: .component_packages=$(MAKEFLAGS= make -s -f Makefile.generic DIST=buster PACKAGE_SET=vm COMPONENT=`basename qubes-src/gui-daemon` UPDATE_REPO=/home/user/builder-r4.0/$repo_basedir/current/vm/buster get-var GET_VAR=PACKAGE_LIST); \
2018-05-21 16:28:28.271316 +0000 build-debian4: .if [ -z "$component_packages" ]; then \
2018-05-21 16:28:28.271330 +0000 build-debian4: ..echo "no packages."; \
2018-05-21 16:28:28.271345 +0000 build-debian4: ..exit 0; \
2018-05-21 16:28:28.271366 +0000 build-debian4: .fi; \
2018-05-21 16:28:28.271386 +0000 build-debian4: .make -s -f Makefile.generic DIST=buster PACKAGE_SET=vm \
2018-05-21 16:28:28.271401 +0000 build-debian4: ..COMPONENT=`basename qubes-src/gui-daemon` \
2018-05-21 16:28:28.271416 +0000 build-debian4: ..SNAPSHOT_REPO=current-testing \
2018-05-21 16:28:28.271430 +0000 build-debian4: ..TARGET_REPO=current \
2018-05-21 16:28:28.271445 +0000 build-debian4: ..UPDATE_REPO=/home/user/builder-r4.0/$repo_basedir/current/vm/buster \
2018-05-21 16:28:28.271464 +0000 build-debian4: ..SNAPSHOT_FILE=/home/user/builder-r4.0/repo-latest-snapshot/current-testing-vm-buster-`basename qubes-src/gui-daemon` \
2018-05-21 16:28:28.271478 +0000 build-debian4: ..BUILD_LOG_URL= \
2018-05-21 16:28:28.271491 +0000 build-debian4: ..update-repo-from-snapshot || exit 1; \
2018-05-21 16:28:28.271508 +0000 build-debian4: elif make -C qubes-src/gui-daemon -n update-repo-current >/dev/null 2>/dev/null; then \
2018-05-21 16:28:28.271522 +0000 build-debian4: .echo "Updating qubes-src/gui-daemon... "; \
2018-05-21 16:28:28.271538 +0000 build-debian4: .make -s -C qubes-src/gui-daemon update-repo-current || exit 1; \
2018-05-21 16:28:28.271551 +0000 build-debian4: else \
2018-05-21 16:28:28.271566 +0000 build-debian4: .echo -n "Updating qubes-src/gui-daemon... skipping."; \
2018-05-21 16:28:28.271578 +0000 build-debian4: fi; \
2018-05-21 16:28:28.271590 +0000 build-debian4: echo
2018-05-21 16:28:28.448152 +0000 build-debian4: Updating qubes-src/gui-daemon... no packages.
2018-05-21 16:28:28.448622 +0000 build-debian4: Makefile:700: update target 'internal-update-repo-current.vm.buster' due to: internal-update-repo-current.vm.buster.gui-daemon
2018-05-21 16:28:28.448657 +0000 build-debian4: true
2018-05-21 16:28:28.453206 +0000 build-debian4: Makefile:721: target 'internal-update-repo-current.vm.jessie.gui-daemon' does not exist
2018-05-21 16:28:28.453265 +0000 build-debian4: repo_base_var="LINUX_REPO_jessie_BASEDIR"; \
2018-05-21 16:28:28.453293 +0000 build-debian4: if [ -n "${!repo_base_var}" ]; then \
2018-05-21 16:28:28.453318 +0000 build-debian4: .repo_basedir="${!repo_base_var}"; \
2018-05-21 16:28:28.453340 +0000 build-debian4: else \
2018-05-21 16:28:28.453368 +0000 build-debian4: .repo_basedir="qubes-src/linux-deb/r4.0"; \
2018-05-21 16:28:28.453388 +0000 build-debian4: fi; \
2018-05-21 16:28:28.453413 +0000 build-debian4: if [ -r qubes-src/gui-daemon/Makefile.builder ]; then \
2018-05-21 16:28:28.453436 +0000 build-debian4: .echo -n "Updating qubes-src/gui-daemon... "; \
2018-05-21 16:28:28.453476 +0000 build-debian4: .if [ "0" -eq 1 ]; then \
2018-05-21 16:28:28.453503 +0000 build-debian4: ..vtag=`git -C qubes-src/gui-daemon tag --points-at HEAD --list v*`; \
2018-05-21 16:28:28.453525 +0000 build-debian4: ..if [ -z "$vtag" ]; then \
2018-05-21 16:28:28.453547 +0000 build-debian4: ...echo "no version tag"; \
2018-05-21 16:28:28.453569 +0000 build-debian4: ...exit 0; \
2018-05-21 16:28:28.453591 +0000 build-debian4: ..fi; \
2018-05-21 16:28:28.453651 +0000 build-debian4: .fi; \
2018-05-21 16:28:28.453695 +0000 build-debian4: .component_packages=$(MAKEFLAGS= make -s -f Makefile.generic DIST=jessie PACKAGE_SET=vm COMPONENT=`basename qubes-src/gui-daemon` UPDATE_REPO=/home/user/builder-r4.0/$repo_basedir/current/vm/jessie get-var GET_VAR=PACKAGE_LIST); \
2018-05-21 16:28:28.453722 +0000 build-debian4: .if [ -z "$component_packages" ]; then \
2018-05-21 16:28:28.453747 +0000 build-debian4: ..echo "no packages."; \
2018-05-21 16:28:28.453771 +0000 build-debian4: ..exit 0; \
2018-05-21 16:28:28.453794 +0000 build-debian4: .fi; \
2018-05-21 16:28:28.453820 +0000 build-debian4: .make -s -f Makefile.generic DIST=jessie PACKAGE_SET=vm \
2018-05-21 16:28:28.453846 +0000 build-debian4: ..COMPONENT=`basename qubes-src/gui-daemon` \
2018-05-21 16:28:28.453869 +0000 build-debian4: ..SNAPSHOT_REPO=current-testing \
2018-05-21 16:28:28.453891 +0000 build-debian4: ..TARGET_REPO=current \
2018-05-21 16:28:28.453916 +0000 build-debian4: ..UPDATE_REPO=/home/user/builder-r4.0/$repo_basedir/current/vm/jessie \
2018-05-21 16:28:28.453950 +0000 build-debian4: ..SNAPSHOT_FILE=/home/user/builder-r4.0/repo-latest-snapshot/current-testing-vm-jessie-`basename qubes-src/gui-daemon` \
2018-05-21 16:28:28.453975 +0000 build-debian4: ..BUILD_LOG_URL= \
2018-05-21 16:28:28.453999 +0000 build-debian4: ..update-repo-from-snapshot || exit 1; \
2018-05-21 16:28:28.454025 +0000 build-debian4: elif make -C qubes-src/gui-daemon -n update-repo-current >/dev/null 2>/dev/null; then \
2018-05-21 16:28:28.454053 +0000 build-debian4: .echo "Updating qubes-src/gui-daemon... "; \
2018-05-21 16:28:28.454081 +0000 build-debian4: .make -s -C qubes-src/gui-daemon update-repo-current || exit 1; \
2018-05-21 16:28:28.454105 +0000 build-debian4: else \
2018-05-21 16:28:28.454131 +0000 build-debian4: .echo -n "Updating qubes-src/gui-daemon... skipping."; \
2018-05-21 16:28:28.454150 +0000 build-debian4: fi; \
2018-05-21 16:28:28.454170 +0000 build-debian4: echo
2018-05-21 16:28:28.625304 +0000 build-debian4: Updating qubes-src/gui-daemon... no packages.
2018-05-21 16:28:28.625748 +0000 build-debian4: Makefile:700: update target 'internal-update-repo-current.vm.jessie' due to: internal-update-repo-current.vm.jessie.gui-daemon
2018-05-21 16:28:28.625786 +0000 build-debian4: true
2018-05-21 16:28:28.630169 +0000 build-debian4: Makefile:721: target 'internal-update-repo-current.vm.stretch.gui-daemon' does not exist
2018-05-21 16:28:28.630216 +0000 build-debian4: repo_base_var="LINUX_REPO_stretch_BASEDIR"; \
2018-05-21 16:28:28.630244 +0000 build-debian4: if [ -n "${!repo_base_var}" ]; then \
2018-05-21 16:28:28.630264 +0000 build-debian4: .repo_basedir="${!repo_base_var}"; \
2018-05-21 16:28:28.630280 +0000 build-debian4: else \
2018-05-21 16:28:28.630295 +0000 build-debian4: .repo_basedir="qubes-src/linux-deb/r4.0"; \
2018-05-21 16:28:28.630308 +0000 build-debian4: fi; \
2018-05-21 16:28:28.630324 +0000 build-debian4: if [ -r qubes-src/gui-daemon/Makefile.builder ]; then \
2018-05-21 16:28:28.630338 +0000 build-debian4: .echo -n "Updating qubes-src/gui-daemon... "; \
2018-05-21 16:28:28.630360 +0000 build-debian4: .if [ "0" -eq 1 ]; then \
2018-05-21 16:28:28.630382 +0000 build-debian4: ..vtag=`git -C qubes-src/gui-daemon tag --points-at HEAD --list v*`; \
2018-05-21 16:28:28.630397 +0000 build-debian4: ..if [ -z "$vtag" ]; then \
2018-05-21 16:28:28.630412 +0000 build-debian4: ...echo "no version tag"; \
2018-05-21 16:28:28.630425 +0000 build-debian4: ...exit 0; \
2018-05-21 16:28:28.630437 +0000 build-debian4: ..fi; \
2018-05-21 16:28:28.630464 +0000 build-debian4: .fi; \
2018-05-21 16:28:28.630490 +0000 build-debian4: .component_packages=$(MAKEFLAGS= make -s -f Makefile.generic DIST=stretch PACKAGE_SET=vm COMPONENT=`basename qubes-src/gui-daemon` UPDATE_REPO=/home/user/builder-r4.0/$repo_basedir/current/vm/stretch get-var GET_VAR=PACKAGE_LIST); \
2018-05-21 16:28:28.630506 +0000 build-debian4: .if [ -z "$component_packages" ]; then \
2018-05-21 16:28:28.630519 +0000 build-debian4: ..echo "no packages."; \
2018-05-21 16:28:28.630532 +0000 build-debian4: ..exit 0; \
2018-05-21 16:28:28.630544 +0000 build-debian4: .fi; \
2018-05-21 16:28:28.630559 +0000 build-debian4: .make -s -f Makefile.generic DIST=stretch PACKAGE_SET=vm \
2018-05-21 16:28:28.630574 +0000 build-debian4: ..COMPONENT=`basename qubes-src/gui-daemon` \
2018-05-21 16:28:28.630587 +0000 build-debian4: ..SNAPSHOT_REPO=current-testing \
2018-05-21 16:28:28.630601 +0000 build-debian4: ..TARGET_REPO=current \
2018-05-21 16:28:28.630648 +0000 build-debian4: ..UPDATE_REPO=/home/user/builder-r4.0/$repo_basedir/current/vm/stretch \
2018-05-21 16:28:28.630671 +0000 build-debian4: ..SNAPSHOT_FILE=/home/user/builder-r4.0/repo-latest-snapshot/current-testing-vm-stretch-`basename qubes-src/gui-daemon` \
2018-05-21 16:28:28.630694 +0000 build-debian4: ..BUILD_LOG_URL= \
2018-05-21 16:28:28.630716 +0000 build-debian4: ..update-repo-from-snapshot || exit 1; \
2018-05-21 16:28:28.630733 +0000 build-debian4: elif make -C qubes-src/gui-daemon -n update-repo-current >/dev/null 2>/dev/null; then \
2018-05-21 16:28:28.630748 +0000 build-debian4: .echo "Updating qubes-src/gui-daemon... "; \
2018-05-21 16:28:28.630764 +0000 build-debian4: .make -s -C qubes-src/gui-daemon update-repo-current || exit 1; \
2018-05-21 16:28:28.630777 +0000 build-debian4: else \
2018-05-21 16:28:28.630791 +0000 build-debian4: .echo -n "Updating qubes-src/gui-daemon... skipping."; \
2018-05-21 16:28:28.630804 +0000 build-debian4: fi; \
2018-05-21 16:28:28.630816 +0000 build-debian4: echo
2018-05-21 16:28:28.818565 +0000 build-debian4: Updating qubes-src/gui-daemon... no packages.
2018-05-21 16:28:28.818863 +0000 build-debian4: Makefile:700: update target 'internal-update-repo-current.vm.stretch' due to: internal-update-repo-current.vm.stretch.gui-daemon
2018-05-21 16:28:28.818898 +0000 build-debian4: true
2018-05-21 16:28:28.822436 +0000 build-debian4: Makefile:764: target 'post-update-repo-current' does not exist
2018-05-21 16:28:28.822494 +0000 build-debian4: for dist in  buster jessie stretch; do \
2018-05-21 16:28:28.822518 +0000 build-debian4: .repo_base_var="LINUX_REPO_${dist}_BASEDIR"; \
2018-05-21 16:28:28.822535 +0000 build-debian4: .if [ -n "${!repo_base_var}" ]; then \
2018-05-21 16:28:28.822550 +0000 build-debian4: ..repo_basedir="${!repo_base_var}"; \
2018-05-21 16:28:28.822563 +0000 build-debian4: .else \
2018-05-21 16:28:28.822585 +0000 build-debian4: ..repo_basedir="qubes-src/linux-deb/r4.0"; \
2018-05-21 16:28:28.822606 +0000 build-debian4: .fi; \
2018-05-21 16:28:28.822639 +0000 build-debian4: .repos_to_update="$repos_to_update $repo_basedir"; \
2018-05-21 16:28:28.822653 +0000 build-debian4: done; \
2018-05-21 16:28:28.822669 +0000 build-debian4: for repo in `echo $repos_to_update|tr ' ' '\n'|sort|uniq`; do \
2018-05-21 16:28:28.822683 +0000 build-debian4: .[ -z "$repo" ] && continue; \
2018-05-21 16:28:28.822698 +0000 build-debian4: .(cd $repo/.. && ./update_repo-current.sh `basename $repo`); \
2018-05-21 16:28:28.822710 +0000 build-debian4: done
2018-05-21 16:28:28.859391 +0000 build-debian4: --> Processing repo: r4.0/vm/dists/buster...
2018-05-21 16:28:29.639610 +0000 build-debian4: --> Processing repo: r4.0/vm/dists/jessie...
2018-05-21 16:28:30.415282 +0000 build-debian4: --> Processing repo: r4.0/vm/dists/stretch...
2018-05-21 16:28:31.178478 +0000 build-debian4: Done.
2018-05-21 16:28:31.189079 +0000 build-debian4: ~/builder-r4.0/qubes-src/linux-deb ~/builder-r4.0/qubes-src/linux-deb
2018-05-21 16:28:32.216446 +0000 build-debian4: sending incremental file list
2018-05-21 16:28:32.457579 +0000 build-debian4: Syncing r4.0/vm/buster...
2018-05-21 16:28:32.662932 +0000 build-debian4: sending incremental file list
2018-05-21 16:28:32.817214 +0000 build-debian4: .d..t...... buster/
2018-05-21 16:28:32.817654 +0000 build-debian4: <f..t...... buster/InRelease
2018-05-21 16:28:32.817749 +0000 build-debian4: .            700  28%    0.00kB/s    0:00:00  .          2,482 100%    1.70MB/s    0:00:00 (xfr#1, to-chk=10/12)
2018-05-21 16:28:32.817784 +0000 build-debian4: <f..t...... buster/Release.gpg
2018-05-21 16:28:32.817831 +0000 build-debian4: .            833 100%  813.48kB/s    0:00:00  .            833 100%  813.48kB/s    0:00:00 (xfr#2, to-chk=8/12)
2018-05-21 16:28:32.896147 +0000 build-debian4: Syncing r4.0/vm/buster-securitytesting...
2018-05-21 16:28:33.095580 +0000 build-debian4: sending incremental file list
2018-05-21 16:28:33.307852 +0000 build-debian4: Syncing r4.0/vm/buster-testing...
2018-05-21 16:28:33.511671 +0000 build-debian4: sending incremental file list
2018-05-21 16:28:33.608503 +0000 build-debian4: Syncing r4.0/vm/jessie...
2018-05-21 16:28:33.811489 +0000 build-debian4: sending incremental file list
2018-05-21 16:28:33.841598 +0000 build-debian4: .d..t...... jessie/
2018-05-21 16:28:33.841690 +0000 build-debian4: <f..t...... jessie/InRelease
2018-05-21 16:28:33.841744 +0000 build-debian4: .            700  28%    0.00kB/s    0:00:00  .          2,482 100%    1.70MB/s    0:00:00 (xfr#1, to-chk=10/12)
2018-05-21 16:28:33.841778 +0000 build-debian4: <f..t...... jessie/Release.gpg
2018-05-21 16:28:33.841835 +0000 build-debian4: .            833 100%  813.48kB/s    0:00:00  .            833 100%  813.48kB/s    0:00:00 (xfr#2, to-chk=8/12)
2018-05-21 16:28:33.922246 +0000 build-debian4: Syncing r4.0/vm/jessie-securitytesting...
2018-05-21 16:28:34.127100 +0000 build-debian4: sending incremental file list
2018-05-21 16:28:34.216766 +0000 build-debian4: Syncing r4.0/vm/jessie-testing...
2018-05-21 16:28:34.418350 +0000 build-debian4: sending incremental file list
2018-05-21 16:28:34.504378 +0000 build-debian4: Syncing r4.0/vm/stretch...
2018-05-21 16:28:34.706202 +0000 build-debian4: sending incremental file list
2018-05-21 16:28:34.735455 +0000 build-debian4: .d..t...... stretch/
2018-05-21 16:28:34.735512 +0000 build-debian4: <f..t...... stretch/InRelease
2018-05-21 16:28:34.736131 +0000 build-debian4: .            700  28%    0.00kB/s    0:00:00  .          2,484 100%    1.70MB/s    0:00:00 (xfr#1, to-chk=10/12)
2018-05-21 16:28:34.736181 +0000 build-debian4: <f..t...... stretch/Release.gpg
2018-05-21 16:28:34.736217 +0000 build-debian4: .            833 100%  813.48kB/s    0:00:00  .            833 100%  813.48kB/s    0:00:00 (xfr#2, to-chk=8/12)
2018-05-21 16:28:34.818449 +0000 build-debian4: Syncing r4.0/vm/stretch-securitytesting...
2018-05-21 16:28:35.019624 +0000 build-debian4: sending incremental file list
2018-05-21 16:28:35.238858 +0000 build-debian4: Syncing r4.0/vm/stretch-testing...
2018-05-21 16:28:35.446176 +0000 build-debian4: sending incremental file list
2018-05-21 16:28:35.528743 +0000 build-debian4: ~/builder-r4.0/qubes-src/linux-deb
2018-05-21 16:28:35.532382 +0000 build-debian4: Makefile:689: update target 'update-repo-current' due to: internal-update-repo-current.vm.buster internal-update-repo-current.vm.jessie internal-update-repo-current.vm.stretch post-update-repo-current
2018-05-21 16:28:35.532438 +0000 build-debian4: true
2018-05-21 16:28:35.537198 +0000 build-debian4: > done
2018-05-21 16:29:35.542608 +0000 > closing log
