2018-02-06 00:47:46.432699 +0000 > starting log
2018-02-06 00:47:46.435096 +0000 build-debian4: > starting build with log
2018-02-06 00:47:46.435135 +0000 build-debian4: >> make args: update-repo-current
2018-02-06 00:47:46.435159 +0000 build-debian4: >> MAKEFLAGS=
2018-02-06 00:47:46.435183 +0000 build-debian4: >> COMPONENTS=mgmt-salt-dom0-virtual-machines
2018-02-06 00:47:46.435204 +0000 build-debian4: >> DISTS_VM=
2018-02-06 00:47:46.435224 +0000 build-debian4: >> DIST_DOM0=
2018-02-06 00:47:46.435247 +0000 build-debian4: >> qubes-builder e8f4f7b21b370f269d9cc09fa485f3b123dc7e13
2018-02-06 00:47:46.435274 +0000 build-debian4: >> qubes-builder/qubes-src/mgmt-salt-dom0-virtual-machines e35121c5b39277dbfae5916be91a10418bff030d
2018-02-06 00:47:46.435300 +0000 build-debian4: ================================================================================
2018-02-06 00:47:46.435327 +0000 build-debian4:                            B U I L D   I N F O                                  
2018-02-06 00:47:46.435352 +0000 build-debian4: Items in red indicate it was automatically generated by configuration file(s)
2018-02-06 00:47:46.435377 +0000 build-debian4: Items in white indicate it was automatically removed by configuration file(s)
2018-02-06 00:47:46.435403 +0000 build-debian4: ================================================================================
2018-02-06 00:47:46.435423 +0000 build-debian4: DISTS_VM:
2018-02-06 00:47:46.435445 +0000 build-debian4:      jessie, stretch, buster,
2018-02-06 00:47:46.435464 +0000 build-debian4: DISTS_ALL:
2018-02-06 00:47:46.439853 +0000 build-debian4:      buster, jessie, stretch,
2018-02-06 00:47:46.440279 +0000 build-debian4: DIST_DOM0:
2018-02-06 00:47:46.447158 +0000 build-debian4:     
2018-02-06 00:47:46.447712 +0000 build-debian4: BUILDER_PLUGINS:
2018-02-06 00:47:46.453599 +0000 build-debian4:      builder-debian, mgmt-salt, builder-github,
2018-02-06 00:47:46.454024 +0000 build-debian4: COMPONENTS:
2018-02-06 00:47:46.460606 +0000 build-debian4:      mgmt-salt-dom0-virtual-machines,
2018-02-06 00:47:46.461008 +0000 build-debian4: GIT_REPOS:
2018-02-06 00:47:46.467179 +0000 build-debian4:      qubes-src/mgmt-salt-dom0-virtual-machines,
2018-02-06 00:47:46.467683 +0000 build-debian4: TEMPLATE:
2018-02-06 00:47:46.473849 +0000 build-debian4:     
2018-02-06 00:47:46.474287 +0000 build-debian4: TEMPLATE_FLAVOR_DIR:
2018-02-06 00:47:46.480766 +0000 build-debian4:     
2018-02-06 00:47:46.481277 +0000 build-debian4: TEMPLATE_ALIAS:
2018-02-06 00:47:46.488163 +0000 build-debian4:     
2018-02-06 00:47:46.488638 +0000 build-debian4: TEMPLATE_LABEL:
2018-02-06 00:47:46.494681 +0000 build-debian4:      fc20:fedora-20 fc21:fedora-21 fc22:fedora-22 fc23:fedora-23
2018-02-06 00:47:46.547186 +0000 build-debian4: > running make
2018-02-06 00:47:46.592254 +0000 build-debian4: Makefile:721: target 'internal-update-repo-current.vm.buster.mgmt-salt-dom0-virtual-machines' does not exist
2018-02-06 00:47:46.592315 +0000 build-debian4: repo_base_var="LINUX_REPO_buster_BASEDIR"; \
2018-02-06 00:47:46.592346 +0000 build-debian4: if [ -n "${!repo_base_var}" ]; then \
2018-02-06 00:47:46.592372 +0000 build-debian4: .repo_basedir="${!repo_base_var}"; \
2018-02-06 00:47:46.592395 +0000 build-debian4: else \
2018-02-06 00:47:46.592423 +0000 build-debian4: .repo_basedir="qubes-src/linux-deb/r4.0"; \
2018-02-06 00:47:46.592446 +0000 build-debian4: fi; \
2018-02-06 00:47:46.592477 +0000 build-debian4: if [ -r qubes-src/mgmt-salt-dom0-virtual-machines/Makefile.builder ]; then \
2018-02-06 00:47:46.592508 +0000 build-debian4: .echo -n "Updating qubes-src/mgmt-salt-dom0-virtual-machines... "; \
2018-02-06 00:47:46.592533 +0000 build-debian4: .if [ "0" -eq 1 ]; then \
2018-02-06 00:47:46.592563 +0000 build-debian4: ..vtag=`git -C qubes-src/mgmt-salt-dom0-virtual-machines tag --points-at HEAD --list v*`; \
2018-02-06 00:47:46.592587 +0000 build-debian4: ..if [ -z "$vtag" ]; then \
2018-02-06 00:47:46.592609 +0000 build-debian4: ...echo "no version tag"; \
2018-02-06 00:47:46.592632 +0000 build-debian4: ...exit 0; \
2018-02-06 00:47:46.592674 +0000 build-debian4: ..fi; \
2018-02-06 00:47:46.592697 +0000 build-debian4: .fi; \
2018-02-06 00:47:46.592739 +0000 build-debian4: .component_packages=$(MAKEFLAGS= make -s -f Makefile.generic DIST=buster PACKAGE_SET=vm COMPONENT=`basename qubes-src/mgmt-salt-dom0-virtual-machines` UPDATE_REPO=/home/user/builder-r4.0/$repo_basedir/current/vm/buster get-var GET_VAR=PACKAGE_LIST); \
2018-02-06 00:47:46.592765 +0000 build-debian4: .if [ -z "$component_packages" ]; then \
2018-02-06 00:47:46.592816 +0000 build-debian4: ..echo "no packages."; \
2018-02-06 00:47:46.592837 +0000 build-debian4: ..exit 0; \
2018-02-06 00:47:46.592858 +0000 build-debian4: .fi; \
2018-02-06 00:47:46.592883 +0000 build-debian4: .make -s -f Makefile.generic DIST=buster PACKAGE_SET=vm \
2018-02-06 00:47:46.592910 +0000 build-debian4: ..COMPONENT=`basename qubes-src/mgmt-salt-dom0-virtual-machines` \
2018-02-06 00:47:46.592934 +0000 build-debian4: ..SNAPSHOT_REPO=current-testing \
2018-02-06 00:47:46.592959 +0000 build-debian4: ..TARGET_REPO=current \
2018-02-06 00:47:46.592986 +0000 build-debian4: ..UPDATE_REPO=/home/user/builder-r4.0/$repo_basedir/current/vm/buster \
2018-02-06 00:47:46.593037 +0000 build-debian4: ..SNAPSHOT_FILE=/home/user/builder-r4.0/repo-latest-snapshot/current-testing-vm-buster-`basename qubes-src/mgmt-salt-dom0-virtual-machines` \
2018-02-06 00:47:46.593061 +0000 build-debian4: ..BUILD_LOG_URL= \
2018-02-06 00:47:46.593087 +0000 build-debian4: ..update-repo-from-snapshot || exit 1; \
2018-02-06 00:47:46.593118 +0000 build-debian4: elif make -C qubes-src/mgmt-salt-dom0-virtual-machines -n update-repo-current >/dev/null 2>/dev/null; then \
2018-02-06 00:47:46.593147 +0000 build-debian4: .echo "Updating qubes-src/mgmt-salt-dom0-virtual-machines... "; \
2018-02-06 00:47:46.593183 +0000 build-debian4: .make -s -C qubes-src/mgmt-salt-dom0-virtual-machines update-repo-current || exit 1; \
2018-02-06 00:47:46.593206 +0000 build-debian4: else \
2018-02-06 00:47:46.593235 +0000 build-debian4: .echo -n "Updating qubes-src/mgmt-salt-dom0-virtual-machines... skipping."; \
2018-02-06 00:47:46.593255 +0000 build-debian4: fi; \
2018-02-06 00:47:46.593275 +0000 build-debian4: echo
2018-02-06 00:47:46.708347 +0000 build-debian4: Updating qubes-src/mgmt-salt-dom0-virtual-machines... no packages.
2018-02-06 00:47:46.708868 +0000 build-debian4: Makefile:700: update target 'internal-update-repo-current.vm.buster' due to: internal-update-repo-current.vm.buster.mgmt-salt-dom0-virtual-machines
2018-02-06 00:47:46.708910 +0000 build-debian4: true
2018-02-06 00:47:46.713115 +0000 build-debian4: Makefile:721: target 'internal-update-repo-current.vm.jessie.mgmt-salt-dom0-virtual-machines' does not exist
2018-02-06 00:47:46.713167 +0000 build-debian4: repo_base_var="LINUX_REPO_jessie_BASEDIR"; \
2018-02-06 00:47:46.713186 +0000 build-debian4: if [ -n "${!repo_base_var}" ]; then \
2018-02-06 00:47:46.713213 +0000 build-debian4: .repo_basedir="${!repo_base_var}"; \
2018-02-06 00:47:46.713233 +0000 build-debian4: else \
2018-02-06 00:47:46.713251 +0000 build-debian4: .repo_basedir="qubes-src/linux-deb/r4.0"; \
2018-02-06 00:47:46.713265 +0000 build-debian4: fi; \
2018-02-06 00:47:46.713282 +0000 build-debian4: if [ -r qubes-src/mgmt-salt-dom0-virtual-machines/Makefile.builder ]; then \
2018-02-06 00:47:46.713299 +0000 build-debian4: .echo -n "Updating qubes-src/mgmt-salt-dom0-virtual-machines... "; \
2018-02-06 00:47:46.713314 +0000 build-debian4: .if [ "0" -eq 1 ]; then \
2018-02-06 00:47:46.713331 +0000 build-debian4: ..vtag=`git -C qubes-src/mgmt-salt-dom0-virtual-machines tag --points-at HEAD --list v*`; \
2018-02-06 00:47:46.713346 +0000 build-debian4: ..if [ -z "$vtag" ]; then \
2018-02-06 00:47:46.713360 +0000 build-debian4: ...echo "no version tag"; \
2018-02-06 00:47:46.713373 +0000 build-debian4: ...exit 0; \
2018-02-06 00:47:46.713395 +0000 build-debian4: ..fi; \
2018-02-06 00:47:46.713417 +0000 build-debian4: .fi; \
2018-02-06 00:47:46.713465 +0000 build-debian4: .component_packages=$(MAKEFLAGS= make -s -f Makefile.generic DIST=jessie PACKAGE_SET=vm COMPONENT=`basename qubes-src/mgmt-salt-dom0-virtual-machines` UPDATE_REPO=/home/user/builder-r4.0/$repo_basedir/current/vm/jessie get-var GET_VAR=PACKAGE_LIST); \
2018-02-06 00:47:46.713513 +0000 build-debian4: .if [ -z "$component_packages" ]; then \
2018-02-06 00:47:46.713539 +0000 build-debian4: ..echo "no packages."; \
2018-02-06 00:47:46.713562 +0000 build-debian4: ..exit 0; \
2018-02-06 00:47:46.713584 +0000 build-debian4: .fi; \
2018-02-06 00:47:46.713613 +0000 build-debian4: .make -s -f Makefile.generic DIST=jessie PACKAGE_SET=vm \
2018-02-06 00:47:46.713642 +0000 build-debian4: ..COMPONENT=`basename qubes-src/mgmt-salt-dom0-virtual-machines` \
2018-02-06 00:47:46.713667 +0000 build-debian4: ..SNAPSHOT_REPO=current-testing \
2018-02-06 00:47:46.713691 +0000 build-debian4: ..TARGET_REPO=current \
2018-02-06 00:47:46.713718 +0000 build-debian4: ..UPDATE_REPO=/home/user/builder-r4.0/$repo_basedir/current/vm/jessie \
2018-02-06 00:47:46.713753 +0000 build-debian4: ..SNAPSHOT_FILE=/home/user/builder-r4.0/repo-latest-snapshot/current-testing-vm-jessie-`basename qubes-src/mgmt-salt-dom0-virtual-machines` \
2018-02-06 00:47:46.713808 +0000 build-debian4: ..BUILD_LOG_URL= \
2018-02-06 00:47:46.713834 +0000 build-debian4: ..update-repo-from-snapshot || exit 1; \
2018-02-06 00:47:46.713867 +0000 build-debian4: elif make -C qubes-src/mgmt-salt-dom0-virtual-machines -n update-repo-current >/dev/null 2>/dev/null; then \
2018-02-06 00:47:46.713895 +0000 build-debian4: .echo "Updating qubes-src/mgmt-salt-dom0-virtual-machines... "; \
2018-02-06 00:47:46.713925 +0000 build-debian4: .make -s -C qubes-src/mgmt-salt-dom0-virtual-machines update-repo-current || exit 1; \
2018-02-06 00:47:46.713948 +0000 build-debian4: else \
2018-02-06 00:47:46.713976 +0000 build-debian4: .echo -n "Updating qubes-src/mgmt-salt-dom0-virtual-machines... skipping."; \
2018-02-06 00:47:46.713998 +0000 build-debian4: fi; \
2018-02-06 00:47:46.714020 +0000 build-debian4: echo
2018-02-06 00:47:46.826243 +0000 build-debian4: Updating qubes-src/mgmt-salt-dom0-virtual-machines... no packages.
2018-02-06 00:47:46.826566 +0000 build-debian4: Makefile:700: update target 'internal-update-repo-current.vm.jessie' due to: internal-update-repo-current.vm.jessie.mgmt-salt-dom0-virtual-machines
2018-02-06 00:47:46.826592 +0000 build-debian4: true
2018-02-06 00:47:46.831201 +0000 build-debian4: Makefile:721: target 'internal-update-repo-current.vm.stretch.mgmt-salt-dom0-virtual-machines' does not exist
2018-02-06 00:47:46.831259 +0000 build-debian4: repo_base_var="LINUX_REPO_stretch_BASEDIR"; \
2018-02-06 00:47:46.831289 +0000 build-debian4: if [ -n "${!repo_base_var}" ]; then \
2018-02-06 00:47:46.831317 +0000 build-debian4: .repo_basedir="${!repo_base_var}"; \
2018-02-06 00:47:46.831340 +0000 build-debian4: else \
2018-02-06 00:47:46.831367 +0000 build-debian4: .repo_basedir="qubes-src/linux-deb/r4.0"; \
2018-02-06 00:47:46.831391 +0000 build-debian4: fi; \
2018-02-06 00:47:46.831421 +0000 build-debian4: if [ -r qubes-src/mgmt-salt-dom0-virtual-machines/Makefile.builder ]; then \
2018-02-06 00:47:46.831451 +0000 build-debian4: .echo -n "Updating qubes-src/mgmt-salt-dom0-virtual-machines... "; \
2018-02-06 00:47:46.831476 +0000 build-debian4: .if [ "0" -eq 1 ]; then \
2018-02-06 00:47:46.831507 +0000 build-debian4: ..vtag=`git -C qubes-src/mgmt-salt-dom0-virtual-machines tag --points-at HEAD --list v*`; \
2018-02-06 00:47:46.831530 +0000 build-debian4: ..if [ -z "$vtag" ]; then \
2018-02-06 00:47:46.831553 +0000 build-debian4: ...echo "no version tag"; \
2018-02-06 00:47:46.831577 +0000 build-debian4: ...exit 0; \
2018-02-06 00:47:46.831598 +0000 build-debian4: ..fi; \
2018-02-06 00:47:46.831618 +0000 build-debian4: .fi; \
2018-02-06 00:47:46.831663 +0000 build-debian4: .component_packages=$(MAKEFLAGS= make -s -f Makefile.generic DIST=stretch PACKAGE_SET=vm COMPONENT=`basename qubes-src/mgmt-salt-dom0-virtual-machines` UPDATE_REPO=/home/user/builder-r4.0/$repo_basedir/current/vm/stretch get-var GET_VAR=PACKAGE_LIST); \
2018-02-06 00:47:46.831689 +0000 build-debian4: .if [ -z "$component_packages" ]; then \
2018-02-06 00:47:46.831730 +0000 build-debian4: ..echo "no packages."; \
2018-02-06 00:47:46.831754 +0000 build-debian4: ..exit 0; \
2018-02-06 00:47:46.831804 +0000 build-debian4: .fi; \
2018-02-06 00:47:46.831838 +0000 build-debian4: .make -s -f Makefile.generic DIST=stretch PACKAGE_SET=vm \
2018-02-06 00:47:46.831866 +0000 build-debian4: ..COMPONENT=`basename qubes-src/mgmt-salt-dom0-virtual-machines` \
2018-02-06 00:47:46.831892 +0000 build-debian4: ..SNAPSHOT_REPO=current-testing \
2018-02-06 00:47:46.831916 +0000 build-debian4: ..TARGET_REPO=current \
2018-02-06 00:47:46.831944 +0000 build-debian4: ..UPDATE_REPO=/home/user/builder-r4.0/$repo_basedir/current/vm/stretch \
2018-02-06 00:47:46.831978 +0000 build-debian4: ..SNAPSHOT_FILE=/home/user/builder-r4.0/repo-latest-snapshot/current-testing-vm-stretch-`basename qubes-src/mgmt-salt-dom0-virtual-machines` \
2018-02-06 00:47:46.832001 +0000 build-debian4: ..BUILD_LOG_URL= \
2018-02-06 00:47:46.832025 +0000 build-debian4: ..update-repo-from-snapshot || exit 1; \
2018-02-06 00:47:46.832058 +0000 build-debian4: elif make -C qubes-src/mgmt-salt-dom0-virtual-machines -n update-repo-current >/dev/null 2>/dev/null; then \
2018-02-06 00:47:46.832087 +0000 build-debian4: .echo "Updating qubes-src/mgmt-salt-dom0-virtual-machines... "; \
2018-02-06 00:47:46.832117 +0000 build-debian4: .make -s -C qubes-src/mgmt-salt-dom0-virtual-machines update-repo-current || exit 1; \
2018-02-06 00:47:46.832141 +0000 build-debian4: else \
2018-02-06 00:47:46.832169 +0000 build-debian4: .echo -n "Updating qubes-src/mgmt-salt-dom0-virtual-machines... skipping."; \
2018-02-06 00:47:46.832193 +0000 build-debian4: fi; \
2018-02-06 00:47:46.832214 +0000 build-debian4: echo
2018-02-06 00:47:46.955144 +0000 build-debian4: Updating qubes-src/mgmt-salt-dom0-virtual-machines... no packages.
2018-02-06 00:47:46.955486 +0000 build-debian4: Makefile:700: update target 'internal-update-repo-current.vm.stretch' due to: internal-update-repo-current.vm.stretch.mgmt-salt-dom0-virtual-machines
2018-02-06 00:47:46.955522 +0000 build-debian4: true
2018-02-06 00:47:46.959043 +0000 build-debian4: Makefile:764: target 'post-update-repo-current' does not exist
2018-02-06 00:47:46.959096 +0000 build-debian4: for dist in  buster jessie stretch; do \
2018-02-06 00:47:46.959124 +0000 build-debian4: .repo_base_var="LINUX_REPO_${dist}_BASEDIR"; \
2018-02-06 00:47:46.959148 +0000 build-debian4: .if [ -n "${!repo_base_var}" ]; then \
2018-02-06 00:47:46.959170 +0000 build-debian4: ..repo_basedir="${!repo_base_var}"; \
2018-02-06 00:47:46.959190 +0000 build-debian4: .else \
2018-02-06 00:47:46.959213 +0000 build-debian4: ..repo_basedir="qubes-src/linux-deb/r4.0"; \
2018-02-06 00:47:46.959233 +0000 build-debian4: .fi; \
2018-02-06 00:47:46.959259 +0000 build-debian4: .repos_to_update="$repos_to_update $repo_basedir"; \
2018-02-06 00:47:46.959281 +0000 build-debian4: done; \
2018-02-06 00:47:46.959307 +0000 build-debian4: for repo in `echo $repos_to_update|tr ' ' '\n'|sort|uniq`; do \
2018-02-06 00:47:46.959332 +0000 build-debian4: .[ -z "$repo" ] && continue; \
2018-02-06 00:47:46.959361 +0000 build-debian4: .(cd $repo/.. && ./update_repo-current.sh `basename $repo`); \
2018-02-06 00:47:46.959383 +0000 build-debian4: done
2018-02-06 00:47:46.993803 +0000 build-debian4: --> Processing repo: r4.0/vm/dists/buster...
2018-02-06 00:47:47.677163 +0000 build-debian4: --> Processing repo: r4.0/vm/dists/jessie...
2018-02-06 00:47:48.346754 +0000 build-debian4: --> Processing repo: r4.0/vm/dists/stretch...
2018-02-06 00:47:49.020841 +0000 build-debian4: Done.
2018-02-06 00:47:49.035864 +0000 build-debian4: ~/builder-r4.0/qubes-src/linux-deb ~/builder-r4.0/qubes-src/linux-deb
2018-02-06 00:47:49.957633 +0000 build-debian4: sending incremental file list
2018-02-06 00:47:50.193468 +0000 build-debian4: Syncing r4.0/vm/buster...
2018-02-06 00:47:50.399119 +0000 build-debian4: sending incremental file list
2018-02-06 00:47:50.554567 +0000 build-debian4: .d..t...... buster/
2018-02-06 00:47:50.554642 +0000 build-debian4: <f..t...... buster/InRelease
2018-02-06 00:47:50.555105 +0000 build-debian4: .            700  28%    0.00kB/s    0:00:00  .          2,479 100%    1.70MB/s    0:00:00 (xfr#1, to-chk=10/12)
2018-02-06 00:47:50.555141 +0000 build-debian4: <f..t...... buster/Release.gpg
2018-02-06 00:47:50.555175 +0000 build-debian4: .            833 100%  813.48kB/s    0:00:00  .            833 100%  813.48kB/s    0:00:00 (xfr#2, to-chk=8/12)
2018-02-06 00:47:50.633692 +0000 build-debian4: Syncing r4.0/vm/buster-securitytesting...
2018-02-06 00:47:50.835750 +0000 build-debian4: sending incremental file list
2018-02-06 00:47:50.919022 +0000 build-debian4: Syncing r4.0/vm/buster-testing...
2018-02-06 00:47:51.121599 +0000 build-debian4: sending incremental file list
2018-02-06 00:47:51.326818 +0000 build-debian4: Syncing r4.0/vm/jessie...
2018-02-06 00:47:51.530567 +0000 build-debian4: sending incremental file list
2018-02-06 00:47:51.683367 +0000 build-debian4: .d..t...... jessie/
2018-02-06 00:47:51.683409 +0000 build-debian4: <f..t...... jessie/InRelease
2018-02-06 00:47:51.683909 +0000 build-debian4: .            700  28%    0.00kB/s    0:00:00  .          2,482 100%    1.70MB/s    0:00:00 (xfr#1, to-chk=10/12)
2018-02-06 00:47:51.684046 +0000 build-debian4: <f..t...... jessie/Release.gpg
2018-02-06 00:47:51.684098 +0000 build-debian4: .            833 100%  813.48kB/s    0:00:00  .            833 100%  813.48kB/s    0:00:00 (xfr#2, to-chk=8/12)
2018-02-06 00:47:51.766044 +0000 build-debian4: Syncing r4.0/vm/jessie-securitytesting...
2018-02-06 00:47:51.967840 +0000 build-debian4: sending incremental file list
2018-02-06 00:47:52.173555 +0000 build-debian4: Syncing r4.0/vm/jessie-testing...
2018-02-06 00:47:52.378426 +0000 build-debian4: sending incremental file list
2018-02-06 00:47:52.606153 +0000 build-debian4: Syncing r4.0/vm/stretch...
2018-02-06 00:47:52.806950 +0000 build-debian4: sending incremental file list
2018-02-06 00:47:52.961129 +0000 build-debian4: .d..t...... stretch/
2018-02-06 00:47:52.961184 +0000 build-debian4: <f..t...... stretch/InRelease
2018-02-06 00:47:52.961533 +0000 build-debian4: .            700  28%    0.00kB/s    0:00:00  .          2,484 100%    1.70MB/s    0:00:00 (xfr#1, to-chk=10/12)
2018-02-06 00:47:52.961660 +0000 build-debian4: <f..t...... stretch/Release.gpg
2018-02-06 00:47:52.961696 +0000 build-debian4: .            833 100%  813.48kB/s    0:00:00  .            833 100%  813.48kB/s    0:00:00 (xfr#2, to-chk=8/12)
2018-02-06 00:47:53.040898 +0000 build-debian4: Syncing r4.0/vm/stretch-securitytesting...
2018-02-06 00:47:53.240367 +0000 build-debian4: sending incremental file list
2018-02-06 00:47:53.445534 +0000 build-debian4: Syncing r4.0/vm/stretch-testing...
2018-02-06 00:47:53.647541 +0000 build-debian4: sending incremental file list
2018-02-06 00:47:53.854464 +0000 build-debian4: ~/builder-r4.0/qubes-src/linux-deb
2018-02-06 00:47:53.855985 +0000 build-debian4: Makefile:689: update target 'update-repo-current' due to: internal-update-repo-current.vm.buster internal-update-repo-current.vm.jessie internal-update-repo-current.vm.stretch post-update-repo-current
2018-02-06 00:47:53.856037 +0000 build-debian4: true
2018-02-06 00:47:53.860058 +0000 build-debian4: > done
2018-02-06 00:48:53.909965 +0000 > closing log
