2023-08-08 01:53:29.509097 +0000 > starting log
2023-08-08 01:53:29.509337 +0000 build-debian4: > starting build with log
2023-08-08 01:53:29.511225 +0000 build-debian4: >> make args: update-repo-current
2023-08-08 01:53:29.511236 +0000 build-debian4: >> MAKEFLAGS=
2023-08-08 01:53:29.511244 +0000 build-debian4: >> COMPONENTS=qubes-release
2023-08-08 01:53:29.511252 +0000 build-debian4: >> DISTS_VM=buster bullseye bookworm
2023-08-08 01:53:29.511258 +0000 build-debian4: >> DIST_DOM0=
2023-08-08 01:53:29.511267 +0000 build-debian4: >> qubes-builder 19e2b0ab5e44b2383f9f76446c14f6f52d52a76b
2023-08-08 01:53:29.511280 +0000 build-debian4: >> qubes-builder/qubes-src/qubes-release 52a34018feb63dfec1aebd31ec3cc7aa89ec05f7
2023-08-08 01:53:29.511290 +0000 build-debian4: ================================================================================
2023-08-08 01:53:29.511299 +0000 build-debian4:                            B U I L D   I N F O                                  
2023-08-08 01:53:29.511307 +0000 build-debian4: Items in red indicate it was automatically generated by configuration file(s)
2023-08-08 01:53:29.511316 +0000 build-debian4: Items in white indicate it was automatically removed by configuration file(s)
2023-08-08 01:53:29.511324 +0000 build-debian4: ================================================================================
2023-08-08 01:53:29.511330 +0000 build-debian4: DISTS_VM:
2023-08-08 01:53:29.511339 +0000 build-debian4:      buster+gnome, bullseye+gnome+firmware, bookworm+gnome+firmware, buster bullseye bookworm
2023-08-08 01:53:29.511345 +0000 build-debian4: DISTS_ALL:
2023-08-08 01:53:29.511352 +0000 build-debian4:      vm-bookworm, vm-bullseye, vm-buster,
2023-08-08 01:53:29.511358 +0000 build-debian4: DIST_DOM0:
2023-08-08 01:53:29.511364 +0000 build-debian4:     
2023-08-08 01:53:29.511370 +0000 build-debian4: BUILDER_PLUGINS:
2023-08-08 01:53:29.511378 +0000 build-debian4:      builder-debian, mgmt-salt, release-configs, linux-deb, builder-github,
2023-08-08 01:53:29.511384 +0000 build-debian4: COMPONENTS:
2023-08-08 01:53:29.511390 +0000 build-debian4:      qubes-release,
2023-08-08 01:53:29.511396 +0000 build-debian4: GIT_REPOS:
2023-08-08 01:53:29.511402 +0000 build-debian4:      qubes-src/qubes-release,
2023-08-08 01:53:29.511408 +0000 build-debian4: TEMPLATE:
2023-08-08 01:53:29.511413 +0000 build-debian4:     
2023-08-08 01:53:29.511419 +0000 build-debian4: TEMPLATE_FLAVOR_DIR:
2023-08-08 01:53:29.511425 +0000 build-debian4:     
2023-08-08 01:53:29.511431 +0000 build-debian4: TEMPLATE_ALIAS:
2023-08-08 01:53:29.511438 +0000 build-debian4:      stretch:stretch+standard, stretch+gnome:stretch+gnome+standard,
2023-08-08 01:53:29.511446 +0000 build-debian4:      stretch+minimal:stretch+minimal+no-recommends, buster:buster+gnome,
2023-08-08 01:53:29.511455 +0000 build-debian4:      buster+minimal:buster+minimal+no-recommends, bullseye:bullseye+gnome+firmware,
2023-08-08 01:53:29.511463 +0000 build-debian4:      bullseye+minimal:bullseye+minimal+no-recommends, bookworm:bookworm+gnome+firmware,
2023-08-08 01:53:29.511471 +0000 build-debian4:      bookworm+minimal:bookworm+minimal+no-recommends, bionic:bionic+standard,
2023-08-08 01:53:29.511480 +0000 build-debian4:      focal:focal+standard, whonix-gateway-15:buster+whonix-gateway+minimal+no-recommends,
2023-08-08 01:53:29.511488 +0000 build-debian4:      whonix-workstation-15:buster+whonix-workstation+minimal+no-recommends,
2023-08-08 01:53:29.511499 +0000 build-debian4:      whonix-gateway-16:bullseye+whonix-gateway+minimal+no-recommends,
2023-08-08 01:53:29.511508 +0000 build-debian4:      whonix-workstation-16:bullseye+whonix-workstation+minimal+no-recommends,
2023-08-08 01:53:29.511514 +0000 build-debian4: TEMPLATE_LABEL:
2023-08-08 01:53:29.511523 +0000 build-debian4:      buster+gnome:debian-10, buster+gnome:buster, bullseye+gnome+firmware:bullseye,
2023-08-08 01:53:29.511532 +0000 build-debian4:      bookworm+gnome+firmware:bookworm, fc34:fedora-34 fc35:fedora-35 fc36:fedora-36 fc37:fedora-37 fc38:fedora-38
2023-08-08 01:53:29.511542 +0000 build-debian4:      fc34+minimal:fedora-34-minimal fc35+minimal:fedora-35-minimal fc36+minimal:fedora-36-minimal
2023-08-08 01:53:29.511581 +0000 build-debian4:      fc37+minimal:fedora-37-minimal fc38+minimal:fedora-38-minimal fc34+xfce:fedora-34-xfce
2023-08-08 01:53:29.511593 +0000 build-debian4:      fc35+xfce:fedora-35-xfce fc36+xfce:fedora-36-xfce fc37+xfce:fedora-37-xfce fc38+xfce:fedora-38-xfce
2023-08-08 01:53:29.511602 +0000 build-debian4:      stretch:debian-9 stretch+standard:debian-9 stretch+xfce:debian-9-xfce buster+xfce:debian-10-xfce
2023-08-08 01:53:29.511611 +0000 build-debian4:      bullseye:debian-11 bullseye+standard+firmware:debian-11 bullseye+xfce:debian-11-xfce
2023-08-08 01:53:29.511620 +0000 build-debian4:      bookworm:debian-12 bookworm+standard:debian-12 bookworm+xfce:debian-12-xfce bionic+standard:bionic
2023-08-08 01:53:29.511628 +0000 build-debian4:      focal+standard:focal buster+whonix-gateway+minimal+no-recommends:whonix-gw-15
2023-08-08 01:53:29.511636 +0000 build-debian4:      buster+whonix-workstation+minimal+no-recommends:whonix-ws-15
2023-08-08 01:53:29.511644 +0000 build-debian4:      bullseye+whonix-gateway+minimal+no-recommends:whonix-gw-16
2023-08-08 01:53:29.511652 +0000 build-debian4:      bullseye+whonix-workstation+minimal+no-recommends:whonix-ws-16 centos7:centos-7
2023-08-08 01:53:29.511661 +0000 build-debian4:      centos7+minimal:centos-7-minimal centos7+xfce:centos-7-xfce centos-stream8:centos-stream-8
2023-08-08 01:53:29.511670 +0000 build-debian4:      centos-stream8+minimal:centos-stream-8-minimal centos-stream8+xfce:centos-stream-8-xfce
2023-08-08 01:53:29.511676 +0000 build-debian4: > running make
2023-08-08 01:53:29.511685 +0000 build-debian4: Makefile:863: update target 'internal-update-repo-current.vm.bookworm.qubes-release' due to: target does not exist
2023-08-08 01:53:29.511693 +0000 build-debian4: repo_base_var="LINUX_REPO_${DIST//-/_}_BASEDIR"; \
2023-08-08 01:53:29.511701 +0000 build-debian4: if [ "qubes-release" = linux-template-builder ]; then \
2023-08-08 01:53:29.511709 +0000 build-debian4: .# templates belongs to dom0 repository, even though PACKAGE_SET=vm
2023-08-08 01:53:29.511716 +0000 build-debian4: repo_base_var="LINUX_REPO__BASEDIR"; \
2023-08-08 01:53:29.511722 +0000 build-debian4: fi; \
2023-08-08 01:53:29.511729 +0000 build-debian4: if [ -n "${!repo_base_var}" ]; then \
2023-08-08 01:53:29.511735 +0000 build-debian4: .repo_basedir="${!repo_base_var}"; \
2023-08-08 01:53:29.511741 +0000 build-debian4: else \
2023-08-08 01:53:29.511748 +0000 build-debian4: .repo_basedir="qubes-src/linux-deb/r4.1"; \
2023-08-08 01:53:29.511754 +0000 build-debian4: fi; \
2023-08-08 01:53:29.511761 +0000 build-debian4: if [ -r qubes-src/qubes-release/Makefile.builder ]; then \
2023-08-08 01:53:29.511768 +0000 build-debian4: .echo -n "Updating qubes-src/qubes-release... "; \
2023-08-08 01:53:29.511774 +0000 build-debian4: .if [ "0" -eq 1 ]; then \
2023-08-08 01:53:29.511783 +0000 build-debian4: ..vtag=`git -C qubes-src/qubes-release tag --points-at HEAD --list v*`; \
2023-08-08 01:53:29.511789 +0000 build-debian4: ..if [ -z "$vtag" ]; then \
2023-08-08 01:53:29.511796 +0000 build-debian4: ...echo "no version tag"; \
2023-08-08 01:53:29.511801 +0000 build-debian4: ...exit 0; \
2023-08-08 01:53:29.511807 +0000 build-debian4: ..fi; \
2023-08-08 01:53:29.511813 +0000 build-debian4: .fi; \
2023-08-08 01:53:29.511820 +0000 build-debian4: .if [ "qubes-release" = linux-template-builder ]; then
2023-08-08 01:53:29.511829 +0000 build-debian4: export TEMPLATE_NAME=$(MAKEFLAGS= make -s -C qubes-src/linux-template-builder DIST=bookworm template-name)
2023-08-08 01:53:29.511835 +0000 build-debian4: fi
2023-08-08 01:53:29.511857 +0000 build-debian4: component_packages=$(MAKEFLAGS= make -s -f Makefile.generic DIST=bookworm PACKAGE_SET=vm COMPONENT=`basename qubes-src/qubes-release` UPDATE_REPO=/home/user/builder-r4.1/$repo_basedir/current/vm/bookworm get-var GET_VAR=PACKAGE_LIST); \
2023-08-08 01:53:29.511866 +0000 build-debian4: .if [ -z "$component_packages" ]; then \
2023-08-08 01:53:29.511878 +0000 build-debian4: ..echo "no packages."; \
2023-08-08 01:53:29.511885 +0000 build-debian4: ..exit 0; \
2023-08-08 01:53:29.511890 +0000 build-debian4: .fi; \
2023-08-08 01:53:29.511898 +0000 build-debian4: .make -s -f Makefile.generic DIST=bookworm PACKAGE_SET=vm \
2023-08-08 01:53:29.511905 +0000 build-debian4: ..COMPONENT=`basename qubes-src/qubes-release` \
2023-08-08 01:53:29.511912 +0000 build-debian4: ..SNAPSHOT_REPO=current-testing \
2023-08-08 01:53:29.511918 +0000 build-debian4: ..TARGET_REPO=current \
2023-08-08 01:53:29.511926 +0000 build-debian4: ..UPDATE_REPO=/home/user/builder-r4.1/$repo_basedir/current/vm/bookworm \
2023-08-08 01:53:29.511936 +0000 build-debian4: ..SNAPSHOT_FILE=/home/user/builder-r4.1/repo-latest-snapshot/current-testing-vm-bookworm-`basename qubes-src/qubes-release` \
2023-08-08 01:53:29.511942 +0000 build-debian4: ..BUILD_LOG_URL= \
2023-08-08 01:53:29.511949 +0000 build-debian4: ..update-repo-from-snapshot || exit 1; \
2023-08-08 01:53:29.511958 +0000 build-debian4: elif make -C qubes-src/qubes-release -n update-repo-current >/dev/null 2>/dev/null; then \
2023-08-08 01:53:29.511965 +0000 build-debian4: .echo "Updating qubes-src/qubes-release... "; \
2023-08-08 01:53:29.511973 +0000 build-debian4: .DIST=bookworm UPDATE_REPO=/home/user/builder-r4.1/$repo_basedir/current/vm/bookworm \
2023-08-08 01:53:29.511981 +0000 build-debian4: .make -s -C qubes-src/qubes-release update-repo-current || exit 1; \
2023-08-08 01:53:29.511987 +0000 build-debian4: else \
2023-08-08 01:53:29.511994 +0000 build-debian4: .echo -n "Updating qubes-src/qubes-release... skipping."; \
2023-08-08 01:53:29.512000 +0000 build-debian4: fi; \
2023-08-08 01:53:29.512005 +0000 build-debian4: echo
2023-08-08 01:53:29.512012 +0000 build-debian4: Updating qubes-src/qubes-release... no packages.
2023-08-08 01:53:29.512023 +0000 build-debian4: Makefile:832: update target 'internal-update-repo-current.vm.bookworm' due to: internal-update-repo-current.vm.bookworm.qubes-release
2023-08-08 01:53:29.512028 +0000 build-debian4: true
2023-08-08 01:53:29.512038 +0000 build-debian4: Makefile:863: update target 'internal-update-repo-current.vm.bullseye.qubes-release' due to: target does not exist
2023-08-08 01:53:29.512045 +0000 build-debian4: repo_base_var="LINUX_REPO_${DIST//-/_}_BASEDIR"; \
2023-08-08 01:53:29.512053 +0000 build-debian4: if [ "qubes-release" = linux-template-builder ]; then \
2023-08-08 01:53:29.512060 +0000 build-debian4: .# templates belongs to dom0 repository, even though PACKAGE_SET=vm
2023-08-08 01:53:29.512067 +0000 build-debian4: repo_base_var="LINUX_REPO__BASEDIR"; \
2023-08-08 01:53:29.512073 +0000 build-debian4: fi; \
2023-08-08 01:53:29.512079 +0000 build-debian4: if [ -n "${!repo_base_var}" ]; then \
2023-08-08 01:53:29.512086 +0000 build-debian4: .repo_basedir="${!repo_base_var}"; \
2023-08-08 01:53:29.512091 +0000 build-debian4: else \
2023-08-08 01:53:29.512098 +0000 build-debian4: .repo_basedir="qubes-src/linux-deb/r4.1"; \
2023-08-08 01:53:29.512104 +0000 build-debian4: fi; \
2023-08-08 01:53:29.512111 +0000 build-debian4: if [ -r qubes-src/qubes-release/Makefile.builder ]; then \
2023-08-08 01:53:29.512118 +0000 build-debian4: .echo -n "Updating qubes-src/qubes-release... "; \
2023-08-08 01:53:29.512125 +0000 build-debian4: .if [ "0" -eq 1 ]; then \
2023-08-08 01:53:29.512133 +0000 build-debian4: ..vtag=`git -C qubes-src/qubes-release tag --points-at HEAD --list v*`; \
2023-08-08 01:53:29.512139 +0000 build-debian4: ..if [ -z "$vtag" ]; then \
2023-08-08 01:53:29.512146 +0000 build-debian4: ...echo "no version tag"; \
2023-08-08 01:53:29.512151 +0000 build-debian4: ...exit 0; \
2023-08-08 01:53:29.512157 +0000 build-debian4: ..fi; \
2023-08-08 01:53:29.512163 +0000 build-debian4: .fi; \
2023-08-08 01:53:29.512170 +0000 build-debian4: .if [ "qubes-release" = linux-template-builder ]; then
2023-08-08 01:53:29.512179 +0000 build-debian4: export TEMPLATE_NAME=$(MAKEFLAGS= make -s -C qubes-src/linux-template-builder DIST=bullseye template-name)
2023-08-08 01:53:29.512188 +0000 build-debian4: fi
2023-08-08 01:53:29.512203 +0000 build-debian4: component_packages=$(MAKEFLAGS= make -s -f Makefile.generic DIST=bullseye PACKAGE_SET=vm COMPONENT=`basename qubes-src/qubes-release` UPDATE_REPO=/home/user/builder-r4.1/$repo_basedir/current/vm/bullseye get-var GET_VAR=PACKAGE_LIST); \
2023-08-08 01:53:29.512210 +0000 build-debian4: .if [ -z "$component_packages" ]; then \
2023-08-08 01:53:29.512217 +0000 build-debian4: ..echo "no packages."; \
2023-08-08 01:53:29.512223 +0000 build-debian4: ..exit 0; \
2023-08-08 01:53:29.512228 +0000 build-debian4: .fi; \
2023-08-08 01:53:29.512236 +0000 build-debian4: .make -s -f Makefile.generic DIST=bullseye PACKAGE_SET=vm \
2023-08-08 01:53:29.512243 +0000 build-debian4: ..COMPONENT=`basename qubes-src/qubes-release` \
2023-08-08 01:53:29.512250 +0000 build-debian4: ..SNAPSHOT_REPO=current-testing \
2023-08-08 01:53:29.512256 +0000 build-debian4: ..TARGET_REPO=current \
2023-08-08 01:53:29.512264 +0000 build-debian4: ..UPDATE_REPO=/home/user/builder-r4.1/$repo_basedir/current/vm/bullseye \
2023-08-08 01:53:29.512273 +0000 build-debian4: ..SNAPSHOT_FILE=/home/user/builder-r4.1/repo-latest-snapshot/current-testing-vm-bullseye-`basename qubes-src/qubes-release` \
2023-08-08 01:53:29.512280 +0000 build-debian4: ..BUILD_LOG_URL= \
2023-08-08 01:53:29.512286 +0000 build-debian4: ..update-repo-from-snapshot || exit 1; \
2023-08-08 01:53:29.512295 +0000 build-debian4: elif make -C qubes-src/qubes-release -n update-repo-current >/dev/null 2>/dev/null; then \
2023-08-08 01:53:29.512302 +0000 build-debian4: .echo "Updating qubes-src/qubes-release... "; \
2023-08-08 01:53:29.512310 +0000 build-debian4: .DIST=bullseye UPDATE_REPO=/home/user/builder-r4.1/$repo_basedir/current/vm/bullseye \
2023-08-08 01:53:29.512318 +0000 build-debian4: .make -s -C qubes-src/qubes-release update-repo-current || exit 1; \
2023-08-08 01:53:29.512324 +0000 build-debian4: else \
2023-08-08 01:53:29.512331 +0000 build-debian4: .echo -n "Updating qubes-src/qubes-release... skipping."; \
2023-08-08 01:53:29.512336 +0000 build-debian4: fi; \
2023-08-08 01:53:29.512342 +0000 build-debian4: echo
2023-08-08 01:53:29.512349 +0000 build-debian4: Updating qubes-src/qubes-release... no packages.
2023-08-08 01:53:29.512359 +0000 build-debian4: Makefile:832: update target 'internal-update-repo-current.vm.bullseye' due to: internal-update-repo-current.vm.bullseye.qubes-release
2023-08-08 01:53:29.512364 +0000 build-debian4: true
2023-08-08 01:53:29.512373 +0000 build-debian4: Makefile:863: update target 'internal-update-repo-current.vm.buster.qubes-release' due to: target does not exist
2023-08-08 01:53:29.512381 +0000 build-debian4: repo_base_var="LINUX_REPO_${DIST//-/_}_BASEDIR"; \
2023-08-08 01:53:29.512388 +0000 build-debian4: if [ "qubes-release" = linux-template-builder ]; then \
2023-08-08 01:53:29.512396 +0000 build-debian4: .# templates belongs to dom0 repository, even though PACKAGE_SET=vm
2023-08-08 01:53:29.512402 +0000 build-debian4: repo_base_var="LINUX_REPO__BASEDIR"; \
2023-08-08 01:53:29.512408 +0000 build-debian4: fi; \
2023-08-08 01:53:29.512414 +0000 build-debian4: if [ -n "${!repo_base_var}" ]; then \
2023-08-08 01:53:29.512421 +0000 build-debian4: .repo_basedir="${!repo_base_var}"; \
2023-08-08 01:53:29.512426 +0000 build-debian4: else \
2023-08-08 01:53:29.512433 +0000 build-debian4: .repo_basedir="qubes-src/linux-deb/r4.1"; \
2023-08-08 01:53:29.512439 +0000 build-debian4: fi; \
2023-08-08 01:53:29.512446 +0000 build-debian4: if [ -r qubes-src/qubes-release/Makefile.builder ]; then \
2023-08-08 01:53:29.512453 +0000 build-debian4: .echo -n "Updating qubes-src/qubes-release... "; \
2023-08-08 01:53:29.512459 +0000 build-debian4: .if [ "0" -eq 1 ]; then \
2023-08-08 01:53:29.512476 +0000 build-debian4: ..vtag=`git -C qubes-src/qubes-release tag --points-at HEAD --list v*`; \
2023-08-08 01:53:29.512484 +0000 build-debian4: ..if [ -z "$vtag" ]; then \
2023-08-08 01:53:29.512494 +0000 build-debian4: ...echo "no version tag"; \
2023-08-08 01:53:29.512500 +0000 build-debian4: ...exit 0; \
2023-08-08 01:53:29.512506 +0000 build-debian4: ..fi; \
2023-08-08 01:53:29.512511 +0000 build-debian4: .fi; \
2023-08-08 01:53:29.512519 +0000 build-debian4: .if [ "qubes-release" = linux-template-builder ]; then
2023-08-08 01:53:29.512528 +0000 build-debian4: export TEMPLATE_NAME=$(MAKEFLAGS= make -s -C qubes-src/linux-template-builder DIST=buster template-name)
2023-08-08 01:53:29.512533 +0000 build-debian4: fi
2023-08-08 01:53:29.512547 +0000 build-debian4: component_packages=$(MAKEFLAGS= make -s -f Makefile.generic DIST=buster PACKAGE_SET=vm COMPONENT=`basename qubes-src/qubes-release` UPDATE_REPO=/home/user/builder-r4.1/$repo_basedir/current/vm/buster get-var GET_VAR=PACKAGE_LIST); \
2023-08-08 01:53:29.512568 +0000 build-debian4: .if [ -z "$component_packages" ]; then \
2023-08-08 01:53:29.512576 +0000 build-debian4: ..echo "no packages."; \
2023-08-08 01:53:29.512582 +0000 build-debian4: ..exit 0; \
2023-08-08 01:53:29.512588 +0000 build-debian4: .fi; \
2023-08-08 01:53:29.512595 +0000 build-debian4: .make -s -f Makefile.generic DIST=buster PACKAGE_SET=vm \
2023-08-08 01:53:29.512602 +0000 build-debian4: ..COMPONENT=`basename qubes-src/qubes-release` \
2023-08-08 01:53:29.512608 +0000 build-debian4: ..SNAPSHOT_REPO=current-testing \
2023-08-08 01:53:29.512615 +0000 build-debian4: ..TARGET_REPO=current \
2023-08-08 01:53:29.512623 +0000 build-debian4: ..UPDATE_REPO=/home/user/builder-r4.1/$repo_basedir/current/vm/buster \
2023-08-08 01:53:29.512632 +0000 build-debian4: ..SNAPSHOT_FILE=/home/user/builder-r4.1/repo-latest-snapshot/current-testing-vm-buster-`basename qubes-src/qubes-release` \
2023-08-08 01:53:29.512638 +0000 build-debian4: ..BUILD_LOG_URL= \
2023-08-08 01:53:29.512645 +0000 build-debian4: ..update-repo-from-snapshot || exit 1; \
2023-08-08 01:53:29.512654 +0000 build-debian4: elif make -C qubes-src/qubes-release -n update-repo-current >/dev/null 2>/dev/null; then \
2023-08-08 01:53:29.512661 +0000 build-debian4: .echo "Updating qubes-src/qubes-release... "; \
2023-08-08 01:53:29.512669 +0000 build-debian4: .DIST=buster UPDATE_REPO=/home/user/builder-r4.1/$repo_basedir/current/vm/buster \
2023-08-08 01:53:29.512677 +0000 build-debian4: .make -s -C qubes-src/qubes-release update-repo-current || exit 1; \
2023-08-08 01:53:29.512682 +0000 build-debian4: else \
2023-08-08 01:53:29.512690 +0000 build-debian4: .echo -n "Updating qubes-src/qubes-release... skipping."; \
2023-08-08 01:53:29.512695 +0000 build-debian4: fi; \
2023-08-08 01:53:29.512700 +0000 build-debian4: echo
2023-08-08 01:53:29.512707 +0000 build-debian4: Updating qubes-src/qubes-release... no packages.
2023-08-08 01:53:29.512717 +0000 build-debian4: Makefile:832: update target 'internal-update-repo-current.vm.buster' due to: internal-update-repo-current.vm.buster.qubes-release
2023-08-08 01:53:29.512723 +0000 build-debian4: true
2023-08-08 01:53:29.512731 +0000 build-debian4: Makefile:945: update target 'post-update-repo-current' due to: target does not exist
2023-08-08 01:53:29.512736 +0000 build-debian4: true
2023-08-08 01:53:29.512749 +0000 build-debian4: Makefile:819: update target 'update-repo-current' due to: internal-update-repo-current.vm.bookworm internal-update-repo-current.vm.bullseye internal-update-repo-current.vm.buster post-update-repo-current
2023-08-08 01:53:29.512755 +0000 build-debian4: true
2023-08-08 01:53:29.512760 +0000 build-debian4: > done
2023-08-08 01:53:29.512768 +0000 > closing log
