2019-11-26 14:55:05.806232 +0000 > starting log
2019-11-26 14:55:05.808050 +0000 build-debian4: > starting build with log
2019-11-26 14:55:05.808072 +0000 build-debian4: >> make args: update-repo-current
2019-11-26 14:55:05.808082 +0000 build-debian4: >> MAKEFLAGS=
2019-11-26 14:55:05.808091 +0000 build-debian4: >> COMPONENTS=intel-microcode
2019-11-26 14:55:05.808100 +0000 build-debian4: >> DISTS_VM=stretch buster bullseye
2019-11-26 14:55:05.808107 +0000 build-debian4: >> DIST_DOM0=
2019-11-26 14:55:05.808116 +0000 build-debian4: >> qubes-builder a57c76c8bf85b7a0ab8fa1079138e25b6a223a6e
2019-11-26 14:55:05.808124 +0000 build-debian4: ?? rpmdb/Basenames
2019-11-26 14:55:05.808131 +0000 build-debian4: ?? rpmdb/Conflictname
2019-11-26 14:55:05.808138 +0000 build-debian4: ?? rpmdb/Dirnames
2019-11-26 14:55:05.808145 +0000 build-debian4: ?? rpmdb/Enhancename
2019-11-26 14:55:05.808152 +0000 build-debian4: ?? rpmdb/Filetriggername
2019-11-26 14:55:05.808159 +0000 build-debian4: ?? rpmdb/Group
2019-11-26 14:55:05.808166 +0000 build-debian4: ?? rpmdb/Installtid
2019-11-26 14:55:05.808172 +0000 build-debian4: ?? rpmdb/Name
2019-11-26 14:55:05.808179 +0000 build-debian4: ?? rpmdb/Obsoletename
2019-11-26 14:55:05.808186 +0000 build-debian4: ?? rpmdb/Packages
2019-11-26 14:55:05.808193 +0000 build-debian4: ?? rpmdb/Providename
2019-11-26 14:55:05.808200 +0000 build-debian4: ?? rpmdb/Recommendname
2019-11-26 14:55:05.808207 +0000 build-debian4: ?? rpmdb/Requirename
2019-11-26 14:55:05.808214 +0000 build-debian4: ?? rpmdb/Sha1header
2019-11-26 14:55:05.808221 +0000 build-debian4: ?? rpmdb/Sigmd5
2019-11-26 14:55:05.808228 +0000 build-debian4: ?? rpmdb/Suggestname
2019-11-26 14:55:05.808235 +0000 build-debian4: ?? rpmdb/Supplementname
2019-11-26 14:55:05.808243 +0000 build-debian4: ?? rpmdb/Transfiletriggername
2019-11-26 14:55:05.808250 +0000 build-debian4: ?? rpmdb/Triggername
2019-11-26 14:55:05.808257 +0000 build-debian4: ?? rpmdb/__db.001
2019-11-26 14:55:05.808263 +0000 build-debian4: ?? rpmdb/__db.002
2019-11-26 14:55:05.808270 +0000 build-debian4: ?? rpmdb/__db.003
2019-11-26 14:55:05.808283 +0000 build-debian4: f9484959726e243e3d184de058d56dcf1101628cc531e8cf9a2837b1fd5b53c30c05ef58ed0a1c66ec0dcacf43bb536a2aced5740c8768eec7467aff515c1bc8  rpmdb/Basenames
2019-11-26 14:55:05.808297 +0000 build-debian4: 5ce361a48c11b4a0e2722784fc610f43818b4441eb3b5648e5c6c274c7f66ef3b061fd245619266f9d2a5cf1c50d0f1f45bb97bfdb2f6d6212b04f691d7b6aef  rpmdb/Conflictname
2019-11-26 14:55:05.808309 +0000 build-debian4: 7dedb7ed4ac43719d57277d494cd644b929bc96ce365022919969ea98d853d42e1303ee22d275e893211844af7f8fa6c731ca4cdb7c83139aeab3c1c840c73d1  rpmdb/Dirnames
2019-11-26 14:55:05.808322 +0000 build-debian4: 27940c3a0722eb19cc490599a53d0a534de2c8620a57687e097e9bf139394a3ce0ae712687d5960b89db3b03f3b621f2796586bb96a41458c9b44d7d1607853f  rpmdb/Enhancename
2019-11-26 14:55:05.808335 +0000 build-debian4: 2a3776bd6dea62e65b3112882cdd4d2f643cd529ab1b5be1cec5e95e906565a9e237bd335c9154ef8aa74d71b1de36287f1083289a988c56419c858b0fd1200e  rpmdb/Filetriggername
2019-11-26 14:55:05.808348 +0000 build-debian4: f7453568e8a63f2d330e3d6d8c0655f4b3776bc732281a509801e7db296d17af088079415265cdd58b3f5cee6d55d7e4112c7a3894abe892722373e8eb8b359c  rpmdb/Group
2019-11-26 14:55:05.808361 +0000 build-debian4: 36976438c0cef020739dc44f95c9342ff3d82547fff0fee98162c7cb3278d72a07b27305b5e8b4549315a835f794f84b276b33d013ef0eb3f472aa08f15d1ddd  rpmdb/Installtid
2019-11-26 14:55:05.808373 +0000 build-debian4: 9d3f5ce45b0cd3cd75943b4d8eab36328bf9fdc0b005a56df223dcede352abe5f6e212ee969caeb4e3239b417ae73b261bb3f44c1205a2fbf4710ab908a1e789  rpmdb/Name
2019-11-26 14:55:05.808386 +0000 build-debian4: 73f6d8020ad5e85a7bc028c70c8d8335f849255947e759986a0da8762df0386531c289ec327336513a60e556631c64b57fff34f43b14c8881ad5b6e3f675a85b  rpmdb/Obsoletename
2019-11-26 14:55:05.808398 +0000 build-debian4: 4601587f6d1406187244e01588f86620775f8eb640d21fb17dd1b5d7daf82891237077f1751d91ab70bc7e940761ce228167b75c43d4002bb8087b890f8554fd  rpmdb/Packages
2019-11-26 14:55:05.808410 +0000 build-debian4: cf647d1e3ea3065ef2e1323310dbad5f88171bcfcb4b7da3a1f378284c40de0b9daf03dd3e2c574d5a2e56c9f4e8dd30edb3eb3b4ad55b0ed458e4ca951dac76  rpmdb/Providename
2019-11-26 14:55:05.808431 +0000 build-debian4: 167808bb514e56c005fd52f93e75dfc7f3bb5bcd5e931619d9fa4519984b8e5dc28d14bf15c4e8f04be9a5f197123e187b4f2f70bcf0a6ea4a0bd874913273d0  rpmdb/Recommendname
2019-11-26 14:55:05.808444 +0000 build-debian4: 56bcb88ad3b4bbb61237df6ec16fb9e391e80dd4da706616553e8c408fea9f06f54f581d4bb14a410dfd39fdb47101f4853675978d84ee278c8a701ce70859f4  rpmdb/Requirename
2019-11-26 14:55:05.808456 +0000 build-debian4: 859d9e7577557ca74dc6fd23db196d68ffca756b54a9726d88f7b4dff506ab689e27c45ba1f7cb8ecb255c925935f04490bacc4e8c4fc1aab43e9bb7cc6e0415  rpmdb/Sha1header
2019-11-26 14:55:05.808469 +0000 build-debian4: 554e001752739cc3c965fc2ad91e87a01c27d13a04a6ccb520e56fd0c9e7adcbd6a60073861715ec9268d6ae5fd6e7c348044063c25dfbd8cbe39ba5ac50d28a  rpmdb/Sigmd5
2019-11-26 14:55:05.808481 +0000 build-debian4: 9b78015c3c9d4a7357e7cf1b073d9110de413708182d7d94d9a6d9e6a4fa699e7bfe3a317d68e9de3fc244a602dfba8751d93d93a0f92b648475e3f1518ac609  rpmdb/Suggestname
2019-11-26 14:55:05.808494 +0000 build-debian4: a8a91e0fd37a8121c242cf1cedf1819126504195fbe3a46d3ab0d36b6af58d1ae6580589f713c8a0b5d14324602e6c5d0cdee1ba5a95c55bbc67941a8d90032f  rpmdb/Supplementname
2019-11-26 14:55:05.808507 +0000 build-debian4: 9974c6888ab51dad699baa928ed12660cf5f0018b1d408afa3f1a041dc32d84a631a433e23792b49c9f23a6ab2d4e2726bfe46f936fa3ec5414a90d4d1db67d7  rpmdb/Transfiletriggername
2019-11-26 14:55:05.808520 +0000 build-debian4: 7b7e1e3cf0821e73fc29a692208f09aeba9cd4c186f91190c41b7b49a222cd29e33a357539e4fb95ee4fe9e9fe3ff0895d3596e90dd06a0a7580825cc47bfa5e  rpmdb/Triggername
2019-11-26 14:55:05.808533 +0000 build-debian4: de71f239b54f9afc281a58dde8361a4df89e45dce03ce0af0593761ce163e6de4b4fdaedf947839fd9e4d88b03944769beb1e25b2af7a773330941f1edb083a5  rpmdb/__db.001
2019-11-26 14:55:05.808545 +0000 build-debian4: f5fc7dd638f50bcc55f9bcb61e2b24ce3b3ffb373830d79c9924b1e18c73140630dd173354da9b64c7e00cf52e141d2f7b16cb3711444b204a2c72973bd77ea1  rpmdb/__db.002
2019-11-26 14:55:05.808558 +0000 build-debian4: f5b71bfeb498c72d715243abda3ebf18b800296d1b37e2eb39c00c890300c695ba160456d97189c0370581aff3663416d29581540f0979c0205dfa89171f8e3d  rpmdb/__db.003
2019-11-26 14:55:05.808568 +0000 build-debian4: >> qubes-builder/qubes-src/intel-microcode a975829d9ca9c2d53955536d864bdc13b4fb86c3
2019-11-26 14:55:05.808576 +0000 build-debian4: !! microcode-20190514.tar.gz
2019-11-26 14:55:05.808583 +0000 build-debian4: !! microcode-20191112.tar.gz
2019-11-26 14:55:05.808591 +0000 build-debian4: !! microcode_ctl-2.1-16.tar.xz
2019-11-26 14:55:05.808604 +0000 build-debian4: !! microcode_ctl-2.1-19.tar.xz
2019-11-26 14:55:05.808617 +0000 build-debian4: fd5e82708d4a7f08630a2c51a182814cc4c0fbd88fe473e871b9784c03cb87e804a9ed4c2f3e041696aabfdd60996f2d50a175bea90f1644f6f3205a37215017  microcode-20190514.tar.gz
2019-11-26 14:55:05.808647 +0000 build-debian4: 34cebf266f9d6cc38b0dd87f8c7fcf42f3c8d9e434560328b0811b4c4834d0f253d834f53bfaf5b4c561bb153b4bcf509620131046bf0afd6038d02bf9a25a13  microcode-20191112.tar.gz
2019-11-26 14:55:05.808662 +0000 build-debian4: 9a5a70548daa156db78ad390232bdcb1f8bd50390e9bf7a34c9f27e92be5265b180dc2478958eca9bf735f8e9125a27fa5993accd9bcd9b6f51391c5c0391a41  microcode_ctl-2.1-16.tar.xz
2019-11-26 14:55:05.808675 +0000 build-debian4: d6b61ee16a2d38e062dbced78bf9ecd97fbc7ebd78fbe78c86603f3b45f6a6b7952287a99d764d7d988da09600e047d1f9c7404687806c73e80d4e5a466112df  microcode_ctl-2.1-19.tar.xz
2019-11-26 14:55:05.820295 +0000 build-debian4: ================================================================================
2019-11-26 14:55:05.820346 +0000 build-debian4:                            B U I L D   I N F O                                  
2019-11-26 14:55:05.820361 +0000 build-debian4: Items in red indicate it was automatically generated by configuration file(s)
2019-11-26 14:55:05.820373 +0000 build-debian4: Items in white indicate it was automatically removed by configuration file(s)
2019-11-26 14:55:05.820384 +0000 build-debian4: ================================================================================
2019-11-26 14:55:05.820406 +0000 build-debian4: DISTS_VM:
2019-11-26 14:55:05.821986 +0000 build-debian4:      stretch+standard, buster+standard, bullseye+standard, stretch buster bullseye
2019-11-26 14:55:05.823301 +0000 build-debian4: DISTS_ALL:
2019-11-26 14:55:05.823520 +0000 build-debian4:      vm-bullseye, vm-buster, vm-stretch,
2019-11-26 14:55:05.824723 +0000 build-debian4: DIST_DOM0:
2019-11-26 14:55:05.824964 +0000 build-debian4:     
2019-11-26 14:55:05.826237 +0000 build-debian4: BUILDER_PLUGINS:
2019-11-26 14:55:05.826518 +0000 build-debian4:      builder-debian, mgmt-salt, linux-deb, release-configs, builder-github,
2019-11-26 14:55:05.828081 +0000 build-debian4: COMPONENTS:
2019-11-26 14:55:05.829490 +0000 build-debian4:      intel-microcode,
2019-11-26 14:55:05.829669 +0000 build-debian4: GIT_REPOS:
2019-11-26 14:55:05.830582 +0000 build-debian4:      qubes-src/intel-microcode,
2019-11-26 14:55:05.831941 +0000 build-debian4: TEMPLATE:
2019-11-26 14:55:05.832100 +0000 build-debian4:     
2019-11-26 14:55:05.833586 +0000 build-debian4: TEMPLATE_FLAVOR_DIR:
2019-11-26 14:55:05.835094 +0000 build-debian4:     
2019-11-26 14:55:05.835246 +0000 build-debian4: TEMPLATE_ALIAS:
2019-11-26 14:55:05.835490 +0000 build-debian4:      jessie:jessie+standard, jessie+gnome:jessie+gnome+standard,
2019-11-26 14:55:05.835516 +0000 build-debian4:      jessie+minimal:jessie+minimal+no-recommends, stretch:stretch+standard, stretch+gnome:stretch+gnome+standard,
2019-11-26 14:55:05.835531 +0000 build-debian4:      stretch+minimal:stretch+minimal+no-recommends, buster:buster+standard, buster+gnome:buster+gnome+standard,
2019-11-26 14:55:05.835544 +0000 build-debian4:      buster+minimal:buster+minimal+no-recommends, bullseye:bullseye+standard,
2019-11-26 14:55:05.835555 +0000 build-debian4:      bullseye+gnome:bullseye+gnome+standard, bullseye+minimal:bullseye+minimal+no-recommends,
2019-11-26 14:55:05.835566 +0000 build-debian4:      whonix-gateway:jessie+whonix-gateway+minimal+no-recommends,
2019-11-26 14:55:05.835576 +0000 build-debian4:      whonix-workstation:jessie+whonix-workstation+minimal+no-recommends,
2019-11-26 14:55:05.835585 +0000 build-debian4:      whonix-gateway-14:stretch+whonix-gateway+minimal+no-recommends,
2019-11-26 14:55:05.835595 +0000 build-debian4:      whonix-workstation-14:stretch+whonix-workstation+minimal+no-recommends,
2019-11-26 14:55:05.835605 +0000 build-debian4:      whonix-gateway-15:buster+whonix-gateway+minimal+no-recommends,
2019-11-26 14:55:05.835615 +0000 build-debian4:      whonix-workstation-15:buster+whonix-workstation+minimal+no-recommends,
2019-11-26 14:55:05.836937 +0000 build-debian4: TEMPLATE_LABEL:
2019-11-26 14:55:05.837099 +0000 build-debian4:      stretch+standard:debian-9, buster+standard:debian-10, bullseye+standard:bullseye-11,
2019-11-26 14:55:05.837124 +0000 build-debian4:      stretch+standard:stretch, buster+standard:buster, bullseye+standard:bullseye, fc25:fedora-25
2019-11-26 14:55:05.837140 +0000 build-debian4:      fc29:fedora-29 fc30:fedora-30 fc31:fedora-31 fc29+minimal:fedora-29-minimal fc30+minimal:fedora-30-minimal
2019-11-26 14:55:05.837152 +0000 build-debian4:      fc31+minimal:fedora-31-minimal fc29+xfce:fedora-29-xfce fc30+xfce:fedora-30-xfce fc31+xfce:fedora-31-xfce
2019-11-26 14:55:05.837164 +0000 build-debian4:      wheezy:debian-7 wheezy+standard:debian-7 jessie:debian-8 jessie+standard:debian-8 stretch:debian-9
2019-11-26 14:55:05.837175 +0000 build-debian4:      buster:debian-10 bullseye:debian-11 jessie+whonix-gateway+minimal+no-recommends:whonix-gw
2019-11-26 14:55:05.837185 +0000 build-debian4:      jessie+whonix-workstation+minimal+no-recommends:whonix-ws
2019-11-26 14:55:05.837195 +0000 build-debian4:      stretch+whonix-gateway+minimal+no-recommends:whonix-gw-14
2019-11-26 14:55:05.837204 +0000 build-debian4:      stretch+whonix-workstation+minimal+no-recommends:whonix-ws-14
2019-11-26 14:55:05.837213 +0000 build-debian4:      buster+whonix-gateway+minimal+no-recommends:whonix-gw-15
2019-11-26 14:55:05.837235 +0000 build-debian4:      buster+whonix-workstation+minimal+no-recommends:whonix-ws-15 centos7:centos-7
2019-11-26 14:55:05.837245 +0000 build-debian4:      centos7+minimal:centos-7-minimal centos7+xfce:centos-7-xfce
2019-11-26 14:55:05.852752 +0000 build-debian4: > running make
2019-11-26 14:55:05.863820 +0000 build-debian4: Makefile:812: target 'internal-update-repo-current.vm.bullseye.intel-microcode' does not exist
2019-11-26 14:55:05.863864 +0000 build-debian4: repo_base_var="LINUX_REPO_bullseye_BASEDIR"; \
2019-11-26 14:55:05.863877 +0000 build-debian4: if [ "intel-microcode" = linux-template-builder ]; then \
2019-11-26 14:55:05.863889 +0000 build-debian4: .# templates belongs to dom0 repository, even though PACKAGE_SET=vm
2019-11-26 14:55:05.863899 +0000 build-debian4: repo_base_var="LINUX_REPO__BASEDIR"; \
2019-11-26 14:55:05.863907 +0000 build-debian4: fi; \
2019-11-26 14:55:05.863916 +0000 build-debian4: if [ -n "${!repo_base_var}" ]; then \
2019-11-26 14:55:05.863924 +0000 build-debian4: .repo_basedir="${!repo_base_var}"; \
2019-11-26 14:55:05.863931 +0000 build-debian4: else \
2019-11-26 14:55:05.863940 +0000 build-debian4: .repo_basedir="qubes-src/linux-deb/r4.0"; \
2019-11-26 14:55:05.863947 +0000 build-debian4: fi; \
2019-11-26 14:55:05.863956 +0000 build-debian4: if [ -r qubes-src/intel-microcode/Makefile.builder ]; then \
2019-11-26 14:55:05.863965 +0000 build-debian4: .echo -n "Updating qubes-src/intel-microcode... "; \
2019-11-26 14:55:05.863972 +0000 build-debian4: .if [ "0" -eq 1 ]; then \
2019-11-26 14:55:05.863983 +0000 build-debian4: ..vtag=`git -C qubes-src/intel-microcode tag --points-at HEAD --list v*`; \
2019-11-26 14:55:05.863991 +0000 build-debian4: ..if [ -z "$vtag" ]; then \
2019-11-26 14:55:05.863999 +0000 build-debian4: ...echo "no version tag"; \
2019-11-26 14:55:05.864006 +0000 build-debian4: ...exit 0; \
2019-11-26 14:55:05.864013 +0000 build-debian4: ..fi; \
2019-11-26 14:55:05.864019 +0000 build-debian4: .fi; \
2019-11-26 14:55:05.864028 +0000 build-debian4: .if [ "intel-microcode" = linux-template-builder ]; then
2019-11-26 14:55:05.864039 +0000 build-debian4: export TEMPLATE_NAME=$(MAKEFLAGS= make -s -C qubes-src/linux-template-builder DIST=bullseye template-name)
2019-11-26 14:55:05.864046 +0000 build-debian4: fi
2019-11-26 14:55:05.864064 +0000 build-debian4: component_packages=$(MAKEFLAGS= make -s -f Makefile.generic DIST=bullseye PACKAGE_SET=vm COMPONENT=`basename qubes-src/intel-microcode` UPDATE_REPO=/home/user/builder-r4.0/$repo_basedir/current/vm/bullseye get-var GET_VAR=PACKAGE_LIST); \
2019-11-26 14:55:05.864074 +0000 build-debian4: .if [ -z "$component_packages" ]; then \
2019-11-26 14:55:05.864082 +0000 build-debian4: ..echo "no packages."; \
2019-11-26 14:55:05.864089 +0000 build-debian4: ..exit 0; \
2019-11-26 14:55:05.864095 +0000 build-debian4: .fi; \
2019-11-26 14:55:05.864104 +0000 build-debian4: .make -s -f Makefile.generic DIST=bullseye PACKAGE_SET=vm \
2019-11-26 14:55:05.864113 +0000 build-debian4: ..COMPONENT=`basename qubes-src/intel-microcode` \
2019-11-26 14:55:05.864121 +0000 build-debian4: ..SNAPSHOT_REPO=current-testing \
2019-11-26 14:55:05.864129 +0000 build-debian4: ..TARGET_REPO=current \
2019-11-26 14:55:05.864138 +0000 build-debian4: ..UPDATE_REPO=/home/user/builder-r4.0/$repo_basedir/current/vm/bullseye \
2019-11-26 14:55:05.864151 +0000 build-debian4: ..SNAPSHOT_FILE=/home/user/builder-r4.0/repo-latest-snapshot/current-testing-vm-bullseye-`basename qubes-src/intel-microcode` \
2019-11-26 14:55:05.864159 +0000 build-debian4: ..BUILD_LOG_URL= \
2019-11-26 14:55:05.864167 +0000 build-debian4: ..update-repo-from-snapshot || exit 1; \
2019-11-26 14:55:05.864177 +0000 build-debian4: elif make -C qubes-src/intel-microcode -n update-repo-current >/dev/null 2>/dev/null; then \
2019-11-26 14:55:05.864186 +0000 build-debian4: .echo "Updating qubes-src/intel-microcode... "; \
2019-11-26 14:55:05.864196 +0000 build-debian4: .DIST=bullseye UPDATE_REPO=/home/user/builder-r4.0/$repo_basedir/current/vm/bullseye \
2019-11-26 14:55:05.864219 +0000 build-debian4: .make -s -C qubes-src/intel-microcode update-repo-current || exit 1; \
2019-11-26 14:55:05.864226 +0000 build-debian4: else \
2019-11-26 14:55:05.864235 +0000 build-debian4: .echo -n "Updating qubes-src/intel-microcode... skipping."; \
2019-11-26 14:55:05.864242 +0000 build-debian4: fi; \
2019-11-26 14:55:05.864249 +0000 build-debian4: echo
2019-11-26 14:55:05.881479 +0000 build-debian4: Updating qubes-src/intel-microcode... no packages.
2019-11-26 14:55:05.881601 +0000 build-debian4: Makefile:785: update target 'internal-update-repo-current.vm.bullseye' due to: internal-update-repo-current.vm.bullseye.intel-microcode
2019-11-26 14:55:05.881619 +0000 build-debian4: true
2019-11-26 14:55:05.882745 +0000 build-debian4: Makefile:812: target 'internal-update-repo-current.vm.buster.intel-microcode' does not exist
2019-11-26 14:55:05.882770 +0000 build-debian4: repo_base_var="LINUX_REPO_buster_BASEDIR"; \
2019-11-26 14:55:05.882781 +0000 build-debian4: if [ "intel-microcode" = linux-template-builder ]; then \
2019-11-26 14:55:05.882792 +0000 build-debian4: .# templates belongs to dom0 repository, even though PACKAGE_SET=vm
2019-11-26 14:55:05.882801 +0000 build-debian4: repo_base_var="LINUX_REPO__BASEDIR"; \
2019-11-26 14:55:05.882809 +0000 build-debian4: fi; \
2019-11-26 14:55:05.882818 +0000 build-debian4: if [ -n "${!repo_base_var}" ]; then \
2019-11-26 14:55:05.882826 +0000 build-debian4: .repo_basedir="${!repo_base_var}"; \
2019-11-26 14:55:05.882833 +0000 build-debian4: else \
2019-11-26 14:55:05.882842 +0000 build-debian4: .repo_basedir="qubes-src/linux-deb/r4.0"; \
2019-11-26 14:55:05.882848 +0000 build-debian4: fi; \
2019-11-26 14:55:05.882857 +0000 build-debian4: if [ -r qubes-src/intel-microcode/Makefile.builder ]; then \
2019-11-26 14:55:05.882866 +0000 build-debian4: .echo -n "Updating qubes-src/intel-microcode... "; \
2019-11-26 14:55:05.882874 +0000 build-debian4: .if [ "0" -eq 1 ]; then \
2019-11-26 14:55:05.882884 +0000 build-debian4: ..vtag=`git -C qubes-src/intel-microcode tag --points-at HEAD --list v*`; \
2019-11-26 14:55:05.882892 +0000 build-debian4: ..if [ -z "$vtag" ]; then \
2019-11-26 14:55:05.882900 +0000 build-debian4: ...echo "no version tag"; \
2019-11-26 14:55:05.882907 +0000 build-debian4: ...exit 0; \
2019-11-26 14:55:05.882914 +0000 build-debian4: ..fi; \
2019-11-26 14:55:05.882921 +0000 build-debian4: .fi; \
2019-11-26 14:55:05.882929 +0000 build-debian4: .if [ "intel-microcode" = linux-template-builder ]; then
2019-11-26 14:55:05.882940 +0000 build-debian4: export TEMPLATE_NAME=$(MAKEFLAGS= make -s -C qubes-src/linux-template-builder DIST=buster template-name)
2019-11-26 14:55:05.882948 +0000 build-debian4: fi
2019-11-26 14:55:05.882965 +0000 build-debian4: component_packages=$(MAKEFLAGS= make -s -f Makefile.generic DIST=buster PACKAGE_SET=vm COMPONENT=`basename qubes-src/intel-microcode` UPDATE_REPO=/home/user/builder-r4.0/$repo_basedir/current/vm/buster get-var GET_VAR=PACKAGE_LIST); \
2019-11-26 14:55:05.882975 +0000 build-debian4: .if [ -z "$component_packages" ]; then \
2019-11-26 14:55:05.882983 +0000 build-debian4: ..echo "no packages."; \
2019-11-26 14:55:05.882990 +0000 build-debian4: ..exit 0; \
2019-11-26 14:55:05.882997 +0000 build-debian4: .fi; \
2019-11-26 14:55:05.883005 +0000 build-debian4: .make -s -f Makefile.generic DIST=buster PACKAGE_SET=vm \
2019-11-26 14:55:05.883014 +0000 build-debian4: ..COMPONENT=`basename qubes-src/intel-microcode` \
2019-11-26 14:55:05.883022 +0000 build-debian4: ..SNAPSHOT_REPO=current-testing \
2019-11-26 14:55:05.883030 +0000 build-debian4: ..TARGET_REPO=current \
2019-11-26 14:55:05.883039 +0000 build-debian4: ..UPDATE_REPO=/home/user/builder-r4.0/$repo_basedir/current/vm/buster \
2019-11-26 14:55:05.883051 +0000 build-debian4: ..SNAPSHOT_FILE=/home/user/builder-r4.0/repo-latest-snapshot/current-testing-vm-buster-`basename qubes-src/intel-microcode` \
2019-11-26 14:55:05.883059 +0000 build-debian4: ..BUILD_LOG_URL= \
2019-11-26 14:55:05.883068 +0000 build-debian4: ..update-repo-from-snapshot || exit 1; \
2019-11-26 14:55:05.883087 +0000 build-debian4: elif make -C qubes-src/intel-microcode -n update-repo-current >/dev/null 2>/dev/null; then \
2019-11-26 14:55:05.883097 +0000 build-debian4: .echo "Updating qubes-src/intel-microcode... "; \
2019-11-26 14:55:05.883107 +0000 build-debian4: .DIST=buster UPDATE_REPO=/home/user/builder-r4.0/$repo_basedir/current/vm/buster \
2019-11-26 14:55:05.883116 +0000 build-debian4: .make -s -C qubes-src/intel-microcode update-repo-current || exit 1; \
2019-11-26 14:55:05.883123 +0000 build-debian4: else \
2019-11-26 14:55:05.883132 +0000 build-debian4: .echo -n "Updating qubes-src/intel-microcode... skipping."; \
2019-11-26 14:55:05.883139 +0000 build-debian4: fi; \
2019-11-26 14:55:05.883146 +0000 build-debian4: echo
2019-11-26 14:55:05.899940 +0000 build-debian4: Updating qubes-src/intel-microcode... no packages.
2019-11-26 14:55:05.900060 +0000 build-debian4: Makefile:785: update target 'internal-update-repo-current.vm.buster' due to: internal-update-repo-current.vm.buster.intel-microcode
2019-11-26 14:55:05.900078 +0000 build-debian4: true
2019-11-26 14:55:05.901195 +0000 build-debian4: Makefile:812: target 'internal-update-repo-current.vm.stretch.intel-microcode' does not exist
2019-11-26 14:55:05.901221 +0000 build-debian4: repo_base_var="LINUX_REPO_stretch_BASEDIR"; \
2019-11-26 14:55:05.901233 +0000 build-debian4: if [ "intel-microcode" = linux-template-builder ]; then \
2019-11-26 14:55:05.901244 +0000 build-debian4: .# templates belongs to dom0 repository, even though PACKAGE_SET=vm
2019-11-26 14:55:05.901253 +0000 build-debian4: repo_base_var="LINUX_REPO__BASEDIR"; \
2019-11-26 14:55:05.901260 +0000 build-debian4: fi; \
2019-11-26 14:55:05.901269 +0000 build-debian4: if [ -n "${!repo_base_var}" ]; then \
2019-11-26 14:55:05.901277 +0000 build-debian4: .repo_basedir="${!repo_base_var}"; \
2019-11-26 14:55:05.901284 +0000 build-debian4: else \
2019-11-26 14:55:05.901292 +0000 build-debian4: .repo_basedir="qubes-src/linux-deb/r4.0"; \
2019-11-26 14:55:05.901299 +0000 build-debian4: fi; \
2019-11-26 14:55:05.901308 +0000 build-debian4: if [ -r qubes-src/intel-microcode/Makefile.builder ]; then \
2019-11-26 14:55:05.901317 +0000 build-debian4: .echo -n "Updating qubes-src/intel-microcode... "; \
2019-11-26 14:55:05.901325 +0000 build-debian4: .if [ "0" -eq 1 ]; then \
2019-11-26 14:55:05.901338 +0000 build-debian4: ..vtag=`git -C qubes-src/intel-microcode tag --points-at HEAD --list v*`; \
2019-11-26 14:55:05.901346 +0000 build-debian4: ..if [ -z "$vtag" ]; then \
2019-11-26 14:55:05.901354 +0000 build-debian4: ...echo "no version tag"; \
2019-11-26 14:55:05.901361 +0000 build-debian4: ...exit 0; \
2019-11-26 14:55:05.901368 +0000 build-debian4: ..fi; \
2019-11-26 14:55:05.901374 +0000 build-debian4: .fi; \
2019-11-26 14:55:05.901383 +0000 build-debian4: .if [ "intel-microcode" = linux-template-builder ]; then
2019-11-26 14:55:05.901394 +0000 build-debian4: export TEMPLATE_NAME=$(MAKEFLAGS= make -s -C qubes-src/linux-template-builder DIST=stretch template-name)
2019-11-26 14:55:05.901401 +0000 build-debian4: fi
2019-11-26 14:55:05.901418 +0000 build-debian4: component_packages=$(MAKEFLAGS= make -s -f Makefile.generic DIST=stretch PACKAGE_SET=vm COMPONENT=`basename qubes-src/intel-microcode` UPDATE_REPO=/home/user/builder-r4.0/$repo_basedir/current/vm/stretch get-var GET_VAR=PACKAGE_LIST); \
2019-11-26 14:55:05.901428 +0000 build-debian4: .if [ -z "$component_packages" ]; then \
2019-11-26 14:55:05.901436 +0000 build-debian4: ..echo "no packages."; \
2019-11-26 14:55:05.901442 +0000 build-debian4: ..exit 0; \
2019-11-26 14:55:05.901449 +0000 build-debian4: .fi; \
2019-11-26 14:55:05.901458 +0000 build-debian4: .make -s -f Makefile.generic DIST=stretch PACKAGE_SET=vm \
2019-11-26 14:55:05.901466 +0000 build-debian4: ..COMPONENT=`basename qubes-src/intel-microcode` \
2019-11-26 14:55:05.901475 +0000 build-debian4: ..SNAPSHOT_REPO=current-testing \
2019-11-26 14:55:05.901482 +0000 build-debian4: ..TARGET_REPO=current \
2019-11-26 14:55:05.901491 +0000 build-debian4: ..UPDATE_REPO=/home/user/builder-r4.0/$repo_basedir/current/vm/stretch \
2019-11-26 14:55:05.901513 +0000 build-debian4: ..SNAPSHOT_FILE=/home/user/builder-r4.0/repo-latest-snapshot/current-testing-vm-stretch-`basename qubes-src/intel-microcode` \
2019-11-26 14:55:05.901521 +0000 build-debian4: ..BUILD_LOG_URL= \
2019-11-26 14:55:05.901530 +0000 build-debian4: ..update-repo-from-snapshot || exit 1; \
2019-11-26 14:55:05.901540 +0000 build-debian4: elif make -C qubes-src/intel-microcode -n update-repo-current >/dev/null 2>/dev/null; then \
2019-11-26 14:55:05.901549 +0000 build-debian4: .echo "Updating qubes-src/intel-microcode... "; \
2019-11-26 14:55:05.901559 +0000 build-debian4: .DIST=stretch UPDATE_REPO=/home/user/builder-r4.0/$repo_basedir/current/vm/stretch \
2019-11-26 14:55:05.901569 +0000 build-debian4: .make -s -C qubes-src/intel-microcode update-repo-current || exit 1; \
2019-11-26 14:55:05.901576 +0000 build-debian4: else \
2019-11-26 14:55:05.901584 +0000 build-debian4: .echo -n "Updating qubes-src/intel-microcode... skipping."; \
2019-11-26 14:55:05.901591 +0000 build-debian4: fi; \
2019-11-26 14:55:05.901598 +0000 build-debian4: echo
2019-11-26 14:55:05.919086 +0000 build-debian4: Updating qubes-src/intel-microcode... no packages.
2019-11-26 14:55:05.919126 +0000 build-debian4: Makefile:785: update target 'internal-update-repo-current.vm.stretch' due to: internal-update-repo-current.vm.stretch.intel-microcode
2019-11-26 14:55:05.919138 +0000 build-debian4: true
2019-11-26 14:55:05.920203 +0000 build-debian4: Makefile:866: target 'post-update-repo-current' does not exist
2019-11-26 14:55:05.920227 +0000 build-debian4: for dist in  bullseye buster stretch; do \
2019-11-26 14:55:05.920239 +0000 build-debian4: .repo_base_var="LINUX_REPO_${dist}_BASEDIR"; \
2019-11-26 14:55:05.920248 +0000 build-debian4: .if [ -n "${!repo_base_var}" ]; then \
2019-11-26 14:55:05.920257 +0000 build-debian4: ..repo_basedir="${!repo_base_var}"; \
2019-11-26 14:55:05.920264 +0000 build-debian4: .else \
2019-11-26 14:55:05.920273 +0000 build-debian4: ..repo_basedir="qubes-src/linux-deb/r4.0"; \
2019-11-26 14:55:05.920281 +0000 build-debian4: .fi; \
2019-11-26 14:55:05.920289 +0000 build-debian4: .repos_to_update="$repos_to_update $repo_basedir"; \
2019-11-26 14:55:05.920296 +0000 build-debian4: done; \
2019-11-26 14:55:05.920303 +0000 build-debian4: pkgset_dist= ; \
2019-11-26 14:55:05.920311 +0000 build-debian4: for dist in ; do \
2019-11-26 14:55:05.920319 +0000 build-debian4: .pkgset_dist="$pkgset_dist dom0/$dist"; \
2019-11-26 14:55:05.920328 +0000 build-debian4: done; \
2019-11-26 14:55:05.920337 +0000 build-debian4: for dist in bullseye buster stretch; do \
2019-11-26 14:55:05.920345 +0000 build-debian4: .pkgset_dist="$pkgset_dist vm/$dist"; \
2019-11-26 14:55:05.920352 +0000 build-debian4: done; \
2019-11-26 14:55:05.920361 +0000 build-debian4: for repo in `echo $repos_to_update|tr ' ' '\n'|sort|uniq`; do \
2019-11-26 14:55:05.920369 +0000 build-debian4: .[ -z "$repo" ] && continue; \
2019-11-26 14:55:05.920378 +0000 build-debian4: .[ -x "$repo/../update_repo-current.sh" ] || continue; \
2019-11-26 14:55:05.920387 +0000 build-debian4: .(cd $repo/.. && ./update_repo-current.sh r4.0 $pkgset_dist); \
2019-11-26 14:55:05.920394 +0000 build-debian4: done
2019-11-26 14:55:05.927032 +0000 build-debian4: --> Processing repo: r4.0/vm/dists/bullseye...
2019-11-26 14:55:06.200610 +0000 build-debian4: --> Processing repo: r4.0/vm/dists/buster...
2019-11-26 14:55:06.440695 +0000 build-debian4: --> Processing repo: r4.0/vm/dists/jessie...
2019-11-26 14:55:06.559198 +0000 build-debian4: Error while vchan send, exiting
2019-11-26 14:55:06.675353 +0000 build-debian4: --> Processing repo: r4.0/vm/dists/stretch...
2019-11-26 14:55:06.905730 +0000 build-debian4: Done.
2019-11-26 14:55:06.910760 +0000 build-debian4: ~/builder-r4.0/qubes-src/linux-deb ~/builder-r4.0/qubes-src/linux-deb
2019-11-26 14:55:07.576987 +0000 build-debian4: sending incremental file list
2019-11-26 14:55:07.750924 +0000 build-debian4: Syncing r4.0/vm/bullseye...
2019-11-26 14:55:07.823039 +0000 build-debian4: sending incremental file list
2019-11-26 14:55:07.856596 +0000 build-debian4: .d..t...... bullseye/
2019-11-26 14:55:07.856633 +0000 build-debian4: <f..t...... bullseye/InRelease
2019-11-26 14:55:07.856679 +0000 build-debian4: .            700  27%    0.00kB/s    0:00:00  .          2,504 100%    1.72MB/s    0:00:00 (xfr#1, to-chk=10/12)
2019-11-26 14:55:07.856693 +0000 build-debian4: <f..t...... bullseye/Release.gpg
2019-11-26 14:55:07.856705 +0000 build-debian4: .            833 100%  813.48kB/s    0:00:00  .            833 100%  813.48kB/s    0:00:00 (xfr#2, to-chk=8/12)
2019-11-26 14:55:07.934635 +0000 build-debian4: Syncing r4.0/vm/bullseye-securitytesting...
2019-11-26 14:55:08.075490 +0000 build-debian4: sending incremental file list
2019-11-26 14:55:08.160398 +0000 build-debian4: Syncing r4.0/vm/bullseye-testing...
2019-11-26 14:55:08.227798 +0000 build-debian4: sending incremental file list
2019-11-26 14:55:08.312603 +0000 build-debian4: Syncing r4.0/vm/buster...
2019-11-26 14:55:08.436713 +0000 build-debian4: sending incremental file list
2019-11-26 14:55:08.468144 +0000 build-debian4: .d..t...... buster/
2019-11-26 14:55:08.468182 +0000 build-debian4: <f..t...... buster/InRelease
2019-11-26 14:55:08.468200 +0000 build-debian4: .            700  28%    0.00kB/s    0:00:00  .          2,500 100%    1.72MB/s    0:00:00 (xfr#1, to-chk=10/12)
2019-11-26 14:55:08.468211 +0000 build-debian4: <f..t...... buster/Release.gpg
2019-11-26 14:55:08.468224 +0000 build-debian4: .            833 100%  813.48kB/s    0:00:00  .            833 100%  813.48kB/s    0:00:00 (xfr#2, to-chk=8/12)
2019-11-26 14:55:08.542843 +0000 build-debian4: Syncing r4.0/vm/buster-securitytesting...
2019-11-26 14:55:08.682890 +0000 build-debian4: sending incremental file list
2019-11-26 14:55:08.768494 +0000 build-debian4: Syncing r4.0/vm/buster-testing...
2019-11-26 14:55:08.892989 +0000 build-debian4: sending incremental file list
2019-11-26 14:55:08.983031 +0000 build-debian4: Syncing r4.0/vm/jessie...
2019-11-26 14:55:09.108464 +0000 build-debian4: sending incremental file list
2019-11-26 14:55:09.140875 +0000 build-debian4: .d..t...... jessie/
2019-11-26 14:55:09.140912 +0000 build-debian4: <f..t...... jessie/InRelease
2019-11-26 14:55:09.140933 +0000 build-debian4: .            700  28%    0.00kB/s    0:00:00  .          2,500 100%    1.72MB/s    0:00:00 (xfr#1, to-chk=10/12)
2019-11-26 14:55:09.140944 +0000 build-debian4: <f..t...... jessie/Release.gpg
2019-11-26 14:55:09.141462 +0000 build-debian4: .            833 100%  813.48kB/s    0:00:00  .            833 100%  813.48kB/s    0:00:00 (xfr#2, to-chk=8/12)
2019-11-26 14:55:09.209857 +0000 build-debian4: Syncing r4.0/vm/jessie-securitytesting...
2019-11-26 14:55:09.342675 +0000 build-debian4: sending incremental file list
2019-11-26 14:55:09.427841 +0000 build-debian4: Syncing r4.0/vm/jessie-testing...
2019-11-26 14:55:09.560222 +0000 build-debian4: sending incremental file list
2019-11-26 14:55:09.641664 +0000 build-debian4: Syncing r4.0/vm/stretch...
2019-11-26 14:55:09.769548 +0000 build-debian4: sending incremental file list
2019-11-26 14:55:09.806021 +0000 build-debian4: .d..t...... stretch/
2019-11-26 14:55:09.806057 +0000 build-debian4: <f..t...... stretch/InRelease
2019-11-26 14:55:09.806216 +0000 build-debian4: .            700  27%    0.00kB/s    0:00:00  .          2,502 100%    1.72MB/s    0:00:00 (xfr#1, to-chk=10/12)
2019-11-26 14:55:09.806236 +0000 build-debian4: <f..t...... stretch/Release.gpg
2019-11-26 14:55:09.806249 +0000 build-debian4: .            833 100%  813.48kB/s    0:00:00  .            833 100%  813.48kB/s    0:00:00 (xfr#2, to-chk=8/12)
2019-11-26 14:55:09.884652 +0000 build-debian4: Syncing r4.0/vm/stretch-securitytesting...
2019-11-26 14:55:10.023103 +0000 build-debian4: sending incremental file list
2019-11-26 14:55:10.106301 +0000 build-debian4: Syncing r4.0/vm/stretch-testing...
2019-11-26 14:55:10.246365 +0000 build-debian4: sending incremental file list
2019-11-26 14:55:10.324128 +0000 build-debian4: ~/builder-r4.0/qubes-src/linux-deb
2019-11-26 14:55:10.324514 +0000 build-debian4: Makefile:772: update target 'update-repo-current' due to: internal-update-repo-current.vm.bullseye internal-update-repo-current.vm.buster internal-update-repo-current.vm.stretch post-update-repo-current
2019-11-26 14:55:10.324539 +0000 build-debian4: true
2019-11-26 14:55:10.325896 +0000 build-debian4: > done
2019-11-26 14:55:10.326108 +0000 > closing log
