2021-07-30 15:45:08.240463 +0000 > starting log
2021-07-30 15:45:08.240933 +0000 build-debian4: > starting build with log
2021-07-30 15:45:08.240946 +0000 build-debian4: >> make args: update-repo-current
2021-07-30 15:45:08.240954 +0000 build-debian4: >> MAKEFLAGS=
2021-07-30 15:45:08.240961 +0000 build-debian4: >> COMPONENTS=linux-kernel
2021-07-30 15:45:08.240968 +0000 build-debian4: >> DISTS_VM=buster bullseye
2021-07-30 15:45:08.240973 +0000 build-debian4: >> DIST_DOM0=
2021-07-30 15:45:08.240982 +0000 build-debian4: >> qubes-builder 75fec6ba5b77aa3a7bbc642095001aac175c6028
2021-07-30 15:45:08.377907 +0000 build-debian4: >> qubes-builder/qubes-src/linux-kernel 0458b999eb2a9219940378d87764300614fa0629
2021-07-30 15:45:08.731853 +0000 build-debian4: >> qubes-builder/qubes-src/linux-kernel/dummy-backlight 33420931ad20f1e3edc805d0db89da2a73c044cb
2021-07-30 15:45:09.110716 +0000 build-debian4: >> qubes-builder/qubes-src/linux-kernel/dummy-psu 49475d88d94e079bda8212ddb8489f1654615047
2021-07-30 15:45:09.643031 +0000 build-debian4: >> qubes-builder/qubes-src/linux-kernel/linux-utils 97271bab41f588b0c9dc8cbcf3ff70bd775e1ec3
2021-07-30 15:45:10.026695 +0000 build-debian4: ================================================================================
2021-07-30 15:45:10.026851 +0000 build-debian4:                            B U I L D   I N F O                                  
2021-07-30 15:45:10.026872 +0000 build-debian4: Items in red indicate it was automatically generated by configuration file(s)
2021-07-30 15:45:10.026885 +0000 build-debian4: Items in white indicate it was automatically removed by configuration file(s)
2021-07-30 15:45:10.026896 +0000 build-debian4: ================================================================================
2021-07-30 15:45:10.026991 +0000 build-debian4: DISTS_VM:
2021-07-30 15:45:10.033998 +0000 build-debian4:      buster+standard, bullseye+standard, buster bullseye
2021-07-30 15:45:10.034178 +0000 build-debian4: DISTS_ALL:
2021-07-30 15:45:10.035442 +0000 build-debian4:      vm-bullseye, vm-buster,
2021-07-30 15:45:10.035741 +0000 build-debian4: DIST_DOM0:
2021-07-30 15:45:10.035766 +0000 build-debian4:     
2021-07-30 15:45:10.037814 +0000 build-debian4: BUILDER_PLUGINS:
2021-07-30 15:45:10.038956 +0000 build-debian4:      builder-debian, mgmt-salt, release-configs, linux-deb, builder-github,
2021-07-30 15:45:10.038988 +0000 build-debian4: COMPONENTS:
2021-07-30 15:45:10.041543 +0000 build-debian4:      linux-kernel,
2021-07-30 15:45:10.041579 +0000 build-debian4: GIT_REPOS:
2021-07-30 15:45:10.043290 +0000 build-debian4:      qubes-src/linux-kernel,
2021-07-30 15:45:10.043322 +0000 build-debian4: TEMPLATE:
2021-07-30 15:45:10.049240 +0000 build-debian4:     
2021-07-30 15:45:10.049277 +0000 build-debian4: TEMPLATE_FLAVOR_DIR:
2021-07-30 15:45:10.049285 +0000 build-debian4:     
2021-07-30 15:45:10.049291 +0000 build-debian4: TEMPLATE_ALIAS:
2021-07-30 15:45:10.051565 +0000 build-debian4:      stretch:stretch+standard, stretch+gnome:stretch+gnome+standard,
2021-07-30 15:45:10.051604 +0000 build-debian4:      stretch+minimal:stretch+minimal+no-recommends, buster:buster+standard,
2021-07-30 15:45:10.051617 +0000 build-debian4:      buster+gnome:buster+gnome+standard, buster+minimal:buster+minimal+no-recommends,
2021-07-30 15:45:10.051628 +0000 build-debian4:      bullseye:bullseye+standard, bullseye+gnome:bullseye+gnome+standard,
2021-07-30 15:45:10.051637 +0000 build-debian4:      bullseye+minimal:bullseye+minimal+no-recommends, bionic:bionic+standard,
2021-07-30 15:45:10.051647 +0000 build-debian4:      focal:focal+standard, whonix-gateway-14:stretch+whonix-gateway+minimal+no-recommends,
2021-07-30 15:45:10.051656 +0000 build-debian4:      whonix-workstation-14:stretch+whonix-workstation+minimal+no-recommends,
2021-07-30 15:45:10.051665 +0000 build-debian4:      whonix-gateway-15:buster+whonix-gateway+minimal+no-recommends,
2021-07-30 15:45:10.051674 +0000 build-debian4:      whonix-workstation-15:buster+whonix-workstation+minimal+no-recommends,
2021-07-30 15:45:10.051680 +0000 build-debian4: TEMPLATE_LABEL:
2021-07-30 15:45:10.058074 +0000 build-debian4:      buster+standard:debian-10, bullseye+standard:debian-11, buster+standard:buster, bullseye+standard:bullseye,
2021-07-30 15:45:10.058115 +0000 build-debian4:      fc32:fedora-32 fc33:fedora-33 fc34:fedora-34 fc35:fedora-35 fc32+minimal:fedora-32-minimal
2021-07-30 15:45:10.058129 +0000 build-debian4:      fc33+minimal:fedora-33-minimal fc34+minimal:fedora-34-minimal fc35+minimal:fedora-35-minimal
2021-07-30 15:45:10.058140 +0000 build-debian4:      fc32+xfce:fedora-32-xfce fc33+xfce:fedora-33-xfce fc34+xfce:fedora-34-xfce fc35+xfce:fedora-35-xfce
2021-07-30 15:45:10.058150 +0000 build-debian4:      stretch:debian-9 stretch+standard:debian-9 stretch+xfce:debian-9-xfce buster:debian-10
2021-07-30 15:45:10.058162 +0000 build-debian4:      buster+xfce:debian-10-xfce bullseye:debian-11 bullseye+xfce:debian-11-xfce bionic+standard:bionic
2021-07-30 15:45:10.058171 +0000 build-debian4:      focal+standard:focal stretch+whonix-gateway+minimal+no-recommends:whonix-gw-14
2021-07-30 15:45:10.058198 +0000 build-debian4:      stretch+whonix-workstation+minimal+no-recommends:whonix-ws-14
2021-07-30 15:45:10.058208 +0000 build-debian4:      buster+whonix-gateway+minimal+no-recommends:whonix-gw-15
2021-07-30 15:45:10.058218 +0000 build-debian4:      buster+whonix-workstation+minimal+no-recommends:whonix-ws-15 centos7:centos-7
2021-07-30 15:45:10.058229 +0000 build-debian4:      centos7+minimal:centos-7-minimal centos7+xfce:centos-7-xfce centos-stream8:centos-stream-8
2021-07-30 15:45:10.058242 +0000 build-debian4:      centos-stream8+minimal:centos-stream-8-minimal centos-stream8+xfce:centos-stream-8-xfce
2021-07-30 15:45:10.070410 +0000 build-debian4: > running make
2021-07-30 15:45:10.077245 +0000 build-debian4: Makefile:857: target 'internal-update-repo-current.vm.bullseye.linux-kernel' does not exist
2021-07-30 15:45:10.077285 +0000 build-debian4: repo_base_var="LINUX_REPO_${DIST//-/_}_BASEDIR"; \
2021-07-30 15:45:10.077296 +0000 build-debian4: if [ "linux-kernel" = linux-template-builder ]; then \
2021-07-30 15:45:10.077306 +0000 build-debian4: .# templates belongs to dom0 repository, even though PACKAGE_SET=vm
2021-07-30 15:45:10.077313 +0000 build-debian4: repo_base_var="LINUX_REPO__BASEDIR"; \
2021-07-30 15:45:10.077319 +0000 build-debian4: fi; \
2021-07-30 15:45:10.077327 +0000 build-debian4: if [ -n "${!repo_base_var}" ]; then \
2021-07-30 15:45:10.077334 +0000 build-debian4: .repo_basedir="${!repo_base_var}"; \
2021-07-30 15:45:10.077339 +0000 build-debian4: else \
2021-07-30 15:45:10.077347 +0000 build-debian4: .repo_basedir="qubes-src/linux-deb/r4.1"; \
2021-07-30 15:45:10.077352 +0000 build-debian4: fi; \
2021-07-30 15:45:10.077360 +0000 build-debian4: if [ -r qubes-src/linux-kernel/Makefile.builder ]; then \
2021-07-30 15:45:10.077367 +0000 build-debian4: .echo -n "Updating qubes-src/linux-kernel... "; \
2021-07-30 15:45:10.077374 +0000 build-debian4: .if [ "0" -eq 1 ]; then \
2021-07-30 15:45:10.077384 +0000 build-debian4: ..vtag=`git -C qubes-src/linux-kernel tag --points-at HEAD --list v*`; \
2021-07-30 15:45:10.077390 +0000 build-debian4: ..if [ -z "$vtag" ]; then \
2021-07-30 15:45:10.077397 +0000 build-debian4: ...echo "no version tag"; \
2021-07-30 15:45:10.077402 +0000 build-debian4: ...exit 0; \
2021-07-30 15:45:10.077408 +0000 build-debian4: ..fi; \
2021-07-30 15:45:10.077413 +0000 build-debian4: .fi; \
2021-07-30 15:45:10.077421 +0000 build-debian4: .if [ "linux-kernel" = linux-template-builder ]; then
2021-07-30 15:45:10.077432 +0000 build-debian4: export TEMPLATE_NAME=$(MAKEFLAGS= make -s -C qubes-src/linux-template-builder DIST=bullseye template-name)
2021-07-30 15:45:10.077438 +0000 build-debian4: fi
2021-07-30 15:45:10.077457 +0000 build-debian4: component_packages=$(MAKEFLAGS= make -s -f Makefile.generic DIST=bullseye PACKAGE_SET=vm COMPONENT=`basename qubes-src/linux-kernel` UPDATE_REPO=/home/user/builder-r4.1/$repo_basedir/current/vm/bullseye get-var GET_VAR=PACKAGE_LIST); \
2021-07-30 15:45:10.077465 +0000 build-debian4: .if [ -z "$component_packages" ]; then \
2021-07-30 15:45:10.077489 +0000 build-debian4: ..echo "no packages."; \
2021-07-30 15:45:10.077496 +0000 build-debian4: ..exit 0; \
2021-07-30 15:45:10.077501 +0000 build-debian4: .fi; \
2021-07-30 15:45:10.077509 +0000 build-debian4: .make -s -f Makefile.generic DIST=bullseye PACKAGE_SET=vm \
2021-07-30 15:45:10.077517 +0000 build-debian4: ..COMPONENT=`basename qubes-src/linux-kernel` \
2021-07-30 15:45:10.077524 +0000 build-debian4: ..SNAPSHOT_REPO=current-testing \
2021-07-30 15:45:10.077530 +0000 build-debian4: ..TARGET_REPO=current \
2021-07-30 15:45:10.077539 +0000 build-debian4: ..UPDATE_REPO=/home/user/builder-r4.1/$repo_basedir/current/vm/bullseye \
2021-07-30 15:45:10.077552 +0000 build-debian4: ..SNAPSHOT_FILE=/home/user/builder-r4.1/repo-latest-snapshot/current-testing-vm-bullseye-`basename qubes-src/linux-kernel` \
2021-07-30 15:45:10.077558 +0000 build-debian4: ..BUILD_LOG_URL= \
2021-07-30 15:45:10.077565 +0000 build-debian4: ..update-repo-from-snapshot || exit 1; \
2021-07-30 15:45:10.077575 +0000 build-debian4: elif make -C qubes-src/linux-kernel -n update-repo-current >/dev/null 2>/dev/null; then \
2021-07-30 15:45:10.077583 +0000 build-debian4: .echo "Updating qubes-src/linux-kernel... "; \
2021-07-30 15:45:10.077592 +0000 build-debian4: .DIST=bullseye UPDATE_REPO=/home/user/builder-r4.1/$repo_basedir/current/vm/bullseye \
2021-07-30 15:45:10.077601 +0000 build-debian4: .make -s -C qubes-src/linux-kernel update-repo-current || exit 1; \
2021-07-30 15:45:10.077606 +0000 build-debian4: else \
2021-07-30 15:45:10.077615 +0000 build-debian4: .echo -n "Updating qubes-src/linux-kernel... skipping."; \
2021-07-30 15:45:10.077620 +0000 build-debian4: fi; \
2021-07-30 15:45:10.077625 +0000 build-debian4: echo
2021-07-30 15:45:10.142529 +0000 build-debian4: Updating qubes-src/linux-kernel... no packages.
2021-07-30 15:45:10.142581 +0000 build-debian4: Makefile:826: update target 'internal-update-repo-current.vm.bullseye' due to: internal-update-repo-current.vm.bullseye.linux-kernel
2021-07-30 15:45:10.142590 +0000 build-debian4: true
2021-07-30 15:45:10.146109 +0000 build-debian4: Makefile:857: target 'internal-update-repo-current.vm.buster.linux-kernel' does not exist
2021-07-30 15:45:10.146147 +0000 build-debian4: repo_base_var="LINUX_REPO_${DIST//-/_}_BASEDIR"; \
2021-07-30 15:45:10.146157 +0000 build-debian4: if [ "linux-kernel" = linux-template-builder ]; then \
2021-07-30 15:45:10.146167 +0000 build-debian4: .# templates belongs to dom0 repository, even though PACKAGE_SET=vm
2021-07-30 15:45:10.146174 +0000 build-debian4: repo_base_var="LINUX_REPO__BASEDIR"; \
2021-07-30 15:45:10.146207 +0000 build-debian4: fi; \
2021-07-30 15:45:10.146216 +0000 build-debian4: if [ -n "${!repo_base_var}" ]; then \
2021-07-30 15:45:10.146223 +0000 build-debian4: .repo_basedir="${!repo_base_var}"; \
2021-07-30 15:45:10.146228 +0000 build-debian4: else \
2021-07-30 15:45:10.146239 +0000 build-debian4: .repo_basedir="qubes-src/linux-deb/r4.1"; \
2021-07-30 15:45:10.146244 +0000 build-debian4: fi; \
2021-07-30 15:45:10.146252 +0000 build-debian4: if [ -r qubes-src/linux-kernel/Makefile.builder ]; then \
2021-07-30 15:45:10.146260 +0000 build-debian4: .echo -n "Updating qubes-src/linux-kernel... "; \
2021-07-30 15:45:10.146267 +0000 build-debian4: .if [ "0" -eq 1 ]; then \
2021-07-30 15:45:10.146276 +0000 build-debian4: ..vtag=`git -C qubes-src/linux-kernel tag --points-at HEAD --list v*`; \
2021-07-30 15:45:10.146283 +0000 build-debian4: ..if [ -z "$vtag" ]; then \
2021-07-30 15:45:10.146290 +0000 build-debian4: ...echo "no version tag"; \
2021-07-30 15:45:10.146295 +0000 build-debian4: ...exit 0; \
2021-07-30 15:45:10.146301 +0000 build-debian4: ..fi; \
2021-07-30 15:45:10.146306 +0000 build-debian4: .fi; \
2021-07-30 15:45:10.146314 +0000 build-debian4: .if [ "linux-kernel" = linux-template-builder ]; then
2021-07-30 15:45:10.146325 +0000 build-debian4: export TEMPLATE_NAME=$(MAKEFLAGS= make -s -C qubes-src/linux-template-builder DIST=buster template-name)
2021-07-30 15:45:10.146347 +0000 build-debian4: fi
2021-07-30 15:45:10.146366 +0000 build-debian4: component_packages=$(MAKEFLAGS= make -s -f Makefile.generic DIST=buster PACKAGE_SET=vm COMPONENT=`basename qubes-src/linux-kernel` UPDATE_REPO=/home/user/builder-r4.1/$repo_basedir/current/vm/buster get-var GET_VAR=PACKAGE_LIST); \
2021-07-30 15:45:10.146375 +0000 build-debian4: .if [ -z "$component_packages" ]; then \
2021-07-30 15:45:10.146381 +0000 build-debian4: ..echo "no packages."; \
2021-07-30 15:45:10.146387 +0000 build-debian4: ..exit 0; \
2021-07-30 15:45:10.146392 +0000 build-debian4: .fi; \
2021-07-30 15:45:10.146400 +0000 build-debian4: .make -s -f Makefile.generic DIST=buster PACKAGE_SET=vm \
2021-07-30 15:45:10.146408 +0000 build-debian4: ..COMPONENT=`basename qubes-src/linux-kernel` \
2021-07-30 15:45:10.146415 +0000 build-debian4: ..SNAPSHOT_REPO=current-testing \
2021-07-30 15:45:10.146421 +0000 build-debian4: ..TARGET_REPO=current \
2021-07-30 15:45:10.146430 +0000 build-debian4: ..UPDATE_REPO=/home/user/builder-r4.1/$repo_basedir/current/vm/buster \
2021-07-30 15:45:10.146442 +0000 build-debian4: ..SNAPSHOT_FILE=/home/user/builder-r4.1/repo-latest-snapshot/current-testing-vm-buster-`basename qubes-src/linux-kernel` \
2021-07-30 15:45:10.146448 +0000 build-debian4: ..BUILD_LOG_URL= \
2021-07-30 15:45:10.146456 +0000 build-debian4: ..update-repo-from-snapshot || exit 1; \
2021-07-30 15:45:10.146465 +0000 build-debian4: elif make -C qubes-src/linux-kernel -n update-repo-current >/dev/null 2>/dev/null; then \
2021-07-30 15:45:10.146473 +0000 build-debian4: .echo "Updating qubes-src/linux-kernel... "; \
2021-07-30 15:45:10.146482 +0000 build-debian4: .DIST=buster UPDATE_REPO=/home/user/builder-r4.1/$repo_basedir/current/vm/buster \
2021-07-30 15:45:10.146491 +0000 build-debian4: .make -s -C qubes-src/linux-kernel update-repo-current || exit 1; \
2021-07-30 15:45:10.146496 +0000 build-debian4: else \
2021-07-30 15:45:10.146504 +0000 build-debian4: .echo -n "Updating qubes-src/linux-kernel... skipping."; \
2021-07-30 15:45:10.146510 +0000 build-debian4: fi; \
2021-07-30 15:45:10.146515 +0000 build-debian4: echo
2021-07-30 15:45:10.207851 +0000 build-debian4: Updating qubes-src/linux-kernel... no packages.
2021-07-30 15:45:10.207903 +0000 build-debian4: Makefile:826: update target 'internal-update-repo-current.vm.buster' due to: internal-update-repo-current.vm.buster.linux-kernel
2021-07-30 15:45:10.207913 +0000 build-debian4: true
2021-07-30 15:45:10.211805 +0000 build-debian4: Makefile:939: target 'post-update-repo-current' does not exist
2021-07-30 15:45:10.211848 +0000 build-debian4: true
2021-07-30 15:45:10.214824 +0000 build-debian4: Makefile:813: update target 'update-repo-current' due to: internal-update-repo-current.vm.bullseye internal-update-repo-current.vm.buster post-update-repo-current
2021-07-30 15:45:10.214861 +0000 build-debian4: true
2021-07-30 15:45:10.219707 +0000 build-debian4: > done
2021-07-30 15:45:10.219746 +0000 > closing log
