2020-06-13 14:55:18.041601 +0000 > starting log
2020-06-13 14:55:18.041927 +0000 build-debian4: > starting build with log
2020-06-13 14:55:18.041942 +0000 build-debian4: >> make args: update-repo-current
2020-06-13 14:55:18.041952 +0000 build-debian4: >> MAKEFLAGS=
2020-06-13 14:55:18.041960 +0000 build-debian4: >> COMPONENTS=core-libvirt
2020-06-13 14:55:18.041969 +0000 build-debian4: >> DISTS_VM=stretch buster bullseye
2020-06-13 14:55:18.041976 +0000 build-debian4: >> DIST_DOM0=
2020-06-13 14:55:18.041987 +0000 build-debian4: >> qubes-builder 36d49eb3532238967b94742ee576d4c567b5e8a7
2020-06-13 14:55:18.041998 +0000 build-debian4: >> qubes-builder/qubes-src/core-libvirt ec3deb5a3a96374fde0e1b728a6cedb0ac54b855
2020-06-13 14:55:18.042006 +0000 build-debian4: !! libvirt-3.3.0.tar.xz
2020-06-13 14:55:18.042014 +0000 build-debian4: !! libvirt-3.3.0.tar.xz.asc
2020-06-13 14:55:18.042022 +0000 build-debian4: !! libvirt-5.0.0.tar.xz
2020-06-13 14:55:18.042030 +0000 build-debian4: !! libvirt-5.0.0.tar.xz.asc
2020-06-13 14:55:18.042037 +0000 build-debian4: !! libvirt-5.7.0.tar.xz
2020-06-13 14:55:18.042045 +0000 build-debian4: !! libvirt-5.7.0.tar.xz.asc
2020-06-13 14:55:18.042053 +0000 build-debian4: !! libvirt-6.0.0.tar.xz
2020-06-13 14:55:18.042061 +0000 build-debian4: !! libvirt-6.0.0.tar.xz.asc
2020-06-13 14:55:18.042068 +0000 build-debian4: !! libvirt-6.3.0.tar.xz
2020-06-13 14:55:18.042076 +0000 build-debian4: !! libvirt-6.3.0.tar.xz.asc
2020-06-13 14:55:18.042084 +0000 build-debian4: !! libvirt-python-3.3.0.tar.gz
2020-06-13 14:55:18.042092 +0000 build-debian4: !! libvirt-python-3.3.0.tar.gz.asc
2020-06-13 14:55:18.042101 +0000 build-debian4: !! libvirt-python-5.0.0.tar.gz
2020-06-13 14:55:18.042109 +0000 build-debian4: !! libvirt-python-5.0.0.tar.gz.asc
2020-06-13 14:55:18.042117 +0000 build-debian4: !! libvirt-python-5.7.0.tar.gz
2020-06-13 14:55:18.042125 +0000 build-debian4: !! libvirt-python-5.7.0.tar.gz.asc
2020-06-13 14:55:18.042133 +0000 build-debian4: !! libvirt-python-6.0.0.tar.gz
2020-06-13 14:55:18.042142 +0000 build-debian4: !! libvirt-python-6.0.0.tar.gz.asc
2020-06-13 14:55:18.042150 +0000 build-debian4: !! libvirt-python-6.3.0.tar.gz
2020-06-13 14:55:18.042158 +0000 build-debian4: !! libvirt-python-6.3.0.tar.gz.asc
2020-06-13 14:55:18.063595 +0000 build-debian4: 69166ddd7d4b9ef3b1bf2466e781139ef9b4d224a64acc7b8e6fca8786d36482138a1fe7b7407c0fca3b3d012cb418d168671a3e65e428f023c16493b7718c2d  libvirt-3.3.0.tar.xz
2020-06-13 14:55:18.064286 +0000 build-debian4: d89ce090249118b17736d6e6fc229b73254615c5cb0c2e521eee290d960711739a4161b449ce380861517d47ae98d649a9db91c2ef8ad5a50309aaec3b4e8a95  libvirt-3.3.0.tar.xz.asc
2020-06-13 14:55:18.123303 +0000 build-debian4: d93042f49d2550d14577b5257c548d7108462fe1ad69420c128acf094ffd3e80deb744db13d4c3d5fbe5e4c1826d13131be12e3413710711a2d8cba6cb5a9db9  libvirt-5.0.0.tar.xz
2020-06-13 14:55:18.123927 +0000 build-debian4: d922c51501c75dc97d5ba0122e556f86178078b41c2b9e84c9d6c9c378d7ad57468c5db8f77cff7b3243b76c7e0be3a81993fc9fb2543f460ed28727f3fb05fd  libvirt-5.0.0.tar.xz.asc
2020-06-13 14:55:18.173415 +0000 build-debian4: b1c8f4a46cb8cbbca2670df7f0a236fc93a6ff341c2f24c0402aa0b194c3e521b43f78ef965a51b4d0f416a7aa1af2e9b64c69eca82ba7053ed79f8deeb031f4  libvirt-5.7.0.tar.xz
2020-06-13 14:55:18.174056 +0000 build-debian4: 62bb81a30b70fbb81c10f9d974e1cf0ec8568642dce36238134e32ef1a2f538be57d3d927110b6f4c93eec4b155bd7f2816b57bb4a920553c5af5af488f720e6  libvirt-5.7.0.tar.xz.asc
2020-06-13 14:55:18.208065 +0000 build-debian4: 64259c0cffa9fc01192c5474f69d88a61ed0bae0a100379fed6112723a37eff1865ccfc85a19d6b8cd39ed504f04998bb3f6390aaafff797bb41ef65b6ec413c  libvirt-6.0.0.tar.xz
2020-06-13 14:55:18.208580 +0000 build-debian4: 1e9eec0142a4f65ca8c9bffd67fd9b17dce7cd68b2332ff8956651d69dc6340c17d3bc632223317e6e600f1ceacf85ae390a5581a2f5802277952b3e384c25c4  libvirt-6.0.0.tar.xz.asc
2020-06-13 14:55:18.229373 +0000 build-debian4: 29805cd59745c21b7c84b6c5aebe6e791b9bee84a83cfbc5debafe37cd40120f1773d96286434611a5b9d8726d34ee84083f36108f3f5eb74c0bd848c4e34e38  libvirt-6.3.0.tar.xz
2020-06-13 14:55:18.229684 +0000 build-debian4: e2ec736d63707790c1dbae83e6b7636d6e99dc1392af5405b6e7a38d6d93d96c80d48e9b8b248dbfa495fddac2704ffb2f90afd46008fa0dd9a2a46cbd651547  libvirt-6.3.0.tar.xz.asc
2020-06-13 14:55:18.231192 +0000 build-debian4: 3d90e99abe813f2ba684c24631d8e8cd6a5b44564351ae3f0b75d426f80d046c00ed6358273b68ad751707a93666564dfecfb7fb7d93d2c27c71a344542fe793  libvirt-python-3.3.0.tar.gz
2020-06-13 14:55:18.231501 +0000 build-debian4: b434daf43dd9bff9fdbbcd667aad01ef87bfe2b9dfb2844e7540faa717e09e5c938cab892f76b0f7faec33ee2d4a9396927ace761d37299f5a9c961ba18dea14  libvirt-python-3.3.0.tar.gz.asc
2020-06-13 14:55:18.232923 +0000 build-debian4: 318ae32f4c59b6cd278c8d07566e5e5f34759167084d4c722687d3cbf19efecea3a0c2a4ee37f42e58aa3f42f07fdd50bd9dd0539002388a7f79b138ad434dff  libvirt-python-5.0.0.tar.gz
2020-06-13 14:55:18.233206 +0000 build-debian4: cf158e51f217d62820fa9c1299050e360b4fb956148ddfd0f4c7c42292c3a395055986c1243debbe4757f7af9ac08a20246e756c95fad05d89346bbdebddaee9  libvirt-python-5.0.0.tar.gz.asc
2020-06-13 14:55:18.234371 +0000 build-debian4: 578e54778dfb4a9d0ac6d7330146976c765d888c3ad30c7990e52cf9815b19b2a6581eb7a3d0e21e9e80496f5a002b9c529cf2d3a8ef0f41c7931a0cb24aa732  libvirt-python-5.7.0.tar.gz
2020-06-13 14:55:18.234661 +0000 build-debian4: 2c121dbef91593aeeb8dce415b6ace8f0cae630bb9357306c3d34ca7c88b778c76eee3e8b47dcd47cfc355729725ab77ab131152293dbc94136edaee8e1aa056  libvirt-python-5.7.0.tar.gz.asc
2020-06-13 14:55:18.235776 +0000 build-debian4: 1d64bdb430d099c6e72259e49d99aa985b9ba745c543d3a12ad614c48e1334a3607e093d93612c34e8ec3990e880f3d66fd33199605f2ec9a419193bbb839d58  libvirt-python-6.0.0.tar.gz
2020-06-13 14:55:18.236058 +0000 build-debian4: ef70b63c83cd8ae37d4d9ba5fbe3a22696250438b1d42f07e05adf06ed189c0859df9745f8ff269db2ad51565e949974f04dc2a3c39a7430eac5d39f31dd483e  libvirt-python-6.0.0.tar.gz.asc
2020-06-13 14:55:18.237261 +0000 build-debian4: 717badd58a7b9fcc7f603a556f10ad571546750d97732ae1ebc82765d970bb2c19e355197cf49195b961ca492b24f91ea0b938ca6b85970bfd2473a781f2716e  libvirt-python-6.3.0.tar.gz
2020-06-13 14:55:18.237518 +0000 build-debian4: 7827e16dfafec79f8ec64fc103fdfea271a0f5a4b4c42246fe45a2b5ae10f43fd0d599256fd77ae6477dd6ff909d6a3b8277de79025fa80f6419b0ece425757c  libvirt-python-6.3.0.tar.gz.asc
2020-06-13 14:55:18.274593 +0000 build-debian4: ================================================================================
2020-06-13 14:55:18.274648 +0000 build-debian4:                            B U I L D   I N F O                                  
2020-06-13 14:55:18.274662 +0000 build-debian4: Items in red indicate it was automatically generated by configuration file(s)
2020-06-13 14:55:18.274966 +0000 build-debian4: Items in white indicate it was automatically removed by configuration file(s)
2020-06-13 14:55:18.274990 +0000 build-debian4: ================================================================================
2020-06-13 14:55:18.274998 +0000 build-debian4: DISTS_VM:
2020-06-13 14:55:18.276258 +0000 build-debian4:      stretch+standard, buster+standard, bullseye+standard, stretch buster bullseye
2020-06-13 14:55:18.277364 +0000 build-debian4: DISTS_ALL:
2020-06-13 14:55:18.277832 +0000 build-debian4:      vm-bullseye, vm-buster, vm-stretch,
2020-06-13 14:55:18.278537 +0000 build-debian4: DIST_DOM0:
2020-06-13 14:55:18.279285 +0000 build-debian4:     
2020-06-13 14:55:18.280530 +0000 build-debian4: BUILDER_PLUGINS:
2020-06-13 14:55:18.280793 +0000 build-debian4:      builder-debian, mgmt-salt, release-configs, linux-deb, builder-github,
2020-06-13 14:55:18.282062 +0000 build-debian4: COMPONENTS:
2020-06-13 14:55:18.282485 +0000 build-debian4:      core-libvirt,
2020-06-13 14:55:18.282848 +0000 build-debian4: GIT_REPOS:
2020-06-13 14:55:18.284278 +0000 build-debian4:      qubes-src/core-libvirt,
2020-06-13 14:55:18.285519 +0000 build-debian4: TEMPLATE:
2020-06-13 14:55:18.287008 +0000 build-debian4:     
2020-06-13 14:55:18.287052 +0000 build-debian4: TEMPLATE_FLAVOR_DIR:
2020-06-13 14:55:18.287470 +0000 build-debian4:     
2020-06-13 14:55:18.288550 +0000 build-debian4: TEMPLATE_ALIAS:
2020-06-13 14:55:18.289092 +0000 build-debian4:      stretch:stretch+standard, stretch+gnome:stretch+gnome+standard,
2020-06-13 14:55:18.289128 +0000 build-debian4:      stretch+minimal:stretch+minimal+no-recommends, buster:buster+standard, buster+gnome:buster+gnome+standard,
2020-06-13 14:55:18.289142 +0000 build-debian4:      buster+minimal:buster+minimal+no-recommends, bullseye:bullseye+standard,
2020-06-13 14:55:18.289155 +0000 build-debian4:      bullseye+gnome:bullseye+gnome+standard, bullseye+minimal:bullseye+minimal+no-recommends,
2020-06-13 14:55:18.289166 +0000 build-debian4:      whonix-gateway-14:stretch+whonix-gateway+minimal+no-recommends,
2020-06-13 14:55:18.289177 +0000 build-debian4:      whonix-workstation-14:stretch+whonix-workstation+minimal+no-recommends,
2020-06-13 14:55:18.289187 +0000 build-debian4:      whonix-gateway-15:buster+whonix-gateway+minimal+no-recommends,
2020-06-13 14:55:18.289198 +0000 build-debian4:      whonix-workstation-15:buster+whonix-workstation+minimal+no-recommends,
2020-06-13 14:55:18.290540 +0000 build-debian4: TEMPLATE_LABEL:
2020-06-13 14:55:18.292596 +0000 build-debian4:      stretch+standard:debian-9, buster+standard:debian-10, bullseye+standard:debian-11,
2020-06-13 14:55:18.292643 +0000 build-debian4:      stretch+standard:stretch, buster+standard:buster, bullseye+standard:bullseye, fc29:fedora-29 fc30:fedora-30
2020-06-13 14:55:18.292660 +0000 build-debian4:      fc31:fedora-31 fc32:fedora-32 fc29+minimal:fedora-29-minimal fc30+minimal:fedora-30-minimal
2020-06-13 14:55:18.292673 +0000 build-debian4:      fc31+minimal:fedora-31-minimal fc32+minimal:fedora-32-minimal fc29+xfce:fedora-29-xfce
2020-06-13 14:55:18.292685 +0000 build-debian4:      fc30+xfce:fedora-30-xfce fc31+xfce:fedora-31-xfce fc32+xfce:fedora-32-xfce stretch:debian-9
2020-06-13 14:55:18.292697 +0000 build-debian4:      buster:debian-10 bullseye:debian-11 stretch+whonix-gateway+minimal+no-recommends:whonix-gw-14
2020-06-13 14:55:18.292707 +0000 build-debian4:      stretch+whonix-workstation+minimal+no-recommends:whonix-ws-14
2020-06-13 14:55:18.292717 +0000 build-debian4:      buster+whonix-gateway+minimal+no-recommends:whonix-gw-15
2020-06-13 14:55:18.292729 +0000 build-debian4:      buster+whonix-workstation+minimal+no-recommends:whonix-ws-15 centos7:centos-7
2020-06-13 14:55:18.292740 +0000 build-debian4:      centos7+minimal:centos-7-minimal centos7+xfce:centos-7-xfce centos8:centos-8
2020-06-13 14:55:18.292749 +0000 build-debian4:      centos8+minimal:centos-7-minimal centos8+xfce:centos-8-xfce
2020-06-13 14:55:18.307437 +0000 build-debian4: > running make
2020-06-13 14:55:18.319530 +0000 build-debian4: Makefile:818: target 'internal-update-repo-current.vm.bullseye.core-libvirt' does not exist
2020-06-13 14:55:18.319588 +0000 build-debian4: repo_base_var="LINUX_REPO_bullseye_BASEDIR"; \
2020-06-13 14:55:18.319606 +0000 build-debian4: if [ "core-libvirt" = linux-template-builder ]; then \
2020-06-13 14:55:18.319620 +0000 build-debian4: .# templates belongs to dom0 repository, even though PACKAGE_SET=vm
2020-06-13 14:55:18.319630 +0000 build-debian4: repo_base_var="LINUX_REPO__BASEDIR"; \
2020-06-13 14:55:18.319638 +0000 build-debian4: fi; \
2020-06-13 14:55:18.319648 +0000 build-debian4: if [ -n "${!repo_base_var}" ]; then \
2020-06-13 14:55:18.319657 +0000 build-debian4: .repo_basedir="${!repo_base_var}"; \
2020-06-13 14:55:18.319665 +0000 build-debian4: else \
2020-06-13 14:55:18.319674 +0000 build-debian4: .repo_basedir="qubes-src/linux-deb/r4.1"; \
2020-06-13 14:55:18.319682 +0000 build-debian4: fi; \
2020-06-13 14:55:18.319692 +0000 build-debian4: if [ -r qubes-src/core-libvirt/Makefile.builder ]; then \
2020-06-13 14:55:18.319703 +0000 build-debian4: .echo -n "Updating qubes-src/core-libvirt... "; \
2020-06-13 14:55:18.319711 +0000 build-debian4: .if [ "0" -eq 1 ]; then \
2020-06-13 14:55:18.319723 +0000 build-debian4: ..vtag=`git -C qubes-src/core-libvirt tag --points-at HEAD --list v*`; \
2020-06-13 14:55:18.319732 +0000 build-debian4: ..if [ -z "$vtag" ]; then \
2020-06-13 14:55:18.319758 +0000 build-debian4: ...echo "no version tag"; \
2020-06-13 14:55:18.319767 +0000 build-debian4: ...exit 0; \
2020-06-13 14:55:18.319775 +0000 build-debian4: ..fi; \
2020-06-13 14:55:18.319782 +0000 build-debian4: .fi; \
2020-06-13 14:55:18.319792 +0000 build-debian4: .if [ "core-libvirt" = linux-template-builder ]; then
2020-06-13 14:55:18.319806 +0000 build-debian4: export TEMPLATE_NAME=$(MAKEFLAGS= make -s -C qubes-src/linux-template-builder DIST=bullseye template-name)
2020-06-13 14:55:18.319814 +0000 build-debian4: fi
2020-06-13 14:55:18.319837 +0000 build-debian4: component_packages=$(MAKEFLAGS= make -s -f Makefile.generic DIST=bullseye PACKAGE_SET=vm COMPONENT=`basename qubes-src/core-libvirt` UPDATE_REPO=/home/user/builder-r4.1/$repo_basedir/current/vm/bullseye get-var GET_VAR=PACKAGE_LIST); \
2020-06-13 14:55:18.319848 +0000 build-debian4: .if [ -z "$component_packages" ]; then \
2020-06-13 14:55:18.319856 +0000 build-debian4: ..echo "no packages."; \
2020-06-13 14:55:18.319864 +0000 build-debian4: ..exit 0; \
2020-06-13 14:55:18.319872 +0000 build-debian4: .fi; \
2020-06-13 14:55:18.319882 +0000 build-debian4: .make -s -f Makefile.generic DIST=bullseye PACKAGE_SET=vm \
2020-06-13 14:55:18.319892 +0000 build-debian4: ..COMPONENT=`basename qubes-src/core-libvirt` \
2020-06-13 14:55:18.319901 +0000 build-debian4: ..SNAPSHOT_REPO=current-testing \
2020-06-13 14:55:18.319910 +0000 build-debian4: ..TARGET_REPO=current \
2020-06-13 14:55:18.319921 +0000 build-debian4: ..UPDATE_REPO=/home/user/builder-r4.1/$repo_basedir/current/vm/bullseye \
2020-06-13 14:55:18.319936 +0000 build-debian4: ..SNAPSHOT_FILE=/home/user/builder-r4.1/repo-latest-snapshot/current-testing-vm-bullseye-`basename qubes-src/core-libvirt` \
2020-06-13 14:55:18.319945 +0000 build-debian4: ..BUILD_LOG_URL= \
2020-06-13 14:55:18.319954 +0000 build-debian4: ..update-repo-from-snapshot || exit 1; \
2020-06-13 14:55:18.319967 +0000 build-debian4: elif make -C qubes-src/core-libvirt -n update-repo-current >/dev/null 2>/dev/null; then \
2020-06-13 14:55:18.319977 +0000 build-debian4: .echo "Updating qubes-src/core-libvirt... "; \
2020-06-13 14:55:18.319990 +0000 build-debian4: .DIST=bullseye UPDATE_REPO=/home/user/builder-r4.1/$repo_basedir/current/vm/bullseye \
2020-06-13 14:55:18.320001 +0000 build-debian4: .make -s -C qubes-src/core-libvirt update-repo-current || exit 1; \
2020-06-13 14:55:18.320008 +0000 build-debian4: else \
2020-06-13 14:55:18.320019 +0000 build-debian4: .echo -n "Updating qubes-src/core-libvirt... skipping."; \
2020-06-13 14:55:18.320026 +0000 build-debian4: fi; \
2020-06-13 14:55:18.320034 +0000 build-debian4: echo
2020-06-13 14:55:18.338938 +0000 build-debian4: Updating qubes-src/core-libvirt... no packages.
2020-06-13 14:55:18.339182 +0000 build-debian4: Makefile:791: update target 'internal-update-repo-current.vm.bullseye' due to: internal-update-repo-current.vm.bullseye.core-libvirt
2020-06-13 14:55:18.339212 +0000 build-debian4: true
2020-06-13 14:55:18.340632 +0000 build-debian4: Makefile:818: target 'internal-update-repo-current.vm.buster.core-libvirt' does not exist
2020-06-13 14:55:18.340668 +0000 build-debian4: repo_base_var="LINUX_REPO_buster_BASEDIR"; \
2020-06-13 14:55:18.340681 +0000 build-debian4: if [ "core-libvirt" = linux-template-builder ]; then \
2020-06-13 14:55:18.340694 +0000 build-debian4: .# templates belongs to dom0 repository, even though PACKAGE_SET=vm
2020-06-13 14:55:18.340703 +0000 build-debian4: repo_base_var="LINUX_REPO__BASEDIR"; \
2020-06-13 14:55:18.340711 +0000 build-debian4: fi; \
2020-06-13 14:55:18.340720 +0000 build-debian4: if [ -n "${!repo_base_var}" ]; then \
2020-06-13 14:55:18.340729 +0000 build-debian4: .repo_basedir="${!repo_base_var}"; \
2020-06-13 14:55:18.340736 +0000 build-debian4: else \
2020-06-13 14:55:18.340746 +0000 build-debian4: .repo_basedir="qubes-src/linux-deb/r4.1"; \
2020-06-13 14:55:18.340752 +0000 build-debian4: fi; \
2020-06-13 14:55:18.340763 +0000 build-debian4: if [ -r qubes-src/core-libvirt/Makefile.builder ]; then \
2020-06-13 14:55:18.340787 +0000 build-debian4: .echo -n "Updating qubes-src/core-libvirt... "; \
2020-06-13 14:55:18.340797 +0000 build-debian4: .if [ "0" -eq 1 ]; then \
2020-06-13 14:55:18.340808 +0000 build-debian4: ..vtag=`git -C qubes-src/core-libvirt tag --points-at HEAD --list v*`; \
2020-06-13 14:55:18.340817 +0000 build-debian4: ..if [ -z "$vtag" ]; then \
2020-06-13 14:55:18.340825 +0000 build-debian4: ...echo "no version tag"; \
2020-06-13 14:55:18.340833 +0000 build-debian4: ...exit 0; \
2020-06-13 14:55:18.340840 +0000 build-debian4: ..fi; \
2020-06-13 14:55:18.340847 +0000 build-debian4: .fi; \
2020-06-13 14:55:18.340857 +0000 build-debian4: .if [ "core-libvirt" = linux-template-builder ]; then
2020-06-13 14:55:18.340871 +0000 build-debian4: export TEMPLATE_NAME=$(MAKEFLAGS= make -s -C qubes-src/linux-template-builder DIST=buster template-name)
2020-06-13 14:55:18.340878 +0000 build-debian4: fi
2020-06-13 14:55:18.340900 +0000 build-debian4: component_packages=$(MAKEFLAGS= make -s -f Makefile.generic DIST=buster PACKAGE_SET=vm COMPONENT=`basename qubes-src/core-libvirt` UPDATE_REPO=/home/user/builder-r4.1/$repo_basedir/current/vm/buster get-var GET_VAR=PACKAGE_LIST); \
2020-06-13 14:55:18.340911 +0000 build-debian4: .if [ -z "$component_packages" ]; then \
2020-06-13 14:55:18.340919 +0000 build-debian4: ..echo "no packages."; \
2020-06-13 14:55:18.340927 +0000 build-debian4: ..exit 0; \
2020-06-13 14:55:18.340934 +0000 build-debian4: .fi; \
2020-06-13 14:55:18.340944 +0000 build-debian4: .make -s -f Makefile.generic DIST=buster PACKAGE_SET=vm \
2020-06-13 14:55:18.340954 +0000 build-debian4: ..COMPONENT=`basename qubes-src/core-libvirt` \
2020-06-13 14:55:18.340963 +0000 build-debian4: ..SNAPSHOT_REPO=current-testing \
2020-06-13 14:55:18.340971 +0000 build-debian4: ..TARGET_REPO=current \
2020-06-13 14:55:18.340982 +0000 build-debian4: ..UPDATE_REPO=/home/user/builder-r4.1/$repo_basedir/current/vm/buster \
2020-06-13 14:55:18.340997 +0000 build-debian4: ..SNAPSHOT_FILE=/home/user/builder-r4.1/repo-latest-snapshot/current-testing-vm-buster-`basename qubes-src/core-libvirt` \
2020-06-13 14:55:18.341005 +0000 build-debian4: ..BUILD_LOG_URL= \
2020-06-13 14:55:18.341014 +0000 build-debian4: ..update-repo-from-snapshot || exit 1; \
2020-06-13 14:55:18.341026 +0000 build-debian4: elif make -C qubes-src/core-libvirt -n update-repo-current >/dev/null 2>/dev/null; then \
2020-06-13 14:55:18.341036 +0000 build-debian4: .echo "Updating qubes-src/core-libvirt... "; \
2020-06-13 14:55:18.341048 +0000 build-debian4: .DIST=buster UPDATE_REPO=/home/user/builder-r4.1/$repo_basedir/current/vm/buster \
2020-06-13 14:55:18.341059 +0000 build-debian4: .make -s -C qubes-src/core-libvirt update-repo-current || exit 1; \
2020-06-13 14:55:18.341066 +0000 build-debian4: else \
2020-06-13 14:55:18.341076 +0000 build-debian4: .echo -n "Updating qubes-src/core-libvirt... skipping."; \
2020-06-13 14:55:18.341083 +0000 build-debian4: fi; \
2020-06-13 14:55:18.341090 +0000 build-debian4: echo
2020-06-13 14:55:18.359628 +0000 build-debian4: Updating qubes-src/core-libvirt... no packages.
2020-06-13 14:55:18.359923 +0000 build-debian4: Makefile:791: update target 'internal-update-repo-current.vm.buster' due to: internal-update-repo-current.vm.buster.core-libvirt
2020-06-13 14:55:18.359953 +0000 build-debian4: true
2020-06-13 14:55:18.361305 +0000 build-debian4: Makefile:818: target 'internal-update-repo-current.vm.stretch.core-libvirt' does not exist
2020-06-13 14:55:18.361347 +0000 build-debian4: repo_base_var="LINUX_REPO_stretch_BASEDIR"; \
2020-06-13 14:55:18.361360 +0000 build-debian4: if [ "core-libvirt" = linux-template-builder ]; then \
2020-06-13 14:55:18.361373 +0000 build-debian4: .# templates belongs to dom0 repository, even though PACKAGE_SET=vm
2020-06-13 14:55:18.361383 +0000 build-debian4: repo_base_var="LINUX_REPO__BASEDIR"; \
2020-06-13 14:55:18.361391 +0000 build-debian4: fi; \
2020-06-13 14:55:18.361400 +0000 build-debian4: if [ -n "${!repo_base_var}" ]; then \
2020-06-13 14:55:18.361423 +0000 build-debian4: .repo_basedir="${!repo_base_var}"; \
2020-06-13 14:55:18.361432 +0000 build-debian4: else \
2020-06-13 14:55:18.361442 +0000 build-debian4: .repo_basedir="qubes-src/linux-deb/r4.1"; \
2020-06-13 14:55:18.361449 +0000 build-debian4: fi; \
2020-06-13 14:55:18.361459 +0000 build-debian4: if [ -r qubes-src/core-libvirt/Makefile.builder ]; then \
2020-06-13 14:55:18.361469 +0000 build-debian4: .echo -n "Updating qubes-src/core-libvirt... "; \
2020-06-13 14:55:18.361478 +0000 build-debian4: .if [ "0" -eq 1 ]; then \
2020-06-13 14:55:18.361490 +0000 build-debian4: ..vtag=`git -C qubes-src/core-libvirt tag --points-at HEAD --list v*`; \
2020-06-13 14:55:18.361498 +0000 build-debian4: ..if [ -z "$vtag" ]; then \
2020-06-13 14:55:18.361507 +0000 build-debian4: ...echo "no version tag"; \
2020-06-13 14:55:18.361515 +0000 build-debian4: ...exit 0; \
2020-06-13 14:55:18.361522 +0000 build-debian4: ..fi; \
2020-06-13 14:55:18.361529 +0000 build-debian4: .fi; \
2020-06-13 14:55:18.361540 +0000 build-debian4: .if [ "core-libvirt" = linux-template-builder ]; then
2020-06-13 14:55:18.361553 +0000 build-debian4: export TEMPLATE_NAME=$(MAKEFLAGS= make -s -C qubes-src/linux-template-builder DIST=stretch template-name)
2020-06-13 14:55:18.361561 +0000 build-debian4: fi
2020-06-13 14:55:18.361583 +0000 build-debian4: component_packages=$(MAKEFLAGS= make -s -f Makefile.generic DIST=stretch PACKAGE_SET=vm COMPONENT=`basename qubes-src/core-libvirt` UPDATE_REPO=/home/user/builder-r4.1/$repo_basedir/current/vm/stretch get-var GET_VAR=PACKAGE_LIST); \
2020-06-13 14:55:18.361594 +0000 build-debian4: .if [ -z "$component_packages" ]; then \
2020-06-13 14:55:18.361605 +0000 build-debian4: ..echo "no packages."; \
2020-06-13 14:55:18.361613 +0000 build-debian4: ..exit 0; \
2020-06-13 14:55:18.361620 +0000 build-debian4: .fi; \
2020-06-13 14:55:18.361631 +0000 build-debian4: .make -s -f Makefile.generic DIST=stretch PACKAGE_SET=vm \
2020-06-13 14:55:18.361641 +0000 build-debian4: ..COMPONENT=`basename qubes-src/core-libvirt` \
2020-06-13 14:55:18.361650 +0000 build-debian4: ..SNAPSHOT_REPO=current-testing \
2020-06-13 14:55:18.361658 +0000 build-debian4: ..TARGET_REPO=current \
2020-06-13 14:55:18.361670 +0000 build-debian4: ..UPDATE_REPO=/home/user/builder-r4.1/$repo_basedir/current/vm/stretch \
2020-06-13 14:55:18.361684 +0000 build-debian4: ..SNAPSHOT_FILE=/home/user/builder-r4.1/repo-latest-snapshot/current-testing-vm-stretch-`basename qubes-src/core-libvirt` \
2020-06-13 14:55:18.361693 +0000 build-debian4: ..BUILD_LOG_URL= \
2020-06-13 14:55:18.361702 +0000 build-debian4: ..update-repo-from-snapshot || exit 1; \
2020-06-13 14:55:18.361714 +0000 build-debian4: elif make -C qubes-src/core-libvirt -n update-repo-current >/dev/null 2>/dev/null; then \
2020-06-13 14:55:18.361724 +0000 build-debian4: .echo "Updating qubes-src/core-libvirt... "; \
2020-06-13 14:55:18.361736 +0000 build-debian4: .DIST=stretch UPDATE_REPO=/home/user/builder-r4.1/$repo_basedir/current/vm/stretch \
2020-06-13 14:55:18.361748 +0000 build-debian4: .make -s -C qubes-src/core-libvirt update-repo-current || exit 1; \
2020-06-13 14:55:18.361755 +0000 build-debian4: else \
2020-06-13 14:55:18.361766 +0000 build-debian4: .echo -n "Updating qubes-src/core-libvirt... skipping."; \
2020-06-13 14:55:18.361773 +0000 build-debian4: fi; \
2020-06-13 14:55:18.361779 +0000 build-debian4: echo
2020-06-13 14:55:18.379920 +0000 build-debian4: Updating qubes-src/core-libvirt... no packages.
2020-06-13 14:55:18.380176 +0000 build-debian4: Makefile:791: update target 'internal-update-repo-current.vm.stretch' due to: internal-update-repo-current.vm.stretch.core-libvirt
2020-06-13 14:55:18.380205 +0000 build-debian4: true
2020-06-13 14:55:18.381415 +0000 build-debian4: Makefile:872: target 'post-update-repo-current' does not exist
2020-06-13 14:55:18.381448 +0000 build-debian4: for dist in  bullseye buster stretch; do \
2020-06-13 14:55:18.381461 +0000 build-debian4: .repo_base_var="LINUX_REPO_${dist}_BASEDIR"; \
2020-06-13 14:55:18.381484 +0000 build-debian4: .if [ -n "${!repo_base_var}" ]; then \
2020-06-13 14:55:18.381495 +0000 build-debian4: ..repo_basedir="${!repo_base_var}"; \
2020-06-13 14:55:18.381503 +0000 build-debian4: .else \
2020-06-13 14:55:18.381513 +0000 build-debian4: ..repo_basedir="qubes-src/linux-deb/r4.1"; \
2020-06-13 14:55:18.381520 +0000 build-debian4: .fi; \
2020-06-13 14:55:18.381531 +0000 build-debian4: .repos_to_update="$repos_to_update $repo_basedir"; \
2020-06-13 14:55:18.381538 +0000 build-debian4: done; \
2020-06-13 14:55:18.381546 +0000 build-debian4: pkgset_dist= ; \
2020-06-13 14:55:18.381554 +0000 build-debian4: for dist in ; do \
2020-06-13 14:55:18.381564 +0000 build-debian4: .pkgset_dist="$pkgset_dist dom0/$dist"; \
2020-06-13 14:55:18.381571 +0000 build-debian4: done; \
2020-06-13 14:55:18.381580 +0000 build-debian4: for dist in bullseye buster stretch; do \
2020-06-13 14:55:18.381590 +0000 build-debian4: .pkgset_dist="$pkgset_dist vm/$dist"; \
2020-06-13 14:55:18.381597 +0000 build-debian4: done; \
2020-06-13 14:55:18.381611 +0000 build-debian4: for repo in `echo $repos_to_update|tr ' ' '\n'|sort|uniq`; do \
2020-06-13 14:55:18.381621 +0000 build-debian4: .[ -z "$repo" ] && continue; \
2020-06-13 14:55:18.381631 +0000 build-debian4: .[ -x "$repo/../update_repo-current.sh" ] || continue; \
2020-06-13 14:55:18.381642 +0000 build-debian4: .(cd $repo/.. && ./update_repo-current.sh r4.1 $pkgset_dist); \
2020-06-13 14:55:18.381649 +0000 build-debian4: done
2020-06-13 14:55:18.389156 +0000 build-debian4: --> Processing repo: r4.1/vm/dists/bullseye...
2020-06-13 14:55:18.720055 +0000 build-debian4: --> Processing repo: r4.1/vm/dists/buster...
2020-06-13 14:55:19.294359 +0000 build-debian4: --> Processing repo: r4.1/vm/dists/stretch...
2020-06-13 14:55:19.802508 +0000 build-debian4: Done.
2020-06-13 14:55:19.802570 +0000 build-debian4: ~/builder-r4.1/qubes-src/linux-deb ~/builder-r4.1/qubes-src/linux-deb
2020-06-13 14:55:19.929966 +0000 build-debian4: sending incremental file list
2020-06-13 14:55:20.190370 +0000 build-debian4: Syncing r4.1/vm/bullseye...
2020-06-13 14:55:20.333795 +0000 build-debian4: sending incremental file list
2020-06-13 14:55:20.428996 +0000 build-debian4: .d..t...... bullseye/
2020-06-13 14:55:20.429047 +0000 build-debian4: <f..t...... bullseye/InRelease
2020-06-13 14:55:20.429067 +0000 build-debian4: .            700  27%    0.00kB/s    0:00:00  .          2,504 100%    1.72MB/s    0:00:00 (xfr#1, to-chk=10/12)
2020-06-13 14:55:20.429078 +0000 build-debian4: <f..t...... bullseye/Release.gpg
2020-06-13 14:55:20.429093 +0000 build-debian4: .            833 100%  813.48kB/s    0:00:00  .            833 100%  813.48kB/s    0:00:00 (xfr#2, to-chk=8/12)
2020-06-13 14:55:20.514880 +0000 build-debian4: Syncing r4.1/vm/bullseye-testing...
2020-06-13 14:55:20.668254 +0000 build-debian4: sending incremental file list
2020-06-13 14:55:20.765460 +0000 build-debian4: Syncing r4.1/vm/buster...
2020-06-13 14:55:20.925362 +0000 build-debian4: sending incremental file list
2020-06-13 14:55:20.964952 +0000 build-debian4: .d..t...... buster/
2020-06-13 14:55:20.965004 +0000 build-debian4: <f..t...... buster/InRelease
2020-06-13 14:55:20.965022 +0000 build-debian4: .            700  27%    0.00kB/s    0:00:00  .          2,503 100%    1.72MB/s    0:00:00 (xfr#1, to-chk=10/12)
2020-06-13 14:55:20.965033 +0000 build-debian4: <f..t...... buster/Release.gpg
2020-06-13 14:55:20.965047 +0000 build-debian4: .            833 100%  813.48kB/s    0:00:00  .            833 100%  813.48kB/s    0:00:00 (xfr#2, to-chk=8/12)
2020-06-13 14:55:21.054288 +0000 build-debian4: Syncing r4.1/vm/buster-testing...
2020-06-13 14:55:21.204779 +0000 build-debian4: sending incremental file list
2020-06-13 14:55:21.294670 +0000 build-debian4: Syncing r4.1/vm/stretch...
2020-06-13 14:55:21.440259 +0000 build-debian4: sending incremental file list
2020-06-13 14:55:21.481289 +0000 build-debian4: .d..t...... stretch/
2020-06-13 14:55:21.481336 +0000 build-debian4: <f..t...... stretch/InRelease
2020-06-13 14:55:21.481368 +0000 build-debian4: .            700  27%    0.00kB/s    0:00:00  .          2,505 100%    1.72MB/s    0:00:00 (xfr#1, to-chk=10/12)
2020-06-13 14:55:21.481380 +0000 build-debian4: <f..t...... stretch/Release.gpg
2020-06-13 14:55:21.481394 +0000 build-debian4: .            833 100%  813.48kB/s    0:00:00  .            833 100%  813.48kB/s    0:00:00 (xfr#2, to-chk=8/12)
2020-06-13 14:55:21.571003 +0000 build-debian4: Syncing r4.1/vm/stretch-testing...
2020-06-13 14:55:21.733538 +0000 build-debian4: sending incremental file list
2020-06-13 14:55:21.850032 +0000 build-debian4: ~/builder-r4.1/qubes-src/linux-deb
2020-06-13 14:55:21.852042 +0000 build-debian4: Makefile:778: update target 'update-repo-current' due to: internal-update-repo-current.vm.bullseye internal-update-repo-current.vm.buster internal-update-repo-current.vm.stretch post-update-repo-current
2020-06-13 14:55:21.852082 +0000 build-debian4: true
2020-06-13 14:55:21.855907 +0000 build-debian4: > done
2020-06-13 14:55:21.855948 +0000 > closing log
