2023-07-24 16:38:57.066017 +0000 > starting log
2023-07-24 16:38:57.066261 +0000 build-debian4: > starting build with log
2023-07-24 16:38:57.066275 +0000 build-debian4: >> make args: update-repo-security-testing
2023-07-24 16:38:57.066283 +0000 build-debian4: >> MAKEFLAGS=
2023-07-24 16:38:57.066290 +0000 build-debian4: >> COMPONENTS=linux-firmware
2023-07-24 16:38:57.066297 +0000 build-debian4: >> DISTS_VM=buster bullseye bookworm
2023-07-24 16:38:57.066304 +0000 build-debian4: >> DIST_DOM0=
2023-07-24 16:38:57.066312 +0000 build-debian4: >> qubes-builder 19e2b0ab5e44b2383f9f76446c14f6f52d52a76b
2023-07-24 16:38:57.066325 +0000 build-debian4: >> qubes-builder/qubes-src/linux-firmware 41625f8d4998a844e79e044e5b894dd3c55ae414
2023-07-24 16:38:57.066334 +0000 build-debian4: !! linux-firmware-20180402.tar.xz
2023-07-24 16:38:57.066341 +0000 build-debian4: !! linux-firmware-20190923.tar.xz
2023-07-24 16:38:57.066348 +0000 build-debian4: !! linux-firmware-20200122.tar.xz
2023-07-24 16:38:57.066355 +0000 build-debian4: !! linux-firmware-20200316.tar.xz
2023-07-24 16:38:57.066361 +0000 build-debian4: !! linux-firmware-20211027.tar.xz
2023-07-24 16:38:57.066368 +0000 build-debian4: !! linux-firmware-20211216.tar.xz
2023-07-24 16:38:57.066374 +0000 build-debian4: !! linux-firmware-20220610.tar.xz
2023-07-24 16:38:57.066381 +0000 build-debian4: !! linux-firmware-20220913.tar.xz
2023-07-24 16:38:57.066388 +0000 build-debian4: !! linux-firmware-20230117.tar.xz
2023-07-24 16:38:57.066394 +0000 build-debian4: !! linux-firmware-20230625.tar.xz
2023-07-24 16:38:57.066401 +0000 build-debian4: !! microcode_amd_fam17h.bin
2023-07-24 16:38:59.278132 +0000 build-debian4: e550f357009694a5af96b3e4a14a6b7a0793e6fe5605c35a4d02e803e36dd18208492c786bfd9f15d87d5a19d5f3c25a5827764f0afe32ec828ef2d57712b0b1  linux-firmware-20180402.tar.xz
2023-07-24 16:38:59.929971 +0000 build-debian4: ccc05038909dbfd75e93d5a9d5d7f66b7d24e50af46af4f7ab0209531c782290393c50043f33393e9e16b082a9d94a4ae060c1e1daec24f5f608f370965d5909  linux-firmware-20190923.tar.xz
2023-07-24 16:39:00.746813 +0000 build-debian4: c1a53ff5b2d3377972f741f2c738c3be5faa42bd480766f5521c4fa0998d4813f530a0fd2095646708c19a72e9ca9b6296185a1044fbb92fbb7528ec21552307  linux-firmware-20200122.tar.xz
2023-07-24 16:39:01.554373 +0000 build-debian4: 0579660568eee6cc36ccf84782632291a1b301df8131e3a33e38aa346043a8cc2ed4a5a6e5906b427e1fb70a9333018f250d24cbe79399d0aa13646aaf986313  linux-firmware-20200316.tar.xz
2023-07-24 16:39:02.886910 +0000 build-debian4: 7f1a900e717c2bd45f175123dc8e5b81fc57f62d766703fde56875b17df70c8e239603cadf28e2b4d1683b4d0d033b60ac9ac8eea3fcf6ee8d22a7f66d0f2e45  linux-firmware-20211027.tar.xz
2023-07-24 16:39:04.146862 +0000 build-debian4: dfcecf4fa5471d590c6444853efb4923957c11e5cd16ba9c7612aa367af699184595e33a023c4821b6feb9d84dd5eb4c5cb1808fd3e524b859ecb84b95ba4fa6  linux-firmware-20211216.tar.xz
2023-07-24 16:39:05.774942 +0000 build-debian4: 76176af2bf1e83d91c88289623364bc5d3e45d96c8586bd5c064535ee245d133283d2176d142492139cfbd41ca6ad195522c662d923b6cc76556c8509638ad0d  linux-firmware-20220610.tar.xz
2023-07-24 16:39:07.901392 +0000 build-debian4: 386f18d54c5979bf88c95b8cde4de4819faff4166cc4eee92ca397e86b3e6d408c078706c32c2ed0009402b7683dc985579ba53aa41234cf90d573ced1d7ece8  linux-firmware-20220913.tar.xz
2023-07-24 16:39:10.076430 +0000 build-debian4: 2ec8bacc1596f3049c8e019868f8496b8bb93080da05105787985f42a0423e2b3c2b51577769f44433e85585f1369c84f3c4742524de21eeaac221a06cd607ee  linux-firmware-20230117.tar.xz
2023-07-24 16:39:12.837543 +0000 build-debian4: 0e48aa7f63495485426d37491c7cb61843165625bd47f912c5d83628c6de871759f1a78be3af3d651f7c396bd87dff07e21ba7afc47896c1c143106d5f16d351  linux-firmware-20230625.tar.xz
2023-07-24 16:39:12.839710 +0000 build-debian4: 5b75f1096082a643539a5005a82c87e429868aad80ea15b4f97b5d139950181569624367048cb88f8dcf66c3f042f8209143567404fe4d168be73d5eb9c741cf  microcode_amd_fam17h.bin
2023-07-24 16:39:13.030781 +0000 build-debian4: ================================================================================
2023-07-24 16:39:13.035742 +0000 build-debian4:                            B U I L D   I N F O                                  
2023-07-24 16:39:13.035795 +0000 build-debian4: Items in red indicate it was automatically generated by configuration file(s)
2023-07-24 16:39:13.035808 +0000 build-debian4: Items in white indicate it was automatically removed by configuration file(s)
2023-07-24 16:39:13.035817 +0000 build-debian4: ================================================================================
2023-07-24 16:39:13.035823 +0000 build-debian4: DISTS_VM:
2023-07-24 16:39:13.048909 +0000 build-debian4:      buster+gnome, bullseye+gnome+firmware, bookworm+gnome+firmware, buster bullseye bookworm
2023-07-24 16:39:13.053382 +0000 build-debian4: DISTS_ALL:
2023-07-24 16:39:13.060684 +0000 build-debian4:      vm-bookworm, vm-bullseye, vm-buster,
2023-07-24 16:39:13.063094 +0000 build-debian4: DIST_DOM0:
2023-07-24 16:39:13.070801 +0000 build-debian4:     
2023-07-24 16:39:13.070857 +0000 build-debian4: BUILDER_PLUGINS:
2023-07-24 16:39:13.079578 +0000 build-debian4:      builder-debian, mgmt-salt, release-configs, linux-deb, builder-github,
2023-07-24 16:39:13.079612 +0000 build-debian4: COMPONENTS:
2023-07-24 16:39:13.084923 +0000 build-debian4:      linux-firmware,
2023-07-24 16:39:13.087821 +0000 build-debian4: GIT_REPOS:
2023-07-24 16:39:13.099084 +0000 build-debian4:      qubes-src/linux-firmware,
2023-07-24 16:39:13.099334 +0000 build-debian4: TEMPLATE:
2023-07-24 16:39:13.109138 +0000 build-debian4:     
2023-07-24 16:39:13.109171 +0000 build-debian4: TEMPLATE_FLAVOR_DIR:
2023-07-24 16:39:13.114083 +0000 build-debian4:     
2023-07-24 16:39:13.117920 +0000 build-debian4: TEMPLATE_ALIAS:
2023-07-24 16:39:13.127804 +0000 build-debian4:      stretch:stretch+standard, stretch+gnome:stretch+gnome+standard,
2023-07-24 16:39:13.127859 +0000 build-debian4:      stretch+minimal:stretch+minimal+no-recommends, buster:buster+gnome,
2023-07-24 16:39:13.127871 +0000 build-debian4:      buster+minimal:buster+minimal+no-recommends, bullseye:bullseye+gnome+firmware,
2023-07-24 16:39:13.127880 +0000 build-debian4:      bullseye+minimal:bullseye+minimal+no-recommends, bookworm:bookworm+gnome+firmware,
2023-07-24 16:39:13.127889 +0000 build-debian4:      bookworm+minimal:bookworm+minimal+no-recommends, bionic:bionic+standard,
2023-07-24 16:39:13.127898 +0000 build-debian4:      focal:focal+standard, whonix-gateway-15:buster+whonix-gateway+minimal+no-recommends,
2023-07-24 16:39:13.127906 +0000 build-debian4:      whonix-workstation-15:buster+whonix-workstation+minimal+no-recommends,
2023-07-24 16:39:13.127914 +0000 build-debian4:      whonix-gateway-16:bullseye+whonix-gateway+minimal+no-recommends,
2023-07-24 16:39:13.127922 +0000 build-debian4:      whonix-workstation-16:bullseye+whonix-workstation+minimal+no-recommends,
2023-07-24 16:39:13.128150 +0000 build-debian4: TEMPLATE_LABEL:
2023-07-24 16:39:13.139313 +0000 build-debian4:      buster+gnome:debian-10, buster+gnome:buster, bullseye+gnome+firmware:bullseye,
2023-07-24 16:39:13.139351 +0000 build-debian4:      bookworm+gnome+firmware:bookworm, fc34:fedora-34 fc35:fedora-35 fc36:fedora-36 fc37:fedora-37 fc38:fedora-38
2023-07-24 16:39:13.139364 +0000 build-debian4:      fc34+minimal:fedora-34-minimal fc35+minimal:fedora-35-minimal fc36+minimal:fedora-36-minimal
2023-07-24 16:39:13.139374 +0000 build-debian4:      fc37+minimal:fedora-37-minimal fc38+minimal:fedora-38-minimal fc34+xfce:fedora-34-xfce
2023-07-24 16:39:13.139384 +0000 build-debian4:      fc35+xfce:fedora-35-xfce fc36+xfce:fedora-36-xfce fc37+xfce:fedora-37-xfce fc38+xfce:fedora-38-xfce
2023-07-24 16:39:13.139393 +0000 build-debian4:      stretch:debian-9 stretch+standard:debian-9 stretch+xfce:debian-9-xfce buster+xfce:debian-10-xfce
2023-07-24 16:39:13.139401 +0000 build-debian4:      bullseye:debian-11 bullseye+standard+firmware:debian-11 bullseye+xfce:debian-11-xfce
2023-07-24 16:39:13.139410 +0000 build-debian4:      bookworm:debian-12 bookworm+standard:debian-12 bookworm+xfce:debian-12-xfce bionic+standard:bionic
2023-07-24 16:39:13.139433 +0000 build-debian4:      focal+standard:focal buster+whonix-gateway+minimal+no-recommends:whonix-gw-15
2023-07-24 16:39:13.139442 +0000 build-debian4:      buster+whonix-workstation+minimal+no-recommends:whonix-ws-15
2023-07-24 16:39:13.139450 +0000 build-debian4:      bullseye+whonix-gateway+minimal+no-recommends:whonix-gw-16
2023-07-24 16:39:13.139459 +0000 build-debian4:      bullseye+whonix-workstation+minimal+no-recommends:whonix-ws-16 centos7:centos-7
2023-07-24 16:39:13.139468 +0000 build-debian4:      centos7+minimal:centos-7-minimal centos7+xfce:centos-7-xfce centos-stream8:centos-stream-8
2023-07-24 16:39:13.139476 +0000 build-debian4:      centos-stream8+minimal:centos-stream-8-minimal centos-stream8+xfce:centos-stream-8-xfce
2023-07-24 16:39:13.203233 +0000 build-debian4: > running make
2023-07-24 16:39:13.252385 +0000 build-debian4: Makefile:863: update target 'internal-update-repo-security-testing.vm.bookworm.linux-firmware' due to: target does not exist
2023-07-24 16:39:13.252425 +0000 build-debian4: repo_base_var="LINUX_REPO_${DIST//-/_}_BASEDIR"; \
2023-07-24 16:39:13.252435 +0000 build-debian4: if [ "linux-firmware" = linux-template-builder ]; then \
2023-07-24 16:39:13.252445 +0000 build-debian4: .# templates belongs to dom0 repository, even though PACKAGE_SET=vm
2023-07-24 16:39:13.252452 +0000 build-debian4: repo_base_var="LINUX_REPO__BASEDIR"; \
2023-07-24 16:39:13.252458 +0000 build-debian4: fi; \
2023-07-24 16:39:13.252465 +0000 build-debian4: if [ -n "${!repo_base_var}" ]; then \
2023-07-24 16:39:13.252472 +0000 build-debian4: .repo_basedir="${!repo_base_var}"; \
2023-07-24 16:39:13.252477 +0000 build-debian4: else \
2023-07-24 16:39:13.252485 +0000 build-debian4: .repo_basedir="qubes-src/linux-deb/r4.1"; \
2023-07-24 16:39:13.252490 +0000 build-debian4: fi; \
2023-07-24 16:39:13.252497 +0000 build-debian4: if [ -r qubes-src/linux-firmware/Makefile.builder ]; then \
2023-07-24 16:39:13.252504 +0000 build-debian4: .echo -n "Updating qubes-src/linux-firmware... "; \
2023-07-24 16:39:13.252511 +0000 build-debian4: .if [ "0" -eq 1 ]; then \
2023-07-24 16:39:13.252519 +0000 build-debian4: ..vtag=`git -C qubes-src/linux-firmware tag --points-at HEAD --list v*`; \
2023-07-24 16:39:13.252526 +0000 build-debian4: ..if [ -z "$vtag" ]; then \
2023-07-24 16:39:13.252532 +0000 build-debian4: ...echo "no version tag"; \
2023-07-24 16:39:13.252538 +0000 build-debian4: ...exit 0; \
2023-07-24 16:39:13.252544 +0000 build-debian4: ..fi; \
2023-07-24 16:39:13.252550 +0000 build-debian4: .fi; \
2023-07-24 16:39:13.252557 +0000 build-debian4: .if [ "linux-firmware" = linux-template-builder ]; then
2023-07-24 16:39:13.252566 +0000 build-debian4: export TEMPLATE_NAME=$(MAKEFLAGS= make -s -C qubes-src/linux-template-builder DIST=bookworm template-name)
2023-07-24 16:39:13.252572 +0000 build-debian4: fi
2023-07-24 16:39:13.252587 +0000 build-debian4: component_packages=$(MAKEFLAGS= make -s -f Makefile.generic DIST=bookworm PACKAGE_SET=vm COMPONENT=`basename qubes-src/linux-firmware` UPDATE_REPO=/home/user/builder-r4.1/$repo_basedir/security-testing/vm/bookworm get-var GET_VAR=PACKAGE_LIST); \
2023-07-24 16:39:13.252595 +0000 build-debian4: .if [ -z "$component_packages" ]; then \
2023-07-24 16:39:13.252601 +0000 build-debian4: ..echo "no packages."; \
2023-07-24 16:39:13.252607 +0000 build-debian4: ..exit 0; \
2023-07-24 16:39:13.252613 +0000 build-debian4: .fi; \
2023-07-24 16:39:13.252620 +0000 build-debian4: .make -s -f Makefile.generic DIST=bookworm PACKAGE_SET=vm \
2023-07-24 16:39:13.252628 +0000 build-debian4: ..COMPONENT=`basename qubes-src/linux-firmware` \
2023-07-24 16:39:13.252634 +0000 build-debian4: ..SNAPSHOT_REPO=security-testing \
2023-07-24 16:39:13.252641 +0000 build-debian4: ..TARGET_REPO=security-testing \
2023-07-24 16:39:13.252649 +0000 build-debian4: ..UPDATE_REPO=/home/user/builder-r4.1/$repo_basedir/security-testing/vm/bookworm \
2023-07-24 16:39:13.252674 +0000 build-debian4: ..SNAPSHOT_FILE=/home/user/builder-r4.1/repo-latest-snapshot/security-testing-vm-bookworm-`basename qubes-src/linux-firmware` \
2023-07-24 16:39:13.252682 +0000 build-debian4: ..BUILD_LOG_URL= \
2023-07-24 16:39:13.252688 +0000 build-debian4: ..update-repo || exit 1; \
2023-07-24 16:39:13.252697 +0000 build-debian4: elif make -C qubes-src/linux-firmware -n update-repo-security-testing >/dev/null 2>/dev/null; then \
2023-07-24 16:39:13.252706 +0000 build-debian4: .echo "Updating qubes-src/linux-firmware... "; \
2023-07-24 16:39:13.252714 +0000 build-debian4: .DIST=bookworm UPDATE_REPO=/home/user/builder-r4.1/$repo_basedir/security-testing/vm/bookworm \
2023-07-24 16:39:13.252723 +0000 build-debian4: .make -s -C qubes-src/linux-firmware update-repo-security-testing || exit 1; \
2023-07-24 16:39:13.252728 +0000 build-debian4: else \
2023-07-24 16:39:13.252736 +0000 build-debian4: .echo -n "Updating qubes-src/linux-firmware... skipping."; \
2023-07-24 16:39:13.252741 +0000 build-debian4: fi; \
2023-07-24 16:39:13.252748 +0000 build-debian4: echo
2023-07-24 16:39:13.317120 +0000 build-debian4: Updating qubes-src/linux-firmware... no packages.
2023-07-24 16:39:13.317166 +0000 build-debian4: Makefile:836: update target 'internal-update-repo-security-testing.vm.bookworm' due to: internal-update-repo-security-testing.vm.bookworm.linux-firmware
2023-07-24 16:39:13.317175 +0000 build-debian4: true
2023-07-24 16:39:13.320973 +0000 build-debian4: Makefile:863: update target 'internal-update-repo-security-testing.vm.bullseye.linux-firmware' due to: target does not exist
2023-07-24 16:39:13.321007 +0000 build-debian4: repo_base_var="LINUX_REPO_${DIST//-/_}_BASEDIR"; \
2023-07-24 16:39:13.321018 +0000 build-debian4: if [ "linux-firmware" = linux-template-builder ]; then \
2023-07-24 16:39:13.321028 +0000 build-debian4: .# templates belongs to dom0 repository, even though PACKAGE_SET=vm
2023-07-24 16:39:13.321035 +0000 build-debian4: repo_base_var="LINUX_REPO__BASEDIR"; \
2023-07-24 16:39:13.321041 +0000 build-debian4: fi; \
2023-07-24 16:39:13.321048 +0000 build-debian4: if [ -n "${!repo_base_var}" ]; then \
2023-07-24 16:39:13.321055 +0000 build-debian4: .repo_basedir="${!repo_base_var}"; \
2023-07-24 16:39:13.321060 +0000 build-debian4: else \
2023-07-24 16:39:13.321067 +0000 build-debian4: .repo_basedir="qubes-src/linux-deb/r4.1"; \
2023-07-24 16:39:13.321072 +0000 build-debian4: fi; \
2023-07-24 16:39:13.321080 +0000 build-debian4: if [ -r qubes-src/linux-firmware/Makefile.builder ]; then \
2023-07-24 16:39:13.321087 +0000 build-debian4: .echo -n "Updating qubes-src/linux-firmware... "; \
2023-07-24 16:39:13.321093 +0000 build-debian4: .if [ "0" -eq 1 ]; then \
2023-07-24 16:39:13.321101 +0000 build-debian4: ..vtag=`git -C qubes-src/linux-firmware tag --points-at HEAD --list v*`; \
2023-07-24 16:39:13.321108 +0000 build-debian4: ..if [ -z "$vtag" ]; then \
2023-07-24 16:39:13.321114 +0000 build-debian4: ...echo "no version tag"; \
2023-07-24 16:39:13.321121 +0000 build-debian4: ...exit 0; \
2023-07-24 16:39:13.321126 +0000 build-debian4: ..fi; \
2023-07-24 16:39:13.321132 +0000 build-debian4: .fi; \
2023-07-24 16:39:13.321139 +0000 build-debian4: .if [ "linux-firmware" = linux-template-builder ]; then
2023-07-24 16:39:13.321148 +0000 build-debian4: export TEMPLATE_NAME=$(MAKEFLAGS= make -s -C qubes-src/linux-template-builder DIST=bullseye template-name)
2023-07-24 16:39:13.321154 +0000 build-debian4: fi
2023-07-24 16:39:13.321168 +0000 build-debian4: component_packages=$(MAKEFLAGS= make -s -f Makefile.generic DIST=bullseye PACKAGE_SET=vm COMPONENT=`basename qubes-src/linux-firmware` UPDATE_REPO=/home/user/builder-r4.1/$repo_basedir/security-testing/vm/bullseye get-var GET_VAR=PACKAGE_LIST); \
2023-07-24 16:39:13.321176 +0000 build-debian4: .if [ -z "$component_packages" ]; then \
2023-07-24 16:39:13.321182 +0000 build-debian4: ..echo "no packages."; \
2023-07-24 16:39:13.321188 +0000 build-debian4: ..exit 0; \
2023-07-24 16:39:13.321209 +0000 build-debian4: .fi; \
2023-07-24 16:39:13.321218 +0000 build-debian4: .make -s -f Makefile.generic DIST=bullseye PACKAGE_SET=vm \
2023-07-24 16:39:13.321225 +0000 build-debian4: ..COMPONENT=`basename qubes-src/linux-firmware` \
2023-07-24 16:39:13.321232 +0000 build-debian4: ..SNAPSHOT_REPO=security-testing \
2023-07-24 16:39:13.321239 +0000 build-debian4: ..TARGET_REPO=security-testing \
2023-07-24 16:39:13.321247 +0000 build-debian4: ..UPDATE_REPO=/home/user/builder-r4.1/$repo_basedir/security-testing/vm/bullseye \
2023-07-24 16:39:13.321257 +0000 build-debian4: ..SNAPSHOT_FILE=/home/user/builder-r4.1/repo-latest-snapshot/security-testing-vm-bullseye-`basename qubes-src/linux-firmware` \
2023-07-24 16:39:13.321264 +0000 build-debian4: ..BUILD_LOG_URL= \
2023-07-24 16:39:13.321270 +0000 build-debian4: ..update-repo || exit 1; \
2023-07-24 16:39:13.321279 +0000 build-debian4: elif make -C qubes-src/linux-firmware -n update-repo-security-testing >/dev/null 2>/dev/null; then \
2023-07-24 16:39:13.321287 +0000 build-debian4: .echo "Updating qubes-src/linux-firmware... "; \
2023-07-24 16:39:13.321296 +0000 build-debian4: .DIST=bullseye UPDATE_REPO=/home/user/builder-r4.1/$repo_basedir/security-testing/vm/bullseye \
2023-07-24 16:39:13.321304 +0000 build-debian4: .make -s -C qubes-src/linux-firmware update-repo-security-testing || exit 1; \
2023-07-24 16:39:13.321310 +0000 build-debian4: else \
2023-07-24 16:39:13.321318 +0000 build-debian4: .echo -n "Updating qubes-src/linux-firmware... skipping."; \
2023-07-24 16:39:13.321324 +0000 build-debian4: fi; \
2023-07-24 16:39:13.321329 +0000 build-debian4: echo
2023-07-24 16:39:13.366581 +0000 build-debian4: Updating qubes-src/linux-firmware... no packages.
2023-07-24 16:39:13.366623 +0000 build-debian4: Makefile:836: update target 'internal-update-repo-security-testing.vm.bullseye' due to: internal-update-repo-security-testing.vm.bullseye.linux-firmware
2023-07-24 16:39:13.366633 +0000 build-debian4: true
2023-07-24 16:39:13.366643 +0000 build-debian4: Makefile:863: update target 'internal-update-repo-security-testing.vm.buster.linux-firmware' due to: target does not exist
2023-07-24 16:39:13.366651 +0000 build-debian4: repo_base_var="LINUX_REPO_${DIST//-/_}_BASEDIR"; \
2023-07-24 16:39:13.366659 +0000 build-debian4: if [ "linux-firmware" = linux-template-builder ]; then \
2023-07-24 16:39:13.366667 +0000 build-debian4: .# templates belongs to dom0 repository, even though PACKAGE_SET=vm
2023-07-24 16:39:13.366674 +0000 build-debian4: repo_base_var="LINUX_REPO__BASEDIR"; \
2023-07-24 16:39:13.366679 +0000 build-debian4: fi; \
2023-07-24 16:39:13.366686 +0000 build-debian4: if [ -n "${!repo_base_var}" ]; then \
2023-07-24 16:39:13.366693 +0000 build-debian4: .repo_basedir="${!repo_base_var}"; \
2023-07-24 16:39:13.366698 +0000 build-debian4: else \
2023-07-24 16:39:13.366705 +0000 build-debian4: .repo_basedir="qubes-src/linux-deb/r4.1"; \
2023-07-24 16:39:13.366710 +0000 build-debian4: fi; \
2023-07-24 16:39:13.366718 +0000 build-debian4: if [ -r qubes-src/linux-firmware/Makefile.builder ]; then \
2023-07-24 16:39:13.366725 +0000 build-debian4: .echo -n "Updating qubes-src/linux-firmware... "; \
2023-07-24 16:39:13.366731 +0000 build-debian4: .if [ "0" -eq 1 ]; then \
2023-07-24 16:39:13.366740 +0000 build-debian4: ..vtag=`git -C qubes-src/linux-firmware tag --points-at HEAD --list v*`; \
2023-07-24 16:39:13.366746 +0000 build-debian4: ..if [ -z "$vtag" ]; then \
2023-07-24 16:39:13.366752 +0000 build-debian4: ...echo "no version tag"; \
2023-07-24 16:39:13.366758 +0000 build-debian4: ...exit 0; \
2023-07-24 16:39:13.366764 +0000 build-debian4: ..fi; \
2023-07-24 16:39:13.366769 +0000 build-debian4: .fi; \
2023-07-24 16:39:13.366777 +0000 build-debian4: .if [ "linux-firmware" = linux-template-builder ]; then
2023-07-24 16:39:13.366786 +0000 build-debian4: export TEMPLATE_NAME=$(MAKEFLAGS= make -s -C qubes-src/linux-template-builder DIST=buster template-name)
2023-07-24 16:39:13.366791 +0000 build-debian4: fi
2023-07-24 16:39:13.366820 +0000 build-debian4: component_packages=$(MAKEFLAGS= make -s -f Makefile.generic DIST=buster PACKAGE_SET=vm COMPONENT=`basename qubes-src/linux-firmware` UPDATE_REPO=/home/user/builder-r4.1/$repo_basedir/security-testing/vm/buster get-var GET_VAR=PACKAGE_LIST); \
2023-07-24 16:39:13.366854 +0000 build-debian4: .if [ -z "$component_packages" ]; then \
2023-07-24 16:39:13.366862 +0000 build-debian4: ..echo "no packages."; \
2023-07-24 16:39:13.366868 +0000 build-debian4: ..exit 0; \
2023-07-24 16:39:13.366874 +0000 build-debian4: .fi; \
2023-07-24 16:39:13.366881 +0000 build-debian4: .make -s -f Makefile.generic DIST=buster PACKAGE_SET=vm \
2023-07-24 16:39:13.366888 +0000 build-debian4: ..COMPONENT=`basename qubes-src/linux-firmware` \
2023-07-24 16:39:13.366895 +0000 build-debian4: ..SNAPSHOT_REPO=security-testing \
2023-07-24 16:39:13.366901 +0000 build-debian4: ..TARGET_REPO=security-testing \
2023-07-24 16:39:13.366910 +0000 build-debian4: ..UPDATE_REPO=/home/user/builder-r4.1/$repo_basedir/security-testing/vm/buster \
2023-07-24 16:39:13.366920 +0000 build-debian4: ..SNAPSHOT_FILE=/home/user/builder-r4.1/repo-latest-snapshot/security-testing-vm-buster-`basename qubes-src/linux-firmware` \
2023-07-24 16:39:13.366926 +0000 build-debian4: ..BUILD_LOG_URL= \
2023-07-24 16:39:13.366932 +0000 build-debian4: ..update-repo || exit 1; \
2023-07-24 16:39:13.366941 +0000 build-debian4: elif make -C qubes-src/linux-firmware -n update-repo-security-testing >/dev/null 2>/dev/null; then \
2023-07-24 16:39:13.366948 +0000 build-debian4: .echo "Updating qubes-src/linux-firmware... "; \
2023-07-24 16:39:13.366957 +0000 build-debian4: .DIST=buster UPDATE_REPO=/home/user/builder-r4.1/$repo_basedir/security-testing/vm/buster \
2023-07-24 16:39:13.366965 +0000 build-debian4: .make -s -C qubes-src/linux-firmware update-repo-security-testing || exit 1; \
2023-07-24 16:39:13.366971 +0000 build-debian4: else \
2023-07-24 16:39:13.366978 +0000 build-debian4: .echo -n "Updating qubes-src/linux-firmware... skipping."; \
2023-07-24 16:39:13.366984 +0000 build-debian4: fi; \
2023-07-24 16:39:13.366989 +0000 build-debian4: echo
2023-07-24 16:39:13.408419 +0000 build-debian4: Updating qubes-src/linux-firmware... no packages.
2023-07-24 16:39:13.408464 +0000 build-debian4: Makefile:836: update target 'internal-update-repo-security-testing.vm.buster' due to: internal-update-repo-security-testing.vm.buster.linux-firmware
2023-07-24 16:39:13.408475 +0000 build-debian4: true
2023-07-24 16:39:13.416912 +0000 build-debian4: Makefile:945: update target 'post-update-repo-security-testing' due to: target does not exist
2023-07-24 16:39:13.416945 +0000 build-debian4: true
2023-07-24 16:39:13.433343 +0000 build-debian4: Makefile:819: update target 'update-repo-security-testing' due to: internal-update-repo-security-testing.vm.bookworm internal-update-repo-security-testing.vm.bullseye internal-update-repo-security-testing.vm.buster post-update-repo-security-testing
2023-07-24 16:39:13.433378 +0000 build-debian4: true
2023-07-24 16:39:13.433386 +0000 build-debian4: > done
2023-07-24 16:39:13.433397 +0000 > closing log
