2018-07-23 19:45:12.646687 +0000 > starting log
2018-07-23 19:45:12.648415 +0000 build-debian4: > starting build with log
2018-07-23 19:45:12.648458 +0000 build-debian4: >> make args: update-repo-current
2018-07-23 19:45:12.648486 +0000 build-debian4: >> MAKEFLAGS=
2018-07-23 19:45:12.648512 +0000 build-debian4: >> COMPONENTS=installer-qubes-os
2018-07-23 19:45:12.648537 +0000 build-debian4: >> DISTS_VM=jessie stretch buster
2018-07-23 19:45:12.648560 +0000 build-debian4: >> DIST_DOM0=
2018-07-23 19:45:12.648585 +0000 build-debian4: >> qubes-builder 25d67fb28c2268a92a89e58a537ec98ca582270e
2018-07-23 19:45:12.648615 +0000 build-debian4: >> qubes-builder/qubes-src/installer-qubes-os cb4a19ffcf72d861bc7f4ed933775de7abf62717
2018-07-23 19:45:12.710758 +0000 build-debian4: ================================================================================
2018-07-23 19:45:12.710851 +0000 build-debian4:                            B U I L D   I N F O                                  
2018-07-23 19:45:12.710880 +0000 build-debian4: Items in red indicate it was automatically generated by configuration file(s)
2018-07-23 19:45:12.710924 +0000 build-debian4: Items in white indicate it was automatically removed by configuration file(s)
2018-07-23 19:45:12.710958 +0000 build-debian4: ================================================================================
2018-07-23 19:45:12.710973 +0000 build-debian4: DISTS_VM:
2018-07-23 19:45:12.717707 +0000 build-debian4:      jessie+standard, stretch+standard, buster, jessie stretch
2018-07-23 19:45:12.718258 +0000 build-debian4: DISTS_ALL:
2018-07-23 19:45:12.725391 +0000 build-debian4:      buster, jessie, stretch,
2018-07-23 19:45:12.725942 +0000 build-debian4: DIST_DOM0:
2018-07-23 19:45:12.733200 +0000 build-debian4:     
2018-07-23 19:45:12.733775 +0000 build-debian4: BUILDER_PLUGINS:
2018-07-23 19:45:12.741043 +0000 build-debian4:      builder-debian, mgmt-salt, linux-deb, builder-github,
2018-07-23 19:45:12.741735 +0000 build-debian4: COMPONENTS:
2018-07-23 19:45:12.749191 +0000 build-debian4:      installer-qubes-os,
2018-07-23 19:45:12.749705 +0000 build-debian4: GIT_REPOS:
2018-07-23 19:45:12.756147 +0000 build-debian4:      qubes-src/installer-qubes-os,
2018-07-23 19:45:12.756802 +0000 build-debian4: TEMPLATE:
2018-07-23 19:45:12.765283 +0000 build-debian4:     
2018-07-23 19:45:12.765700 +0000 build-debian4: TEMPLATE_FLAVOR_DIR:
2018-07-23 19:45:12.773255 +0000 build-debian4:     
2018-07-23 19:45:12.773855 +0000 build-debian4: TEMPLATE_ALIAS:
2018-07-23 19:45:12.780622 +0000 build-debian4:      jessie:jessie+standard, jessie+gnome:jessie+gnome+standard, jessie+minimal:jessie+minimal+no-recommends,
2018-07-23 19:45:12.780668 +0000 build-debian4:      stretch:stretch+standard, stretch+gnome:stretch+gnome+standard,
2018-07-23 19:45:12.780690 +0000 build-debian4:      stretch+minimal:stretch+minimal+no-recommends,
2018-07-23 19:45:12.781152 +0000 build-debian4: TEMPLATE_LABEL:
2018-07-23 19:45:12.787955 +0000 build-debian4:      jessie+standard:debian-8, stretch+standard:debian-9, jessie+standard:jessie, stretch+standard:stretch,
2018-07-23 19:45:12.788022 +0000 build-debian4:      fc20:fedora-20 fc21:fedora-21 fc22:fedora-22 fc23:fedora-23 fc24:fedora-24 fc25:fedora-25 fc26:fedora-26
2018-07-23 19:45:12.788060 +0000 build-debian4:      fc27:fedora-27 fc28:fedora-28 fc20+minimal:fedora-20-minimal fc21+minimal:fedora-21-minimal
2018-07-23 19:45:12.788094 +0000 build-debian4:      fc23+minimal:fedora-23-minimal fc24+minimal:fedora-24-minimal fc25+minimal:fedora-25-minimal
2018-07-23 19:45:12.788126 +0000 build-debian4:      fc26+minimal:fedora-26-minimal fc27+minimal:fedora-27-minimal fc28+minimal:fedora-28-minimal
2018-07-23 19:45:12.788158 +0000 build-debian4:      fc25+xfce:fedora-25-xfce fc26+xfce:fedora-26-xfce fc27+xfce:fedora-27-xfce fc28+xfce:fedora-28-xfce
2018-07-23 19:45:12.788190 +0000 build-debian4:      wheezy:debian-7 wheezy+standard:debian-7 jessie:debian-8 stretch:debian-9 centos7:centos-7
2018-07-23 19:45:12.788219 +0000 build-debian4:      centos7+minimal:centos-7-minimal centos7+xfce:centos-7-xfce
2018-07-23 19:45:12.844031 +0000 build-debian4: > running make
2018-07-23 19:45:12.892122 +0000 build-debian4: Makefile:765: target 'internal-update-repo-current.vm.buster.installer-qubes-os' does not exist
2018-07-23 19:45:12.892198 +0000 build-debian4: repo_base_var="LINUX_REPO_buster_BASEDIR"; \
2018-07-23 19:45:12.892246 +0000 build-debian4: if [ "installer-qubes-os" = linux-template-builder ]; then \
2018-07-23 19:45:12.892287 +0000 build-debian4: .# templates belongs to dom0 repository, even though PACKAGE_SET=vm
2018-07-23 19:45:12.892319 +0000 build-debian4: repo_base_var="LINUX_REPO__BASEDIR"; \
2018-07-23 19:45:12.892345 +0000 build-debian4: fi; \
2018-07-23 19:45:12.892373 +0000 build-debian4: if [ -n "${!repo_base_var}" ]; then \
2018-07-23 19:45:12.892406 +0000 build-debian4: .repo_basedir="${!repo_base_var}"; \
2018-07-23 19:45:12.892431 +0000 build-debian4: else \
2018-07-23 19:45:12.892458 +0000 build-debian4: .repo_basedir="qubes-src/linux-deb/r4.0"; \
2018-07-23 19:45:12.892479 +0000 build-debian4: fi; \
2018-07-23 19:45:12.892508 +0000 build-debian4: if [ -r qubes-src/installer-qubes-os/Makefile.builder ]; then \
2018-07-23 19:45:12.892536 +0000 build-debian4: .echo -n "Updating qubes-src/installer-qubes-os... "; \
2018-07-23 19:45:12.892560 +0000 build-debian4: .if [ "0" -eq 1 ]; then \
2018-07-23 19:45:12.892591 +0000 build-debian4: ..vtag=`git -C qubes-src/installer-qubes-os tag --points-at HEAD --list v*`; \
2018-07-23 19:45:12.892616 +0000 build-debian4: ..if [ -z "$vtag" ]; then \
2018-07-23 19:45:12.892641 +0000 build-debian4: ...echo "no version tag"; \
2018-07-23 19:45:12.892664 +0000 build-debian4: ...exit 0; \
2018-07-23 19:45:12.892685 +0000 build-debian4: ..fi; \
2018-07-23 19:45:12.892735 +0000 build-debian4: .fi; \
2018-07-23 19:45:12.892763 +0000 build-debian4: .if [ "installer-qubes-os" = linux-template-builder ]; then
2018-07-23 19:45:12.892796 +0000 build-debian4: export TEMPLATE_NAME=$(MAKEFLAGS= make -s -C qubes-src/linux-template-builder DIST=buster template-name)
2018-07-23 19:45:12.892819 +0000 build-debian4: fi
2018-07-23 19:45:12.892866 +0000 build-debian4: component_packages=$(MAKEFLAGS= make -s -f Makefile.generic DIST=buster PACKAGE_SET=vm COMPONENT=`basename qubes-src/installer-qubes-os` UPDATE_REPO=/home/user/builder-r4.0/$repo_basedir/current/vm/buster get-var GET_VAR=PACKAGE_LIST); \
2018-07-23 19:45:12.892896 +0000 build-debian4: .if [ -z "$component_packages" ]; then \
2018-07-23 19:45:12.892922 +0000 build-debian4: ..echo "no packages."; \
2018-07-23 19:45:12.892944 +0000 build-debian4: ..exit 0; \
2018-07-23 19:45:12.892965 +0000 build-debian4: .fi; \
2018-07-23 19:45:12.892993 +0000 build-debian4: .make -s -f Makefile.generic DIST=buster PACKAGE_SET=vm \
2018-07-23 19:45:12.893021 +0000 build-debian4: ..COMPONENT=`basename qubes-src/installer-qubes-os` \
2018-07-23 19:45:12.893047 +0000 build-debian4: ..SNAPSHOT_REPO=current-testing \
2018-07-23 19:45:12.893071 +0000 build-debian4: ..TARGET_REPO=current \
2018-07-23 19:45:12.893102 +0000 build-debian4: ..UPDATE_REPO=/home/user/builder-r4.0/$repo_basedir/current/vm/buster \
2018-07-23 19:45:12.893139 +0000 build-debian4: ..SNAPSHOT_FILE=/home/user/builder-r4.0/repo-latest-snapshot/current-testing-vm-buster-`basename qubes-src/installer-qubes-os` \
2018-07-23 19:45:12.893164 +0000 build-debian4: ..BUILD_LOG_URL= \
2018-07-23 19:45:12.893191 +0000 build-debian4: ..update-repo-from-snapshot || exit 1; \
2018-07-23 19:45:12.893222 +0000 build-debian4: elif make -C qubes-src/installer-qubes-os -n update-repo-current >/dev/null 2>/dev/null; then \
2018-07-23 19:45:12.893249 +0000 build-debian4: .echo "Updating qubes-src/installer-qubes-os... "; \
2018-07-23 19:45:12.893280 +0000 build-debian4: .DIST=buster UPDATE_REPO=/home/user/builder-r4.0/$repo_basedir/current/vm/buster \
2018-07-23 19:45:12.893310 +0000 build-debian4: .make -s -C qubes-src/installer-qubes-os update-repo-current || exit 1; \
2018-07-23 19:45:12.893334 +0000 build-debian4: else \
2018-07-23 19:45:12.893363 +0000 build-debian4: .echo -n "Updating qubes-src/installer-qubes-os... skipping."; \
2018-07-23 19:45:12.893406 +0000 build-debian4: fi; \
2018-07-23 19:45:12.893428 +0000 build-debian4: echo
2018-07-23 19:45:13.103022 +0000 build-debian4: Updating qubes-src/installer-qubes-os... no packages.
2018-07-23 19:45:13.103704 +0000 build-debian4: Makefile:738: update target 'internal-update-repo-current.vm.buster' due to: internal-update-repo-current.vm.buster.installer-qubes-os
2018-07-23 19:45:13.103743 +0000 build-debian4: true
2018-07-23 19:45:13.108867 +0000 build-debian4: Makefile:765: target 'internal-update-repo-current.vm.jessie.installer-qubes-os' does not exist
2018-07-23 19:45:13.108927 +0000 build-debian4: repo_base_var="LINUX_REPO_jessie_BASEDIR"; \
2018-07-23 19:45:13.108954 +0000 build-debian4: if [ "installer-qubes-os" = linux-template-builder ]; then \
2018-07-23 19:45:13.108976 +0000 build-debian4: .# templates belongs to dom0 repository, even though PACKAGE_SET=vm
2018-07-23 19:45:13.108995 +0000 build-debian4: repo_base_var="LINUX_REPO__BASEDIR"; \
2018-07-23 19:45:13.109011 +0000 build-debian4: fi; \
2018-07-23 19:45:13.109028 +0000 build-debian4: if [ -n "${!repo_base_var}" ]; then \
2018-07-23 19:45:13.109044 +0000 build-debian4: .repo_basedir="${!repo_base_var}"; \
2018-07-23 19:45:13.109057 +0000 build-debian4: else \
2018-07-23 19:45:13.109073 +0000 build-debian4: .repo_basedir="qubes-src/linux-deb/r4.0"; \
2018-07-23 19:45:13.109087 +0000 build-debian4: fi; \
2018-07-23 19:45:13.109103 +0000 build-debian4: if [ -r qubes-src/installer-qubes-os/Makefile.builder ]; then \
2018-07-23 19:45:13.109119 +0000 build-debian4: .echo -n "Updating qubes-src/installer-qubes-os... "; \
2018-07-23 19:45:13.109134 +0000 build-debian4: .if [ "0" -eq 1 ]; then \
2018-07-23 19:45:13.109152 +0000 build-debian4: ..vtag=`git -C qubes-src/installer-qubes-os tag --points-at HEAD --list v*`; \
2018-07-23 19:45:13.109167 +0000 build-debian4: ..if [ -z "$vtag" ]; then \
2018-07-23 19:45:13.109181 +0000 build-debian4: ...echo "no version tag"; \
2018-07-23 19:45:13.109195 +0000 build-debian4: ...exit 0; \
2018-07-23 19:45:13.109208 +0000 build-debian4: ..fi; \
2018-07-23 19:45:13.109221 +0000 build-debian4: .fi; \
2018-07-23 19:45:13.109237 +0000 build-debian4: .if [ "installer-qubes-os" = linux-template-builder ]; then
2018-07-23 19:45:13.109256 +0000 build-debian4: export TEMPLATE_NAME=$(MAKEFLAGS= make -s -C qubes-src/linux-template-builder DIST=jessie template-name)
2018-07-23 19:45:13.109269 +0000 build-debian4: fi
2018-07-23 19:45:13.109296 +0000 build-debian4: component_packages=$(MAKEFLAGS= make -s -f Makefile.generic DIST=jessie PACKAGE_SET=vm COMPONENT=`basename qubes-src/installer-qubes-os` UPDATE_REPO=/home/user/builder-r4.0/$repo_basedir/current/vm/jessie get-var GET_VAR=PACKAGE_LIST); \
2018-07-23 19:45:13.109313 +0000 build-debian4: .if [ -z "$component_packages" ]; then \
2018-07-23 19:45:13.109327 +0000 build-debian4: ..echo "no packages."; \
2018-07-23 19:45:13.109340 +0000 build-debian4: ..exit 0; \
2018-07-23 19:45:13.109353 +0000 build-debian4: .fi; \
2018-07-23 19:45:13.109369 +0000 build-debian4: .make -s -f Makefile.generic DIST=jessie PACKAGE_SET=vm \
2018-07-23 19:45:13.109385 +0000 build-debian4: ..COMPONENT=`basename qubes-src/installer-qubes-os` \
2018-07-23 19:45:13.109411 +0000 build-debian4: ..SNAPSHOT_REPO=current-testing \
2018-07-23 19:45:13.109441 +0000 build-debian4: ..TARGET_REPO=current \
2018-07-23 19:45:13.109461 +0000 build-debian4: ..UPDATE_REPO=/home/user/builder-r4.0/$repo_basedir/current/vm/jessie \
2018-07-23 19:45:13.109483 +0000 build-debian4: ..SNAPSHOT_FILE=/home/user/builder-r4.0/repo-latest-snapshot/current-testing-vm-jessie-`basename qubes-src/installer-qubes-os` \
2018-07-23 19:45:13.109498 +0000 build-debian4: ..BUILD_LOG_URL= \
2018-07-23 19:45:13.109513 +0000 build-debian4: ..update-repo-from-snapshot || exit 1; \
2018-07-23 19:45:13.109531 +0000 build-debian4: elif make -C qubes-src/installer-qubes-os -n update-repo-current >/dev/null 2>/dev/null; then \
2018-07-23 19:45:13.109547 +0000 build-debian4: .echo "Updating qubes-src/installer-qubes-os... "; \
2018-07-23 19:45:13.109582 +0000 build-debian4: .DIST=jessie UPDATE_REPO=/home/user/builder-r4.0/$repo_basedir/current/vm/jessie \
2018-07-23 19:45:13.109601 +0000 build-debian4: .make -s -C qubes-src/installer-qubes-os update-repo-current || exit 1; \
2018-07-23 19:45:13.109614 +0000 build-debian4: else \
2018-07-23 19:45:13.109635 +0000 build-debian4: .echo -n "Updating qubes-src/installer-qubes-os... skipping."; \
2018-07-23 19:45:13.109648 +0000 build-debian4: fi; \
2018-07-23 19:45:13.109660 +0000 build-debian4: echo
2018-07-23 19:45:13.304773 +0000 build-debian4: Updating qubes-src/installer-qubes-os... no packages.
2018-07-23 19:45:13.305459 +0000 build-debian4: Makefile:738: update target 'internal-update-repo-current.vm.jessie' due to: internal-update-repo-current.vm.jessie.installer-qubes-os
2018-07-23 19:45:13.305511 +0000 build-debian4: true
2018-07-23 19:45:13.311130 +0000 build-debian4: Makefile:765: target 'internal-update-repo-current.vm.stretch.installer-qubes-os' does not exist
2018-07-23 19:45:13.311201 +0000 build-debian4: repo_base_var="LINUX_REPO_stretch_BASEDIR"; \
2018-07-23 19:45:13.311242 +0000 build-debian4: if [ "installer-qubes-os" = linux-template-builder ]; then \
2018-07-23 19:45:13.311278 +0000 build-debian4: .# templates belongs to dom0 repository, even though PACKAGE_SET=vm
2018-07-23 19:45:13.311307 +0000 build-debian4: repo_base_var="LINUX_REPO__BASEDIR"; \
2018-07-23 19:45:13.311332 +0000 build-debian4: fi; \
2018-07-23 19:45:13.311360 +0000 build-debian4: if [ -n "${!repo_base_var}" ]; then \
2018-07-23 19:45:13.311387 +0000 build-debian4: .repo_basedir="${!repo_base_var}"; \
2018-07-23 19:45:13.311410 +0000 build-debian4: else \
2018-07-23 19:45:13.311437 +0000 build-debian4: .repo_basedir="qubes-src/linux-deb/r4.0"; \
2018-07-23 19:45:13.311459 +0000 build-debian4: fi; \
2018-07-23 19:45:13.311487 +0000 build-debian4: if [ -r qubes-src/installer-qubes-os/Makefile.builder ]; then \
2018-07-23 19:45:13.311514 +0000 build-debian4: .echo -n "Updating qubes-src/installer-qubes-os... "; \
2018-07-23 19:45:13.311539 +0000 build-debian4: .if [ "0" -eq 1 ]; then \
2018-07-23 19:45:13.311570 +0000 build-debian4: ..vtag=`git -C qubes-src/installer-qubes-os tag --points-at HEAD --list v*`; \
2018-07-23 19:45:13.311596 +0000 build-debian4: ..if [ -z "$vtag" ]; then \
2018-07-23 19:45:13.311620 +0000 build-debian4: ...echo "no version tag"; \
2018-07-23 19:45:13.311643 +0000 build-debian4: ...exit 0; \
2018-07-23 19:45:13.311665 +0000 build-debian4: ..fi; \
2018-07-23 19:45:13.311686 +0000 build-debian4: .fi; \
2018-07-23 19:45:13.311753 +0000 build-debian4: .if [ "installer-qubes-os" = linux-template-builder ]; then
2018-07-23 19:45:13.311787 +0000 build-debian4: export TEMPLATE_NAME=$(MAKEFLAGS= make -s -C qubes-src/linux-template-builder DIST=stretch template-name)
2018-07-23 19:45:13.311809 +0000 build-debian4: fi
2018-07-23 19:45:13.311863 +0000 build-debian4: component_packages=$(MAKEFLAGS= make -s -f Makefile.generic DIST=stretch PACKAGE_SET=vm COMPONENT=`basename qubes-src/installer-qubes-os` UPDATE_REPO=/home/user/builder-r4.0/$repo_basedir/current/vm/stretch get-var GET_VAR=PACKAGE_LIST); \
2018-07-23 19:45:13.311892 +0000 build-debian4: .if [ -z "$component_packages" ]; then \
2018-07-23 19:45:13.311917 +0000 build-debian4: ..echo "no packages."; \
2018-07-23 19:45:13.311939 +0000 build-debian4: ..exit 0; \
2018-07-23 19:45:13.311961 +0000 build-debian4: .fi; \
2018-07-23 19:45:13.311990 +0000 build-debian4: .make -s -f Makefile.generic DIST=stretch PACKAGE_SET=vm \
2018-07-23 19:45:13.312017 +0000 build-debian4: ..COMPONENT=`basename qubes-src/installer-qubes-os` \
2018-07-23 19:45:13.312043 +0000 build-debian4: ..SNAPSHOT_REPO=current-testing \
2018-07-23 19:45:13.312066 +0000 build-debian4: ..TARGET_REPO=current \
2018-07-23 19:45:13.312097 +0000 build-debian4: ..UPDATE_REPO=/home/user/builder-r4.0/$repo_basedir/current/vm/stretch \
2018-07-23 19:45:13.312133 +0000 build-debian4: ..SNAPSHOT_FILE=/home/user/builder-r4.0/repo-latest-snapshot/current-testing-vm-stretch-`basename qubes-src/installer-qubes-os` \
2018-07-23 19:45:13.312181 +0000 build-debian4: ..BUILD_LOG_URL= \
2018-07-23 19:45:13.312207 +0000 build-debian4: ..update-repo-from-snapshot || exit 1; \
2018-07-23 19:45:13.312238 +0000 build-debian4: elif make -C qubes-src/installer-qubes-os -n update-repo-current >/dev/null 2>/dev/null; then \
2018-07-23 19:45:13.312266 +0000 build-debian4: .echo "Updating qubes-src/installer-qubes-os... "; \
2018-07-23 19:45:13.312298 +0000 build-debian4: .DIST=stretch UPDATE_REPO=/home/user/builder-r4.0/$repo_basedir/current/vm/stretch \
2018-07-23 19:45:13.312327 +0000 build-debian4: .make -s -C qubes-src/installer-qubes-os update-repo-current || exit 1; \
2018-07-23 19:45:13.312350 +0000 build-debian4: else \
2018-07-23 19:45:13.312378 +0000 build-debian4: .echo -n "Updating qubes-src/installer-qubes-os... skipping."; \
2018-07-23 19:45:13.312401 +0000 build-debian4: fi; \
2018-07-23 19:45:13.312422 +0000 build-debian4: echo
2018-07-23 19:45:13.506871 +0000 build-debian4: Updating qubes-src/installer-qubes-os... no packages.
2018-07-23 19:45:13.507373 +0000 build-debian4: Makefile:738: update target 'internal-update-repo-current.vm.stretch' due to: internal-update-repo-current.vm.stretch.installer-qubes-os
2018-07-23 19:45:13.507418 +0000 build-debian4: true
2018-07-23 19:45:13.511580 +0000 build-debian4: Makefile:819: target 'post-update-repo-current' does not exist
2018-07-23 19:45:13.511638 +0000 build-debian4: for dist in  buster jessie stretch; do \
2018-07-23 19:45:13.511663 +0000 build-debian4: .repo_base_var="LINUX_REPO_${dist}_BASEDIR"; \
2018-07-23 19:45:13.511681 +0000 build-debian4: .if [ -n "${!repo_base_var}" ]; then \
2018-07-23 19:45:13.511698 +0000 build-debian4: ..repo_basedir="${!repo_base_var}"; \
2018-07-23 19:45:13.511759 +0000 build-debian4: .else \
2018-07-23 19:45:13.511788 +0000 build-debian4: ..repo_basedir="qubes-src/linux-deb/r4.0"; \
2018-07-23 19:45:13.511811 +0000 build-debian4: .fi; \
2018-07-23 19:45:13.511842 +0000 build-debian4: .repos_to_update="$repos_to_update $repo_basedir"; \
2018-07-23 19:45:13.511866 +0000 build-debian4: done; \
2018-07-23 19:45:13.511894 +0000 build-debian4: for repo in `echo $repos_to_update|tr ' ' '\n'|sort|uniq`; do \
2018-07-23 19:45:13.511920 +0000 build-debian4: .[ -z "$repo" ] && continue; \
2018-07-23 19:45:13.511949 +0000 build-debian4: .[ -x "$repo/../update_repo-current.sh" ] || continue; \
2018-07-23 19:45:13.511977 +0000 build-debian4: .(cd $repo/.. && ./update_repo-current.sh r4.0); \
2018-07-23 19:45:13.512000 +0000 build-debian4: done
2018-07-23 19:45:13.547906 +0000 build-debian4: --> Processing repo: r4.0/vm/dists/buster...
2018-07-23 19:45:14.400018 +0000 build-debian4: --> Processing repo: r4.0/vm/dists/jessie...
2018-07-23 19:45:15.244874 +0000 build-debian4: --> Processing repo: r4.0/vm/dists/stretch...
2018-07-23 19:45:16.081493 +0000 build-debian4: Done.
2018-07-23 19:45:16.095198 +0000 build-debian4: ~/builder-r4.0/qubes-src/linux-deb ~/builder-r4.0/qubes-src/linux-deb
2018-07-23 19:45:17.142725 +0000 build-debian4: sending incremental file list
2018-07-23 19:45:17.393346 +0000 build-debian4: Syncing r4.0/vm/buster...
2018-07-23 19:45:17.596062 +0000 build-debian4: sending incremental file list
2018-07-23 19:45:17.752368 +0000 build-debian4: .d..t...... buster/
2018-07-23 19:45:17.752424 +0000 build-debian4: <f..t...... buster/InRelease
2018-07-23 19:45:17.752879 +0000 build-debian4: .            700  28%    0.00kB/s    0:00:00  .          2,482 100%    1.70MB/s    0:00:00 (xfr#1, to-chk=10/12)
2018-07-23 19:45:17.752919 +0000 build-debian4: <f..t...... buster/Release.gpg
2018-07-23 19:45:17.753090 +0000 build-debian4: .            833 100%  813.48kB/s    0:00:00  .            833 100%  813.48kB/s    0:00:00 (xfr#2, to-chk=8/12)
2018-07-23 19:45:17.831986 +0000 build-debian4: Syncing r4.0/vm/buster-securitytesting...
2018-07-23 19:45:18.035333 +0000 build-debian4: sending incremental file list
2018-07-23 19:45:18.242154 +0000 build-debian4: Syncing r4.0/vm/buster-testing...
2018-07-23 19:45:18.443256 +0000 build-debian4: sending incremental file list
2018-07-23 19:45:18.647383 +0000 build-debian4: Syncing r4.0/vm/jessie...
2018-07-23 19:45:18.847007 +0000 build-debian4: sending incremental file list
2018-07-23 19:45:19.001767 +0000 build-debian4: .d..t...... jessie/
2018-07-23 19:45:19.001811 +0000 build-debian4: <f..t...... jessie/InRelease
2018-07-23 19:45:19.002351 +0000 build-debian4: .            700  28%    0.00kB/s    0:00:00  .          2,482 100%    1.70MB/s    0:00:00 (xfr#1, to-chk=10/12)
2018-07-23 19:45:19.002533 +0000 build-debian4: <f..t...... jessie/Release.gpg
2018-07-23 19:45:19.002730 +0000 build-debian4: .            833 100%  813.48kB/s    0:00:00  .            833 100%  813.48kB/s    0:00:00 (xfr#2, to-chk=8/12)
2018-07-23 19:45:19.080769 +0000 build-debian4: Syncing r4.0/vm/jessie-securitytesting...
2018-07-23 19:45:19.281113 +0000 build-debian4: sending incremental file list
2018-07-23 19:45:19.495699 +0000 build-debian4: Syncing r4.0/vm/jessie-testing...
2018-07-23 19:45:19.701181 +0000 build-debian4: sending incremental file list
2018-07-23 19:45:19.906475 +0000 build-debian4: Syncing r4.0/vm/stretch...
2018-07-23 19:45:20.108540 +0000 build-debian4: sending incremental file list
2018-07-23 19:45:20.261670 +0000 build-debian4: .d..t...... stretch/
2018-07-23 19:45:20.261712 +0000 build-debian4: <f..t...... stretch/InRelease
2018-07-23 19:45:20.262343 +0000 build-debian4: .            700  28%    0.00kB/s    0:00:00  .          2,484 100%    1.70MB/s    0:00:00 (xfr#1, to-chk=10/12)
2018-07-23 19:45:20.262577 +0000 build-debian4: <f..t...... stretch/Release.gpg
2018-07-23 19:45:20.262621 +0000 build-debian4: .            833 100%  813.48kB/s    0:00:00  .            833 100%  813.48kB/s    0:00:00 (xfr#2, to-chk=8/12)
2018-07-23 19:45:20.343452 +0000 build-debian4: Syncing r4.0/vm/stretch-securitytesting...
2018-07-23 19:45:20.556226 +0000 build-debian4: sending incremental file list
2018-07-23 19:45:20.763214 +0000 build-debian4: Syncing r4.0/vm/stretch-testing...
2018-07-23 19:45:20.963587 +0000 build-debian4: sending incremental file list
2018-07-23 19:45:21.167885 +0000 build-debian4: ~/builder-r4.0/qubes-src/linux-deb
2018-07-23 19:45:21.169931 +0000 build-debian4: Makefile:725: update target 'update-repo-current' due to: internal-update-repo-current.vm.buster internal-update-repo-current.vm.jessie internal-update-repo-current.vm.stretch post-update-repo-current
2018-07-23 19:45:21.169981 +0000 build-debian4: true
2018-07-23 19:45:21.175705 +0000 build-debian4: > done
2018-07-23 19:46:21.213400 +0000 > closing log
