2020-12-07 14:59:18.699685 +0000 > starting log
2020-12-07 14:59:18.703907 +0000 build-debian4: > starting build with log
2020-12-07 14:59:18.703928 +0000 build-debian4: >> make args: update-repo-current
2020-12-07 14:59:18.703939 +0000 build-debian4: >> MAKEFLAGS=
2020-12-07 14:59:18.703950 +0000 build-debian4: >> COMPONENTS=intel-microcode
2020-12-07 14:59:18.703960 +0000 build-debian4: >> DISTS_VM=stretch buster bullseye
2020-12-07 14:59:18.703969 +0000 build-debian4: >> DIST_DOM0=
2020-12-07 14:59:18.703980 +0000 build-debian4: >> qubes-builder 74d3b440d5fd8bc6a7690470eaf5b2e4bfc5acdd
2020-12-07 14:59:18.703994 +0000 build-debian4: >> qubes-builder/qubes-src/intel-microcode 20dc2571f0a35058761c63480dc1a66863d1104a
2020-12-07 14:59:18.704004 +0000 build-debian4: !! microcode-20190514.tar.gz
2020-12-07 14:59:18.704014 +0000 build-debian4: !! microcode-20191112.tar.gz
2020-12-07 14:59:18.704023 +0000 build-debian4: !! microcode-20200609.tar.gz
2020-12-07 14:59:18.704032 +0000 build-debian4: !! microcode-20201110.tar.gz
2020-12-07 14:59:18.704041 +0000 build-debian4: !! microcode-20201118.tar.gz
2020-12-07 14:59:18.704050 +0000 build-debian4: !! microcode_ctl-2.1-16.tar.xz
2020-12-07 14:59:18.704059 +0000 build-debian4: !! microcode_ctl-2.1-19.tar.xz
2020-12-07 14:59:18.704078 +0000 build-debian4: fd5e82708d4a7f08630a2c51a182814cc4c0fbd88fe473e871b9784c03cb87e804a9ed4c2f3e041696aabfdd60996f2d50a175bea90f1644f6f3205a37215017  microcode-20190514.tar.gz
2020-12-07 14:59:18.704098 +0000 build-debian4: 34cebf266f9d6cc38b0dd87f8c7fcf42f3c8d9e434560328b0811b4c4834d0f253d834f53bfaf5b4c561bb153b4bcf509620131046bf0afd6038d02bf9a25a13  microcode-20191112.tar.gz
2020-12-07 14:59:18.704116 +0000 build-debian4: bfcaaea2811214b79445d632e256cd35af82d62f748799d47f7bc2490c5a6fd53f020bcaa3331a96b54c91ded1d17dfd9946b40174694b9a7ad17810f58293ae  microcode-20200609.tar.gz
2020-12-07 14:59:18.913985 +0000 build-debian4: da0a2614fcd651536a2dc64a2207ab02d8b482453e9d2ae18f628f1cbc3da0aa0734f830264fca5541823693d300f74ae60f7014cbf43b87ff55345c8fd80014  microcode-20201110.tar.gz
2020-12-07 14:59:19.004670 +0000 build-debian4: 5c54c45c799e3989fce08f69d918c90cdf5f977cc3d30301d177e545bae1a4f385b282c7fc2c43f7464f0fa9426840ee0bc9b248684e66302bbb27c77d5e1d33  microcode-20201118.tar.gz
2020-12-07 14:59:19.251323 +0000 build-debian4: 9a5a70548daa156db78ad390232bdcb1f8bd50390e9bf7a34c9f27e92be5265b180dc2478958eca9bf735f8e9125a27fa5993accd9bcd9b6f51391c5c0391a41  microcode_ctl-2.1-16.tar.xz
2020-12-07 14:59:19.251391 +0000 build-debian4: d6b61ee16a2d38e062dbced78bf9ecd97fbc7ebd78fbe78c86603f3b45f6a6b7952287a99d764d7d988da09600e047d1f9c7404687806c73e80d4e5a466112df  microcode_ctl-2.1-19.tar.xz
2020-12-07 14:59:19.516420 +0000 build-debian4: ================================================================================
2020-12-07 14:59:19.516478 +0000 build-debian4:                            B U I L D   I N F O                                  
2020-12-07 14:59:19.516496 +0000 build-debian4: Items in red indicate it was automatically generated by configuration file(s)
2020-12-07 14:59:19.516512 +0000 build-debian4: Items in white indicate it was automatically removed by configuration file(s)
2020-12-07 14:59:19.516527 +0000 build-debian4: ================================================================================
2020-12-07 14:59:19.516536 +0000 build-debian4: DISTS_VM:
2020-12-07 14:59:19.581748 +0000 build-debian4:      stretch+standard, buster+standard, bullseye+standard, stretch buster bullseye
2020-12-07 14:59:19.581801 +0000 build-debian4: DISTS_ALL:
2020-12-07 14:59:19.581816 +0000 build-debian4:      vm-bullseye, vm-buster, vm-stretch,
2020-12-07 14:59:19.581826 +0000 build-debian4: DIST_DOM0:
2020-12-07 14:59:19.581835 +0000 build-debian4:     
2020-12-07 14:59:19.581844 +0000 build-debian4: BUILDER_PLUGINS:
2020-12-07 14:59:19.581857 +0000 build-debian4:      builder-debian, mgmt-salt, linux-deb, release-configs, builder-github,
2020-12-07 14:59:19.581866 +0000 build-debian4: COMPONENTS:
2020-12-07 14:59:19.581875 +0000 build-debian4:      intel-microcode,
2020-12-07 14:59:19.581902 +0000 build-debian4: GIT_REPOS:
2020-12-07 14:59:19.581913 +0000 build-debian4:      qubes-src/intel-microcode,
2020-12-07 14:59:19.581921 +0000 build-debian4: TEMPLATE:
2020-12-07 14:59:19.581929 +0000 build-debian4:     
2020-12-07 14:59:19.581937 +0000 build-debian4: TEMPLATE_FLAVOR_DIR:
2020-12-07 14:59:19.616348 +0000 build-debian4:     
2020-12-07 14:59:19.622009 +0000 build-debian4: TEMPLATE_ALIAS:
2020-12-07 14:59:19.656316 +0000 build-debian4:      stretch:stretch+standard, stretch+gnome:stretch+gnome+standard,
2020-12-07 14:59:19.656380 +0000 build-debian4:      stretch+minimal:stretch+minimal+no-recommends, buster:buster+standard, buster+gnome:buster+gnome+standard,
2020-12-07 14:59:19.656420 +0000 build-debian4:      buster+minimal:buster+minimal+no-recommends, bullseye:bullseye+standard,
2020-12-07 14:59:19.656439 +0000 build-debian4:      bullseye+gnome:bullseye+gnome+standard, bullseye+minimal:bullseye+minimal+no-recommends,
2020-12-07 14:59:19.656453 +0000 build-debian4:      whonix-gateway-14:stretch+whonix-gateway+minimal+no-recommends,
2020-12-07 14:59:19.656467 +0000 build-debian4:      whonix-workstation-14:stretch+whonix-workstation+minimal+no-recommends,
2020-12-07 14:59:19.656480 +0000 build-debian4:      whonix-gateway-15:buster+whonix-gateway+minimal+no-recommends,
2020-12-07 14:59:19.656494 +0000 build-debian4:      whonix-workstation-15:buster+whonix-workstation+minimal+no-recommends,
2020-12-07 14:59:19.656503 +0000 build-debian4: TEMPLATE_LABEL:
2020-12-07 14:59:19.663877 +0000 build-debian4:      stretch+standard:debian-9, buster+standard:debian-10, bullseye+standard:debian-11, stretch+standard:stretch,
2020-12-07 14:59:19.663932 +0000 build-debian4:      buster+standard:buster, bullseye+standard:bullseye, fc25:fedora-25 fc30:fedora-30 fc31:fedora-31
2020-12-07 14:59:19.663952 +0000 build-debian4:      fc32:fedora-32 fc30+minimal:fedora-30-minimal fc31+minimal:fedora-31-minimal fc32+minimal:fedora-32-minimal
2020-12-07 14:59:19.663967 +0000 build-debian4:      fc30+xfce:fedora-30-xfce fc31+xfce:fedora-31-xfce fc32+xfce:fedora-32-xfce stretch:debian-9
2020-12-07 14:59:19.663982 +0000 build-debian4:      stretch+xfce:debian-9-xfce buster:debian-10 buster+xfce:debian-10-xfce bullseye:debian-11
2020-12-07 14:59:19.663996 +0000 build-debian4:      bullseye+xfce:debian-11-xfce stretch+whonix-gateway+minimal+no-recommends:whonix-gw-14
2020-12-07 14:59:19.664008 +0000 build-debian4:      stretch+whonix-workstation+minimal+no-recommends:whonix-ws-14
2020-12-07 14:59:19.664021 +0000 build-debian4:      buster+whonix-gateway+minimal+no-recommends:whonix-gw-15
2020-12-07 14:59:19.664034 +0000 build-debian4:      buster+whonix-workstation+minimal+no-recommends:whonix-ws-15 centos7:centos-7
2020-12-07 14:59:19.664047 +0000 build-debian4:      centos7+minimal:centos-7-minimal centos7+xfce:centos-7-xfce centos8:centos-8
2020-12-07 14:59:19.664059 +0000 build-debian4:      centos8+minimal:centos-8-minimal centos8+xfce:centos-8-xfce
2020-12-07 14:59:19.818787 +0000 build-debian4: > running make
2020-12-07 14:59:19.858674 +0000 build-debian4: Makefile:846: target 'internal-update-repo-current.vm.bullseye.intel-microcode' does not exist
2020-12-07 14:59:19.858731 +0000 build-debian4: repo_base_var="LINUX_REPO_bullseye_BASEDIR"; \
2020-12-07 14:59:19.858749 +0000 build-debian4: if [ "intel-microcode" = linux-template-builder ]; then \
2020-12-07 14:59:19.858764 +0000 build-debian4: .# templates belongs to dom0 repository, even though PACKAGE_SET=vm
2020-12-07 14:59:19.858777 +0000 build-debian4: repo_base_var="LINUX_REPO__BASEDIR"; \
2020-12-07 14:59:19.858786 +0000 build-debian4: fi; \
2020-12-07 14:59:19.858798 +0000 build-debian4: if [ -n "${!repo_base_var}" ]; then \
2020-12-07 14:59:19.858809 +0000 build-debian4: .repo_basedir="${!repo_base_var}"; \
2020-12-07 14:59:19.858817 +0000 build-debian4: else \
2020-12-07 14:59:19.858829 +0000 build-debian4: .repo_basedir="qubes-src/linux-deb/r4.0"; \
2020-12-07 14:59:19.858837 +0000 build-debian4: fi; \
2020-12-07 14:59:19.858869 +0000 build-debian4: if [ -r qubes-src/intel-microcode/Makefile.builder ]; then \
2020-12-07 14:59:19.858883 +0000 build-debian4: .echo -n "Updating qubes-src/intel-microcode... "; \
2020-12-07 14:59:19.858893 +0000 build-debian4: .if [ "0" -eq 1 ]; then \
2020-12-07 14:59:19.858907 +0000 build-debian4: ..vtag=`git -C qubes-src/intel-microcode tag --points-at HEAD --list v*`; \
2020-12-07 14:59:19.858918 +0000 build-debian4: ..if [ -z "$vtag" ]; then \
2020-12-07 14:59:19.858928 +0000 build-debian4: ...echo "no version tag"; \
2020-12-07 14:59:19.858937 +0000 build-debian4: ...exit 0; \
2020-12-07 14:59:19.858946 +0000 build-debian4: ..fi; \
2020-12-07 14:59:19.858954 +0000 build-debian4: .fi; \
2020-12-07 14:59:19.858966 +0000 build-debian4: .if [ "intel-microcode" = linux-template-builder ]; then
2020-12-07 14:59:19.858983 +0000 build-debian4: export TEMPLATE_NAME=$(MAKEFLAGS= make -s -C qubes-src/linux-template-builder DIST=bullseye template-name)
2020-12-07 14:59:19.858991 +0000 build-debian4: fi
2020-12-07 14:59:19.859019 +0000 build-debian4: component_packages=$(MAKEFLAGS= make -s -f Makefile.generic DIST=bullseye PACKAGE_SET=vm COMPONENT=`basename qubes-src/intel-microcode` UPDATE_REPO=/home/user/builder-r4.0/$repo_basedir/current/vm/bullseye get-var GET_VAR=PACKAGE_LIST); \
2020-12-07 14:59:19.859032 +0000 build-debian4: .if [ -z "$component_packages" ]; then \
2020-12-07 14:59:19.859042 +0000 build-debian4: ..echo "no packages."; \
2020-12-07 14:59:19.859051 +0000 build-debian4: ..exit 0; \
2020-12-07 14:59:19.859060 +0000 build-debian4: .fi; \
2020-12-07 14:59:19.859072 +0000 build-debian4: .make -s -f Makefile.generic DIST=bullseye PACKAGE_SET=vm \
2020-12-07 14:59:19.859084 +0000 build-debian4: ..COMPONENT=`basename qubes-src/intel-microcode` \
2020-12-07 14:59:19.859094 +0000 build-debian4: ..SNAPSHOT_REPO=current-testing \
2020-12-07 14:59:19.859104 +0000 build-debian4: ..TARGET_REPO=current \
2020-12-07 14:59:19.859118 +0000 build-debian4: ..UPDATE_REPO=/home/user/builder-r4.0/$repo_basedir/current/vm/bullseye \
2020-12-07 14:59:19.859136 +0000 build-debian4: ..SNAPSHOT_FILE=/home/user/builder-r4.0/repo-latest-snapshot/current-testing-vm-bullseye-`basename qubes-src/intel-microcode` \
2020-12-07 14:59:19.859145 +0000 build-debian4: ..BUILD_LOG_URL= \
2020-12-07 14:59:19.859156 +0000 build-debian4: ..update-repo-from-snapshot || exit 1; \
2020-12-07 14:59:19.859171 +0000 build-debian4: elif make -C qubes-src/intel-microcode -n update-repo-current >/dev/null 2>/dev/null; then \
2020-12-07 14:59:19.859183 +0000 build-debian4: .echo "Updating qubes-src/intel-microcode... "; \
2020-12-07 14:59:19.859198 +0000 build-debian4: .DIST=bullseye UPDATE_REPO=/home/user/builder-r4.0/$repo_basedir/current/vm/bullseye \
2020-12-07 14:59:19.859211 +0000 build-debian4: .make -s -C qubes-src/intel-microcode update-repo-current || exit 1; \
2020-12-07 14:59:19.859220 +0000 build-debian4: else \
2020-12-07 14:59:19.859232 +0000 build-debian4: .echo -n "Updating qubes-src/intel-microcode... skipping."; \
2020-12-07 14:59:19.859240 +0000 build-debian4: fi; \
2020-12-07 14:59:19.859248 +0000 build-debian4: echo
2020-12-07 14:59:20.112029 +0000 build-debian4: Updating qubes-src/intel-microcode... no packages.
2020-12-07 14:59:20.112090 +0000 build-debian4: Makefile:815: update target 'internal-update-repo-current.vm.bullseye' due to: internal-update-repo-current.vm.bullseye.intel-microcode
2020-12-07 14:59:20.112103 +0000 build-debian4: true
2020-12-07 14:59:20.122373 +0000 build-debian4: Makefile:846: target 'internal-update-repo-current.vm.buster.intel-microcode' does not exist
2020-12-07 14:59:20.122449 +0000 build-debian4: repo_base_var="LINUX_REPO_buster_BASEDIR"; \
2020-12-07 14:59:20.122466 +0000 build-debian4: if [ "intel-microcode" = linux-template-builder ]; then \
2020-12-07 14:59:20.122481 +0000 build-debian4: .# templates belongs to dom0 repository, even though PACKAGE_SET=vm
2020-12-07 14:59:20.122492 +0000 build-debian4: repo_base_var="LINUX_REPO__BASEDIR"; \
2020-12-07 14:59:20.122515 +0000 build-debian4: fi; \
2020-12-07 14:59:20.122527 +0000 build-debian4: if [ -n "${!repo_base_var}" ]; then \
2020-12-07 14:59:20.122537 +0000 build-debian4: .repo_basedir="${!repo_base_var}"; \
2020-12-07 14:59:20.122545 +0000 build-debian4: else \
2020-12-07 14:59:20.122556 +0000 build-debian4: .repo_basedir="qubes-src/linux-deb/r4.0"; \
2020-12-07 14:59:20.122564 +0000 build-debian4: fi; \
2020-12-07 14:59:20.122575 +0000 build-debian4: if [ -r qubes-src/intel-microcode/Makefile.builder ]; then \
2020-12-07 14:59:20.122586 +0000 build-debian4: .echo -n "Updating qubes-src/intel-microcode... "; \
2020-12-07 14:59:20.122596 +0000 build-debian4: .if [ "0" -eq 1 ]; then \
2020-12-07 14:59:20.122609 +0000 build-debian4: ..vtag=`git -C qubes-src/intel-microcode tag --points-at HEAD --list v*`; \
2020-12-07 14:59:20.122619 +0000 build-debian4: ..if [ -z "$vtag" ]; then \
2020-12-07 14:59:20.122628 +0000 build-debian4: ...echo "no version tag"; \
2020-12-07 14:59:20.122637 +0000 build-debian4: ...exit 0; \
2020-12-07 14:59:20.122645 +0000 build-debian4: ..fi; \
2020-12-07 14:59:20.122652 +0000 build-debian4: .fi; \
2020-12-07 14:59:20.122664 +0000 build-debian4: .if [ "intel-microcode" = linux-template-builder ]; then
2020-12-07 14:59:20.122679 +0000 build-debian4: export TEMPLATE_NAME=$(MAKEFLAGS= make -s -C qubes-src/linux-template-builder DIST=buster template-name)
2020-12-07 14:59:20.122687 +0000 build-debian4: fi
2020-12-07 14:59:20.122712 +0000 build-debian4: component_packages=$(MAKEFLAGS= make -s -f Makefile.generic DIST=buster PACKAGE_SET=vm COMPONENT=`basename qubes-src/intel-microcode` UPDATE_REPO=/home/user/builder-r4.0/$repo_basedir/current/vm/buster get-var GET_VAR=PACKAGE_LIST); \
2020-12-07 14:59:20.122724 +0000 build-debian4: .if [ -z "$component_packages" ]; then \
2020-12-07 14:59:20.122734 +0000 build-debian4: ..echo "no packages."; \
2020-12-07 14:59:20.122742 +0000 build-debian4: ..exit 0; \
2020-12-07 14:59:20.122750 +0000 build-debian4: .fi; \
2020-12-07 14:59:20.122762 +0000 build-debian4: .make -s -f Makefile.generic DIST=buster PACKAGE_SET=vm \
2020-12-07 14:59:20.122773 +0000 build-debian4: ..COMPONENT=`basename qubes-src/intel-microcode` \
2020-12-07 14:59:20.122783 +0000 build-debian4: ..SNAPSHOT_REPO=current-testing \
2020-12-07 14:59:20.122792 +0000 build-debian4: ..TARGET_REPO=current \
2020-12-07 14:59:20.122804 +0000 build-debian4: ..UPDATE_REPO=/home/user/builder-r4.0/$repo_basedir/current/vm/buster \
2020-12-07 14:59:20.122821 +0000 build-debian4: ..SNAPSHOT_FILE=/home/user/builder-r4.0/repo-latest-snapshot/current-testing-vm-buster-`basename qubes-src/intel-microcode` \
2020-12-07 14:59:20.122830 +0000 build-debian4: ..BUILD_LOG_URL= \
2020-12-07 14:59:20.122841 +0000 build-debian4: ..update-repo-from-snapshot || exit 1; \
2020-12-07 14:59:20.122855 +0000 build-debian4: elif make -C qubes-src/intel-microcode -n update-repo-current >/dev/null 2>/dev/null; then \
2020-12-07 14:59:20.122866 +0000 build-debian4: .echo "Updating qubes-src/intel-microcode... "; \
2020-12-07 14:59:20.122879 +0000 build-debian4: .DIST=buster UPDATE_REPO=/home/user/builder-r4.0/$repo_basedir/current/vm/buster \
2020-12-07 14:59:20.122892 +0000 build-debian4: .make -s -C qubes-src/intel-microcode update-repo-current || exit 1; \
2020-12-07 14:59:20.122900 +0000 build-debian4: else \
2020-12-07 14:59:20.122912 +0000 build-debian4: .echo -n "Updating qubes-src/intel-microcode... skipping."; \
2020-12-07 14:59:20.122920 +0000 build-debian4: fi; \
2020-12-07 14:59:20.122927 +0000 build-debian4: echo
2020-12-07 14:59:20.240398 +0000 build-debian4: Updating qubes-src/intel-microcode... no packages.
2020-12-07 14:59:20.240496 +0000 build-debian4: Makefile:815: update target 'internal-update-repo-current.vm.buster' due to: internal-update-repo-current.vm.buster.intel-microcode
2020-12-07 14:59:20.240513 +0000 build-debian4: true
2020-12-07 14:59:20.240530 +0000 build-debian4: Makefile:846: target 'internal-update-repo-current.vm.stretch.intel-microcode' does not exist
2020-12-07 14:59:20.240559 +0000 build-debian4: repo_base_var="LINUX_REPO_stretch_BASEDIR"; \
2020-12-07 14:59:20.240572 +0000 build-debian4: if [ "intel-microcode" = linux-template-builder ]; then \
2020-12-07 14:59:20.240585 +0000 build-debian4: .# templates belongs to dom0 repository, even though PACKAGE_SET=vm
2020-12-07 14:59:20.240596 +0000 build-debian4: repo_base_var="LINUX_REPO__BASEDIR"; \
2020-12-07 14:59:20.240604 +0000 build-debian4: fi; \
2020-12-07 14:59:20.240614 +0000 build-debian4: if [ -n "${!repo_base_var}" ]; then \
2020-12-07 14:59:20.240624 +0000 build-debian4: .repo_basedir="${!repo_base_var}"; \
2020-12-07 14:59:20.240631 +0000 build-debian4: else \
2020-12-07 14:59:20.240642 +0000 build-debian4: .repo_basedir="qubes-src/linux-deb/r4.0"; \
2020-12-07 14:59:20.240649 +0000 build-debian4: fi; \
2020-12-07 14:59:20.240661 +0000 build-debian4: if [ -r qubes-src/intel-microcode/Makefile.builder ]; then \
2020-12-07 14:59:20.240672 +0000 build-debian4: .echo -n "Updating qubes-src/intel-microcode... "; \
2020-12-07 14:59:20.240681 +0000 build-debian4: .if [ "0" -eq 1 ]; then \
2020-12-07 14:59:20.240695 +0000 build-debian4: ..vtag=`git -C qubes-src/intel-microcode tag --points-at HEAD --list v*`; \
2020-12-07 14:59:20.240705 +0000 build-debian4: ..if [ -z "$vtag" ]; then \
2020-12-07 14:59:20.240714 +0000 build-debian4: ...echo "no version tag"; \
2020-12-07 14:59:20.240722 +0000 build-debian4: ...exit 0; \
2020-12-07 14:59:20.240730 +0000 build-debian4: ..fi; \
2020-12-07 14:59:20.240738 +0000 build-debian4: .fi; \
2020-12-07 14:59:20.240749 +0000 build-debian4: .if [ "intel-microcode" = linux-template-builder ]; then
2020-12-07 14:59:20.240765 +0000 build-debian4: export TEMPLATE_NAME=$(MAKEFLAGS= make -s -C qubes-src/linux-template-builder DIST=stretch template-name)
2020-12-07 14:59:20.240773 +0000 build-debian4: fi
2020-12-07 14:59:20.240797 +0000 build-debian4: component_packages=$(MAKEFLAGS= make -s -f Makefile.generic DIST=stretch PACKAGE_SET=vm COMPONENT=`basename qubes-src/intel-microcode` UPDATE_REPO=/home/user/builder-r4.0/$repo_basedir/current/vm/stretch get-var GET_VAR=PACKAGE_LIST); \
2020-12-07 14:59:20.240810 +0000 build-debian4: .if [ -z "$component_packages" ]; then \
2020-12-07 14:59:20.240824 +0000 build-debian4: ..echo "no packages."; \
2020-12-07 14:59:20.240833 +0000 build-debian4: ..exit 0; \
2020-12-07 14:59:20.240841 +0000 build-debian4: .fi; \
2020-12-07 14:59:20.240852 +0000 build-debian4: .make -s -f Makefile.generic DIST=stretch PACKAGE_SET=vm \
2020-12-07 14:59:20.240863 +0000 build-debian4: ..COMPONENT=`basename qubes-src/intel-microcode` \
2020-12-07 14:59:20.240872 +0000 build-debian4: ..SNAPSHOT_REPO=current-testing \
2020-12-07 14:59:20.240881 +0000 build-debian4: ..TARGET_REPO=current \
2020-12-07 14:59:20.240894 +0000 build-debian4: ..UPDATE_REPO=/home/user/builder-r4.0/$repo_basedir/current/vm/stretch \
2020-12-07 14:59:20.240910 +0000 build-debian4: ..SNAPSHOT_FILE=/home/user/builder-r4.0/repo-latest-snapshot/current-testing-vm-stretch-`basename qubes-src/intel-microcode` \
2020-12-07 14:59:20.240920 +0000 build-debian4: ..BUILD_LOG_URL= \
2020-12-07 14:59:20.240930 +0000 build-debian4: ..update-repo-from-snapshot || exit 1; \
2020-12-07 14:59:20.240943 +0000 build-debian4: elif make -C qubes-src/intel-microcode -n update-repo-current >/dev/null 2>/dev/null; then \
2020-12-07 14:59:20.240954 +0000 build-debian4: .echo "Updating qubes-src/intel-microcode... "; \
2020-12-07 14:59:20.240968 +0000 build-debian4: .DIST=stretch UPDATE_REPO=/home/user/builder-r4.0/$repo_basedir/current/vm/stretch \
2020-12-07 14:59:20.240980 +0000 build-debian4: .make -s -C qubes-src/intel-microcode update-repo-current || exit 1; \
2020-12-07 14:59:20.240988 +0000 build-debian4: else \
2020-12-07 14:59:20.241000 +0000 build-debian4: .echo -n "Updating qubes-src/intel-microcode... skipping."; \
2020-12-07 14:59:20.241007 +0000 build-debian4: fi; \
2020-12-07 14:59:20.241020 +0000 build-debian4: echo
2020-12-07 14:59:20.400943 +0000 build-debian4: Updating qubes-src/intel-microcode... no packages.
2020-12-07 14:59:20.401003 +0000 build-debian4: Makefile:815: update target 'internal-update-repo-current.vm.stretch' due to: internal-update-repo-current.vm.stretch.intel-microcode
2020-12-07 14:59:20.401016 +0000 build-debian4: true
2020-12-07 14:59:20.405311 +0000 build-debian4: Makefile:928: target 'post-update-repo-current' does not exist
2020-12-07 14:59:20.405387 +0000 build-debian4: true
2020-12-07 14:59:20.407611 +0000 build-debian4: Makefile:802: update target 'update-repo-current' due to: internal-update-repo-current.vm.bullseye internal-update-repo-current.vm.buster internal-update-repo-current.vm.stretch post-update-repo-current
2020-12-07 14:59:20.407666 +0000 build-debian4: true
2020-12-07 14:59:20.408106 +0000 build-debian4: > done
2020-12-07 14:59:20.408137 +0000 > closing log
