2020-06-13 14:50:23.612648 +0000 > starting log
2020-06-13 14:50:23.612994 +0000 build-debian4: > starting build with log
2020-06-13 14:50:23.613012 +0000 build-debian4: >> make args: update-repo-current
2020-06-13 14:50:23.613021 +0000 build-debian4: >> MAKEFLAGS=
2020-06-13 14:50:23.613031 +0000 build-debian4: >> COMPONENTS=vmm-xen-stubdom-legacy
2020-06-13 14:50:23.613040 +0000 build-debian4: >> DISTS_VM=stretch buster bullseye
2020-06-13 14:50:23.613047 +0000 build-debian4: >> DIST_DOM0=
2020-06-13 14:50:23.613057 +0000 build-debian4: >> qubes-builder 36d49eb3532238967b94742ee576d4c567b5e8a7
2020-06-13 14:50:23.613069 +0000 build-debian4: >> qubes-builder/qubes-src/vmm-xen-stubdom-legacy 3db1240f7380f2eb86cea6448cdfd0c2f7820456
2020-06-13 14:50:23.613076 +0000 build-debian4: !! gc.tar.gz
2020-06-13 14:50:23.613084 +0000 build-debian4: !! gmp-4.3.2.tar.bz2
2020-06-13 14:50:23.613092 +0000 build-debian4: !! gmp-4.3.2.tar.bz2.sig
2020-06-13 14:50:23.613100 +0000 build-debian4: !! grub-0.97.tar.gz
2020-06-13 14:50:23.613108 +0000 build-debian4: !! grub-0.97.tar.gz.sig
2020-06-13 14:50:23.613115 +0000 build-debian4: !! lwip-1.3.0.tar.gz
2020-06-13 14:50:23.613123 +0000 build-debian4: !! lwip-1.3.0.tar.gz.sig
2020-06-13 14:50:23.613131 +0000 build-debian4: !! newlib-1.16.0.tar.gz
2020-06-13 14:50:23.613139 +0000 build-debian4: !! ocaml-3.11.0.tar.gz
2020-06-13 14:50:23.613147 +0000 build-debian4: !! pciutils-2.2.9.tar.bz2
2020-06-13 14:50:23.613155 +0000 build-debian4: !! polarssl-1.1.4-gpl.tgz
2020-06-13 14:50:23.613162 +0000 build-debian4: !! tboot-20090330.tar.gz
2020-06-13 14:50:23.613170 +0000 build-debian4: !! tpm_emulator-0.7.4.tar.gz
2020-06-13 14:50:23.613178 +0000 build-debian4: !! xen-4.12.1.tar.gz
2020-06-13 14:50:23.613186 +0000 build-debian4: !! xen-4.12.1.tar.gz.sig
2020-06-13 14:50:23.613193 +0000 build-debian4: !! xen-4.13.0.tar.gz
2020-06-13 14:50:23.613201 +0000 build-debian4: !! xen-4.13.0.tar.gz.sig
2020-06-13 14:50:23.613208 +0000 build-debian4: !! zlib-1.2.3.tar.gz
2020-06-13 14:50:23.613242 +0000 build-debian4: 69a9554d2d213392512d4ce41ec8c4993557e65c2b3dc4f568ac18695421cc08b7677c25f9a0ce03e94fb5e68a298fcac7ed09fb90007a2c998ff6ef78d3c651  gc.tar.gz
2020-06-13 14:50:23.613258 +0000 build-debian4: 2e0b0fd23e6f10742a5517981e5171c6e88b0a93c83da701b296f5c0861d72c19782daab589a7eac3f9032152a0fc7eff7f5362db8fccc4859564a9aa82329cf  gmp-4.3.2.tar.bz2
2020-06-13 14:50:23.613274 +0000 build-debian4: 954408a918d425c89e3b5fce52aa77b94af9e0929e11216dc65b47af0eb258f38ec6ca6e8680675f827a2408439c83d4fab161d8a5684d4617bef98bdd2e3992  gmp-4.3.2.tar.bz2.sig
2020-06-13 14:50:23.613289 +0000 build-debian4: c2bc9ffc8583aeae71cee9ddcc4418969768d4e3764d47307da54f93981c0109fb07d84b061b3a3628bd00ba4d14a54742bc04848110eb3ae8ca25dbfbaabadb  grub-0.97.tar.gz
2020-06-13 14:50:23.613304 +0000 build-debian4: 1c9365859a3f9220633d12ca6849e7f67c25acd0306111c602d371b634f734e4daf428ea372237679b07b30a4d115fcfea666adfc7bf79e4d786f4754a1f04c1  grub-0.97.tar.gz.sig
2020-06-13 14:50:23.613319 +0000 build-debian4: 1465b58279af1647f909450e394fe002ca165f0ff4a0254bfa9fe0e64316f50facdde2729d79a4e632565b4500cf4d6c74192ac0dd3bc9fe09129bbd67ba089d  lwip-1.3.0.tar.gz
2020-06-13 14:50:23.613334 +0000 build-debian4: 57a5e2200b822a7215446fab87ef62533b8790cd43fb5f119f5d7dd30c91b7be4eb7e4a00d951a5bddecf26b9f12f34ef55b8fc2dc37b46f006ff368f8618044  lwip-1.3.0.tar.gz.sig
2020-06-13 14:50:23.613349 +0000 build-debian4: 40eb96bbc6736a16b6399e0cdb73e853d0d90b685c967e77899183446664d64570277a633fdafdefc351b46ce210a99115769a1d9f47ac749d7e82837d4d1ac3  newlib-1.16.0.tar.gz
2020-06-13 14:50:23.613364 +0000 build-debian4: 61cacf14d1d90a11bd0599e7ad323350f3a3f30afb4ef5eaadc2108e5d6007dafbb83e955435ee49eeb0130955215923fa72d4e56196bec2396c166a54641955  ocaml-3.11.0.tar.gz
2020-06-13 14:50:23.613379 +0000 build-debian4: 2b3d98d027e46d8c08037366dde6f0781ca03c610ef2b380984639e4ef39899ed8d8b8e4cd9c9dc54df101279b95879bd66bfd4d04ad07fef41e847ea7ae32b5  pciutils-2.2.9.tar.bz2
2020-06-13 14:50:23.613394 +0000 build-debian4: 88da614e4d3f4409c4fd3bb3e44c7587ba051e3fed4e33d526069a67e8180212e1ea22da984656f50e290049f60ddca65383e5983c0f8884f648d71f698303ad  polarssl-1.1.4-gpl.tgz
2020-06-13 14:50:23.614784 +0000 build-debian4: faa3af2ef1241fd908da6fb7f826dee0dad39de697fe14a35b2582a0b0baae29b41e824a0737b57809177b1fe09fdd73fd41a54e59ae98c2be77bd7dfccf93e6  tboot-20090330.tar.gz
2020-06-13 14:50:23.615906 +0000 build-debian4: 4928b5b82f57645be9408362706ff2c4d9baa635b21b0d41b1c82930e8c60a759b1ea4fa74d7e6c7cae1b7692d006aa5cb72df0c3b88bf049779aa2b566f9d35  tpm_emulator-0.7.4.tar.gz
2020-06-13 14:50:23.672157 +0000 build-debian4: be15d3af6b109771aaf59b3621e4e1560b7d9a963d9b7f6a1f6f4a1c907fd97434b060c15f75849b44fbda33f26eb51b030d14d068c6ad5103ad240fe7a98f40  xen-4.12.1.tar.gz
2020-06-13 14:50:23.672356 +0000 build-debian4: 7ac5a613df249245f8ac4bca0b3f0573016668c7924f11cd05a5e06f0b63efc4acacf86f89dfe8dd1dd4880b9046d845ef9ce065c62feb53890e659e5e0bc7c4  xen-4.12.1.tar.gz.sig
2020-06-13 14:50:23.751344 +0000 build-debian4: 5b2ded9a2fe3f7ddf40eed1fa9858baead06233a01eb6099cc45b3c78b6c3823acfe7b731910733e87125dfa49d08c53f74c215fb1b320a92b44b87a0a105225  xen-4.13.0.tar.gz
2020-06-13 14:50:23.751650 +0000 build-debian4: da43075e8e0a1c8e88fc1135c019f4dfcbdc7762c83088143281cad535181bdcdc157d0a5b04676495ef3a1d790493272f36f52d0fd1a760d163fc5f9b7dd7ed  xen-4.13.0.tar.gz.sig
2020-06-13 14:50:23.753387 +0000 build-debian4: 021b958fcd0d346c4ba761bcf0cc40f3522de6186cf5a0a6ea34a70504ce9622b1c2626fce40675bc8282cf5f5ade18473656abc38050f72f5d6480507a2106e  zlib-1.2.3.tar.gz
2020-06-13 14:50:23.788322 +0000 build-debian4: >> qubes-builder/qubes-src/vmm-xen-stubdom-legacy/core-vchan-xen 42d07fbb38859904258148f2205323873de04b6c
2020-06-13 14:50:23.845323 +0000 build-debian4: >> qubes-builder/qubes-src/vmm-xen-stubdom-legacy/gui-agent-xen-hvm-stubdom 5f57a593f3ff714241258ee4d715b5c075e4211b
2020-06-13 14:50:23.887479 +0000 build-debian4: >> qubes-builder/qubes-src/vmm-xen-stubdom-legacy/gui-common c611481422aeff25feb0ffaf08cfe6139e358f6c
2020-06-13 14:50:23.934238 +0000 build-debian4: ================================================================================
2020-06-13 14:50:23.934316 +0000 build-debian4:                            B U I L D   I N F O                                  
2020-06-13 14:50:23.934681 +0000 build-debian4: Items in red indicate it was automatically generated by configuration file(s)
2020-06-13 14:50:23.934707 +0000 build-debian4: Items in white indicate it was automatically removed by configuration file(s)
2020-06-13 14:50:23.934721 +0000 build-debian4: ================================================================================
2020-06-13 14:50:23.934730 +0000 build-debian4: DISTS_VM:
2020-06-13 14:50:23.935915 +0000 build-debian4:      stretch+standard, buster+standard, bullseye+standard, stretch buster bullseye
2020-06-13 14:50:23.937265 +0000 build-debian4: DISTS_ALL:
2020-06-13 14:50:23.937491 +0000 build-debian4:      vm-bullseye, vm-buster, vm-stretch,
2020-06-13 14:50:23.938840 +0000 build-debian4: DIST_DOM0:
2020-06-13 14:50:23.939118 +0000 build-debian4:     
2020-06-13 14:50:23.940351 +0000 build-debian4: BUILDER_PLUGINS:
2020-06-13 14:50:23.940726 +0000 build-debian4:      builder-debian, mgmt-salt, release-configs, linux-deb, builder-github,
2020-06-13 14:50:23.941942 +0000 build-debian4: COMPONENTS:
2020-06-13 14:50:23.942152 +0000 build-debian4:      vmm-xen-stubdom-legacy,
2020-06-13 14:50:23.943339 +0000 build-debian4: GIT_REPOS:
2020-06-13 14:50:23.943575 +0000 build-debian4:      qubes-src/vmm-xen-stubdom-legacy,
2020-06-13 14:50:23.944825 +0000 build-debian4: TEMPLATE:
2020-06-13 14:50:23.945028 +0000 build-debian4:     
2020-06-13 14:50:23.946331 +0000 build-debian4: TEMPLATE_FLAVOR_DIR:
2020-06-13 14:50:23.946533 +0000 build-debian4:     
2020-06-13 14:50:23.946921 +0000 build-debian4: TEMPLATE_ALIAS:
2020-06-13 14:50:23.948038 +0000 build-debian4:      stretch:stretch+standard, stretch+gnome:stretch+gnome+standard,
2020-06-13 14:50:23.948073 +0000 build-debian4:      stretch+minimal:stretch+minimal+no-recommends, buster:buster+standard, buster+gnome:buster+gnome+standard,
2020-06-13 14:50:23.948101 +0000 build-debian4:      buster+minimal:buster+minimal+no-recommends, bullseye:bullseye+standard,
2020-06-13 14:50:23.948115 +0000 build-debian4:      bullseye+gnome:bullseye+gnome+standard, bullseye+minimal:bullseye+minimal+no-recommends,
2020-06-13 14:50:23.948125 +0000 build-debian4:      whonix-gateway-14:stretch+whonix-gateway+minimal+no-recommends,
2020-06-13 14:50:23.948136 +0000 build-debian4:      whonix-workstation-14:stretch+whonix-workstation+minimal+no-recommends,
2020-06-13 14:50:23.948146 +0000 build-debian4:      whonix-gateway-15:buster+whonix-gateway+minimal+no-recommends,
2020-06-13 14:50:23.948156 +0000 build-debian4:      whonix-workstation-15:buster+whonix-workstation+minimal+no-recommends,
2020-06-13 14:50:23.949315 +0000 build-debian4: TEMPLATE_LABEL:
2020-06-13 14:50:23.949582 +0000 build-debian4:      stretch+standard:debian-9, buster+standard:debian-10, bullseye+standard:debian-11,
2020-06-13 14:50:23.949609 +0000 build-debian4:      stretch+standard:stretch, buster+standard:buster, bullseye+standard:bullseye, fc29:fedora-29 fc30:fedora-30
2020-06-13 14:50:23.949623 +0000 build-debian4:      fc31:fedora-31 fc32:fedora-32 fc29+minimal:fedora-29-minimal fc30+minimal:fedora-30-minimal
2020-06-13 14:50:23.949635 +0000 build-debian4:      fc31+minimal:fedora-31-minimal fc32+minimal:fedora-32-minimal fc29+xfce:fedora-29-xfce
2020-06-13 14:50:23.949646 +0000 build-debian4:      fc30+xfce:fedora-30-xfce fc31+xfce:fedora-31-xfce fc32+xfce:fedora-32-xfce stretch:debian-9
2020-06-13 14:50:23.949658 +0000 build-debian4:      buster:debian-10 bullseye:debian-11 stretch+whonix-gateway+minimal+no-recommends:whonix-gw-14
2020-06-13 14:50:23.949668 +0000 build-debian4:      stretch+whonix-workstation+minimal+no-recommends:whonix-ws-14
2020-06-13 14:50:23.949677 +0000 build-debian4:      buster+whonix-gateway+minimal+no-recommends:whonix-gw-15
2020-06-13 14:50:23.949688 +0000 build-debian4:      buster+whonix-workstation+minimal+no-recommends:whonix-ws-15 centos7:centos-7
2020-06-13 14:50:23.949699 +0000 build-debian4:      centos7+minimal:centos-7-minimal centos7+xfce:centos-7-xfce centos8:centos-8
2020-06-13 14:50:23.949709 +0000 build-debian4:      centos8+minimal:centos-7-minimal centos8+xfce:centos-8-xfce
2020-06-13 14:50:23.963080 +0000 build-debian4: > running make
2020-06-13 14:50:23.973847 +0000 build-debian4: Makefile:818: target 'internal-update-repo-current.vm.bullseye.vmm-xen-stubdom-legacy' does not exist
2020-06-13 14:50:23.973885 +0000 build-debian4: repo_base_var="LINUX_REPO_bullseye_BASEDIR"; \
2020-06-13 14:50:23.973898 +0000 build-debian4: if [ "vmm-xen-stubdom-legacy" = linux-template-builder ]; then \
2020-06-13 14:50:23.973909 +0000 build-debian4: .# templates belongs to dom0 repository, even though PACKAGE_SET=vm
2020-06-13 14:50:23.973918 +0000 build-debian4: repo_base_var="LINUX_REPO__BASEDIR"; \
2020-06-13 14:50:23.973925 +0000 build-debian4: fi; \
2020-06-13 14:50:23.973933 +0000 build-debian4: if [ -n "${!repo_base_var}" ]; then \
2020-06-13 14:50:23.973941 +0000 build-debian4: .repo_basedir="${!repo_base_var}"; \
2020-06-13 14:50:23.973947 +0000 build-debian4: else \
2020-06-13 14:50:23.973956 +0000 build-debian4: .repo_basedir="qubes-src/linux-deb/r4.1"; \
2020-06-13 14:50:23.973962 +0000 build-debian4: fi; \
2020-06-13 14:50:23.973971 +0000 build-debian4: if [ -r qubes-src/vmm-xen-stubdom-legacy/Makefile.builder ]; then \
2020-06-13 14:50:23.973981 +0000 build-debian4: .echo -n "Updating qubes-src/vmm-xen-stubdom-legacy... "; \
2020-06-13 14:50:23.973989 +0000 build-debian4: .if [ "0" -eq 1 ]; then \
2020-06-13 14:50:23.974000 +0000 build-debian4: ..vtag=`git -C qubes-src/vmm-xen-stubdom-legacy tag --points-at HEAD --list v*`; \
2020-06-13 14:50:23.974008 +0000 build-debian4: ..if [ -z "$vtag" ]; then \
2020-06-13 14:50:23.974015 +0000 build-debian4: ...echo "no version tag"; \
2020-06-13 14:50:23.974022 +0000 build-debian4: ...exit 0; \
2020-06-13 14:50:23.974040 +0000 build-debian4: ..fi; \
2020-06-13 14:50:23.974048 +0000 build-debian4: .fi; \
2020-06-13 14:50:23.974058 +0000 build-debian4: .if [ "vmm-xen-stubdom-legacy" = linux-template-builder ]; then
2020-06-13 14:50:23.974070 +0000 build-debian4: export TEMPLATE_NAME=$(MAKEFLAGS= make -s -C qubes-src/linux-template-builder DIST=bullseye template-name)
2020-06-13 14:50:23.974076 +0000 build-debian4: fi
2020-06-13 14:50:23.974097 +0000 build-debian4: component_packages=$(MAKEFLAGS= make -s -f Makefile.generic DIST=bullseye PACKAGE_SET=vm COMPONENT=`basename qubes-src/vmm-xen-stubdom-legacy` UPDATE_REPO=/home/user/builder-r4.1/$repo_basedir/current/vm/bullseye get-var GET_VAR=PACKAGE_LIST); \
2020-06-13 14:50:23.974106 +0000 build-debian4: .if [ -z "$component_packages" ]; then \
2020-06-13 14:50:23.974114 +0000 build-debian4: ..echo "no packages."; \
2020-06-13 14:50:23.974121 +0000 build-debian4: ..exit 0; \
2020-06-13 14:50:23.974127 +0000 build-debian4: .fi; \
2020-06-13 14:50:23.974137 +0000 build-debian4: .make -s -f Makefile.generic DIST=bullseye PACKAGE_SET=vm \
2020-06-13 14:50:23.974146 +0000 build-debian4: ..COMPONENT=`basename qubes-src/vmm-xen-stubdom-legacy` \
2020-06-13 14:50:23.974154 +0000 build-debian4: ..SNAPSHOT_REPO=current-testing \
2020-06-13 14:50:23.974161 +0000 build-debian4: ..TARGET_REPO=current \
2020-06-13 14:50:23.974171 +0000 build-debian4: ..UPDATE_REPO=/home/user/builder-r4.1/$repo_basedir/current/vm/bullseye \
2020-06-13 14:50:23.974185 +0000 build-debian4: ..SNAPSHOT_FILE=/home/user/builder-r4.1/repo-latest-snapshot/current-testing-vm-bullseye-`basename qubes-src/vmm-xen-stubdom-legacy` \
2020-06-13 14:50:23.974192 +0000 build-debian4: ..BUILD_LOG_URL= \
2020-06-13 14:50:23.974201 +0000 build-debian4: ..update-repo-from-snapshot || exit 1; \
2020-06-13 14:50:23.974212 +0000 build-debian4: elif make -C qubes-src/vmm-xen-stubdom-legacy -n update-repo-current >/dev/null 2>/dev/null; then \
2020-06-13 14:50:23.974246 +0000 build-debian4: .echo "Updating qubes-src/vmm-xen-stubdom-legacy... "; \
2020-06-13 14:50:23.974257 +0000 build-debian4: .DIST=bullseye UPDATE_REPO=/home/user/builder-r4.1/$repo_basedir/current/vm/bullseye \
2020-06-13 14:50:23.974267 +0000 build-debian4: .make -s -C qubes-src/vmm-xen-stubdom-legacy update-repo-current || exit 1; \
2020-06-13 14:50:23.974274 +0000 build-debian4: else \
2020-06-13 14:50:23.974284 +0000 build-debian4: .echo -n "Updating qubes-src/vmm-xen-stubdom-legacy... skipping."; \
2020-06-13 14:50:23.974290 +0000 build-debian4: fi; \
2020-06-13 14:50:23.974296 +0000 build-debian4: echo
2020-06-13 14:50:23.990305 +0000 build-debian4: Updating qubes-src/vmm-xen-stubdom-legacy... no packages.
2020-06-13 14:50:23.990351 +0000 build-debian4: Makefile:791: update target 'internal-update-repo-current.vm.bullseye' due to: internal-update-repo-current.vm.bullseye.vmm-xen-stubdom-legacy
2020-06-13 14:50:23.990362 +0000 build-debian4: true
2020-06-13 14:50:23.991411 +0000 build-debian4: Makefile:818: target 'internal-update-repo-current.vm.buster.vmm-xen-stubdom-legacy' does not exist
2020-06-13 14:50:23.991438 +0000 build-debian4: repo_base_var="LINUX_REPO_buster_BASEDIR"; \
2020-06-13 14:50:23.991450 +0000 build-debian4: if [ "vmm-xen-stubdom-legacy" = linux-template-builder ]; then \
2020-06-13 14:50:23.991461 +0000 build-debian4: .# templates belongs to dom0 repository, even though PACKAGE_SET=vm
2020-06-13 14:50:23.991469 +0000 build-debian4: repo_base_var="LINUX_REPO__BASEDIR"; \
2020-06-13 14:50:23.991476 +0000 build-debian4: fi; \
2020-06-13 14:50:23.991484 +0000 build-debian4: if [ -n "${!repo_base_var}" ]; then \
2020-06-13 14:50:23.991492 +0000 build-debian4: .repo_basedir="${!repo_base_var}"; \
2020-06-13 14:50:23.991498 +0000 build-debian4: else \
2020-06-13 14:50:23.991507 +0000 build-debian4: .repo_basedir="qubes-src/linux-deb/r4.1"; \
2020-06-13 14:50:23.991513 +0000 build-debian4: fi; \
2020-06-13 14:50:23.991522 +0000 build-debian4: if [ -r qubes-src/vmm-xen-stubdom-legacy/Makefile.builder ]; then \
2020-06-13 14:50:23.991544 +0000 build-debian4: .echo -n "Updating qubes-src/vmm-xen-stubdom-legacy... "; \
2020-06-13 14:50:23.991553 +0000 build-debian4: .if [ "0" -eq 1 ]; then \
2020-06-13 14:50:23.991564 +0000 build-debian4: ..vtag=`git -C qubes-src/vmm-xen-stubdom-legacy tag --points-at HEAD --list v*`; \
2020-06-13 14:50:23.991572 +0000 build-debian4: ..if [ -z "$vtag" ]; then \
2020-06-13 14:50:23.991579 +0000 build-debian4: ...echo "no version tag"; \
2020-06-13 14:50:23.991586 +0000 build-debian4: ...exit 0; \
2020-06-13 14:50:23.991592 +0000 build-debian4: ..fi; \
2020-06-13 14:50:23.991598 +0000 build-debian4: .fi; \
2020-06-13 14:50:23.991611 +0000 build-debian4: .if [ "vmm-xen-stubdom-legacy" = linux-template-builder ]; then
2020-06-13 14:50:23.991623 +0000 build-debian4: export TEMPLATE_NAME=$(MAKEFLAGS= make -s -C qubes-src/linux-template-builder DIST=buster template-name)
2020-06-13 14:50:23.991630 +0000 build-debian4: fi
2020-06-13 14:50:23.991650 +0000 build-debian4: component_packages=$(MAKEFLAGS= make -s -f Makefile.generic DIST=buster PACKAGE_SET=vm COMPONENT=`basename qubes-src/vmm-xen-stubdom-legacy` UPDATE_REPO=/home/user/builder-r4.1/$repo_basedir/current/vm/buster get-var GET_VAR=PACKAGE_LIST); \
2020-06-13 14:50:23.991659 +0000 build-debian4: .if [ -z "$component_packages" ]; then \
2020-06-13 14:50:23.991667 +0000 build-debian4: ..echo "no packages."; \
2020-06-13 14:50:23.991673 +0000 build-debian4: ..exit 0; \
2020-06-13 14:50:23.991680 +0000 build-debian4: .fi; \
2020-06-13 14:50:23.991689 +0000 build-debian4: .make -s -f Makefile.generic DIST=buster PACKAGE_SET=vm \
2020-06-13 14:50:23.991698 +0000 build-debian4: ..COMPONENT=`basename qubes-src/vmm-xen-stubdom-legacy` \
2020-06-13 14:50:23.991706 +0000 build-debian4: ..SNAPSHOT_REPO=current-testing \
2020-06-13 14:50:23.991713 +0000 build-debian4: ..TARGET_REPO=current \
2020-06-13 14:50:23.991723 +0000 build-debian4: ..UPDATE_REPO=/home/user/builder-r4.1/$repo_basedir/current/vm/buster \
2020-06-13 14:50:23.991737 +0000 build-debian4: ..SNAPSHOT_FILE=/home/user/builder-r4.1/repo-latest-snapshot/current-testing-vm-buster-`basename qubes-src/vmm-xen-stubdom-legacy` \
2020-06-13 14:50:23.991744 +0000 build-debian4: ..BUILD_LOG_URL= \
2020-06-13 14:50:23.991752 +0000 build-debian4: ..update-repo-from-snapshot || exit 1; \
2020-06-13 14:50:23.991763 +0000 build-debian4: elif make -C qubes-src/vmm-xen-stubdom-legacy -n update-repo-current >/dev/null 2>/dev/null; then \
2020-06-13 14:50:23.991773 +0000 build-debian4: .echo "Updating qubes-src/vmm-xen-stubdom-legacy... "; \
2020-06-13 14:50:23.991783 +0000 build-debian4: .DIST=buster UPDATE_REPO=/home/user/builder-r4.1/$repo_basedir/current/vm/buster \
2020-06-13 14:50:23.991794 +0000 build-debian4: .make -s -C qubes-src/vmm-xen-stubdom-legacy update-repo-current || exit 1; \
2020-06-13 14:50:23.991800 +0000 build-debian4: else \
2020-06-13 14:50:23.991810 +0000 build-debian4: .echo -n "Updating qubes-src/vmm-xen-stubdom-legacy... skipping."; \
2020-06-13 14:50:23.991816 +0000 build-debian4: fi; \
2020-06-13 14:50:23.991822 +0000 build-debian4: echo
2020-06-13 14:50:24.011581 +0000 build-debian4: Updating qubes-src/vmm-xen-stubdom-legacy... no packages.
2020-06-13 14:50:24.011635 +0000 build-debian4: Makefile:791: update target 'internal-update-repo-current.vm.buster' due to: internal-update-repo-current.vm.buster.vmm-xen-stubdom-legacy
2020-06-13 14:50:24.011645 +0000 build-debian4: true
2020-06-13 14:50:24.013106 +0000 build-debian4: Makefile:818: target 'internal-update-repo-current.vm.stretch.vmm-xen-stubdom-legacy' does not exist
2020-06-13 14:50:24.013144 +0000 build-debian4: repo_base_var="LINUX_REPO_stretch_BASEDIR"; \
2020-06-13 14:50:24.013157 +0000 build-debian4: if [ "vmm-xen-stubdom-legacy" = linux-template-builder ]; then \
2020-06-13 14:50:24.013168 +0000 build-debian4: .# templates belongs to dom0 repository, even though PACKAGE_SET=vm
2020-06-13 14:50:24.013177 +0000 build-debian4: repo_base_var="LINUX_REPO__BASEDIR"; \
2020-06-13 14:50:24.013197 +0000 build-debian4: fi; \
2020-06-13 14:50:24.013207 +0000 build-debian4: if [ -n "${!repo_base_var}" ]; then \
2020-06-13 14:50:24.013233 +0000 build-debian4: .repo_basedir="${!repo_base_var}"; \
2020-06-13 14:50:24.013241 +0000 build-debian4: else \
2020-06-13 14:50:24.013250 +0000 build-debian4: .repo_basedir="qubes-src/linux-deb/r4.1"; \
2020-06-13 14:50:24.013257 +0000 build-debian4: fi; \
2020-06-13 14:50:24.013266 +0000 build-debian4: if [ -r qubes-src/vmm-xen-stubdom-legacy/Makefile.builder ]; then \
2020-06-13 14:50:24.013276 +0000 build-debian4: .echo -n "Updating qubes-src/vmm-xen-stubdom-legacy... "; \
2020-06-13 14:50:24.013284 +0000 build-debian4: .if [ "0" -eq 1 ]; then \
2020-06-13 14:50:24.013296 +0000 build-debian4: ..vtag=`git -C qubes-src/vmm-xen-stubdom-legacy tag --points-at HEAD --list v*`; \
2020-06-13 14:50:24.013304 +0000 build-debian4: ..if [ -z "$vtag" ]; then \
2020-06-13 14:50:24.013312 +0000 build-debian4: ...echo "no version tag"; \
2020-06-13 14:50:24.013319 +0000 build-debian4: ...exit 0; \
2020-06-13 14:50:24.013326 +0000 build-debian4: ..fi; \
2020-06-13 14:50:24.013332 +0000 build-debian4: .fi; \
2020-06-13 14:50:24.013342 +0000 build-debian4: .if [ "vmm-xen-stubdom-legacy" = linux-template-builder ]; then
2020-06-13 14:50:24.013354 +0000 build-debian4: export TEMPLATE_NAME=$(MAKEFLAGS= make -s -C qubes-src/linux-template-builder DIST=stretch template-name)
2020-06-13 14:50:24.013361 +0000 build-debian4: fi
2020-06-13 14:50:24.013382 +0000 build-debian4: component_packages=$(MAKEFLAGS= make -s -f Makefile.generic DIST=stretch PACKAGE_SET=vm COMPONENT=`basename qubes-src/vmm-xen-stubdom-legacy` UPDATE_REPO=/home/user/builder-r4.1/$repo_basedir/current/vm/stretch get-var GET_VAR=PACKAGE_LIST); \
2020-06-13 14:50:24.013391 +0000 build-debian4: .if [ -z "$component_packages" ]; then \
2020-06-13 14:50:24.013399 +0000 build-debian4: ..echo "no packages."; \
2020-06-13 14:50:24.013406 +0000 build-debian4: ..exit 0; \
2020-06-13 14:50:24.013413 +0000 build-debian4: .fi; \
2020-06-13 14:50:24.013422 +0000 build-debian4: .make -s -f Makefile.generic DIST=stretch PACKAGE_SET=vm \
2020-06-13 14:50:24.013432 +0000 build-debian4: ..COMPONENT=`basename qubes-src/vmm-xen-stubdom-legacy` \
2020-06-13 14:50:24.013440 +0000 build-debian4: ..SNAPSHOT_REPO=current-testing \
2020-06-13 14:50:24.013448 +0000 build-debian4: ..TARGET_REPO=current \
2020-06-13 14:50:24.013458 +0000 build-debian4: ..UPDATE_REPO=/home/user/builder-r4.1/$repo_basedir/current/vm/stretch \
2020-06-13 14:50:24.013472 +0000 build-debian4: ..SNAPSHOT_FILE=/home/user/builder-r4.1/repo-latest-snapshot/current-testing-vm-stretch-`basename qubes-src/vmm-xen-stubdom-legacy` \
2020-06-13 14:50:24.013480 +0000 build-debian4: ..BUILD_LOG_URL= \
2020-06-13 14:50:24.013489 +0000 build-debian4: ..update-repo-from-snapshot || exit 1; \
2020-06-13 14:50:24.013500 +0000 build-debian4: elif make -C qubes-src/vmm-xen-stubdom-legacy -n update-repo-current >/dev/null 2>/dev/null; then \
2020-06-13 14:50:24.013510 +0000 build-debian4: .echo "Updating qubes-src/vmm-xen-stubdom-legacy... "; \
2020-06-13 14:50:24.013521 +0000 build-debian4: .DIST=stretch UPDATE_REPO=/home/user/builder-r4.1/$repo_basedir/current/vm/stretch \
2020-06-13 14:50:24.013532 +0000 build-debian4: .make -s -C qubes-src/vmm-xen-stubdom-legacy update-repo-current || exit 1; \
2020-06-13 14:50:24.013539 +0000 build-debian4: else \
2020-06-13 14:50:24.013549 +0000 build-debian4: .echo -n "Updating qubes-src/vmm-xen-stubdom-legacy... skipping."; \
2020-06-13 14:50:24.013556 +0000 build-debian4: fi; \
2020-06-13 14:50:24.013562 +0000 build-debian4: echo
2020-06-13 14:50:24.035376 +0000 build-debian4: Updating qubes-src/vmm-xen-stubdom-legacy... no packages.
2020-06-13 14:50:24.039032 +0000 build-debian4: Makefile:791: update target 'internal-update-repo-current.vm.stretch' due to: internal-update-repo-current.vm.stretch.vmm-xen-stubdom-legacy
2020-06-13 14:50:24.039072 +0000 build-debian4: true
2020-06-13 14:50:24.039099 +0000 build-debian4: Makefile:872: target 'post-update-repo-current' does not exist
2020-06-13 14:50:24.039111 +0000 build-debian4: for dist in  bullseye buster stretch; do \
2020-06-13 14:50:24.039121 +0000 build-debian4: .repo_base_var="LINUX_REPO_${dist}_BASEDIR"; \
2020-06-13 14:50:24.039130 +0000 build-debian4: .if [ -n "${!repo_base_var}" ]; then \
2020-06-13 14:50:24.039138 +0000 build-debian4: ..repo_basedir="${!repo_base_var}"; \
2020-06-13 14:50:24.039145 +0000 build-debian4: .else \
2020-06-13 14:50:24.039154 +0000 build-debian4: ..repo_basedir="qubes-src/linux-deb/r4.1"; \
2020-06-13 14:50:24.039161 +0000 build-debian4: .fi; \
2020-06-13 14:50:24.039170 +0000 build-debian4: .repos_to_update="$repos_to_update $repo_basedir"; \
2020-06-13 14:50:24.039177 +0000 build-debian4: done; \
2020-06-13 14:50:24.039184 +0000 build-debian4: pkgset_dist= ; \
2020-06-13 14:50:24.039192 +0000 build-debian4: for dist in ; do \
2020-06-13 14:50:24.039201 +0000 build-debian4: .pkgset_dist="$pkgset_dist dom0/$dist"; \
2020-06-13 14:50:24.039207 +0000 build-debian4: done; \
2020-06-13 14:50:24.039241 +0000 build-debian4: for dist in bullseye buster stretch; do \
2020-06-13 14:50:24.039252 +0000 build-debian4: .pkgset_dist="$pkgset_dist vm/$dist"; \
2020-06-13 14:50:24.039259 +0000 build-debian4: done; \
2020-06-13 14:50:24.039269 +0000 build-debian4: for repo in `echo $repos_to_update|tr ' ' '\n'|sort|uniq`; do \
2020-06-13 14:50:24.039277 +0000 build-debian4: .[ -z "$repo" ] && continue; \
2020-06-13 14:50:24.039287 +0000 build-debian4: .[ -x "$repo/../update_repo-current.sh" ] || continue; \
2020-06-13 14:50:24.039297 +0000 build-debian4: .(cd $repo/.. && ./update_repo-current.sh r4.1 $pkgset_dist); \
2020-06-13 14:50:24.039304 +0000 build-debian4: done
2020-06-13 14:50:24.047605 +0000 build-debian4: --> Processing repo: r4.1/vm/dists/bullseye...
2020-06-13 14:50:24.697389 +0000 build-debian4: --> Processing repo: r4.1/vm/dists/buster...
2020-06-13 14:50:24.735984 +0000 build-debian4: Error while vchan send, exiting
2020-06-13 14:50:25.105038 +0000 build-debian4: --> Processing repo: r4.1/vm/dists/stretch...
2020-06-13 14:50:25.542274 +0000 build-debian4: Error while vchan send, exiting
2020-06-13 14:50:25.542350 +0000 build-debian4: Done.
2020-06-13 14:50:25.561931 +0000 build-debian4: ~/builder-r4.1/qubes-src/linux-deb ~/builder-r4.1/qubes-src/linux-deb
2020-06-13 14:50:25.653521 +0000 build-debian4: sending incremental file list
2020-06-13 14:50:25.853819 +0000 build-debian4: Syncing r4.1/vm/bullseye...
2020-06-13 14:50:26.011902 +0000 build-debian4: sending incremental file list
2020-06-13 14:50:26.052442 +0000 build-debian4: .d..t...... bullseye/
2020-06-13 14:50:26.052492 +0000 build-debian4: <f..t...... bullseye/InRelease
2020-06-13 14:50:26.052511 +0000 build-debian4: .            700  27%    0.00kB/s    0:00:00  .          2,504 100%    1.72MB/s    0:00:00 (xfr#1, to-chk=10/12)
2020-06-13 14:50:26.052534 +0000 build-debian4: <f..t...... bullseye/Release.gpg
2020-06-13 14:50:26.052549 +0000 build-debian4: .            833 100%  813.48kB/s    0:00:00  .            833 100%  813.48kB/s    0:00:00 (xfr#2, to-chk=8/12)
2020-06-13 14:50:26.138047 +0000 build-debian4: Syncing r4.1/vm/bullseye-testing...
2020-06-13 14:50:26.279232 +0000 build-debian4: sending incremental file list
2020-06-13 14:50:26.383720 +0000 build-debian4: Syncing r4.1/vm/buster...
2020-06-13 14:50:26.543085 +0000 build-debian4: sending incremental file list
2020-06-13 14:50:26.595317 +0000 build-debian4: .d..t...... buster/
2020-06-13 14:50:26.595363 +0000 build-debian4: <f..t...... buster/InRelease
2020-06-13 14:50:26.595380 +0000 build-debian4: .            700  28%    0.00kB/s    0:00:00  .          2,500 100%    1.72MB/s    0:00:00 (xfr#1, to-chk=10/12)
2020-06-13 14:50:26.595391 +0000 build-debian4: <f..t...... buster/Release.gpg
2020-06-13 14:50:26.595408 +0000 build-debian4: .            833 100%  813.48kB/s    0:00:00  .            833 100%  813.48kB/s    0:00:00 (xfr#2, to-chk=8/12)
2020-06-13 14:50:26.675065 +0000 build-debian4: Syncing r4.1/vm/buster-testing...
2020-06-13 14:50:26.877216 +0000 build-debian4: sending incremental file list
2020-06-13 14:50:26.980565 +0000 build-debian4: Syncing r4.1/vm/stretch...
2020-06-13 14:50:27.143303 +0000 build-debian4: sending incremental file list
2020-06-13 14:50:27.181180 +0000 build-debian4: .d..t...... stretch/
2020-06-13 14:50:27.181227 +0000 build-debian4: <f..t...... stretch/InRelease
2020-06-13 14:50:27.181285 +0000 build-debian4: .            700  27%    0.00kB/s    0:00:00  .          2,502 100%    1.72MB/s    0:00:00 (xfr#1, to-chk=10/12)
2020-06-13 14:50:27.181296 +0000 build-debian4: <f..t...... stretch/Release.gpg
2020-06-13 14:50:27.181309 +0000 build-debian4: .            833 100%  813.48kB/s    0:00:00  .            833 100%  813.48kB/s    0:00:00 (xfr#2, to-chk=8/12)
2020-06-13 14:50:27.258515 +0000 build-debian4: Syncing r4.1/vm/stretch-testing...
2020-06-13 14:50:27.401429 +0000 build-debian4: sending incremental file list
2020-06-13 14:50:27.620195 +0000 build-debian4: ~/builder-r4.1/qubes-src/linux-deb
2020-06-13 14:50:27.620419 +0000 build-debian4: Makefile:778: update target 'update-repo-current' due to: internal-update-repo-current.vm.bullseye internal-update-repo-current.vm.buster internal-update-repo-current.vm.stretch post-update-repo-current
2020-06-13 14:50:27.620443 +0000 build-debian4: true
2020-06-13 14:50:27.623559 +0000 build-debian4: > done
2020-06-13 14:50:27.623600 +0000 > closing log
