2021-07-30 15:45:08.018839 +0000 > starting log
2021-07-30 15:45:08.019266 +0000 build-centos: > starting build with log
2021-07-30 15:45:08.019279 +0000 build-centos: >> make args: update-repo-current
2021-07-30 15:45:08.019287 +0000 build-centos: >> MAKEFLAGS=
2021-07-30 15:45:08.019294 +0000 build-centos: >> COMPONENTS=linux-kernel
2021-07-30 15:45:08.019301 +0000 build-centos: >> DISTS_VM=centos-stream8
2021-07-30 15:45:08.019307 +0000 build-centos: >> DIST_DOM0=
2021-07-30 15:45:08.019316 +0000 build-centos: >> qubes-builder 75fec6ba5b77aa3a7bbc642095001aac175c6028
2021-07-30 15:45:08.019325 +0000 build-centos: >> qubes-builder/qubes-src/linux-kernel 0458b999eb2a9219940378d87764300614fa0629
2021-07-30 15:45:08.222984 +0000 build-centos: >> qubes-builder/qubes-src/linux-kernel/dummy-backlight 33420931ad20f1e3edc805d0db89da2a73c044cb
2021-07-30 15:45:08.539082 +0000 build-centos: >> qubes-builder/qubes-src/linux-kernel/dummy-psu 49475d88d94e079bda8212ddb8489f1654615047
2021-07-30 15:45:08.936672 +0000 build-centos: >> qubes-builder/qubes-src/linux-kernel/linux-utils 97271bab41f588b0c9dc8cbcf3ff70bd775e1ec3
2021-07-30 15:45:09.178863 +0000 build-centos: ================================================================================
2021-07-30 15:45:09.178912 +0000 build-centos:                            B U I L D   I N F O                                  
2021-07-30 15:45:09.178925 +0000 build-centos: Items in red indicate it was automatically generated by configuration file(s)
2021-07-30 15:45:09.178936 +0000 build-centos: Items in white indicate it was automatically removed by configuration file(s)
2021-07-30 15:45:09.178946 +0000 build-centos: ================================================================================
2021-07-30 15:45:09.178952 +0000 build-centos: DISTS_VM:
2021-07-30 15:45:09.256657 +0000 build-centos:      centos-stream8,
2021-07-30 15:45:09.394770 +0000 build-centos: DISTS_ALL:
2021-07-30 15:45:09.450415 +0000 build-centos:      vm-centos-stream8,
2021-07-30 15:45:09.450463 +0000 build-centos: DIST_DOM0:
2021-07-30 15:45:09.450471 +0000 build-centos:     
2021-07-30 15:45:09.450478 +0000 build-centos: BUILDER_PLUGINS:
2021-07-30 15:45:09.450489 +0000 build-centos:      builder-rpm, builder-debian, mgmt-salt, linux-yum, release-configs, builder-github,
2021-07-30 15:45:09.450495 +0000 build-centos: COMPONENTS:
2021-07-30 15:45:09.450501 +0000 build-centos:      linux-kernel,
2021-07-30 15:45:09.450507 +0000 build-centos: GIT_REPOS:
2021-07-30 15:45:09.450513 +0000 build-centos:      qubes-src/linux-kernel,
2021-07-30 15:45:09.450519 +0000 build-centos: TEMPLATE:
2021-07-30 15:45:09.450524 +0000 build-centos:     
2021-07-30 15:45:09.450530 +0000 build-centos: TEMPLATE_FLAVOR_DIR:
2021-07-30 15:45:09.450535 +0000 build-centos:     
2021-07-30 15:45:09.450541 +0000 build-centos: TEMPLATE_ALIAS:
2021-07-30 15:45:09.450550 +0000 build-centos:      stretch:stretch+standard, stretch+gnome:stretch+gnome+standard,
2021-07-30 15:45:09.450559 +0000 build-centos:      stretch+minimal:stretch+minimal+no-recommends, buster:buster+standard,
2021-07-30 15:45:09.450569 +0000 build-centos:      buster+gnome:buster+gnome+standard, buster+minimal:buster+minimal+no-recommends,
2021-07-30 15:45:09.450578 +0000 build-centos:      bullseye:bullseye+standard, bullseye+gnome:bullseye+gnome+standard,
2021-07-30 15:45:09.450587 +0000 build-centos:      bullseye+minimal:bullseye+minimal+no-recommends, bionic:bionic+standard,
2021-07-30 15:45:09.450597 +0000 build-centos:      focal:focal+standard, whonix-gateway-14:stretch+whonix-gateway+minimal+no-recommends,
2021-07-30 15:45:09.450606 +0000 build-centos:      whonix-workstation-14:stretch+whonix-workstation+minimal+no-recommends,
2021-07-30 15:45:09.450615 +0000 build-centos:      whonix-gateway-15:buster+whonix-gateway+minimal+no-recommends,
2021-07-30 15:45:09.450624 +0000 build-centos:      whonix-workstation-15:buster+whonix-workstation+minimal+no-recommends,
2021-07-30 15:45:09.450630 +0000 build-centos: TEMPLATE_LABEL:
2021-07-30 15:45:09.450640 +0000 build-centos:      centos-stream8:centos-stream-8, fc32:fedora-32 fc33:fedora-33 fc34:fedora-34 fc35:fedora-35
2021-07-30 15:45:09.450667 +0000 build-centos:      fc32+minimal:fedora-32-minimal fc33+minimal:fedora-33-minimal fc34+minimal:fedora-34-minimal
2021-07-30 15:45:09.450679 +0000 build-centos:      fc35+minimal:fedora-35-minimal fc32+xfce:fedora-32-xfce fc33+xfce:fedora-33-xfce fc34+xfce:fedora-34-xfce
2021-07-30 15:45:09.450690 +0000 build-centos:      fc35+xfce:fedora-35-xfce stretch:debian-9 stretch+standard:debian-9 stretch+xfce:debian-9-xfce
2021-07-30 15:45:09.450700 +0000 build-centos:      buster:debian-10 buster+standard:debian-10 buster+xfce:debian-10-xfce bullseye:debian-11
2021-07-30 15:45:09.450710 +0000 build-centos:      bullseye+standard:debian-11 bullseye+xfce:debian-11-xfce bionic+standard:bionic
2021-07-30 15:45:09.450719 +0000 build-centos:      focal+standard:focal stretch+whonix-gateway+minimal+no-recommends:whonix-gw-14
2021-07-30 15:45:09.450728 +0000 build-centos:      stretch+whonix-workstation+minimal+no-recommends:whonix-ws-14
2021-07-30 15:45:09.450736 +0000 build-centos:      buster+whonix-gateway+minimal+no-recommends:whonix-gw-15
2021-07-30 15:45:09.450746 +0000 build-centos:      buster+whonix-workstation+minimal+no-recommends:whonix-ws-15 centos7:centos-7
2021-07-30 15:45:09.450757 +0000 build-centos:      centos7+minimal:centos-7-minimal centos7+xfce:centos-7-xfce centos-stream8+minimal:centos-stream-8-minimal
2021-07-30 15:45:09.450765 +0000 build-centos:      centos-stream8+xfce:centos-stream-8-xfce
2021-07-30 15:45:09.477102 +0000 build-centos: > running make
2021-07-30 15:45:09.477152 +0000 build-centos: Makefile:857: target 'internal-update-repo-current.vm.centos-stream8.linux-kernel' does not exist
2021-07-30 15:45:09.477163 +0000 build-centos: repo_base_var="LINUX_REPO_${DIST//-/_}_BASEDIR"; \
2021-07-30 15:45:09.477172 +0000 build-centos: if [ "linux-kernel" = linux-template-builder ]; then \
2021-07-30 15:45:09.477198 +0000 build-centos: .# templates belongs to dom0 repository, even though PACKAGE_SET=vm
2021-07-30 15:45:09.477207 +0000 build-centos: repo_base_var="LINUX_REPO__BASEDIR"; \
2021-07-30 15:45:09.477213 +0000 build-centos: fi; \
2021-07-30 15:45:09.477220 +0000 build-centos: if [ -n "${!repo_base_var}" ]; then \
2021-07-30 15:45:09.477227 +0000 build-centos: .repo_basedir="${!repo_base_var}"; \
2021-07-30 15:45:09.477233 +0000 build-centos: else \
2021-07-30 15:45:09.477240 +0000 build-centos: .repo_basedir="qubes-src/linux-yum/r4.1"; \
2021-07-30 15:45:09.477245 +0000 build-centos: fi; \
2021-07-30 15:45:09.477253 +0000 build-centos: if [ -r qubes-src/linux-kernel/Makefile.builder ]; then \
2021-07-30 15:45:09.477261 +0000 build-centos: .echo -n "Updating qubes-src/linux-kernel... "; \
2021-07-30 15:45:09.477268 +0000 build-centos: .if [ "0" -eq 1 ]; then \
2021-07-30 15:45:09.477277 +0000 build-centos: ..vtag=`git -C qubes-src/linux-kernel tag --points-at HEAD --list v*`; \
2021-07-30 15:45:09.477284 +0000 build-centos: ..if [ -z "$vtag" ]; then \
2021-07-30 15:45:09.477290 +0000 build-centos: ...echo "no version tag"; \
2021-07-30 15:45:09.477296 +0000 build-centos: ...exit 0; \
2021-07-30 15:45:09.477302 +0000 build-centos: ..fi; \
2021-07-30 15:45:09.477307 +0000 build-centos: .fi; \
2021-07-30 15:45:09.477315 +0000 build-centos: .if [ "linux-kernel" = linux-template-builder ]; then
2021-07-30 15:45:09.477326 +0000 build-centos: export TEMPLATE_NAME=$(MAKEFLAGS= make -s -C qubes-src/linux-template-builder DIST=centos-stream8 template-name)
2021-07-30 15:45:09.477332 +0000 build-centos: fi
2021-07-30 15:45:09.477354 +0000 build-centos: component_packages=$(MAKEFLAGS= make -s -f Makefile.generic DIST=centos-stream8 PACKAGE_SET=vm COMPONENT=`basename qubes-src/linux-kernel` UPDATE_REPO=/home/user/builder-r4.1/$repo_basedir/current/vm/centos-stream8 get-var GET_VAR=PACKAGE_LIST); \
2021-07-30 15:45:09.477363 +0000 build-centos: .if [ -z "$component_packages" ]; then \
2021-07-30 15:45:09.477370 +0000 build-centos: ..echo "no packages."; \
2021-07-30 15:45:09.477393 +0000 build-centos: ..exit 0; \
2021-07-30 15:45:09.477400 +0000 build-centos: .fi; \
2021-07-30 15:45:09.477408 +0000 build-centos: .make -s -f Makefile.generic DIST=centos-stream8 PACKAGE_SET=vm \
2021-07-30 15:45:09.477416 +0000 build-centos: ..COMPONENT=`basename qubes-src/linux-kernel` \
2021-07-30 15:45:09.477423 +0000 build-centos: ..SNAPSHOT_REPO=current-testing \
2021-07-30 15:45:09.477429 +0000 build-centos: ..TARGET_REPO=current \
2021-07-30 15:45:09.477439 +0000 build-centos: ..UPDATE_REPO=/home/user/builder-r4.1/$repo_basedir/current/vm/centos-stream8 \
2021-07-30 15:45:09.477451 +0000 build-centos: ..SNAPSHOT_FILE=/home/user/builder-r4.1/repo-latest-snapshot/current-testing-vm-centos-stream8-`basename qubes-src/linux-kernel` \
2021-07-30 15:45:09.477458 +0000 build-centos: ..BUILD_LOG_URL= \
2021-07-30 15:45:09.477465 +0000 build-centos: ..update-repo-from-snapshot || exit 1; \
2021-07-30 15:45:09.477475 +0000 build-centos: elif make -C qubes-src/linux-kernel -n update-repo-current >/dev/null 2>/dev/null; then \
2021-07-30 15:45:09.477483 +0000 build-centos: .echo "Updating qubes-src/linux-kernel... "; \
2021-07-30 15:45:09.477493 +0000 build-centos: .DIST=centos-stream8 UPDATE_REPO=/home/user/builder-r4.1/$repo_basedir/current/vm/centos-stream8 \
2021-07-30 15:45:09.477502 +0000 build-centos: .make -s -C qubes-src/linux-kernel update-repo-current || exit 1; \
2021-07-30 15:45:09.477507 +0000 build-centos: else \
2021-07-30 15:45:09.477516 +0000 build-centos: .echo -n "Updating qubes-src/linux-kernel... skipping."; \
2021-07-30 15:45:09.477521 +0000 build-centos: fi; \
2021-07-30 15:45:09.477526 +0000 build-centos: echo
2021-07-30 15:45:09.573009 +0000 build-centos: Updating qubes-src/linux-kernel... no packages.
2021-07-30 15:45:09.573063 +0000 build-centos: Makefile:826: update target 'internal-update-repo-current.vm.centos-stream8' due to: internal-update-repo-current.vm.centos-stream8.linux-kernel
2021-07-30 15:45:09.573072 +0000 build-centos: true
2021-07-30 15:45:09.573082 +0000 build-centos: Makefile:939: target 'post-update-repo-current' does not exist
2021-07-30 15:45:09.573087 +0000 build-centos: true
2021-07-30 15:45:09.580611 +0000 build-centos: Makefile:813: update target 'update-repo-current' due to: internal-update-repo-current.vm.centos-stream8 post-update-repo-current
2021-07-30 15:45:09.580650 +0000 build-centos: true
2021-07-30 15:45:09.585425 +0000 build-centos: > done
2021-07-30 15:45:09.585455 +0000 > closing log
