2021-11-15 11:55:08.827896 +0000 > starting log
2021-11-15 11:55:08.828273 +0000 build-centos: > starting build with log
2021-11-15 11:55:08.828287 +0000 build-centos: >> make args: update-repo-current
2021-11-15 11:55:08.828295 +0000 build-centos: >> MAKEFLAGS=
2021-11-15 11:55:08.828303 +0000 build-centos: >> COMPONENTS=python-u2flib-host
2021-11-15 11:55:08.828310 +0000 build-centos: >> DISTS_VM=centos-stream8
2021-11-15 11:55:08.828316 +0000 build-centos: >> DIST_DOM0=
2021-11-15 11:55:08.828325 +0000 build-centos: >> qubes-builder 55a924b82c57606792986de1934b9bc1b7f5f6a8
2021-11-15 11:55:08.828335 +0000 build-centos: >> qubes-builder/qubes-src/python-u2flib-host 01605e923df9d38b113554f81479e3b1f1e4e6ea
2021-11-15 11:55:08.828342 +0000 build-centos: !! python-u2flib-host-3.0.3.tar.gz
2021-11-15 11:55:08.828356 +0000 build-centos: 04f0a9427912d3d7595aa37de8556b3789c46b5c056745e864a4609492d8f2b790fc7157c66124d0d010b45c726c2f6ed316fb7a8f1224da6206acd17e7e1897  python-u2flib-host-3.0.3.tar.gz
2021-11-15 11:55:08.828367 +0000 build-centos: ================================================================================
2021-11-15 11:55:08.828376 +0000 build-centos:                            B U I L D   I N F O                                  
2021-11-15 11:55:08.828386 +0000 build-centos: Items in red indicate it was automatically generated by configuration file(s)
2021-11-15 11:55:08.828396 +0000 build-centos: Items in white indicate it was automatically removed by configuration file(s)
2021-11-15 11:55:08.828405 +0000 build-centos: ================================================================================
2021-11-15 11:55:08.828411 +0000 build-centos: DISTS_VM:
2021-11-15 11:55:08.828417 +0000 build-centos:      centos-stream8,
2021-11-15 11:55:08.828423 +0000 build-centos: DISTS_ALL:
2021-11-15 11:55:08.828429 +0000 build-centos:      vm-centos-stream8,
2021-11-15 11:55:08.828435 +0000 build-centos: DIST_DOM0:
2021-11-15 11:55:08.828440 +0000 build-centos:     
2021-11-15 11:55:08.828446 +0000 build-centos: BUILDER_PLUGINS:
2021-11-15 11:55:08.828456 +0000 build-centos:      builder-rpm, builder-debian, mgmt-salt, linux-yum, release-configs, builder-github,
2021-11-15 11:55:08.828462 +0000 build-centos: COMPONENTS:
2021-11-15 11:55:08.828468 +0000 build-centos:      python-u2flib-host,
2021-11-15 11:55:08.828474 +0000 build-centos: GIT_REPOS:
2021-11-15 11:55:08.828481 +0000 build-centos:      qubes-src/python-u2flib-host,
2021-11-15 11:55:08.828487 +0000 build-centos: TEMPLATE:
2021-11-15 11:55:08.828492 +0000 build-centos:     
2021-11-15 11:55:08.828498 +0000 build-centos: TEMPLATE_FLAVOR_DIR:
2021-11-15 11:55:08.828503 +0000 build-centos:     
2021-11-15 11:55:08.828509 +0000 build-centos: TEMPLATE_ALIAS:
2021-11-15 11:55:08.828518 +0000 build-centos:      stretch:stretch+standard, stretch+gnome:stretch+gnome+standard,
2021-11-15 11:55:08.828530 +0000 build-centos:      stretch+minimal:stretch+minimal+no-recommends, buster:buster+standard, buster+gnome:buster+gnome+standard,
2021-11-15 11:55:08.828539 +0000 build-centos:      buster+minimal:buster+minimal+no-recommends, bullseye:bullseye+standard,
2021-11-15 11:55:08.828550 +0000 build-centos:      bullseye+gnome:bullseye+gnome+standard, bullseye+minimal:bullseye+minimal+no-recommends,
2021-11-15 11:55:08.828561 +0000 build-centos:      bionic:bionic+standard, focal:focal+standard, whonix-gateway-15:buster+whonix-gateway+minimal+no-recommends,
2021-11-15 11:55:08.828571 +0000 build-centos:      whonix-workstation-15:buster+whonix-workstation+minimal+no-recommends,
2021-11-15 11:55:08.828580 +0000 build-centos:      whonix-gateway-16:bullseye+whonix-gateway+minimal+no-recommends,
2021-11-15 11:55:08.828589 +0000 build-centos:      whonix-workstation-16:bullseye+whonix-workstation+minimal+no-recommends,
2021-11-15 11:55:08.828595 +0000 build-centos: TEMPLATE_LABEL:
2021-11-15 11:55:08.828605 +0000 build-centos:      centos-stream8:centos-stream-8, fc32:fedora-32 fc33:fedora-33 fc34:fedora-34 fc35:fedora-35
2021-11-15 11:55:08.828616 +0000 build-centos:      fc32+minimal:fedora-32-minimal fc33+minimal:fedora-33-minimal fc34+minimal:fedora-34-minimal
2021-11-15 11:55:08.828633 +0000 build-centos:      fc35+minimal:fedora-35-minimal fc32+xfce:fedora-32-xfce fc33+xfce:fedora-33-xfce fc34+xfce:fedora-34-xfce
2021-11-15 11:55:08.828645 +0000 build-centos:      fc35+xfce:fedora-35-xfce stretch:debian-9 stretch+standard:debian-9 stretch+xfce:debian-9-xfce
2021-11-15 11:55:08.828655 +0000 build-centos:      buster:debian-10 buster+standard:debian-10 buster+xfce:debian-10-xfce bullseye:debian-11
2021-11-15 11:55:08.828665 +0000 build-centos:      bullseye+standard:debian-11 bullseye+xfce:debian-11-xfce bionic+standard:bionic
2021-11-15 11:55:08.828675 +0000 build-centos:      focal+standard:focal buster+whonix-gateway+minimal+no-recommends:whonix-gw-15
2021-11-15 11:55:08.828683 +0000 build-centos:      buster+whonix-workstation+minimal+no-recommends:whonix-ws-15
2021-11-15 11:55:08.828692 +0000 build-centos:      bullseye+whonix-gateway+minimal+no-recommends:whonix-gw-16
2021-11-15 11:55:08.828702 +0000 build-centos:      bullseye+whonix-workstation+minimal+no-recommends:whonix-ws-16 centos7:centos-7
2021-11-15 11:55:08.828713 +0000 build-centos:      centos7+minimal:centos-7-minimal centos7+xfce:centos-7-xfce centos-stream8+minimal:centos-stream-8-minimal
2021-11-15 11:55:08.828720 +0000 build-centos:      centos-stream8+xfce:centos-stream-8-xfce
2021-11-15 11:55:08.828726 +0000 build-centos: > running make
2021-11-15 11:55:08.828738 +0000 build-centos: Makefile:863: target 'internal-update-repo-current.vm.centos-stream8.python-u2flib-host' does not exist
2021-11-15 11:55:08.828746 +0000 build-centos: repo_base_var="LINUX_REPO_${DIST//-/_}_BASEDIR"; \
2021-11-15 11:55:08.828754 +0000 build-centos: if [ "python-u2flib-host" = linux-template-builder ]; then \
2021-11-15 11:55:08.828763 +0000 build-centos: .# templates belongs to dom0 repository, even though PACKAGE_SET=vm
2021-11-15 11:55:08.828771 +0000 build-centos: repo_base_var="LINUX_REPO__BASEDIR"; \
2021-11-15 11:55:08.828776 +0000 build-centos: fi; \
2021-11-15 11:55:08.828784 +0000 build-centos: if [ -n "${!repo_base_var}" ]; then \
2021-11-15 11:55:08.828791 +0000 build-centos: .repo_basedir="${!repo_base_var}"; \
2021-11-15 11:55:08.828797 +0000 build-centos: else \
2021-11-15 11:55:08.828804 +0000 build-centos: .repo_basedir="qubes-src/linux-yum/r4.1"; \
2021-11-15 11:55:08.828810 +0000 build-centos: fi; \
2021-11-15 11:55:08.828819 +0000 build-centos: if [ -r qubes-src/python-u2flib-host/Makefile.builder ]; then \
2021-11-15 11:55:08.828827 +0000 build-centos: .echo -n "Updating qubes-src/python-u2flib-host... "; \
2021-11-15 11:55:08.828834 +0000 build-centos: .if [ "0" -eq 1 ]; then \
2021-11-15 11:55:08.828844 +0000 build-centos: ..vtag=`git -C qubes-src/python-u2flib-host tag --points-at HEAD --list v*`; \
2021-11-15 11:55:08.828851 +0000 build-centos: ..if [ -z "$vtag" ]; then \
2021-11-15 11:55:08.828858 +0000 build-centos: ...echo "no version tag"; \
2021-11-15 11:55:08.828864 +0000 build-centos: ...exit 0; \
2021-11-15 11:55:08.828870 +0000 build-centos: ..fi; \
2021-11-15 11:55:08.828875 +0000 build-centos: .fi; \
2021-11-15 11:55:08.828884 +0000 build-centos: .if [ "python-u2flib-host" = linux-template-builder ]; then
2021-11-15 11:55:08.828895 +0000 build-centos: export TEMPLATE_NAME=$(MAKEFLAGS= make -s -C qubes-src/linux-template-builder DIST=centos-stream8 template-name)
2021-11-15 11:55:08.828901 +0000 build-centos: fi
2021-11-15 11:55:08.828924 +0000 build-centos: component_packages=$(MAKEFLAGS= make -s -f Makefile.generic DIST=centos-stream8 PACKAGE_SET=vm COMPONENT=`basename qubes-src/python-u2flib-host` UPDATE_REPO=/home/user/builder-r4.1/$repo_basedir/current/vm/centos-stream8 get-var GET_VAR=PACKAGE_LIST); \
2021-11-15 11:55:08.828935 +0000 build-centos: .if [ -z "$component_packages" ]; then \
2021-11-15 11:55:08.828943 +0000 build-centos: ..echo "no packages."; \
2021-11-15 11:55:08.828949 +0000 build-centos: ..exit 0; \
2021-11-15 11:55:08.828954 +0000 build-centos: .fi; \
2021-11-15 11:55:08.828969 +0000 build-centos: .make -s -f Makefile.generic DIST=centos-stream8 PACKAGE_SET=vm \
2021-11-15 11:55:08.828978 +0000 build-centos: ..COMPONENT=`basename qubes-src/python-u2flib-host` \
2021-11-15 11:55:08.828985 +0000 build-centos: ..SNAPSHOT_REPO=current-testing \
2021-11-15 11:55:08.828992 +0000 build-centos: ..TARGET_REPO=current \
2021-11-15 11:55:08.829002 +0000 build-centos: ..UPDATE_REPO=/home/user/builder-r4.1/$repo_basedir/current/vm/centos-stream8 \
2021-11-15 11:55:08.829015 +0000 build-centos: ..SNAPSHOT_FILE=/home/user/builder-r4.1/repo-latest-snapshot/current-testing-vm-centos-stream8-`basename qubes-src/python-u2flib-host` \
2021-11-15 11:55:08.829021 +0000 build-centos: ..BUILD_LOG_URL= \
2021-11-15 11:55:08.829029 +0000 build-centos: ..update-repo-from-snapshot || exit 1; \
2021-11-15 11:55:08.829040 +0000 build-centos: elif make -C qubes-src/python-u2flib-host -n update-repo-current >/dev/null 2>/dev/null; then \
2021-11-15 11:55:08.829048 +0000 build-centos: .echo "Updating qubes-src/python-u2flib-host... "; \
2021-11-15 11:55:08.829059 +0000 build-centos: .DIST=centos-stream8 UPDATE_REPO=/home/user/builder-r4.1/$repo_basedir/current/vm/centos-stream8 \
2021-11-15 11:55:08.829068 +0000 build-centos: .make -s -C qubes-src/python-u2flib-host update-repo-current || exit 1; \
2021-11-15 11:55:08.829074 +0000 build-centos: else \
2021-11-15 11:55:08.829083 +0000 build-centos: .echo -n "Updating qubes-src/python-u2flib-host... skipping."; \
2021-11-15 11:55:08.829088 +0000 build-centos: fi; \
2021-11-15 11:55:08.829094 +0000 build-centos: echo
2021-11-15 11:55:08.930783 +0000 build-centos: Updating qubes-src/python-u2flib-host... no packages.
2021-11-15 11:55:08.931970 +0000 build-centos: Makefile:832: update target 'internal-update-repo-current.vm.centos-stream8' due to: internal-update-repo-current.vm.centos-stream8.python-u2flib-host
2021-11-15 11:55:08.932004 +0000 build-centos: true
2021-11-15 11:55:08.933238 +0000 build-centos: Makefile:945: target 'post-update-repo-current' does not exist
2021-11-15 11:55:08.933300 +0000 build-centos: true
2021-11-15 11:55:08.934443 +0000 build-centos: Makefile:819: update target 'update-repo-current' due to: internal-update-repo-current.vm.centos-stream8 post-update-repo-current
2021-11-15 11:55:08.934476 +0000 build-centos: true
2021-11-15 11:55:08.935662 +0000 build-centos: > done
2021-11-15 11:55:08.935697 +0000 > closing log
