2020-04-29 02:28:38.405437 +0000 > starting log
2020-04-29 02:28:38.405707 +0000 build-centos: > starting build with log
2020-04-29 02:28:38.405721 +0000 build-centos: >> make args: update-repo-current
2020-04-29 02:28:38.405729 +0000 build-centos: >> MAKEFLAGS=
2020-04-29 02:28:38.405738 +0000 build-centos: >> COMPONENTS=mgmt-salt-dom0-update
2020-04-29 02:28:38.405745 +0000 build-centos: >> DISTS_VM=centos7 centos8
2020-04-29 02:28:38.405752 +0000 build-centos: >> DIST_DOM0=
2020-04-29 02:28:38.405761 +0000 build-centos: >> qubes-builder e8cc4fe35500f23ff341446b93182929fa2e91ee
2020-04-29 02:28:38.405768 +0000 build-centos: ?? rpmdb/Basenames
2020-04-29 02:28:38.405775 +0000 build-centos: ?? rpmdb/Conflictname
2020-04-29 02:28:38.405782 +0000 build-centos: ?? rpmdb/Dirnames
2020-04-29 02:28:38.405788 +0000 build-centos: ?? rpmdb/Enhancename
2020-04-29 02:28:38.405795 +0000 build-centos: ?? rpmdb/Filetriggername
2020-04-29 02:28:38.405802 +0000 build-centos: ?? rpmdb/Group
2020-04-29 02:28:38.405809 +0000 build-centos: ?? rpmdb/Installtid
2020-04-29 02:28:38.405815 +0000 build-centos: ?? rpmdb/Name
2020-04-29 02:28:38.405822 +0000 build-centos: ?? rpmdb/Obsoletename
2020-04-29 02:28:38.405829 +0000 build-centos: ?? rpmdb/Packages
2020-04-29 02:28:38.405836 +0000 build-centos: ?? rpmdb/Providename
2020-04-29 02:28:38.405843 +0000 build-centos: ?? rpmdb/Recommendname
2020-04-29 02:28:38.405849 +0000 build-centos: ?? rpmdb/Requirename
2020-04-29 02:28:38.405856 +0000 build-centos: ?? rpmdb/Sha1header
2020-04-29 02:28:38.405863 +0000 build-centos: ?? rpmdb/Sigmd5
2020-04-29 02:28:38.405870 +0000 build-centos: ?? rpmdb/Suggestname
2020-04-29 02:28:38.405877 +0000 build-centos: ?? rpmdb/Supplementname
2020-04-29 02:28:38.405884 +0000 build-centos: ?? rpmdb/Transfiletriggername
2020-04-29 02:28:38.405891 +0000 build-centos: ?? rpmdb/Triggername
2020-04-29 02:28:38.405898 +0000 build-centos: ?? rpmdb/__db.001
2020-04-29 02:28:38.405904 +0000 build-centos: ?? rpmdb/__db.002
2020-04-29 02:28:38.405911 +0000 build-centos: ?? rpmdb/__db.003
2020-04-29 02:28:38.405925 +0000 build-centos: b3ba65b20ad8397ea48bc02a41a92af8a2808a511a294f9098198efd1272801498dc45bb34b94723bd36f5f7c8d694963aba91d20195c41ac8b324aa3227a8a5  rpmdb/Basenames
2020-04-29 02:28:38.405939 +0000 build-centos: 4d4e1f3216fd38e13009d078a55d43c963fb8111c1b65cdc0b2a42446b0669fef17ec30921d9b6b5d01119fe05403c43a11b4ae825b6f721a4ef5c979f5194a1  rpmdb/Conflictname
2020-04-29 02:28:38.405953 +0000 build-centos: dd351a3536823a32dcf429eba807bd154716f3f622521045fff713c9d427d095c6c4f8c28c165510736c4d0d9c356b908bd60a4cbd2f16e6819c3fe97314b804  rpmdb/Dirnames
2020-04-29 02:28:38.405967 +0000 build-centos: 5795e9a66cc018f12239f3002654287a81c95c96ff480826cf5f63a9ba2adc3fbbbdb96c9c9b0830d2db0c11ae96882cbddf0e0a3608bb035db80ef722b4c67b  rpmdb/Enhancename
2020-04-29 02:28:38.405981 +0000 build-centos: 9f6850dc53fa87911f24d4770878d7e530b5f2841ad726b57096fdd3a8f8d987bce2ef82a4cdc15bbd4f38ff4adb70eee3d75376d0c41ddd8221983d64e21dd8  rpmdb/Filetriggername
2020-04-29 02:28:38.405995 +0000 build-centos: ff6c03da45d0961f661b5f00d0614e3a694795b1e2abe92157f5aa9e5390187461db2d5ee4291c1fe3b860bd40aeaa54a37a1f9526017297400985a2b041b260  rpmdb/Group
2020-04-29 02:28:38.406009 +0000 build-centos: 89a58b3eda5b8fa74e69199b407fe4dd77b2d0ad524dd8e83c31539937a9947c0b0b67446dd2a097f18f543116ebd48b475f48c91401c57ec177bd2831f4e234  rpmdb/Installtid
2020-04-29 02:28:38.406022 +0000 build-centos: 198f54f225bf04d038dc3766d65e021f719524f7557231cfb009efc6d2a0d1ace0a49de1c25df69fdb690d875e76568d2112c34daef86a51cc4417fb65b55869  rpmdb/Name
2020-04-29 02:28:38.406037 +0000 build-centos: 935dc76465607162a78527633505bd3fc681cfe4685ff60920ea0b876be1a7e238b13b0f468c934d2f17c45564ed100e465d61becab15b02113844ca7d8c2a9e  rpmdb/Obsoletename
2020-04-29 02:28:38.406051 +0000 build-centos: 5437bea77c65a61db55daf6419622659fe3b70799c4327b98ea3ddee1904a5a09080a9db022b1986012da41d27e6d616ebe1251c9a531a518bcd6d4d50aa110b  rpmdb/Packages
2020-04-29 02:28:38.406065 +0000 build-centos: 6170127dbe34fa67ac906579ceeaeec0362eaba66da7232e829f5a30e8fcc873845cfecaae5d52de59f456a7367317dbc91861df8970e00767d6b204dad88a8e  rpmdb/Providename
2020-04-29 02:28:38.406084 +0000 build-centos: 5898e0f37dedcb3cbaee55ba2f0735c2ccac50f17fd0aab3a19620cb22e8cca65e5fbc66bf1ced8633c4728485ad773b5c7e53380a15c17227bab05164ddb3f5  rpmdb/Recommendname
2020-04-29 02:28:38.406099 +0000 build-centos: ed2f7f9a168805dff523b5f862ab8499f5887d992ab894b0bea3bcc51d91447da39148d82f30451c699e1ca510c25bdea5c2c9ebe04fa831419135c013efc30c  rpmdb/Requirename
2020-04-29 02:28:38.406118 +0000 build-centos: a4b9a8022662eccf09a3fd0c585b8fcfd0f696c07efc54238506e5e73900fba80d3147f87985ec3c3356c4ee80ac8117b3a77b5a07adad12d6f74bdb42488f39  rpmdb/Sha1header
2020-04-29 02:28:38.406132 +0000 build-centos: b734cc7259e75b320f9796f07c093da3c977fcddfb37a185d5f882f4978c6457c78aacb2844087cd89fa6f83e8c7a2b232f8251f916ed018a6d69d9ef92a8ac6  rpmdb/Sigmd5
2020-04-29 02:28:38.406182 +0000 build-centos: 61acc9f56a6b6aa630e970e9c486a57436b6ec91374c2d366549b87867257161f394e8506b4b4003aa3b174f684a9f3349a3d70acfbaba4c3801ead596274444  rpmdb/Suggestname
2020-04-29 02:28:38.406218 +0000 build-centos: ad0f20f1098996fa85cca05f53b2ab8b0d1992056b91e979c400694ada9aaf6418d73ee3473533e5506107a31e969b47ebb7dee9941cdcb8790ca74ba488c8bb  rpmdb/Supplementname
2020-04-29 02:28:38.406235 +0000 build-centos: 709af9a1a8a19e21e2fcb86679f553878263805888bd8f6d1fe1491de1893cb661d4d3c260104ae74a223906902183fda7cc2c546c6783820e60b276b1e3129f  rpmdb/Transfiletriggername
2020-04-29 02:28:38.406249 +0000 build-centos: 037484bfa482f52747a983c94b2ea6ca8fdb3c1e7a0c6c5a9808e9660780e811933afe7bfb7545f49ee4ad8f846b3ecaf392b0a00bdcee4357848da19f160813  rpmdb/Triggername
2020-04-29 02:28:38.406263 +0000 build-centos: 7b61fc6f990fa4addbae3a99de450ade03eaa8806e851c4c353b93fd23dcdff9a939c95c6463d05cc47edc6f37025ab6e09bcab9d97fa4abfbc4fe611b3a5fc6  rpmdb/__db.001
2020-04-29 02:28:38.406277 +0000 build-centos: 6a658b2547651108a961cfb6a067adf8af54654483427502549e87e1377359376d5fe775312aaeb7131039a19e770583c632632de7cf52c2cb2a0de2d4b8c737  rpmdb/__db.002
2020-04-29 02:28:38.406291 +0000 build-centos: 9144aef7c206b80f66509687166f7edf8e927b666ce92e90134132e3085ced1121f089b7465022a1c6bc4ba2214b4aa35dffc10f9d56cdecf1e079e5f9c0cc95  rpmdb/__db.003
2020-04-29 02:28:38.406302 +0000 build-centos: >> qubes-builder/qubes-src/mgmt-salt-dom0-update da2da9b953d5098584cb21d25a6de3b6514856a0
2020-04-29 02:28:38.453366 +0000 build-centos: ================================================================================
2020-04-29 02:28:38.453414 +0000 build-centos:                            B U I L D   I N F O                                  
2020-04-29 02:28:38.453429 +0000 build-centos: Items in red indicate it was automatically generated by configuration file(s)
2020-04-29 02:28:38.453440 +0000 build-centos: Items in white indicate it was automatically removed by configuration file(s)
2020-04-29 02:28:38.453451 +0000 build-centos: ================================================================================
2020-04-29 02:28:38.453459 +0000 build-centos: DISTS_VM:
2020-04-29 02:28:38.456600 +0000 build-centos:      centos7, centos8,
2020-04-29 02:28:38.456767 +0000 build-centos: DISTS_ALL:
2020-04-29 02:28:38.457042 +0000 build-centos:      vm-centos7, vm-centos8,
2020-04-29 02:28:38.458152 +0000 build-centos: DIST_DOM0:
2020-04-29 02:28:38.458462 +0000 build-centos:     
2020-04-29 02:28:38.459824 +0000 build-centos: BUILDER_PLUGINS:
2020-04-29 02:28:38.460014 +0000 build-centos:      builder-rpm, builder-debian, mgmt-salt, linux-yum, release-configs, builder-github,
2020-04-29 02:28:38.461188 +0000 build-centos: COMPONENTS:
2020-04-29 02:28:38.461419 +0000 build-centos:      mgmt-salt-dom0-update,
2020-04-29 02:28:38.462679 +0000 build-centos: GIT_REPOS:
2020-04-29 02:28:38.462861 +0000 build-centos:      qubes-src/mgmt-salt-dom0-update,
2020-04-29 02:28:38.463931 +0000 build-centos: TEMPLATE:
2020-04-29 02:28:38.464255 +0000 build-centos:     
2020-04-29 02:28:38.465381 +0000 build-centos: TEMPLATE_FLAVOR_DIR:
2020-04-29 02:28:38.465608 +0000 build-centos:     
2020-04-29 02:28:38.467012 +0000 build-centos: TEMPLATE_ALIAS:
2020-04-29 02:28:38.467119 +0000 build-centos:      stretch:stretch+standard, stretch+gnome:stretch+gnome+standard,
2020-04-29 02:28:38.467146 +0000 build-centos:      stretch+minimal:stretch+minimal+no-recommends, buster:buster+standard, buster+gnome:buster+gnome+standard,
2020-04-29 02:28:38.467160 +0000 build-centos:      buster+minimal:buster+minimal+no-recommends, bullseye:bullseye+standard,
2020-04-29 02:28:38.467172 +0000 build-centos:      bullseye+gnome:bullseye+gnome+standard, bullseye+minimal:bullseye+minimal+no-recommends,
2020-04-29 02:28:38.467182 +0000 build-centos:      whonix-gateway-14:stretch+whonix-gateway+minimal+no-recommends,
2020-04-29 02:28:38.467193 +0000 build-centos:      whonix-workstation-14:stretch+whonix-workstation+minimal+no-recommends,
2020-04-29 02:28:38.467228 +0000 build-centos:      whonix-gateway-15:buster+whonix-gateway+minimal+no-recommends,
2020-04-29 02:28:38.467240 +0000 build-centos:      whonix-workstation-15:buster+whonix-workstation+minimal+no-recommends,
2020-04-29 02:28:38.468803 +0000 build-centos: TEMPLATE_LABEL:
2020-04-29 02:28:38.468943 +0000 build-centos:      centos7:centos-7, centos8:centos-8, fc29:fedora-29 fc30:fedora-30 fc31:fedora-31
2020-04-29 02:28:38.468968 +0000 build-centos:      fc32:fedora-32 fc29+minimal:fedora-29-minimal fc30+minimal:fedora-30-minimal
2020-04-29 02:28:38.468981 +0000 build-centos:      fc31+minimal:fedora-31-minimal fc32+minimal:fedora-32-minimal fc29+xfce:fedora-29-xfce
2020-04-29 02:28:38.468993 +0000 build-centos:      fc30+xfce:fedora-30-xfce fc31+xfce:fedora-31-xfce fc32+xfce:fedora-32-xfce stretch:debian-9
2020-04-29 02:28:38.469005 +0000 build-centos:      stretch+standard:debian-9 buster:debian-10 buster+standard:debian-10 bullseye:debian-11
2020-04-29 02:28:38.469016 +0000 build-centos:      bullseye+standard:bullseye-11 stretch+whonix-gateway+minimal+no-recommends:whonix-gw-14
2020-04-29 02:28:38.469029 +0000 build-centos:      stretch+whonix-workstation+minimal+no-recommends:whonix-ws-14
2020-04-29 02:28:38.469039 +0000 build-centos:      buster+whonix-gateway+minimal+no-recommends:whonix-gw-15
2020-04-29 02:28:38.469050 +0000 build-centos:      buster+whonix-workstation+minimal+no-recommends:whonix-ws-15 centos7+minimal:centos-7-minimal
2020-04-29 02:28:38.469062 +0000 build-centos:      centos7+xfce:centos-7-xfce centos8+minimal:centos-7-minimal centos8+xfce:centos-8-xfce
2020-04-29 02:28:38.487473 +0000 build-centos: > running make
2020-04-29 02:28:38.498646 +0000 build-centos: Makefile:817: target 'internal-update-repo-current.vm.centos7.mgmt-salt-dom0-update' does not exist
2020-04-29 02:28:38.498684 +0000 build-centos: repo_base_var="LINUX_REPO_centos7_BASEDIR"; \
2020-04-29 02:28:38.498699 +0000 build-centos: if [ "mgmt-salt-dom0-update" = linux-template-builder ]; then \
2020-04-29 02:28:38.498711 +0000 build-centos: .# templates belongs to dom0 repository, even though PACKAGE_SET=vm
2020-04-29 02:28:38.498724 +0000 build-centos: repo_base_var="LINUX_REPO__BASEDIR"; \
2020-04-29 02:28:38.498731 +0000 build-centos: fi; \
2020-04-29 02:28:38.498739 +0000 build-centos: if [ -n "${!repo_base_var}" ]; then \
2020-04-29 02:28:38.498747 +0000 build-centos: .repo_basedir="${!repo_base_var}"; \
2020-04-29 02:28:38.498754 +0000 build-centos: else \
2020-04-29 02:28:38.498762 +0000 build-centos: .repo_basedir="qubes-src/linux-yum/r4.1"; \
2020-04-29 02:28:38.498768 +0000 build-centos: fi; \
2020-04-29 02:28:38.498778 +0000 build-centos: if [ -r qubes-src/mgmt-salt-dom0-update/Makefile.builder ]; then \
2020-04-29 02:28:38.498788 +0000 build-centos: .echo -n "Updating qubes-src/mgmt-salt-dom0-update... "; \
2020-04-29 02:28:38.498795 +0000 build-centos: .if [ "0" -eq 1 ]; then \
2020-04-29 02:28:38.498806 +0000 build-centos: ..vtag=`git -C qubes-src/mgmt-salt-dom0-update tag --points-at HEAD --list v*`; \
2020-04-29 02:28:38.498814 +0000 build-centos: ..if [ -z "$vtag" ]; then \
2020-04-29 02:28:38.498836 +0000 build-centos: ...echo "no version tag"; \
2020-04-29 02:28:38.498844 +0000 build-centos: ...exit 0; \
2020-04-29 02:28:38.498850 +0000 build-centos: ..fi; \
2020-04-29 02:28:38.498857 +0000 build-centos: .fi; \
2020-04-29 02:28:38.498866 +0000 build-centos: .if [ "mgmt-salt-dom0-update" = linux-template-builder ]; then
2020-04-29 02:28:38.498878 +0000 build-centos: export TEMPLATE_NAME=$(MAKEFLAGS= make -s -C qubes-src/linux-template-builder DIST=centos7 template-name)
2020-04-29 02:28:38.498885 +0000 build-centos: fi
2020-04-29 02:28:38.498905 +0000 build-centos: component_packages=$(MAKEFLAGS= make -s -f Makefile.generic DIST=centos7 PACKAGE_SET=vm COMPONENT=`basename qubes-src/mgmt-salt-dom0-update` UPDATE_REPO=/home/user/builder-r4.1/$repo_basedir/current/vm/centos7 get-var GET_VAR=PACKAGE_LIST); \
2020-04-29 02:28:38.498914 +0000 build-centos: .if [ -z "$component_packages" ]; then \
2020-04-29 02:28:38.498922 +0000 build-centos: ..echo "no packages."; \
2020-04-29 02:28:38.498929 +0000 build-centos: ..exit 0; \
2020-04-29 02:28:38.498935 +0000 build-centos: .fi; \
2020-04-29 02:28:38.498944 +0000 build-centos: .make -s -f Makefile.generic DIST=centos7 PACKAGE_SET=vm \
2020-04-29 02:28:38.498954 +0000 build-centos: ..COMPONENT=`basename qubes-src/mgmt-salt-dom0-update` \
2020-04-29 02:28:38.498962 +0000 build-centos: ..SNAPSHOT_REPO=current-testing \
2020-04-29 02:28:38.498969 +0000 build-centos: ..TARGET_REPO=current \
2020-04-29 02:28:38.498979 +0000 build-centos: ..UPDATE_REPO=/home/user/builder-r4.1/$repo_basedir/current/vm/centos7 \
2020-04-29 02:28:38.498993 +0000 build-centos: ..SNAPSHOT_FILE=/home/user/builder-r4.1/repo-latest-snapshot/current-testing-vm-centos7-`basename qubes-src/mgmt-salt-dom0-update` \
2020-04-29 02:28:38.499000 +0000 build-centos: ..BUILD_LOG_URL= \
2020-04-29 02:28:38.499008 +0000 build-centos: ..update-repo-from-snapshot || exit 1; \
2020-04-29 02:28:38.499041 +0000 build-centos: elif make -C qubes-src/mgmt-salt-dom0-update -n update-repo-current >/dev/null 2>/dev/null; then \
2020-04-29 02:28:38.499050 +0000 build-centos: .echo "Updating qubes-src/mgmt-salt-dom0-update... "; \
2020-04-29 02:28:38.499061 +0000 build-centos: .DIST=centos7 UPDATE_REPO=/home/user/builder-r4.1/$repo_basedir/current/vm/centos7 \
2020-04-29 02:28:38.499071 +0000 build-centos: .make -s -C qubes-src/mgmt-salt-dom0-update update-repo-current || exit 1; \
2020-04-29 02:28:38.499078 +0000 build-centos: else \
2020-04-29 02:28:38.499088 +0000 build-centos: .echo -n "Updating qubes-src/mgmt-salt-dom0-update... skipping."; \
2020-04-29 02:28:38.499094 +0000 build-centos: fi; \
2020-04-29 02:28:38.499100 +0000 build-centos: echo
2020-04-29 02:28:38.527361 +0000 build-centos: Updating qubes-src/mgmt-salt-dom0-update... no packages.
2020-04-29 02:28:38.527418 +0000 build-centos: Makefile:790: update target 'internal-update-repo-current.vm.centos7' due to: internal-update-repo-current.vm.centos7.mgmt-salt-dom0-update
2020-04-29 02:28:38.527429 +0000 build-centos: true
2020-04-29 02:28:38.529786 +0000 build-centos: Makefile:817: target 'internal-update-repo-current.vm.centos8.mgmt-salt-dom0-update' does not exist
2020-04-29 02:28:38.529826 +0000 build-centos: repo_base_var="LINUX_REPO_centos8_BASEDIR"; \
2020-04-29 02:28:38.529839 +0000 build-centos: if [ "mgmt-salt-dom0-update" = linux-template-builder ]; then \
2020-04-29 02:28:38.529850 +0000 build-centos: .# templates belongs to dom0 repository, even though PACKAGE_SET=vm
2020-04-29 02:28:38.529859 +0000 build-centos: repo_base_var="LINUX_REPO__BASEDIR"; \
2020-04-29 02:28:38.529865 +0000 build-centos: fi; \
2020-04-29 02:28:38.529874 +0000 build-centos: if [ -n "${!repo_base_var}" ]; then \
2020-04-29 02:28:38.529882 +0000 build-centos: .repo_basedir="${!repo_base_var}"; \
2020-04-29 02:28:38.529888 +0000 build-centos: else \
2020-04-29 02:28:38.529896 +0000 build-centos: .repo_basedir="qubes-src/linux-yum/r4.1"; \
2020-04-29 02:28:38.529902 +0000 build-centos: fi; \
2020-04-29 02:28:38.529926 +0000 build-centos: if [ -r qubes-src/mgmt-salt-dom0-update/Makefile.builder ]; then \
2020-04-29 02:28:38.529937 +0000 build-centos: .echo -n "Updating qubes-src/mgmt-salt-dom0-update... "; \
2020-04-29 02:28:38.529945 +0000 build-centos: .if [ "0" -eq 1 ]; then \
2020-04-29 02:28:38.529956 +0000 build-centos: ..vtag=`git -C qubes-src/mgmt-salt-dom0-update tag --points-at HEAD --list v*`; \
2020-04-29 02:28:38.529964 +0000 build-centos: ..if [ -z "$vtag" ]; then \
2020-04-29 02:28:38.529972 +0000 build-centos: ...echo "no version tag"; \
2020-04-29 02:28:38.529978 +0000 build-centos: ...exit 0; \
2020-04-29 02:28:38.529985 +0000 build-centos: ..fi; \
2020-04-29 02:28:38.529991 +0000 build-centos: .fi; \
2020-04-29 02:28:38.530000 +0000 build-centos: .if [ "mgmt-salt-dom0-update" = linux-template-builder ]; then
2020-04-29 02:28:38.530012 +0000 build-centos: export TEMPLATE_NAME=$(MAKEFLAGS= make -s -C qubes-src/linux-template-builder DIST=centos8 template-name)
2020-04-29 02:28:38.530019 +0000 build-centos: fi
2020-04-29 02:28:38.530039 +0000 build-centos: component_packages=$(MAKEFLAGS= make -s -f Makefile.generic DIST=centos8 PACKAGE_SET=vm COMPONENT=`basename qubes-src/mgmt-salt-dom0-update` UPDATE_REPO=/home/user/builder-r4.1/$repo_basedir/current/vm/centos8 get-var GET_VAR=PACKAGE_LIST); \
2020-04-29 02:28:38.530048 +0000 build-centos: .if [ -z "$component_packages" ]; then \
2020-04-29 02:28:38.530056 +0000 build-centos: ..echo "no packages."; \
2020-04-29 02:28:38.530063 +0000 build-centos: ..exit 0; \
2020-04-29 02:28:38.530069 +0000 build-centos: .fi; \
2020-04-29 02:28:38.530078 +0000 build-centos: .make -s -f Makefile.generic DIST=centos8 PACKAGE_SET=vm \
2020-04-29 02:28:38.530088 +0000 build-centos: ..COMPONENT=`basename qubes-src/mgmt-salt-dom0-update` \
2020-04-29 02:28:38.530095 +0000 build-centos: ..SNAPSHOT_REPO=current-testing \
2020-04-29 02:28:38.530103 +0000 build-centos: ..TARGET_REPO=current \
2020-04-29 02:28:38.530113 +0000 build-centos: ..UPDATE_REPO=/home/user/builder-r4.1/$repo_basedir/current/vm/centos8 \
2020-04-29 02:28:38.530126 +0000 build-centos: ..SNAPSHOT_FILE=/home/user/builder-r4.1/repo-latest-snapshot/current-testing-vm-centos8-`basename qubes-src/mgmt-salt-dom0-update` \
2020-04-29 02:28:38.530134 +0000 build-centos: ..BUILD_LOG_URL= \
2020-04-29 02:28:38.530142 +0000 build-centos: ..update-repo-from-snapshot || exit 1; \
2020-04-29 02:28:38.530153 +0000 build-centos: elif make -C qubes-src/mgmt-salt-dom0-update -n update-repo-current >/dev/null 2>/dev/null; then \
2020-04-29 02:28:38.530162 +0000 build-centos: .echo "Updating qubes-src/mgmt-salt-dom0-update... "; \
2020-04-29 02:28:38.530173 +0000 build-centos: .DIST=centos8 UPDATE_REPO=/home/user/builder-r4.1/$repo_basedir/current/vm/centos8 \
2020-04-29 02:28:38.530209 +0000 build-centos: .make -s -C qubes-src/mgmt-salt-dom0-update update-repo-current || exit 1; \
2020-04-29 02:28:38.530218 +0000 build-centos: else \
2020-04-29 02:28:38.530228 +0000 build-centos: .echo -n "Updating qubes-src/mgmt-salt-dom0-update... skipping."; \
2020-04-29 02:28:38.530235 +0000 build-centos: fi; \
2020-04-29 02:28:38.530241 +0000 build-centos: echo
2020-04-29 02:28:38.552935 +0000 build-centos: Updating qubes-src/mgmt-salt-dom0-update... no packages.
2020-04-29 02:28:38.552980 +0000 build-centos: Makefile:790: update target 'internal-update-repo-current.vm.centos8' due to: internal-update-repo-current.vm.centos8.mgmt-salt-dom0-update
2020-04-29 02:28:38.552990 +0000 build-centos: true
2020-04-29 02:28:38.553922 +0000 build-centos: Makefile:871: target 'post-update-repo-current' does not exist
2020-04-29 02:28:38.553950 +0000 build-centos: for dist in  centos7 centos8; do \
2020-04-29 02:28:38.553961 +0000 build-centos: .repo_base_var="LINUX_REPO_${dist}_BASEDIR"; \
2020-04-29 02:28:38.553969 +0000 build-centos: .if [ -n "${!repo_base_var}" ]; then \
2020-04-29 02:28:38.553978 +0000 build-centos: ..repo_basedir="${!repo_base_var}"; \
2020-04-29 02:28:38.553984 +0000 build-centos: .else \
2020-04-29 02:28:38.554006 +0000 build-centos: ..repo_basedir="qubes-src/linux-yum/r4.1"; \
2020-04-29 02:28:38.554014 +0000 build-centos: .fi; \
2020-04-29 02:28:38.554023 +0000 build-centos: .repos_to_update="$repos_to_update $repo_basedir"; \
2020-04-29 02:28:38.554029 +0000 build-centos: done; \
2020-04-29 02:28:38.554036 +0000 build-centos: pkgset_dist= ; \
2020-04-29 02:28:38.554043 +0000 build-centos: for dist in ; do \
2020-04-29 02:28:38.554052 +0000 build-centos: .pkgset_dist="$pkgset_dist dom0/$dist"; \
2020-04-29 02:28:38.554058 +0000 build-centos: done; \
2020-04-29 02:28:38.554066 +0000 build-centos: for dist in centos7 centos8; do \
2020-04-29 02:28:38.554074 +0000 build-centos: .pkgset_dist="$pkgset_dist vm/$dist"; \
2020-04-29 02:28:38.554080 +0000 build-centos: done; \
2020-04-29 02:28:38.554090 +0000 build-centos: for repo in `echo $repos_to_update|tr ' ' '\n'|sort|uniq`; do \
2020-04-29 02:28:38.554097 +0000 build-centos: .[ -z "$repo" ] && continue; \
2020-04-29 02:28:38.554107 +0000 build-centos: .[ -x "$repo/../update_repo-current.sh" ] || continue; \
2020-04-29 02:28:38.554116 +0000 build-centos: .(cd $repo/.. && ./update_repo-current.sh r4.1 $pkgset_dist); \
2020-04-29 02:28:38.554122 +0000 build-centos: done
2020-04-29 02:28:38.561737 +0000 build-centos: which: no mkmetalink in (/usr/local/sbin:/usr/local/bin:/usr/sbin:/usr/bin:/home/user/.local/bin:/home/user/bin:/home/user/builder-r4.1/qubes-src/builder-rpm/tools)
2020-04-29 02:28:38.563091 +0000 build-centos: --> Processing repo: r4.1/current/dom0/fc25...
2020-04-29 02:28:38.716939 +0000 build-centos: --> Processing repo: r4.1/current/dom0/fc29...
2020-04-29 02:28:38.795798 +0000 build-centos: --> Processing repo: r4.1/current/dom0/fc31...
2020-04-29 02:28:38.855199 +0000 build-centos: --> Processing repo: r4.1/current/dom0/fc32...
2020-04-29 02:28:38.909056 +0000 build-centos: --> Processing repo: r4.1/current/vm/centos7...
2020-04-29 02:28:39.757450 +0000 build-centos: --> Processing repo: r4.1/current/vm/centos8...
2020-04-29 02:28:39.932290 +0000 build-centos: --> Processing repo: r4.1/current/vm/fc29...
2020-04-29 02:28:40.019740 +0000 build-centos: --> Processing repo: r4.1/current/vm/fc30...
2020-04-29 02:28:40.121250 +0000 build-centos: --> Processing repo: r4.1/current/vm/fc31...
2020-04-29 02:28:40.293459 +0000 build-centos: --> Processing repo: r4.1/current/vm/fc32...
2020-04-29 02:28:40.364558 +0000 build-centos: Done.
2020-04-29 02:28:40.390893 +0000 build-centos: ~/builder-r4.1/qubes-src/linux-yum ~/builder-r4.1/qubes-src/linux-yum
2020-04-29 02:28:40.398031 +0000 build-centos: Syncing r4.1...
2020-04-29 02:28:40.539444 +0000 build-centos: sending incremental file list
2020-04-29 02:28:40.699538 +0000 build-centos: rsync: failed to set times on "/pub/qubes/repo/yum/r4.1/current-testing/dom0/fc31": Operation not permitted (1)
2020-04-29 02:28:40.699590 +0000 build-centos: .d..t...... current-testing/
2020-04-29 02:28:40.699605 +0000 build-centos: .d..t...... current-testing/dom0/
2020-04-29 02:28:40.699615 +0000 build-centos: .d..t...... current-testing/dom0/fc25/
2020-04-29 02:28:40.699626 +0000 build-centos: .L..t...... current-testing/dom0/fc25/comps.xml -> ../../../comps-dom0.xml
2020-04-29 02:28:40.699635 +0000 build-centos: .d..t...... current-testing/dom0/fc25/rpm/
2020-04-29 02:28:40.699645 +0000 build-centos: <f..t...... current-testing/dom0/fc25/rpm/.gitignore
2020-04-29 02:28:40.699659 +0000 build-centos: .              6 100%    0.00kB/s    0:00:00  .              6 100%    0.00kB/s    0:00:00 (xfr#1, ir-chk=1064/1076)
2020-04-29 02:28:40.699668 +0000 build-centos: .d..t...... current-testing/dom0/fc29/
2020-04-29 02:28:40.699676 +0000 build-centos: .d..t...... current-testing/dom0/fc31/
2020-04-29 02:28:40.699687 +0000 build-centos: .L..t...... current-testing/dom0/fc31/comps.xml -> ../../../comps-dom0.xml
2020-04-29 02:28:40.699696 +0000 build-centos: .d..t...... current-testing/dom0/fc31/rpm/
2020-04-29 02:28:40.699705 +0000 build-centos: <f..t...... current-testing/dom0/fc31/rpm/.gitignore
2020-04-29 02:28:40.699749 +0000 build-centos: .              6 100%    5.86kB/s    0:00:00  .              6 100%    5.86kB/s    0:00:00 (xfr#2, ir-chk=1061/1076)
2020-04-29 02:28:40.699760 +0000 build-centos: .d..t...... current-testing/dom0/fc32/
2020-04-29 02:28:40.699771 +0000 build-centos: .L..t...... current-testing/dom0/fc32/comps-dom0.xml -> comps-dom0.xml
2020-04-29 02:28:40.699779 +0000 build-centos: .d..t...... current-testing/dom0/fc32/rpm/
2020-04-29 02:28:40.699791 +0000 build-centos: <f..t...... current-testing/dom0/fc32/rpm/.gitignore
2020-04-29 02:28:40.699801 +0000 build-centos: .              0 100%    0.00kB/s    0:00:00 (xfr#3, ir-chk=1058/1076)
2020-04-29 02:28:40.699809 +0000 build-centos: .d..t...... current-testing/vm/
2020-04-29 02:28:40.699817 +0000 build-centos: .d..t...... current-testing/vm/centos7/
2020-04-29 02:28:40.699828 +0000 build-centos: .L..t...... current-testing/vm/centos7/comps.xml -> ../../../comps-vm.xml
2020-04-29 02:28:40.701575 +0000 build-centos: .d..t...... current-testing/vm/centos7/rpm/
2020-04-29 02:28:40.701614 +0000 build-centos: <f..t...... current-testing/vm/centos7/rpm/.gitignore
2020-04-29 02:28:40.701630 +0000 build-centos: .              6 100%    1.95kB/s    0:00:00  .              6 100%    1.95kB/s    0:00:00 (xfr#4, to-chk=1331/1361)
2020-04-29 02:28:40.701640 +0000 build-centos: .d..t...... current-testing/vm/centos8/
2020-04-29 02:28:40.701649 +0000 build-centos: .d..t...... current-testing/vm/centos8/rpm/
2020-04-29 02:28:40.763651 +0000 build-centos: rsync: failed to set times on "/pub/qubes/repo/yum/r4.1/current/dom0/fc31": Operation not permitted (1)
2020-04-29 02:28:40.763697 +0000 build-centos: .d..t...... current-testing/vm/fc26/
2020-04-29 02:28:40.763709 +0000 build-centos: .d..t...... current-testing/vm/fc27/
2020-04-29 02:28:40.763718 +0000 build-centos: .d..t...... current-testing/vm/fc28/
2020-04-29 02:28:40.763726 +0000 build-centos: .d..t...... current-testing/vm/fc29/
2020-04-29 02:28:40.763737 +0000 build-centos: .L..t...... current-testing/vm/fc29/comps.xml -> ../../../comps-vm.xml
2020-04-29 02:28:40.763745 +0000 build-centos: .d..t...... current-testing/vm/fc29/rpm/
2020-04-29 02:28:40.763754 +0000 build-centos: <f..t...... current-testing/vm/fc29/rpm/.gitignore
2020-04-29 02:28:40.763767 +0000 build-centos: .              6 100%    0.09kB/s    0:00:00  .              6 100%    0.09kB/s    0:00:00 (xfr#5, to-chk=282/1361)
2020-04-29 02:28:40.763776 +0000 build-centos: .d..t...... current-testing/vm/fc30/
2020-04-29 02:28:40.763786 +0000 build-centos: .L..t...... current-testing/vm/fc30/comps.xml -> ../../../comps-vm.xml
2020-04-29 02:28:40.763794 +0000 build-centos: .d..t...... current-testing/vm/fc30/rpm/
2020-04-29 02:28:40.763803 +0000 build-centos: <f..t...... current-testing/vm/fc30/rpm/.gitignore
2020-04-29 02:28:40.763815 +0000 build-centos: .              6 100%    0.09kB/s    0:00:00  .              6 100%    0.09kB/s    0:00:00 (xfr#6, to-chk=279/1361)
2020-04-29 02:28:40.763823 +0000 build-centos: .d..t...... current-testing/vm/fc31/
2020-04-29 02:28:40.763831 +0000 build-centos: .d..t...... current-testing/vm/fc32/
2020-04-29 02:28:40.763841 +0000 build-centos: .L..t...... current-testing/vm/fc32/comps-vm.xml -> comps-vm.xml
2020-04-29 02:28:40.763849 +0000 build-centos: .d..t...... current-testing/vm/fc32/rpm/
2020-04-29 02:28:40.763857 +0000 build-centos: <f..t...... current-testing/vm/fc32/rpm/.gitignore
2020-04-29 02:28:40.763867 +0000 build-centos: .              0 100%    0.00kB/s    0:00:00 (xfr#7, to-chk=273/1361)
2020-04-29 02:28:40.763874 +0000 build-centos: .d..t...... current/
2020-04-29 02:28:40.763882 +0000 build-centos: .d..t...... current/dom0/
2020-04-29 02:28:40.763889 +0000 build-centos: .d..t...... current/dom0/fc25/
2020-04-29 02:28:40.763899 +0000 build-centos: .L..t...... current/dom0/fc25/comps.xml -> ../../../comps-dom0.xml
2020-04-29 02:28:40.763907 +0000 build-centos: .d..t...... current/dom0/fc25/rpm/
2020-04-29 02:28:40.763930 +0000 build-centos: <f..t...... current/dom0/fc25/rpm/.gitignore
2020-04-29 02:28:40.763944 +0000 build-centos: .              6 100%    0.09kB/s    0:00:00  .              6 100%    0.09kB/s    0:00:00 (xfr#8, to-chk=264/1361)
2020-04-29 02:28:40.763952 +0000 build-centos: .d..t...... current/dom0/fc29/
2020-04-29 02:28:40.763959 +0000 build-centos: .d..t...... current/dom0/fc31/
2020-04-29 02:28:40.763969 +0000 build-centos: .L..t...... current/dom0/fc31/comps.xml -> ../../../comps-dom0.xml
2020-04-29 02:28:40.763977 +0000 build-centos: .d..t...... current/dom0/fc31/rpm/
2020-04-29 02:28:40.763985 +0000 build-centos: <f..t...... current/dom0/fc31/rpm/.gitignore
2020-04-29 02:28:40.763998 +0000 build-centos: .              6 100%    0.09kB/s    0:00:00  .              6 100%    0.09kB/s    0:00:00 (xfr#9, to-chk=261/1361)
2020-04-29 02:28:40.764005 +0000 build-centos: .d..t...... current/dom0/fc32/
2020-04-29 02:28:40.764015 +0000 build-centos: .L..t...... current/dom0/fc32/comps-dom0.xml -> comps-dom0.xml
2020-04-29 02:28:40.764023 +0000 build-centos: .d..t...... current/dom0/fc32/rpm/
2020-04-29 02:28:40.764031 +0000 build-centos: <f..t...... current/dom0/fc32/rpm/.gitignore
2020-04-29 02:28:40.764041 +0000 build-centos: .              0 100%    0.00kB/s    0:00:00 (xfr#10, to-chk=258/1361)
2020-04-29 02:28:40.764048 +0000 build-centos: .d..t...... current/vm/
2020-04-29 02:28:40.764056 +0000 build-centos: .d..t...... current/vm/centos7/
2020-04-29 02:28:40.764065 +0000 build-centos: .L..t...... current/vm/centos7/comps.xml -> ../../../comps-vm.xml
2020-04-29 02:28:40.764073 +0000 build-centos: .d..t...... current/vm/centos7/rpm/
2020-04-29 02:28:40.764082 +0000 build-centos: <f..t...... current/vm/centos7/rpm/.gitignore
2020-04-29 02:28:40.764095 +0000 build-centos: .              6 100%    0.09kB/s    0:00:00  .              6 100%    0.09kB/s    0:00:00 (xfr#11, to-chk=249/1361)
2020-04-29 02:28:40.764110 +0000 build-centos: hf+++++++++ current/vm/centos7/rpm/python2-qubesdb-4.1.5-1.centos7.x86_64.rpm => current-testing/vm/centos7/rpm/python2-qubesdb-4.1.5-1.centos7.x86_64.rpm
2020-04-29 02:28:40.764125 +0000 build-centos: hf+++++++++ current/vm/centos7/rpm/python36-qubesdb-4.1.5-1.centos7.x86_64.rpm => current-testing/vm/centos7/rpm/python36-qubesdb-4.1.5-1.centos7.x86_64.rpm
2020-04-29 02:28:40.767911 +0000 build-centos: rsync: failed to set times on "/pub/qubes/repo/yum/r4.1/security-testing/dom0/fc31": Operation not permitted (1)
2020-04-29 02:28:40.767955 +0000 build-centos: hf+++++++++ current/vm/centos7/rpm/qubes-db-4.1.5-1.centos7.src.rpm => current-testing/vm/centos7/rpm/qubes-db-4.1.5-1.centos7.src.rpm
2020-04-29 02:28:40.767973 +0000 build-centos: hf+++++++++ current/vm/centos7/rpm/qubes-db-4.1.5-1.centos7.x86_64.buildinfo => current-testing/vm/centos7/rpm/qubes-db-4.1.5-1.centos7.x86_64.buildinfo
2020-04-29 02:28:40.767989 +0000 build-centos: hf+++++++++ current/vm/centos7/rpm/qubes-db-4.1.5-1.centos7.x86_64.rpm => current-testing/vm/centos7/rpm/qubes-db-4.1.5-1.centos7.x86_64.rpm
2020-04-29 02:28:40.768005 +0000 build-centos: hf+++++++++ current/vm/centos7/rpm/qubes-db-debuginfo-4.1.5-1.centos7.x86_64.rpm => current-testing/vm/centos7/rpm/qubes-db-debuginfo-4.1.5-1.centos7.x86_64.rpm
2020-04-29 02:28:40.768019 +0000 build-centos: hf+++++++++ current/vm/centos7/rpm/qubes-db-devel-4.1.5-1.centos7.x86_64.rpm => current-testing/vm/centos7/rpm/qubes-db-devel-4.1.5-1.centos7.x86_64.rpm
2020-04-29 02:28:40.768034 +0000 build-centos: hf+++++++++ current/vm/centos7/rpm/qubes-db-libs-4.1.5-1.centos7.x86_64.rpm => current-testing/vm/centos7/rpm/qubes-db-libs-4.1.5-1.centos7.x86_64.rpm
2020-04-29 02:28:40.768048 +0000 build-centos: hf+++++++++ current/vm/centos7/rpm/qubes-db-vm-4.1.5-1.centos7.src.rpm => current-testing/vm/centos7/rpm/qubes-db-vm-4.1.5-1.centos7.src.rpm
2020-04-29 02:28:40.768062 +0000 build-centos: hf+++++++++ current/vm/centos7/rpm/qubes-db-vm-4.1.5-1.centos7.x86_64.buildinfo => current-testing/vm/centos7/rpm/qubes-db-vm-4.1.5-1.centos7.x86_64.buildinfo
2020-04-29 02:28:40.768089 +0000 build-centos: hf+++++++++ current/vm/centos7/rpm/qubes-db-vm-4.1.5-1.centos7.x86_64.rpm => current-testing/vm/centos7/rpm/qubes-db-vm-4.1.5-1.centos7.x86_64.rpm
2020-04-29 02:28:40.768101 +0000 build-centos: .d..t...... current/vm/centos8/
2020-04-29 02:28:40.768110 +0000 build-centos: .d..t...... current/vm/centos8/rpm/
2020-04-29 02:28:40.768118 +0000 build-centos: .d..t...... current/vm/fc29/
2020-04-29 02:28:40.768127 +0000 build-centos: .L..t...... current/vm/fc29/comps.xml -> ../../../comps-vm.xml
2020-04-29 02:28:40.768135 +0000 build-centos: .d..t...... current/vm/fc29/rpm/
2020-04-29 02:28:40.768143 +0000 build-centos: <f..t...... current/vm/fc29/rpm/.gitignore
2020-04-29 02:28:40.768156 +0000 build-centos: .              6 100%    0.08kB/s    0:00:00  .              6 100%    0.08kB/s    0:00:00 (xfr#12, to-chk=44/1361)
2020-04-29 02:28:40.768164 +0000 build-centos: .d..t...... current/vm/fc30/
2020-04-29 02:28:40.768174 +0000 build-centos: .L..t...... current/vm/fc30/comps.xml -> ../../../comps-vm.xml
2020-04-29 02:28:40.768212 +0000 build-centos: .d..t...... current/vm/fc30/rpm/
2020-04-29 02:28:40.768231 +0000 build-centos: <f..t...... current/vm/fc30/rpm/.gitignore
2020-04-29 02:28:40.768244 +0000 build-centos: .              6 100%    0.08kB/s    0:00:00  .              6 100%    0.08kB/s    0:00:00 (xfr#13, to-chk=41/1361)
2020-04-29 02:28:40.768252 +0000 build-centos: .d..t...... current/vm/fc31/
2020-04-29 02:28:40.768260 +0000 build-centos: .d..t...... current/vm/fc32/
2020-04-29 02:28:40.768269 +0000 build-centos: .L..t...... current/vm/fc32/comps-vm.xml -> comps-vm.xml
2020-04-29 02:28:40.768277 +0000 build-centos: .d..t...... current/vm/fc32/rpm/
2020-04-29 02:28:40.768285 +0000 build-centos: <f..t...... current/vm/fc32/rpm/.gitignore
2020-04-29 02:28:40.768295 +0000 build-centos: .              0 100%    0.00kB/s    0:00:00 (xfr#14, to-chk=35/1361)
2020-04-29 02:28:40.768303 +0000 build-centos: .d..t...... security-testing/
2020-04-29 02:28:40.768311 +0000 build-centos: .d..t...... security-testing/dom0/
2020-04-29 02:28:40.768319 +0000 build-centos: .d..t...... security-testing/dom0/fc25/
2020-04-29 02:28:40.768327 +0000 build-centos: .d..t...... security-testing/dom0/fc25/rpm/
2020-04-29 02:28:40.768336 +0000 build-centos: <f..t...... security-testing/dom0/fc25/rpm/.gitignore
2020-04-29 02:28:40.768349 +0000 build-centos: .              6 100%    0.08kB/s    0:00:00  .              6 100%    0.08kB/s    0:00:00 (xfr#15, to-chk=28/1361)
2020-04-29 02:28:40.768357 +0000 build-centos: .d..t...... security-testing/dom0/fc31/
2020-04-29 02:28:40.768365 +0000 build-centos: .d..t...... security-testing/dom0/fc31/rpm/
2020-04-29 02:28:40.768374 +0000 build-centos: <f..t...... security-testing/dom0/fc31/rpm/.gitignore
2020-04-29 02:28:40.768387 +0000 build-centos: .              6 100%    0.08kB/s    0:00:00  .              6 100%    0.08kB/s    0:00:00 (xfr#16, to-chk=26/1361)
2020-04-29 02:28:40.768395 +0000 build-centos: .d..t...... security-testing/dom0/fc32/
2020-04-29 02:28:40.768405 +0000 build-centos: .L..t...... security-testing/dom0/fc32/comps-dom0.xml -> comps-dom0.xml
2020-04-29 02:28:40.768413 +0000 build-centos: .d..t...... security-testing/dom0/fc32/rpm/
2020-04-29 02:28:40.768422 +0000 build-centos: <f..t...... security-testing/dom0/fc32/rpm/.gitignore
2020-04-29 02:28:40.768432 +0000 build-centos: .              0 100%    0.00kB/s    0:00:00 (xfr#17, to-chk=23/1361)
2020-04-29 02:28:40.768440 +0000 build-centos: .d..t...... security-testing/vm/
2020-04-29 02:28:40.770562 +0000 build-centos: .d..t...... security-testing/vm/centos7/
2020-04-29 02:28:40.770604 +0000 build-centos: .L..t...... security-testing/vm/centos7/comps.xml -> ../../../comps-vm.xml
2020-04-29 02:28:40.770617 +0000 build-centos: .d..t...... security-testing/vm/centos7/rpm/
2020-04-29 02:28:40.770627 +0000 build-centos: <f..t...... security-testing/vm/centos7/rpm/.gitignore
2020-04-29 02:28:40.770659 +0000 build-centos: .              6 100%    0.08kB/s    0:00:00  .              6 100%    0.08kB/s    0:00:00 (xfr#18, to-chk=14/1361)
2020-04-29 02:28:40.770670 +0000 build-centos: .d..t...... security-testing/vm/centos8/
2020-04-29 02:28:40.770678 +0000 build-centos: .d..t...... security-testing/vm/fc29/
2020-04-29 02:28:40.770686 +0000 build-centos: .d..t...... security-testing/vm/fc29/rpm/
2020-04-29 02:28:40.770695 +0000 build-centos: <f..t...... security-testing/vm/fc29/rpm/.gitignore
2020-04-29 02:28:40.770707 +0000 build-centos: .              6 100%    0.08kB/s    0:00:00  .              6 100%    0.08kB/s    0:00:00 (xfr#19, to-chk=9/1361)
2020-04-29 02:28:40.770716 +0000 build-centos: .d..t...... security-testing/vm/fc30/
2020-04-29 02:28:40.770725 +0000 build-centos: .L..t...... security-testing/vm/fc30/comps.xml -> ../../../comps-vm.xml
2020-04-29 02:28:40.770734 +0000 build-centos: .d..t...... security-testing/vm/fc30/rpm/
2020-04-29 02:28:40.770743 +0000 build-centos: <f..t...... security-testing/vm/fc30/rpm/.gitignore
2020-04-29 02:28:40.770755 +0000 build-centos: .              6 100%    0.08kB/s    0:00:00  .              6 100%    0.08kB/s    0:00:00 (xfr#20, to-chk=6/1361)
2020-04-29 02:28:40.770763 +0000 build-centos: .d..t...... security-testing/vm/fc31/
2020-04-29 02:28:40.770771 +0000 build-centos: .d..t...... security-testing/vm/fc32/
2020-04-29 02:28:40.770780 +0000 build-centos: .L..t...... security-testing/vm/fc32/comps-vm.xml -> comps-vm.xml
2020-04-29 02:28:40.770788 +0000 build-centos: .d..t...... security-testing/vm/fc32/rpm/
2020-04-29 02:28:40.770797 +0000 build-centos: <f..t...... security-testing/vm/fc32/rpm/.gitignore
2020-04-29 02:28:40.770807 +0000 build-centos: .              0 100%    0.00kB/s    0:00:00 (xfr#21, to-chk=0/1361)
2020-04-29 02:28:41.042680 +0000 build-centos: rsync error: some files/attrs were not transferred (see previous errors) (code 23) at main.c(1189) [sender=3.1.3]
2020-04-29 02:28:41.656279 +0000 build-centos: --> Processing repo: r4.1/current/dom0/fc25...
2020-04-29 02:28:42.092166 +0000 build-centos: 02:28:42: posix_spawn avoided (fd close requested) 
2020-04-29 02:28:42.100783 +0000 build-centos: 02:28:42: posix_spawn avoided (fd close requested) 
2020-04-29 02:28:42.108476 +0000 build-centos: 02:28:42: posix_spawn avoided (fd close requested) 
2020-04-29 02:28:42.115543 +0000 build-centos: 02:28:42: posix_spawn avoided (fd close requested) 
2020-04-29 02:28:42.125902 +0000 build-centos: 02:28:42: posix_spawn avoided (fd close requested) 
2020-04-29 02:28:43.166196 +0000 build-centos: --> Processing repo: r4.1/current/dom0/fc29...
2020-04-29 02:28:51.943334 +0000 build-centos: 02:28:52: posix_spawn avoided (fd close requested) 
2020-04-29 02:28:51.955894 +0000 build-centos: 02:28:52: posix_spawn avoided (fd close requested) 
2020-04-29 02:28:51.965999 +0000 build-centos: 02:28:52: posix_spawn avoided (fd close requested) 
2020-04-29 02:28:52.014572 +0000 build-centos: 02:28:52: posix_spawn avoided (fd close requested) 
2020-04-29 02:28:52.033386 +0000 build-centos: 02:28:52: posix_spawn avoided (fd close requested) 
2020-04-29 02:28:53.145295 +0000 build-centos: --> Processing repo: r4.1/current/dom0/fc31...
2020-04-29 02:28:58.249810 +0000 build-centos: 02:28:58: posix_spawn avoided (fd close requested) 
2020-04-29 02:28:58.263578 +0000 build-centos: 02:28:58: posix_spawn avoided (fd close requested) 
2020-04-29 02:28:58.275289 +0000 build-centos: 02:28:58: posix_spawn avoided (fd close requested) 
