2021-01-27 05:43:25.656604 +0000 > starting log
2021-01-27 05:43:25.657151 +0000 build-centos: > starting build with log
2021-01-27 05:43:25.657172 +0000 build-centos: >> make args: update-repo-current
2021-01-27 05:43:25.657184 +0000 build-centos: >> MAKEFLAGS=
2021-01-27 05:43:25.657196 +0000 build-centos: >> COMPONENTS=python-u2flib-host
2021-01-27 05:43:25.657208 +0000 build-centos: >> DISTS_VM=centos7 centos8
2021-01-27 05:43:25.657218 +0000 build-centos: >> DIST_DOM0=
2021-01-27 05:43:25.657231 +0000 build-centos: >> qubes-builder eba86028d3501971da7652687c6d0683b9cdae44
2021-01-27 05:43:25.657246 +0000 build-centos: >> qubes-builder/qubes-src/python-u2flib-host 31a5bbc05a57ed029c067a7b550df8533604c213
2021-01-27 05:43:25.657258 +0000 build-centos: !! python-u2flib-host-3.0.3.tar.gz
2021-01-27 05:43:25.657279 +0000 build-centos: 04f0a9427912d3d7595aa37de8556b3789c46b5c056745e864a4609492d8f2b790fc7157c66124d0d010b45c726c2f6ed316fb7a8f1224da6206acd17e7e1897  python-u2flib-host-3.0.3.tar.gz
2021-01-27 05:43:25.657294 +0000 build-centos: ================================================================================
2021-01-27 05:43:25.657308 +0000 build-centos:                            B U I L D   I N F O                                  
2021-01-27 05:43:25.657323 +0000 build-centos: Items in red indicate it was automatically generated by configuration file(s)
2021-01-27 05:43:25.657337 +0000 build-centos: Items in white indicate it was automatically removed by configuration file(s)
2021-01-27 05:43:25.657351 +0000 build-centos: ================================================================================
2021-01-27 05:43:25.657360 +0000 build-centos: DISTS_VM:
2021-01-27 05:43:25.657371 +0000 build-centos:      centos7, centos8,
2021-01-27 05:43:25.657380 +0000 build-centos: DISTS_ALL:
2021-01-27 05:43:25.657390 +0000 build-centos:      vm-centos7, vm-centos8,
2021-01-27 05:43:25.657399 +0000 build-centos: DIST_DOM0:
2021-01-27 05:43:25.657407 +0000 build-centos:     
2021-01-27 05:43:25.657522 +0000 build-centos: BUILDER_PLUGINS:
2021-01-27 05:43:25.659084 +0000 build-centos:      builder-rpm, builder-debian, mgmt-salt, linux-yum, release-configs, builder-github,
2021-01-27 05:43:25.659368 +0000 build-centos: COMPONENTS:
2021-01-27 05:43:25.661329 +0000 build-centos:      python-u2flib-host,
2021-01-27 05:43:25.661642 +0000 build-centos: GIT_REPOS:
2021-01-27 05:43:25.663685 +0000 build-centos:      qubes-src/python-u2flib-host,
2021-01-27 05:43:25.663971 +0000 build-centos: TEMPLATE:
2021-01-27 05:43:25.666280 +0000 build-centos:     
2021-01-27 05:43:25.666592 +0000 build-centos: TEMPLATE_FLAVOR_DIR:
2021-01-27 05:43:25.668639 +0000 build-centos:     
2021-01-27 05:43:25.668988 +0000 build-centos: TEMPLATE_ALIAS:
2021-01-27 05:43:25.671200 +0000 build-centos:      stretch:stretch+standard, stretch+gnome:stretch+gnome+standard,
2021-01-27 05:43:25.671256 +0000 build-centos:      stretch+minimal:stretch+minimal+no-recommends, buster:buster+standard, buster+gnome:buster+gnome+standard,
2021-01-27 05:43:25.671275 +0000 build-centos:      buster+minimal:buster+minimal+no-recommends, bullseye:bullseye+standard,
2021-01-27 05:43:25.671291 +0000 build-centos:      bullseye+gnome:bullseye+gnome+standard, bullseye+minimal:bullseye+minimal+no-recommends,
2021-01-27 05:43:25.671306 +0000 build-centos:      whonix-gateway-14:stretch+whonix-gateway+minimal+no-recommends,
2021-01-27 05:43:25.671319 +0000 build-centos:      whonix-workstation-14:stretch+whonix-workstation+minimal+no-recommends,
2021-01-27 05:43:25.671333 +0000 build-centos:      whonix-gateway-15:buster+whonix-gateway+minimal+no-recommends,
2021-01-27 05:43:25.671346 +0000 build-centos:      whonix-workstation-15:buster+whonix-workstation+minimal+no-recommends,
2021-01-27 05:43:25.672035 +0000 build-centos: TEMPLATE_LABEL:
2021-01-27 05:43:25.673608 +0000 build-centos:      centos7:centos-7, centos8:centos-8, fc25:fedora-25 fc30:fedora-30 fc31:fedora-31 fc32:fedora-32
2021-01-27 05:43:25.673657 +0000 build-centos:      fc30+minimal:fedora-30-minimal fc31+minimal:fedora-31-minimal fc32+minimal:fedora-32-minimal
2021-01-27 05:43:25.673698 +0000 build-centos:      fc30+xfce:fedora-30-xfce fc31+xfce:fedora-31-xfce fc32+xfce:fedora-32-xfce
2021-01-27 05:43:25.673716 +0000 build-centos:      stretch:debian-9 stretch+standard:debian-9 stretch+xfce:debian-9-xfce buster:debian-10
2021-01-27 05:43:25.673733 +0000 build-centos:      buster+standard:debian-10 buster+xfce:debian-10-xfce bullseye:debian-11 bullseye+standard:debian-11
2021-01-27 05:43:25.673748 +0000 build-centos:      bullseye+xfce:debian-11-xfce stretch+whonix-gateway+minimal+no-recommends:whonix-gw-14
2021-01-27 05:43:25.673762 +0000 build-centos:      stretch+whonix-workstation+minimal+no-recommends:whonix-ws-14
2021-01-27 05:43:25.673774 +0000 build-centos:      buster+whonix-gateway+minimal+no-recommends:whonix-gw-15
2021-01-27 05:43:25.673790 +0000 build-centos:      buster+whonix-workstation+minimal+no-recommends:whonix-ws-15 centos7+minimal:centos-7-minimal
2021-01-27 05:43:25.673805 +0000 build-centos:      centos7+xfce:centos-7-xfce centos8+minimal:centos-8-minimal centos8+xfce:centos-8-xfce
2021-01-27 05:43:25.693784 +0000 build-centos: > running make
2021-01-27 05:43:25.708979 +0000 build-centos: Makefile:847: target 'internal-update-repo-current.vm.centos7.python-u2flib-host' does not exist
2021-01-27 05:43:25.709038 +0000 build-centos: repo_base_var="LINUX_REPO_centos7_BASEDIR"; \
2021-01-27 05:43:25.709053 +0000 build-centos: if [ "python-u2flib-host" = linux-template-builder ]; then \
2021-01-27 05:43:25.709101 +0000 build-centos: .# templates belongs to dom0 repository, even though PACKAGE_SET=vm
2021-01-27 05:43:25.709112 +0000 build-centos: repo_base_var="LINUX_REPO__BASEDIR"; \
2021-01-27 05:43:25.709120 +0000 build-centos: fi; \
2021-01-27 05:43:25.709131 +0000 build-centos: if [ -n "${!repo_base_var}" ]; then \
2021-01-27 05:43:25.709141 +0000 build-centos: .repo_basedir="${!repo_base_var}"; \
2021-01-27 05:43:25.709148 +0000 build-centos: else \
2021-01-27 05:43:25.709158 +0000 build-centos: .repo_basedir="qubes-src/linux-yum/r4.0"; \
2021-01-27 05:43:25.709166 +0000 build-centos: fi; \
2021-01-27 05:43:25.709177 +0000 build-centos: if [ -r qubes-src/python-u2flib-host/Makefile.builder ]; then \
2021-01-27 05:43:25.709188 +0000 build-centos: .echo -n "Updating qubes-src/python-u2flib-host... "; \
2021-01-27 05:43:25.709197 +0000 build-centos: .if [ "0" -eq 1 ]; then \
2021-01-27 05:43:25.709210 +0000 build-centos: ..vtag=`git -C qubes-src/python-u2flib-host tag --points-at HEAD --list v*`; \
2021-01-27 05:43:25.709234 +0000 build-centos: ..if [ -z "$vtag" ]; then \
2021-01-27 05:43:25.709244 +0000 build-centos: ...echo "no version tag"; \
2021-01-27 05:43:25.709252 +0000 build-centos: ...exit 0; \
2021-01-27 05:43:25.709260 +0000 build-centos: ..fi; \
2021-01-27 05:43:25.709267 +0000 build-centos: .fi; \
2021-01-27 05:43:25.709279 +0000 build-centos: .if [ "python-u2flib-host" = linux-template-builder ]; then
2021-01-27 05:43:25.709293 +0000 build-centos: export TEMPLATE_NAME=$(MAKEFLAGS= make -s -C qubes-src/linux-template-builder DIST=centos7 template-name)
2021-01-27 05:43:25.709301 +0000 build-centos: fi
2021-01-27 05:43:25.709327 +0000 build-centos: component_packages=$(MAKEFLAGS= make -s -f Makefile.generic DIST=centos7 PACKAGE_SET=vm COMPONENT=`basename qubes-src/python-u2flib-host` UPDATE_REPO=/home/user/builder-r4.0/$repo_basedir/current/vm/centos7 get-var GET_VAR=PACKAGE_LIST); \
2021-01-27 05:43:25.709339 +0000 build-centos: .if [ -z "$component_packages" ]; then \
2021-01-27 05:43:25.709348 +0000 build-centos: ..echo "no packages."; \
2021-01-27 05:43:25.709357 +0000 build-centos: ..exit 0; \
2021-01-27 05:43:25.709364 +0000 build-centos: .fi; \
2021-01-27 05:43:25.709376 +0000 build-centos: .make -s -f Makefile.generic DIST=centos7 PACKAGE_SET=vm \
2021-01-27 05:43:25.709387 +0000 build-centos: ..COMPONENT=`basename qubes-src/python-u2flib-host` \
2021-01-27 05:43:25.709396 +0000 build-centos: ..SNAPSHOT_REPO=current-testing \
2021-01-27 05:43:25.709426 +0000 build-centos: ..TARGET_REPO=current \
2021-01-27 05:43:25.709440 +0000 build-centos: ..UPDATE_REPO=/home/user/builder-r4.0/$repo_basedir/current/vm/centos7 \
2021-01-27 05:43:25.709457 +0000 build-centos: ..SNAPSHOT_FILE=/home/user/builder-r4.0/repo-latest-snapshot/current-testing-vm-centos7-`basename qubes-src/python-u2flib-host` \
2021-01-27 05:43:25.709466 +0000 build-centos: ..BUILD_LOG_URL= \
2021-01-27 05:43:25.709476 +0000 build-centos: ..update-repo-from-snapshot || exit 1; \
2021-01-27 05:43:25.709490 +0000 build-centos: elif make -C qubes-src/python-u2flib-host -n update-repo-current >/dev/null 2>/dev/null; then \
2021-01-27 05:43:25.709501 +0000 build-centos: .echo "Updating qubes-src/python-u2flib-host... "; \
2021-01-27 05:43:25.709514 +0000 build-centos: .DIST=centos7 UPDATE_REPO=/home/user/builder-r4.0/$repo_basedir/current/vm/centos7 \
2021-01-27 05:43:25.709532 +0000 build-centos: .make -s -C qubes-src/python-u2flib-host update-repo-current || exit 1; \
2021-01-27 05:43:25.709541 +0000 build-centos: else \
2021-01-27 05:43:25.709554 +0000 build-centos: .echo -n "Updating qubes-src/python-u2flib-host... skipping."; \
2021-01-27 05:43:25.709561 +0000 build-centos: fi; \
2021-01-27 05:43:25.709569 +0000 build-centos: echo
2021-01-27 05:43:25.724318 +0000 build-centos: Updating qubes-src/python-u2flib-host... no packages.
2021-01-27 05:43:25.724386 +0000 build-centos: Makefile:816: update target 'internal-update-repo-current.vm.centos7' due to: internal-update-repo-current.vm.centos7.python-u2flib-host
2021-01-27 05:43:25.724399 +0000 build-centos: true
2021-01-27 05:43:25.726066 +0000 build-centos: Makefile:847: target 'internal-update-repo-current.vm.centos8.python-u2flib-host' does not exist
2021-01-27 05:43:25.726147 +0000 build-centos: repo_base_var="LINUX_REPO_centos8_BASEDIR"; \
2021-01-27 05:43:25.726162 +0000 build-centos: if [ "python-u2flib-host" = linux-template-builder ]; then \
2021-01-27 05:43:25.726175 +0000 build-centos: .# templates belongs to dom0 repository, even though PACKAGE_SET=vm
2021-01-27 05:43:25.726185 +0000 build-centos: repo_base_var="LINUX_REPO__BASEDIR"; \
2021-01-27 05:43:25.726193 +0000 build-centos: fi; \
2021-01-27 05:43:25.726203 +0000 build-centos: if [ -n "${!repo_base_var}" ]; then \
2021-01-27 05:43:25.726212 +0000 build-centos: .repo_basedir="${!repo_base_var}"; \
2021-01-27 05:43:25.726220 +0000 build-centos: else \
2021-01-27 05:43:25.726229 +0000 build-centos: .repo_basedir="qubes-src/linux-yum/r4.0"; \
2021-01-27 05:43:25.726237 +0000 build-centos: fi; \
2021-01-27 05:43:25.726248 +0000 build-centos: if [ -r qubes-src/python-u2flib-host/Makefile.builder ]; then \
2021-01-27 05:43:25.726258 +0000 build-centos: .echo -n "Updating qubes-src/python-u2flib-host... "; \
2021-01-27 05:43:25.726267 +0000 build-centos: .if [ "0" -eq 1 ]; then \
2021-01-27 05:43:25.726279 +0000 build-centos: ..vtag=`git -C qubes-src/python-u2flib-host tag --points-at HEAD --list v*`; \
2021-01-27 05:43:25.726288 +0000 build-centos: ..if [ -z "$vtag" ]; then \
2021-01-27 05:43:25.726297 +0000 build-centos: ...echo "no version tag"; \
2021-01-27 05:43:25.726305 +0000 build-centos: ...exit 0; \
2021-01-27 05:43:25.726313 +0000 build-centos: ..fi; \
2021-01-27 05:43:25.726320 +0000 build-centos: .fi; \
2021-01-27 05:43:25.726330 +0000 build-centos: .if [ "python-u2flib-host" = linux-template-builder ]; then
2021-01-27 05:43:25.726344 +0000 build-centos: export TEMPLATE_NAME=$(MAKEFLAGS= make -s -C qubes-src/linux-template-builder DIST=centos8 template-name)
2021-01-27 05:43:25.726352 +0000 build-centos: fi
2021-01-27 05:43:25.726376 +0000 build-centos: component_packages=$(MAKEFLAGS= make -s -f Makefile.generic DIST=centos8 PACKAGE_SET=vm COMPONENT=`basename qubes-src/python-u2flib-host` UPDATE_REPO=/home/user/builder-r4.0/$repo_basedir/current/vm/centos8 get-var GET_VAR=PACKAGE_LIST); \
2021-01-27 05:43:25.726388 +0000 build-centos: .if [ -z "$component_packages" ]; then \
2021-01-27 05:43:25.726396 +0000 build-centos: ..echo "no packages."; \
2021-01-27 05:43:25.726420 +0000 build-centos: ..exit 0; \
2021-01-27 05:43:25.726429 +0000 build-centos: .fi; \
2021-01-27 05:43:25.726440 +0000 build-centos: .make -s -f Makefile.generic DIST=centos8 PACKAGE_SET=vm \
2021-01-27 05:43:25.726450 +0000 build-centos: ..COMPONENT=`basename qubes-src/python-u2flib-host` \
2021-01-27 05:43:25.726459 +0000 build-centos: ..SNAPSHOT_REPO=current-testing \
2021-01-27 05:43:25.726467 +0000 build-centos: ..TARGET_REPO=current \
2021-01-27 05:43:25.726479 +0000 build-centos: ..UPDATE_REPO=/home/user/builder-r4.0/$repo_basedir/current/vm/centos8 \
2021-01-27 05:43:25.726495 +0000 build-centos: ..SNAPSHOT_FILE=/home/user/builder-r4.0/repo-latest-snapshot/current-testing-vm-centos8-`basename qubes-src/python-u2flib-host` \
2021-01-27 05:43:25.726503 +0000 build-centos: ..BUILD_LOG_URL= \
2021-01-27 05:43:25.726513 +0000 build-centos: ..update-repo-from-snapshot || exit 1; \
2021-01-27 05:43:25.726526 +0000 build-centos: elif make -C qubes-src/python-u2flib-host -n update-repo-current >/dev/null 2>/dev/null; then \
2021-01-27 05:43:25.726542 +0000 build-centos: .echo "Updating qubes-src/python-u2flib-host... "; \
2021-01-27 05:43:25.726554 +0000 build-centos: .DIST=centos8 UPDATE_REPO=/home/user/builder-r4.0/$repo_basedir/current/vm/centos8 \
2021-01-27 05:43:25.726566 +0000 build-centos: .make -s -C qubes-src/python-u2flib-host update-repo-current || exit 1; \
2021-01-27 05:43:25.726573 +0000 build-centos: else \
2021-01-27 05:43:25.726584 +0000 build-centos: .echo -n "Updating qubes-src/python-u2flib-host... skipping."; \
2021-01-27 05:43:25.726591 +0000 build-centos: fi; \
2021-01-27 05:43:25.726598 +0000 build-centos: echo
2021-01-27 05:43:25.741433 +0000 build-centos: Updating qubes-src/python-u2flib-host... no packages.
2021-01-27 05:43:25.741496 +0000 build-centos: Makefile:816: update target 'internal-update-repo-current.vm.centos8' due to: internal-update-repo-current.vm.centos8.python-u2flib-host
2021-01-27 05:43:25.741508 +0000 build-centos: true
2021-01-27 05:43:25.742929 +0000 build-centos: Makefile:929: target 'post-update-repo-current' does not exist
2021-01-27 05:43:25.742963 +0000 build-centos: true
2021-01-27 05:43:25.744405 +0000 build-centos: Makefile:803: update target 'update-repo-current' due to: internal-update-repo-current.vm.centos7 internal-update-repo-current.vm.centos8 post-update-repo-current
2021-01-27 05:43:25.744438 +0000 build-centos: true
2021-01-27 05:43:25.746330 +0000 build-centos: > done
2021-01-27 05:43:25.746366 +0000 > closing log
