2019-11-30 02:52:14.627693 +0000 > starting log
2019-11-30 02:52:14.628661 +0000 build-centos: > starting build with log
2019-11-30 02:52:14.628683 +0000 build-centos: >> make args: DISTS_VM=centos7 DIST_DOM0= qubes
2019-11-30 02:52:14.628695 +0000 build-centos: >> MAKEFLAGS=
2019-11-30 02:52:14.628703 +0000 build-centos: >> COMPONENTS=manager
2019-11-30 02:52:14.628710 +0000 build-centos: >> DISTS_VM=
2019-11-30 02:52:14.628717 +0000 build-centos: >> DIST_DOM0=
2019-11-30 02:52:14.628726 +0000 build-centos: >> qubes-builder 93a49fd32464c292a3d5a6c59231a03b57613025
2019-11-30 02:52:14.628734 +0000 build-centos: ?? rpmdb/Basenames
2019-11-30 02:52:14.628741 +0000 build-centos: ?? rpmdb/Conflictname
2019-11-30 02:52:14.628748 +0000 build-centos: ?? rpmdb/Dirnames
2019-11-30 02:52:14.628755 +0000 build-centos: ?? rpmdb/Enhancename
2019-11-30 02:52:14.628763 +0000 build-centos: ?? rpmdb/Filetriggername
2019-11-30 02:52:14.628770 +0000 build-centos: ?? rpmdb/Group
2019-11-30 02:52:14.628777 +0000 build-centos: ?? rpmdb/Installtid
2019-11-30 02:52:14.628784 +0000 build-centos: ?? rpmdb/Name
2019-11-30 02:52:14.628791 +0000 build-centos: ?? rpmdb/Obsoletename
2019-11-30 02:52:14.628798 +0000 build-centos: ?? rpmdb/Packages
2019-11-30 02:52:14.628805 +0000 build-centos: ?? rpmdb/Providename
2019-11-30 02:52:14.628812 +0000 build-centos: ?? rpmdb/Recommendname
2019-11-30 02:52:14.628819 +0000 build-centos: ?? rpmdb/Requirename
2019-11-30 02:52:14.628826 +0000 build-centos: ?? rpmdb/Sha1header
2019-11-30 02:52:14.628833 +0000 build-centos: ?? rpmdb/Sigmd5
2019-11-30 02:52:14.628840 +0000 build-centos: ?? rpmdb/Suggestname
2019-11-30 02:52:14.628847 +0000 build-centos: ?? rpmdb/Supplementname
2019-11-30 02:52:14.628855 +0000 build-centos: ?? rpmdb/Transfiletriggername
2019-11-30 02:52:14.628862 +0000 build-centos: ?? rpmdb/Triggername
2019-11-30 02:52:14.628869 +0000 build-centos: ?? rpmdb/__db.001
2019-11-30 02:52:14.628876 +0000 build-centos: ?? rpmdb/__db.002
2019-11-30 02:52:14.628883 +0000 build-centos: ?? rpmdb/__db.003
2019-11-30 02:52:14.628895 +0000 build-centos: b3ba65b20ad8397ea48bc02a41a92af8a2808a511a294f9098198efd1272801498dc45bb34b94723bd36f5f7c8d694963aba91d20195c41ac8b324aa3227a8a5  rpmdb/Basenames
2019-11-30 02:52:14.628909 +0000 build-centos: 4d4e1f3216fd38e13009d078a55d43c963fb8111c1b65cdc0b2a42446b0669fef17ec30921d9b6b5d01119fe05403c43a11b4ae825b6f721a4ef5c979f5194a1  rpmdb/Conflictname
2019-11-30 02:52:14.628922 +0000 build-centos: dd351a3536823a32dcf429eba807bd154716f3f622521045fff713c9d427d095c6c4f8c28c165510736c4d0d9c356b908bd60a4cbd2f16e6819c3fe97314b804  rpmdb/Dirnames
2019-11-30 02:52:14.628935 +0000 build-centos: 5795e9a66cc018f12239f3002654287a81c95c96ff480826cf5f63a9ba2adc3fbbbdb96c9c9b0830d2db0c11ae96882cbddf0e0a3608bb035db80ef722b4c67b  rpmdb/Enhancename
2019-11-30 02:52:14.628948 +0000 build-centos: 9f6850dc53fa87911f24d4770878d7e530b5f2841ad726b57096fdd3a8f8d987bce2ef82a4cdc15bbd4f38ff4adb70eee3d75376d0c41ddd8221983d64e21dd8  rpmdb/Filetriggername
2019-11-30 02:52:14.628961 +0000 build-centos: ff6c03da45d0961f661b5f00d0614e3a694795b1e2abe92157f5aa9e5390187461db2d5ee4291c1fe3b860bd40aeaa54a37a1f9526017297400985a2b041b260  rpmdb/Group
2019-11-30 02:52:14.628973 +0000 build-centos: 89a58b3eda5b8fa74e69199b407fe4dd77b2d0ad524dd8e83c31539937a9947c0b0b67446dd2a097f18f543116ebd48b475f48c91401c57ec177bd2831f4e234  rpmdb/Installtid
2019-11-30 02:52:14.628986 +0000 build-centos: 198f54f225bf04d038dc3766d65e021f719524f7557231cfb009efc6d2a0d1ace0a49de1c25df69fdb690d875e76568d2112c34daef86a51cc4417fb65b55869  rpmdb/Name
2019-11-30 02:52:14.628998 +0000 build-centos: 935dc76465607162a78527633505bd3fc681cfe4685ff60920ea0b876be1a7e238b13b0f468c934d2f17c45564ed100e465d61becab15b02113844ca7d8c2a9e  rpmdb/Obsoletename
2019-11-30 02:52:14.629011 +0000 build-centos: 5437bea77c65a61db55daf6419622659fe3b70799c4327b98ea3ddee1904a5a09080a9db022b1986012da41d27e6d616ebe1251c9a531a518bcd6d4d50aa110b  rpmdb/Packages
2019-11-30 02:52:14.629024 +0000 build-centos: 6170127dbe34fa67ac906579ceeaeec0362eaba66da7232e829f5a30e8fcc873845cfecaae5d52de59f456a7367317dbc91861df8970e00767d6b204dad88a8e  rpmdb/Providename
2019-11-30 02:52:14.629042 +0000 build-centos: 5898e0f37dedcb3cbaee55ba2f0735c2ccac50f17fd0aab3a19620cb22e8cca65e5fbc66bf1ced8633c4728485ad773b5c7e53380a15c17227bab05164ddb3f5  rpmdb/Recommendname
2019-11-30 02:52:14.629056 +0000 build-centos: ed2f7f9a168805dff523b5f862ab8499f5887d992ab894b0bea3bcc51d91447da39148d82f30451c699e1ca510c25bdea5c2c9ebe04fa831419135c013efc30c  rpmdb/Requirename
2019-11-30 02:52:14.629068 +0000 build-centos: a4b9a8022662eccf09a3fd0c585b8fcfd0f696c07efc54238506e5e73900fba80d3147f87985ec3c3356c4ee80ac8117b3a77b5a07adad12d6f74bdb42488f39  rpmdb/Sha1header
2019-11-30 02:52:14.629081 +0000 build-centos: b734cc7259e75b320f9796f07c093da3c977fcddfb37a185d5f882f4978c6457c78aacb2844087cd89fa6f83e8c7a2b232f8251f916ed018a6d69d9ef92a8ac6  rpmdb/Sigmd5
2019-11-30 02:52:14.629094 +0000 build-centos: 61acc9f56a6b6aa630e970e9c486a57436b6ec91374c2d366549b87867257161f394e8506b4b4003aa3b174f684a9f3349a3d70acfbaba4c3801ead596274444  rpmdb/Suggestname
2019-11-30 02:52:14.629106 +0000 build-centos: ad0f20f1098996fa85cca05f53b2ab8b0d1992056b91e979c400694ada9aaf6418d73ee3473533e5506107a31e969b47ebb7dee9941cdcb8790ca74ba488c8bb  rpmdb/Supplementname
2019-11-30 02:52:14.629135 +0000 build-centos: 709af9a1a8a19e21e2fcb86679f553878263805888bd8f6d1fe1491de1893cb661d4d3c260104ae74a223906902183fda7cc2c546c6783820e60b276b1e3129f  rpmdb/Transfiletriggername
2019-11-30 02:52:14.629150 +0000 build-centos: 037484bfa482f52747a983c94b2ea6ca8fdb3c1e7a0c6c5a9808e9660780e811933afe7bfb7545f49ee4ad8f846b3ecaf392b0a00bdcee4357848da19f160813  rpmdb/Triggername
2019-11-30 02:52:14.629163 +0000 build-centos: 7b61fc6f990fa4addbae3a99de450ade03eaa8806e851c4c353b93fd23dcdff9a939c95c6463d05cc47edc6f37025ab6e09bcab9d97fa4abfbc4fe611b3a5fc6  rpmdb/__db.001
2019-11-30 02:52:14.629176 +0000 build-centos: 6a658b2547651108a961cfb6a067adf8af54654483427502549e87e1377359376d5fe775312aaeb7131039a19e770583c632632de7cf52c2cb2a0de2d4b8c737  rpmdb/__db.002
2019-11-30 02:52:14.629188 +0000 build-centos: 9144aef7c206b80f66509687166f7edf8e927b666ce92e90134132e3085ced1121f089b7465022a1c6bc4ba2214b4aa35dffc10f9d56cdecf1e079e5f9c0cc95  rpmdb/__db.003
2019-11-30 02:52:14.629198 +0000 build-centos: >> qubes-builder/qubes-src/manager 99ab3885972f836e3db80a98a647a3a3af2d04ec
2019-11-30 02:52:14.629208 +0000 build-centos: !! pkgs/vm-centos7/qmgr.spec.list
2019-11-30 02:52:14.629218 +0000 build-centos: !! pkgs/vm-centos7/qubes-manager-4.1.1-1.centos7.noarch.rpm
2019-11-30 02:52:14.629234 +0000 build-centos: !! pkgs/vm-centos7/qubes-manager-4.1.1-1.centos7.src.rpm
2019-11-30 02:52:14.629244 +0000 build-centos: !! pkgs/vm-centos7/qubes-manager-4.1.1-1.centos7.x86_64.buildinfo
2019-11-30 02:52:14.629253 +0000 build-centos: !! pkgs/vm-centos7/qubes-manager-4.1.2-1.centos7.noarch.rpm
2019-11-30 02:52:14.629262 +0000 build-centos: !! pkgs/vm-centos7/qubes-manager-4.1.2-1.centos7.src.rpm
2019-11-30 02:52:14.629271 +0000 build-centos: !! pkgs/vm-centos7/qubes-manager-4.1.2-1.centos7.x86_64.buildinfo
2019-11-30 02:52:14.629284 +0000 build-centos: 8e3be421be750535aec1f6bfb0199c587097868e022889296314bac21107e568ef6b8d46d7fbe55e227772d5074e6383957390e14040a0c62c15ca8ee289b87f  pkgs/vm-centos7/qmgr.spec.list
2019-11-30 02:52:14.629299 +0000 build-centos: 761e965dcce8b90dfd7dd33dc2a3f5537bccecb3828939e6c211a52a8d11aee7a563c5e2af498cf698a005eaf77076be565ffd36b2e5fd100dfbeb383a487d8f  pkgs/vm-centos7/qubes-manager-4.1.1-1.centos7.noarch.rpm
2019-11-30 02:52:14.629314 +0000 build-centos: 52229f0177695a16d851ee9bae19611f33364f09030c4ca0bc9d41d4779e6c877897ec498b99e0d2b5fb4121c7ae88b14faa52dde4435a76aadaf4e347291256  pkgs/vm-centos7/qubes-manager-4.1.1-1.centos7.src.rpm
2019-11-30 02:52:14.629329 +0000 build-centos: 2878155cdd29395378d0d5e3e4dd637bd58d013aa8c5662808b877f431b29ba4d8805ad14f3c4f62f1596cecf8fbdc2f2568784e7274f342c881c43dd636facd  pkgs/vm-centos7/qubes-manager-4.1.1-1.centos7.x86_64.buildinfo
2019-11-30 02:52:14.629344 +0000 build-centos: 80998fd5d42e3e7e4b54e67cdd1dfa951582e3983fb4f50db3475069926c04bfb6a55e40e32d4db0643731d17f48df3598f05faa3d8acf779c7fdefdaabdb7ed  pkgs/vm-centos7/qubes-manager-4.1.2-1.centos7.noarch.rpm
2019-11-30 02:52:14.629362 +0000 build-centos: 9fd3336a11c4e69ff9d9a4946309e7d266240371374aaf61019a6a61f6c3b8c6e343a1792c6b8b43dc4c0709898d59786e4be719ca180b5cad1db2704e205567  pkgs/vm-centos7/qubes-manager-4.1.2-1.centos7.src.rpm
2019-11-30 02:52:14.629378 +0000 build-centos: 6eeba702aa75a5a849a8cb9ac7e2a894711bdefa51020e0562ae33d6ca8b697553abd8140a7e1a0d6f7233a6e3bed7aafbc8ecaa43b6a6d36cd52bad20341557  pkgs/vm-centos7/qubes-manager-4.1.2-1.centos7.x86_64.buildinfo
2019-11-30 02:52:14.659010 +0000 build-centos: ================================================================================
2019-11-30 02:52:14.659051 +0000 build-centos:                            B U I L D   I N F O                                  
2019-11-30 02:52:14.659065 +0000 build-centos: Items in red indicate it was automatically generated by configuration file(s)
2019-11-30 02:52:14.659077 +0000 build-centos: Items in white indicate it was automatically removed by configuration file(s)
2019-11-30 02:52:14.659087 +0000 build-centos: ================================================================================
2019-11-30 02:52:14.659098 +0000 build-centos: DISTS_VM:
2019-11-30 02:52:14.663639 +0000 build-centos:      centos7,
2019-11-30 02:52:14.663671 +0000 build-centos: DISTS_ALL:
2019-11-30 02:52:14.663682 +0000 build-centos:      vm-centos7,
2019-11-30 02:52:14.663690 +0000 build-centos: DIST_DOM0:
2019-11-30 02:52:14.668977 +0000 build-centos:     
2019-11-30 02:52:14.669010 +0000 build-centos: BUILDER_PLUGINS:
2019-11-30 02:52:14.669027 +0000 build-centos:      builder-rpm, builder-debian, mgmt-salt, linux-yum, release-configs, builder-github,
2019-11-30 02:52:14.669038 +0000 build-centos: COMPONENTS:
2019-11-30 02:52:14.672773 +0000 build-centos:      manager,
2019-11-30 02:52:14.672805 +0000 build-centos: GIT_REPOS:
2019-11-30 02:52:14.674601 +0000 build-centos:      qubes-src/manager,
2019-11-30 02:52:14.674633 +0000 build-centos: TEMPLATE:
2019-11-30 02:52:14.677745 +0000 build-centos:     
2019-11-30 02:52:14.677779 +0000 build-centos: TEMPLATE_FLAVOR_DIR:
2019-11-30 02:52:14.679052 +0000 build-centos:     
2019-11-30 02:52:14.679084 +0000 build-centos: TEMPLATE_ALIAS:
2019-11-30 02:52:14.682714 +0000 build-centos:      stretch:stretch+standard, stretch+gnome:stretch+gnome+standard,
2019-11-30 02:52:14.682754 +0000 build-centos:      stretch+minimal:stretch+minimal+no-recommends, buster:buster+standard, buster+gnome:buster+gnome+standard,
2019-11-30 02:52:14.682769 +0000 build-centos:      buster+minimal:buster+minimal+no-recommends, bullseye:bullseye+standard,
2019-11-30 02:52:14.682782 +0000 build-centos:      bullseye+gnome:bullseye+gnome+standard, bullseye+minimal:bullseye+minimal+no-recommends,
2019-11-30 02:52:14.682793 +0000 build-centos:      whonix-gateway-14:stretch+whonix-gateway+minimal+no-recommends,
2019-11-30 02:52:14.682803 +0000 build-centos:      whonix-workstation-14:stretch+whonix-workstation+minimal+no-recommends,
2019-11-30 02:52:14.682812 +0000 build-centos:      whonix-gateway-15:buster+whonix-gateway+minimal+no-recommends,
2019-11-30 02:52:14.682822 +0000 build-centos:      whonix-workstation-15:buster+whonix-workstation+minimal+no-recommends,
2019-11-30 02:52:14.682830 +0000 build-centos: TEMPLATE_LABEL:
2019-11-30 02:52:14.682841 +0000 build-centos:      centos7:centos-7, fc29:fedora-29 fc30:fedora-30 fc31:fedora-31 fc29+minimal:fedora-29-minimal
2019-11-30 02:52:14.682852 +0000 build-centos:      fc30+minimal:fedora-30-minimal fc31+minimal:fedora-31-minimal fc29+xfce:fedora-29-xfce
2019-11-30 02:52:14.682861 +0000 build-centos:      fc30+xfce:fedora-30-xfce fc31+xfce:fedora-31-xfce stretch:debian-9
2019-11-30 02:52:14.682872 +0000 build-centos:      stretch+standard:debian-9 buster:debian-10 buster+standard:debian-10 bullseye:debian-11
2019-11-30 02:52:14.682882 +0000 build-centos:      bullseye+standard:bullseye-11 stretch+whonix-gateway+minimal+no-recommends:whonix-gw-14
2019-11-30 02:52:14.682892 +0000 build-centos:      stretch+whonix-workstation+minimal+no-recommends:whonix-ws-14
2019-11-30 02:52:14.682911 +0000 build-centos:      buster+whonix-gateway+minimal+no-recommends:whonix-gw-15
2019-11-30 02:52:14.682923 +0000 build-centos:      buster+whonix-workstation+minimal+no-recommends:whonix-ws-15 centos7+minimal:centos-7-minimal
2019-11-30 02:52:14.682931 +0000 build-centos:      centos7+xfce:centos-7-xfce
2019-11-30 02:52:14.695003 +0000 build-centos: > running make
2019-11-30 02:52:14.707908 +0000 build-centos: Makefile:1005: target 'build-info' does not exist
2019-11-30 02:52:14.707944 +0000 build-centos: echo "================================================================================"
2019-11-30 02:52:14.707959 +0000 build-centos: echo "                           B U I L D   I N F O                                  "
2019-11-30 02:52:14.707971 +0000 build-centos: echo -e "Items in red indicate it was automatically generated by configuration file(s)"
2019-11-30 02:52:14.707982 +0000 build-centos: echo -e "Items in white indicate it was automatically removed by configuration file(s)"
2019-11-30 02:52:14.707992 +0000 build-centos: echo "================================================================================"
2019-11-30 02:52:14.708002 +0000 build-centos: # (1): Item Color, (2): Label, (3): Item, (4): Original item used to compare if changed
2019-11-30 02:52:14.708015 +0000 build-centos: echo -e "DISTS_VM:"; echo -e " centos7," | fmt -w110  | sed -e 's/^/    /'
2019-11-30 02:52:14.708026 +0000 build-centos: echo -e "DISTS_ALL:"; echo -e " vm-centos7," | fmt -w110  | sed -e 's/^/    /'
2019-11-30 02:52:14.708036 +0000 build-centos: echo -e "DIST_DOM0:"; echo -e " " | fmt -w110  | sed -e 's/^/    /'
2019-11-30 02:52:14.708049 +0000 build-centos: echo -e "BUILDER_PLUGINS:"; echo -e " builder-rpm, builder-debian, mgmt-salt, linux-yum, release-configs, builder-github," | fmt -w110  | sed -e 's/^/    /'
2019-11-30 02:52:14.708060 +0000 build-centos: echo -e "COMPONENTS:"; echo -e " manager," | fmt -w110  | sed -e 's/^/    /'
2019-11-30 02:52:14.708070 +0000 build-centos: echo -e "GIT_REPOS:"; echo -e " qubes-src/manager," | fmt -w110  | sed -e 's/^/    /'
2019-11-30 02:52:14.708080 +0000 build-centos: echo -e "TEMPLATE:"; echo -e " " | fmt -w110  | sed -e 's/^/    /'
2019-11-30 02:52:14.708089 +0000 build-centos: echo -e "TEMPLATE_FLAVOR_DIR:"; echo -e " " | fmt -w110  | sed -e 's/^/    /'
2019-11-30 02:52:14.708148 +0000 build-centos: echo -e "TEMPLATE_ALIAS:"; echo -e " stretch:stretch+standard, stretch+gnome:stretch+gnome+standard, stretch+minimal:stretch+minimal+no-recommends, buster:buster+standard, buster+gnome:buster+gnome+standard, buster+minimal:buster+minimal+no-recommends, bullseye:bullseye+standard, bullseye+gnome:bullseye+gnome+standard, bullseye+minimal:bullseye+minimal+no-recommends, whonix-gateway-14:stretch+whonix-gateway+minimal+no-recommends, whonix-workstation-14:stretch+whonix-workstation+minimal+no-recommends, whonix-gateway-15:buster+whonix-gateway+minimal+no-recommends, whonix-workstation-15:buster+whonix-workstation+minimal+no-recommends," | fmt -w110  | sed -e 's/^/    /'
2019-11-30 02:52:14.708190 +0000 build-centos: echo -e "TEMPLATE_LABEL:"; echo -e " centos7:centos-7, fc29:fedora-29 fc30:fedora-30 fc31:fedora-31 fc29+minimal:fedora-29-minimal fc30+minimal:fedora-30-minimal fc31+minimal:fedora-31-minimal fc29+xfce:fedora-29-xfce fc30+xfce:fedora-30-xfce fc31+xfce:fedora-31-xfce stretch:debian-9 stretch+standard:debian-9 buster:debian-10 buster+standard:debian-10 bullseye:debian-11 bullseye+standard:bullseye-11 stretch+whonix-gateway+minimal+no-recommends:whonix-gw-14 stretch+whonix-workstation+minimal+no-recommends:whonix-ws-14 buster+whonix-gateway+minimal+no-recommends:whonix-gw-15 buster+whonix-workstation+minimal+no-recommends:whonix-ws-15 centos7+minimal:centos-7-minimal centos7+xfce:centos-7-xfce" | fmt -w110  | sed -e 's/^/    /'
2019-11-30 02:52:14.708202 +0000 build-centos: for component in manager; do \
2019-11-30 02:52:14.708212 +0000 build-centos: .component_env_var=`make -s get-var GET_VAR=ENV_${component//-/_}`; \
2019-11-30 02:52:14.708235 +0000 build-centos: .if [ ! -z "$component_env_var" ]; then echo -e "ENV_${component//-/_}:"; echo -e " ${component_env_var}, """ | fmt -w110  | sed -e 's/^/    /'; fi; \
2019-11-30 02:52:14.708244 +0000 build-centos: done
2019-11-30 02:52:14.708255 +0000 build-centos: ================================================================================
2019-11-30 02:52:14.708265 +0000 build-centos:                            B U I L D   I N F O                                  
2019-11-30 02:52:14.709471 +0000 build-centos: Items in red indicate it was automatically generated by configuration file(s)
2019-11-30 02:52:14.709505 +0000 build-centos: Items in white indicate it was automatically removed by configuration file(s)
2019-11-30 02:52:14.709518 +0000 build-centos: ================================================================================
2019-11-30 02:52:14.709527 +0000 build-centos: DISTS_VM:
2019-11-30 02:52:14.712011 +0000 build-centos:      centos7,
2019-11-30 02:52:14.712045 +0000 build-centos: DISTS_ALL:
2019-11-30 02:52:14.714146 +0000 build-centos:      vm-centos7,
2019-11-30 02:52:14.714179 +0000 build-centos: DIST_DOM0:
2019-11-30 02:52:14.716824 +0000 build-centos:     
2019-11-30 02:52:14.716856 +0000 build-centos: BUILDER_PLUGINS:
2019-11-30 02:52:14.718369 +0000 build-centos:      builder-rpm, builder-debian, mgmt-salt, linux-yum, release-configs, builder-github,
2019-11-30 02:52:14.719354 +0000 build-centos: COMPONENTS:
2019-11-30 02:52:14.721179 +0000 build-centos:      manager,
2019-11-30 02:52:14.721289 +0000 build-centos: GIT_REPOS:
2019-11-30 02:52:14.723848 +0000 build-centos:      qubes-src/manager,
2019-11-30 02:52:14.723880 +0000 build-centos: TEMPLATE:
2019-11-30 02:52:14.726406 +0000 build-centos:     
2019-11-30 02:52:14.726438 +0000 build-centos: TEMPLATE_FLAVOR_DIR:
2019-11-30 02:52:14.728009 +0000 build-centos:     
2019-11-30 02:52:14.729053 +0000 build-centos: TEMPLATE_ALIAS:
2019-11-30 02:52:14.731656 +0000 build-centos:      stretch:stretch+standard, stretch+gnome:stretch+gnome+standard,
2019-11-30 02:52:14.731692 +0000 build-centos:      stretch+minimal:stretch+minimal+no-recommends, buster:buster+standard, buster+gnome:buster+gnome+standard,
2019-11-30 02:52:14.731707 +0000 build-centos:      buster+minimal:buster+minimal+no-recommends, bullseye:bullseye+standard,
2019-11-30 02:52:14.731720 +0000 build-centos:      bullseye+gnome:bullseye+gnome+standard, bullseye+minimal:bullseye+minimal+no-recommends,
2019-11-30 02:52:14.731731 +0000 build-centos:      whonix-gateway-14:stretch+whonix-gateway+minimal+no-recommends,
2019-11-30 02:52:14.731741 +0000 build-centos:      whonix-workstation-14:stretch+whonix-workstation+minimal+no-recommends,
2019-11-30 02:52:14.731750 +0000 build-centos:      whonix-gateway-15:buster+whonix-gateway+minimal+no-recommends,
2019-11-30 02:52:14.731760 +0000 build-centos:      whonix-workstation-15:buster+whonix-workstation+minimal+no-recommends,
2019-11-30 02:52:14.731767 +0000 build-centos: TEMPLATE_LABEL:
2019-11-30 02:52:14.733879 +0000 build-centos:      centos7:centos-7, fc29:fedora-29 fc30:fedora-30 fc31:fedora-31 fc29+minimal:fedora-29-minimal
2019-11-30 02:52:14.733913 +0000 build-centos:      fc30+minimal:fedora-30-minimal fc31+minimal:fedora-31-minimal fc29+xfce:fedora-29-xfce
2019-11-30 02:52:14.733927 +0000 build-centos:      fc30+xfce:fedora-30-xfce fc31+xfce:fedora-31-xfce stretch:debian-9
2019-11-30 02:52:14.733939 +0000 build-centos:      stretch+standard:debian-9 buster:debian-10 buster+standard:debian-10 bullseye:debian-11
2019-11-30 02:52:14.733950 +0000 build-centos:      bullseye+standard:bullseye-11 stretch+whonix-gateway+minimal+no-recommends:whonix-gw-14
2019-11-30 02:52:14.733960 +0000 build-centos:      stretch+whonix-workstation+minimal+no-recommends:whonix-ws-14
2019-11-30 02:52:14.733969 +0000 build-centos:      buster+whonix-gateway+minimal+no-recommends:whonix-gw-15
2019-11-30 02:52:14.733981 +0000 build-centos:      buster+whonix-workstation+minimal+no-recommends:whonix-ws-15 centos7+minimal:centos-7-minimal
2019-11-30 02:52:14.733999 +0000 build-centos:      centos7+xfce:centos-7-xfce
2019-11-30 02:52:14.747821 +0000 build-centos: ENV_manager:
2019-11-30 02:52:14.750393 +0000 build-centos:      Makefile:1063: target 'get-var' does not exist
2019-11-30 02:52:14.750426 +0000 build-centos:     GET_VAR=${!GET_VAR}; \ echo "${GET_VAR}",
2019-11-30 02:52:14.752678 +0000 build-centos: Makefile:216: target 'check-depend.rpm' does not exist
2019-11-30 02:52:14.752722 +0000 build-centos: echo "Currently installed dependencies:" && rpm -q --whatprovides PyYAML createrepo_c debootstrap devscripts dpkg-dev git pbuilder perl-Digest-MD5 perl-Digest-SHA python3-sh rpm-build rpm-sign rpmdevtools wget || \
2019-11-30 02:52:14.752739 +0000 build-centos: .{ echo "ERROR: call 'make install-deps' to install missing dependencies"; exit 1; }
2019-11-30 02:52:14.753120 +0000 build-centos: Currently installed dependencies:
2019-11-30 02:52:14.761627 +0000 build-centos: python2-pyyaml-5.1-1.fc30.x86_64
2019-11-30 02:52:14.762445 +0000 build-centos: createrepo_c-0.15.1-1.fc30.x86_64
2019-11-30 02:52:14.768640 +0000 build-centos: debootstrap-1.0.116-1.fc30.noarch
2019-11-30 02:52:14.768672 +0000 build-centos: devscripts-2.19.3-1.fc30.x86_64
2019-11-30 02:52:14.769600 +0000 build-centos: dpkg-dev-1.18.25-8.fc30.noarch
2019-11-30 02:52:14.769628 +0000 build-centos: git-2.21.0-1.fc30.x86_64
2019-11-30 02:52:14.775021 +0000 build-centos: pbuilder-0.230.2-1.fc30.noarch
2019-11-30 02:52:14.776990 +0000 build-centos: perl-Digest-MD5-2.55-418.fc30.x86_64
2019-11-30 02:52:14.777023 +0000 build-centos: perl-Digest-SHA-6.02-5.fc30.x86_64
2019-11-30 02:52:14.778957 +0000 build-centos: python3-sh-1.12.14-10.fc30.noarch
2019-11-30 02:52:14.781274 +0000 build-centos: rpm-build-4.14.2.1-5.fc30.x86_64
2019-11-30 02:52:14.781307 +0000 build-centos: rpm-sign-4.14.2.1-5.fc30.x86_64
2019-11-30 02:52:14.781318 +0000 build-centos: rpmdevtools-8.10-8.fc30.noarch
2019-11-30 02:52:14.783886 +0000 build-centos: wget-1.20.3-1.fc30.x86_64
2019-11-30 02:52:14.784047 +0000 build-centos: Makefile:238: update target 'manager-dom0' due to: check-depend
2019-11-30 02:52:14.784084 +0000 build-centos: if [ -n "manager" -a "0" -ne 0 ]; then BRANCH=master; branch_var="BRANCH_manager"; [ -n "${!branch_var}" ] && BRANCH="${!branch_var}"; pushd qubes-src/manager > /dev/null; CURRENT_BRANCH=`git symbolic-ref --short HEAD 2>/dev/null || git describe --tags --exact-match HEAD`; if [ "$BRANCH" != "$CURRENT_BRANCH" ]; then echo "-> ERROR: Wrong branch $branch_var=$CURRENT_BRANCH (expected $BRANCH)"; exit 1; fi; popd > /dev/null; fi
2019-11-30 02:52:14.785334 +0000 build-centos: Makefile:226: update target 'manager-vm' due to: check-depend
2019-11-30 02:52:14.785385 +0000 build-centos: if [ -n "manager" -a "0" -ne 0 ]; then BRANCH=master; branch_var="BRANCH_manager"; [ -n "${!branch_var}" ] && BRANCH="${!branch_var}"; pushd qubes-src/manager > /dev/null; CURRENT_BRANCH=`git symbolic-ref --short HEAD 2>/dev/null || git describe --tags --exact-match HEAD`; if [ "$BRANCH" != "$CURRENT_BRANCH" ]; then echo "-> ERROR: Wrong branch $branch_var=$CURRENT_BRANCH (expected $BRANCH)"; exit 1; fi; popd > /dev/null; fi
2019-11-30 02:52:14.785400 +0000 build-centos: if [ -r qubes-src/manager/Makefile.builder ]; then \
2019-11-30 02:52:14.785410 +0000 build-centos: .for DIST in centos7; do \
2019-11-30 02:52:14.785423 +0000 build-centos: ..make --no-print-directory DIST=$DIST PACKAGE_SET=vm COMPONENT=manager ENV_COMPONENT= -f Makefile.generic all || exit 1; \
2019-11-30 02:52:14.785431 +0000 build-centos: .done; \
2019-11-30 02:52:14.785443 +0000 build-centos: elif [ -n "`make -n -s -C qubes-src/manager rpms-vm 2> /dev/null`" ]; then \
2019-11-30 02:52:14.785451 +0000 build-centos:     for DIST in centos7; do \
2019-11-30 02:52:14.785461 +0000 build-centos:         MAKE_TARGET="rpms-vm" ./scripts/build $DIST manager || exit 1; \
2019-11-30 02:52:14.785469 +0000 build-centos:     done; \
2019-11-30 02:52:14.785476 +0000 build-centos: fi
2019-11-30 02:52:14.797130 +0000 build-centos: + ERR_OUTPUT=/dev/stderr
2019-11-30 02:52:14.797163 +0000 build-centos: + '[' 2 -lt 2 ']'
2019-11-30 02:52:14.797256 +0000 build-centos: ++ basename qubes-src/manager/rpm_spec/qmgr.spec.in
2019-11-30 02:52:14.798485 +0000 build-centos: + [[ xqmgr.spec.in == \x\.\i\n ]]
2019-11-30 02:52:14.798517 +0000 build-centos: + '[' -r qubes-src/manager/rpm_spec/qmgr.spec.in ']'
2019-11-30 02:52:14.798528 +0000 build-centos: ++ mktemp --tmpdir tmp.XXXXXX.spec
2019-11-30 02:52:14.799698 +0000 build-centos: + tmp_spec=/tmp/tmp.rz0eWG.spec
2019-11-30 02:52:14.799735 +0000 build-centos: ++ dirname /home/user/builder-r4.1/qubes-src/builder-rpm/scripts/query-spec
2019-11-30 02:52:14.801179 +0000 build-centos: + /home/user/builder-r4.1/qubes-src/builder-rpm/scripts/generate-spec qubes-src/manager/rpm_spec/qmgr.spec.in /tmp/tmp.rz0eWG.spec
2019-11-30 02:52:14.801332 +0000 build-centos: + '[' 2 -lt 2 ']'
2019-11-30 02:52:14.801350 +0000 build-centos: + '[' -z qubes-src/manager ']'
2019-11-30 02:52:14.801363 +0000 build-centos: + cp qubes-src/manager/rpm_spec/qmgr.spec.in qubes-src/manager/rpm_spec/qmgr.spec.in.tmp
2019-11-30 02:52:14.802692 +0000 build-centos: + read -r ver
2019-11-30 02:52:14.804231 +0000 build-centos: ++ echo 4.1.3
2019-11-30 02:52:14.804263 +0000 build-centos: ++ sed s/-rc/~rc/
2019-11-30 02:52:14.805340 +0000 build-centos: + ver=4.1.3
2019-11-30 02:52:14.805370 +0000 build-centos: + '[' x = x ']'
2019-11-30 02:52:14.805385 +0000 build-centos: + sed -i 's|@VERSION@|4.1.3|g' qubes-src/manager/rpm_spec/qmgr.spec.in.tmp
2019-11-30 02:52:14.806641 +0000 build-centos: + vnum=1
2019-11-30 02:52:14.806672 +0000 build-centos: + read -r ver
2019-11-30 02:52:14.806684 +0000 build-centos: + '[' -e qubes-src/manager/rel ']'
2019-11-30 02:52:14.806695 +0000 build-centos: + grep -q @REL@ qubes-src/manager/rpm_spec/qmgr.spec.in.tmp
2019-11-30 02:52:14.807905 +0000 build-centos: + sed -i -e s:@BACKEND_VMM@:xen:g qubes-src/manager/rpm_spec/qmgr.spec.in.tmp
2019-11-30 02:52:14.809170 +0000 build-centos: + grep -q @CHANGELOG@ qubes-src/manager/rpm_spec/qmgr.spec.in.tmp
2019-11-30 02:52:14.810405 +0000 build-centos: ++ dirname /home/user/builder-r4.1/qubes-src/builder-rpm/scripts/generate-spec
2019-11-30 02:52:14.811590 +0000 build-centos: + /home/user/builder-r4.1/qubes-src/builder-rpm/scripts/generate-changelog qubes-src/manager qubes-src/manager/rpm_spec/qmgr.spec.in.tmp
2019-11-30 02:52:15.011625 +0000 build-centos: + cat qubes-src/manager/rpm_spec/qmgr.spec.in.tmp
2019-11-30 02:52:15.012708 +0000 build-centos: + rm -rf qubes-src/manager/rpm_spec/qmgr.spec.in.tmp
2019-11-30 02:52:15.015799 +0000 build-centos: + '[' '%{SOURCE0}' = '%{SOURCE0}' ']'
2019-11-30 02:52:15.015835 +0000 build-centos: ++ dirname /home/user/builder-r4.1/qubes-src/builder-rpm/scripts/query-spec
2019-11-30 02:52:15.015851 +0000 build-centos: + /home/user/builder-r4.1/qubes-src/builder-rpm/scripts/../tools/spectool --list-files --source 0 /tmp/tmp.rz0eWG.spec
2019-11-30 02:52:15.060691 +0000 build-centos: + rm -f /tmp/tmp.rz0eWG.spec
2019-11-30 02:52:15.063292 +0000 build-centos: Makefile.generic:151: target 'generic-prepare-chroot' does not exist
2019-11-30 02:52:15.063325 +0000 build-centos: if [ "`id -u`" = 0 ]; then \
2019-11-30 02:52:15.063341 +0000 build-centos: .echo "*******************************************************************************"; \
2019-11-30 02:52:15.063353 +0000 build-centos: .echo "***                               ERROR                                      ***"; \
2019-11-30 02:52:15.063365 +0000 build-centos: .echo "*** Start the build as normal user, it will use sudo (only) where necessary! ***"; \
2019-11-30 02:52:15.063376 +0000 build-centos: .echo "***                                                                          ***"; \
2019-11-30 02:52:15.063386 +0000 build-centos: .echo "*******************************************************************************"; \
2019-11-30 02:52:15.063394 +0000 build-centos: .exit 1; \
2019-11-30 02:52:15.063402 +0000 build-centos: fi
2019-11-30 02:52:15.067613 +0000 build-centos: + ERR_OUTPUT=/dev/stderr
2019-11-30 02:52:15.067647 +0000 build-centos: + '[' 2 -lt 2 ']'
2019-11-30 02:52:15.067745 +0000 build-centos: ++ basename qubes-src/manager/rpm_spec/qmgr.spec.in
2019-11-30 02:52:15.069536 +0000 build-centos: + [[ xqmgr.spec.in == \x\.\i\n ]]
2019-11-30 02:52:15.069570 +0000 build-centos: + '[' -r qubes-src/manager/rpm_spec/qmgr.spec.in ']'
2019-11-30 02:52:15.069582 +0000 build-centos: ++ mktemp --tmpdir tmp.XXXXXX.spec
2019-11-30 02:52:15.069679 +0000 build-centos: + tmp_spec=/tmp/tmp.dxQQmt.spec
2019-11-30 02:52:15.069777 +0000 build-centos: ++ dirname /home/user/builder-r4.1/qubes-src/builder-rpm/scripts/query-spec
2019-11-30 02:52:15.070935 +0000 build-centos: + /home/user/builder-r4.1/qubes-src/builder-rpm/scripts/generate-spec qubes-src/manager/rpm_spec/qmgr.spec.in /tmp/tmp.dxQQmt.spec
2019-11-30 02:52:15.072013 +0000 build-centos: + '[' 2 -lt 2 ']'
2019-11-30 02:52:15.072045 +0000 build-centos: + '[' -z qubes-src/manager ']'
2019-11-30 02:52:15.072059 +0000 build-centos: + cp qubes-src/manager/rpm_spec/qmgr.spec.in qubes-src/manager/rpm_spec/qmgr.spec.in.tmp
2019-11-30 02:52:15.073581 +0000 build-centos: + read -r ver
2019-11-30 02:52:15.074396 +0000 build-centos: ++ echo 4.1.3
2019-11-30 02:52:15.074427 +0000 build-centos: ++ sed s/-rc/~rc/
2019-11-30 02:52:15.076792 +0000 build-centos: + ver=4.1.3
2019-11-30 02:52:15.076824 +0000 build-centos: + '[' x = x ']'
2019-11-30 02:52:15.076859 +0000 build-centos: + sed -i 's|@VERSION@|4.1.3|g' qubes-src/manager/rpm_spec/qmgr.spec.in.tmp
2019-11-30 02:52:15.078173 +0000 build-centos: + vnum=1
2019-11-30 02:52:15.078205 +0000 build-centos: + read -r ver
2019-11-30 02:52:15.078217 +0000 build-centos: + '[' -e qubes-src/manager/rel ']'
2019-11-30 02:52:15.078229 +0000 build-centos: + grep -q @REL@ qubes-src/manager/rpm_spec/qmgr.spec.in.tmp
2019-11-30 02:52:15.079841 +0000 build-centos: + sed -i -e s:@BACKEND_VMM@:xen:g qubes-src/manager/rpm_spec/qmgr.spec.in.tmp
2019-11-30 02:52:15.080985 +0000 build-centos: + grep -q @CHANGELOG@ qubes-src/manager/rpm_spec/qmgr.spec.in.tmp
2019-11-30 02:52:15.082128 +0000 build-centos: ++ dirname /home/user/builder-r4.1/qubes-src/builder-rpm/scripts/generate-spec
2019-11-30 02:52:15.084033 +0000 build-centos: + /home/user/builder-r4.1/qubes-src/builder-rpm/scripts/generate-changelog qubes-src/manager qubes-src/manager/rpm_spec/qmgr.spec.in.tmp
2019-11-30 02:52:15.298173 +0000 build-centos: + cat qubes-src/manager/rpm_spec/qmgr.spec.in.tmp
2019-11-30 02:52:15.299454 +0000 build-centos: + rm -rf qubes-src/manager/rpm_spec/qmgr.spec.in.tmp
2019-11-30 02:52:15.299693 +0000 build-centos: + '[' '%{SOURCE0}' = '%{SOURCE0}' ']'
2019-11-30 02:52:15.299853 +0000 build-centos: ++ dirname /home/user/builder-r4.1/qubes-src/builder-rpm/scripts/query-spec
2019-11-30 02:52:15.301008 +0000 build-centos: + /home/user/builder-r4.1/qubes-src/builder-rpm/scripts/../tools/spectool --list-files --source 0 /tmp/tmp.dxQQmt.spec
2019-11-30 02:52:15.346625 +0000 build-centos: + rm -f /tmp/tmp.dxQQmt.spec
2019-11-30 02:52:15.355380 +0000 build-centos: mkdir -p "/home/user/builder-r4.1/cache/centos7"
2019-11-30 02:52:15.355417 +0000 build-centos: /home/user/builder-r4.1/qubes-src/builder-rpm/Makefile-mock.rpmbuilder:50: target 'dist-prepare-chroot' does not exist
2019-11-30 02:52:15.355432 +0000 build-centos: mkdir -p /home/user/builder-r4.1/chroot-vm-centos7/home/user/qubes-src
2019-11-30 02:52:15.357839 +0000 build-centos: + ERR_OUTPUT=/dev/stderr
2019-11-30 02:52:15.357872 +0000 build-centos: + '[' 2 -lt 2 ']'
2019-11-30 02:52:15.358029 +0000 build-centos: ++ basename qubes-src/manager/rpm_spec/qmgr.spec.in
2019-11-30 02:52:15.359231 +0000 build-centos: + [[ xqmgr.spec.in == \x\.\i\n ]]
2019-11-30 02:52:15.359264 +0000 build-centos: + '[' -r qubes-src/manager/rpm_spec/qmgr.spec.in ']'
2019-11-30 02:52:15.360334 +0000 build-centos: ++ mktemp --tmpdir tmp.XXXXXX.spec
2019-11-30 02:52:15.360365 +0000 build-centos: + tmp_spec=/tmp/tmp.Wfa7zY.spec
2019-11-30 02:52:15.360729 +0000 build-centos: ++ dirname /home/user/builder-r4.1/qubes-src/builder-rpm/scripts/query-spec
2019-11-30 02:52:15.360768 +0000 build-centos: + /home/user/builder-r4.1/qubes-src/builder-rpm/scripts/generate-spec qubes-src/manager/rpm_spec/qmgr.spec.in /tmp/tmp.Wfa7zY.spec
2019-11-30 02:52:15.364098 +0000 build-centos: + '[' 2 -lt 2 ']'
2019-11-30 02:52:15.364132 +0000 build-centos: + '[' -z qubes-src/manager ']'
2019-11-30 02:52:15.364147 +0000 build-centos: + cp qubes-src/manager/rpm_spec/qmgr.spec.in qubes-src/manager/rpm_spec/qmgr.spec.in.tmp
2019-11-30 02:52:15.365297 +0000 build-centos: + read -r ver
2019-11-30 02:52:15.366866 +0000 build-centos: ++ echo 4.1.3
2019-11-30 02:52:15.366898 +0000 build-centos: ++ sed s/-rc/~rc/
2019-11-30 02:52:15.371559 +0000 build-centos: + ver=4.1.3
2019-11-30 02:52:15.371592 +0000 build-centos: + '[' x = x ']'
2019-11-30 02:52:15.371606 +0000 build-centos: + sed -i 's|@VERSION@|4.1.3|g' qubes-src/manager/rpm_spec/qmgr.spec.in.tmp
2019-11-30 02:52:15.371615 +0000 build-centos: + vnum=1
2019-11-30 02:52:15.371623 +0000 build-centos: + read -r ver
2019-11-30 02:52:15.371632 +0000 build-centos: + '[' -e qubes-src/manager/rel ']'
2019-11-30 02:52:15.371642 +0000 build-centos: + grep -q @REL@ qubes-src/manager/rpm_spec/qmgr.spec.in.tmp
2019-11-30 02:52:15.371653 +0000 build-centos: + sed -i -e s:@BACKEND_VMM@:xen:g qubes-src/manager/rpm_spec/qmgr.spec.in.tmp
2019-11-30 02:52:15.371745 +0000 build-centos: + grep -q @CHANGELOG@ qubes-src/manager/rpm_spec/qmgr.spec.in.tmp
2019-11-30 02:52:15.375573 +0000 build-centos: ++ dirname /home/user/builder-r4.1/qubes-src/builder-rpm/scripts/generate-spec
2019-11-30 02:52:15.375611 +0000 build-centos: + /home/user/builder-r4.1/qubes-src/builder-rpm/scripts/generate-changelog qubes-src/manager qubes-src/manager/rpm_spec/qmgr.spec.in.tmp
2019-11-30 02:52:15.586639 +0000 build-centos: + cat qubes-src/manager/rpm_spec/qmgr.spec.in.tmp
2019-11-30 02:52:15.586842 +0000 build-centos: + rm -rf qubes-src/manager/rpm_spec/qmgr.spec.in.tmp
2019-11-30 02:52:15.589376 +0000 build-centos: + '[' '%{SOURCE0}' = '%{SOURCE0}' ']'
2019-11-30 02:52:15.601545 +0000 build-centos: ++ dirname /home/user/builder-r4.1/qubes-src/builder-rpm/scripts/query-spec
2019-11-30 02:52:15.601582 +0000 build-centos: + /home/user/builder-r4.1/qubes-src/builder-rpm/scripts/../tools/spectool --list-files --source 0 /tmp/tmp.Wfa7zY.spec
2019-11-30 02:52:15.677270 +0000 build-centos: + rm -f /tmp/tmp.Wfa7zY.spec
2019-11-30 02:52:15.690121 +0000 build-centos: Makefile.generic:145: target 'generic-prep' does not exist
2019-11-30 02:52:15.690157 +0000 build-centos: if [ -e ""build-logs/manager-vm-centos7.log"" ]; then\
2019-11-30 02:52:15.690172 +0000 build-centos:    mv -f ""build-logs/manager-vm-centos7.log"" ""build-logs/manager-vm-centos7.log".old";\
2019-11-30 02:52:15.690205 +0000 build-centos: fi
2019-11-30 02:52:15.695906 +0000 build-centos: + ERR_OUTPUT=/dev/stderr
2019-11-30 02:52:15.695939 +0000 build-centos: + '[' 2 -lt 2 ']'
2019-11-30 02:52:15.697243 +0000 build-centos: ++ basename qubes-src/manager/rpm_spec/qmgr.spec.in
2019-11-30 02:52:15.697275 +0000 build-centos: + [[ xqmgr.spec.in == \x\.\i\n ]]
2019-11-30 02:52:15.697288 +0000 build-centos: + '[' -r qubes-src/manager/rpm_spec/qmgr.spec.in ']'
2019-11-30 02:52:15.697298 +0000 build-centos: ++ mktemp --tmpdir tmp.XXXXXX.spec
2019-11-30 02:52:15.697306 +0000 build-centos: + tmp_spec=/tmp/tmp.ppjgGO.spec
2019-11-30 02:52:15.699662 +0000 build-centos: ++ dirname /home/user/builder-r4.1/qubes-src/builder-rpm/scripts/query-spec
2019-11-30 02:52:15.699699 +0000 build-centos: + /home/user/builder-r4.1/qubes-src/builder-rpm/scripts/generate-spec qubes-src/manager/rpm_spec/qmgr.spec.in /tmp/tmp.ppjgGO.spec
2019-11-30 02:52:15.701640 +0000 build-centos: + '[' 2 -lt 2 ']'
2019-11-30 02:52:15.701673 +0000 build-centos: + '[' -z qubes-src/manager ']'
2019-11-30 02:52:15.701687 +0000 build-centos: + cp qubes-src/manager/rpm_spec/qmgr.spec.in qubes-src/manager/rpm_spec/qmgr.spec.in.tmp
2019-11-30 02:52:15.704705 +0000 build-centos: + read -r ver
2019-11-30 02:52:15.704737 +0000 build-centos: ++ echo 4.1.3
2019-11-30 02:52:15.704762 +0000 build-centos: ++ sed s/-rc/~rc/
2019-11-30 02:52:15.704980 +0000 build-centos: + ver=4.1.3
2019-11-30 02:52:15.705004 +0000 build-centos: + '[' x = x ']'
2019-11-30 02:52:15.705022 +0000 build-centos: + sed -i 's|@VERSION@|4.1.3|g' qubes-src/manager/rpm_spec/qmgr.spec.in.tmp
2019-11-30 02:52:15.705032 +0000 build-centos: + vnum=1
2019-11-30 02:52:15.705040 +0000 build-centos: + read -r ver
2019-11-30 02:52:15.705049 +0000 build-centos: + '[' -e qubes-src/manager/rel ']'
2019-11-30 02:52:15.705059 +0000 build-centos: + grep -q @REL@ qubes-src/manager/rpm_spec/qmgr.spec.in.tmp
2019-11-30 02:52:15.705070 +0000 build-centos: + sed -i -e s:@BACKEND_VMM@:xen:g qubes-src/manager/rpm_spec/qmgr.spec.in.tmp
2019-11-30 02:52:15.706889 +0000 build-centos: + grep -q @CHANGELOG@ qubes-src/manager/rpm_spec/qmgr.spec.in.tmp
2019-11-30 02:52:15.708106 +0000 build-centos: ++ dirname /home/user/builder-r4.1/qubes-src/builder-rpm/scripts/generate-spec
2019-11-30 02:52:15.708140 +0000 build-centos: + /home/user/builder-r4.1/qubes-src/builder-rpm/scripts/generate-changelog qubes-src/manager qubes-src/manager/rpm_spec/qmgr.spec.in.tmp
2019-11-30 02:52:15.980148 +0000 build-centos: + cat qubes-src/manager/rpm_spec/qmgr.spec.in.tmp
2019-11-30 02:52:15.980188 +0000 build-centos: + rm -rf qubes-src/manager/rpm_spec/qmgr.spec.in.tmp
2019-11-30 02:52:15.981852 +0000 build-centos: + '[' '%{SOURCE0}' = '%{SOURCE0}' ']'
2019-11-30 02:52:15.981892 +0000 build-centos: ++ dirname /home/user/builder-r4.1/qubes-src/builder-rpm/scripts/query-spec
2019-11-30 02:52:15.982293 +0000 build-centos: + /home/user/builder-r4.1/qubes-src/builder-rpm/scripts/../tools/spectool --list-files --source 0 /tmp/tmp.ppjgGO.spec
2019-11-30 02:52:16.065246 +0000 build-centos: + rm -f /tmp/tmp.ppjgGO.spec
2019-11-30 02:52:16.081993 +0000 build-centos: /home/user/builder-r4.1/qubes-src/builder-rpm/Makefile.rpmbuilder:112: target 'dist-prep' does not exist
2019-11-30 02:52:16.082028 +0000 build-centos: true
2019-11-30 02:52:16.093361 +0000 build-centos: + ERR_OUTPUT=/dev/stderr
2019-11-30 02:52:16.093394 +0000 build-centos: + '[' 2 -lt 2 ']'
2019-11-30 02:52:16.093407 +0000 build-centos: ++ basename qubes-src/manager/rpm_spec/qmgr.spec.in
2019-11-30 02:52:16.097000 +0000 build-centos: + [[ xqmgr.spec.in == \x\.\i\n ]]
2019-11-30 02:52:16.097037 +0000 build-centos: + '[' -r qubes-src/manager/rpm_spec/qmgr.spec.in ']'
2019-11-30 02:52:16.097049 +0000 build-centos: ++ mktemp --tmpdir tmp.XXXXXX.spec
2019-11-30 02:52:16.098955 +0000 build-centos: + tmp_spec=/tmp/tmp.3S9KNs.spec
2019-11-30 02:52:16.099800 +0000 build-centos: ++ dirname /home/user/builder-r4.1/qubes-src/builder-rpm/scripts/query-spec
2019-11-30 02:52:16.102584 +0000 build-centos: + /home/user/builder-r4.1/qubes-src/builder-rpm/scripts/generate-spec qubes-src/manager/rpm_spec/qmgr.spec.in /tmp/tmp.3S9KNs.spec
2019-11-30 02:52:16.102617 +0000 build-centos: + '[' 2 -lt 2 ']'
2019-11-30 02:52:16.102628 +0000 build-centos: + '[' -z qubes-src/manager ']'
