2021-06-08 21:42:27.881161 +0000 > starting log
2021-06-08 21:42:27.881522 +0000 build-centos: > starting build with log
2021-06-08 21:42:27.881535 +0000 build-centos: >> make args: update-repo-security-testing
2021-06-08 21:42:27.881542 +0000 build-centos: >> MAKEFLAGS=
2021-06-08 21:42:27.881550 +0000 build-centos: >> COMPONENTS=intel-microcode
2021-06-08 21:42:27.881556 +0000 build-centos: >> DISTS_VM=centos-stream8
2021-06-08 21:42:27.881562 +0000 build-centos: >> DIST_DOM0=
2021-06-08 21:42:27.881570 +0000 build-centos: >> qubes-builder dfc98842ff2184dc936d4f3febdad79a8ab08029
2021-06-08 21:42:27.881580 +0000 build-centos: >> qubes-builder/qubes-src/intel-microcode 1631f7e79269db801fb572092f1c1a642f963d5b
2021-06-08 21:42:27.881586 +0000 build-centos: !! microcode-20190514.tar.gz
2021-06-08 21:42:27.881593 +0000 build-centos: !! microcode-20191112.tar.gz
2021-06-08 21:42:27.881599 +0000 build-centos: !! microcode-20200609.tar.gz
2021-06-08 21:42:27.881606 +0000 build-centos: !! microcode-20201110.tar.gz
2021-06-08 21:42:27.881612 +0000 build-centos: !! microcode-20201118.tar.gz
2021-06-08 21:42:27.881618 +0000 build-centos: !! microcode-20210608.tar.gz
2021-06-08 21:42:27.881624 +0000 build-centos: !! microcode_ctl-2.1-16.tar.xz
2021-06-08 21:42:27.881631 +0000 build-centos: !! microcode_ctl-2.1-19.tar.xz
2021-06-08 21:42:27.881644 +0000 build-centos: fd5e82708d4a7f08630a2c51a182814cc4c0fbd88fe473e871b9784c03cb87e804a9ed4c2f3e041696aabfdd60996f2d50a175bea90f1644f6f3205a37215017  microcode-20190514.tar.gz
2021-06-08 21:42:27.881658 +0000 build-centos: 34cebf266f9d6cc38b0dd87f8c7fcf42f3c8d9e434560328b0811b4c4834d0f253d834f53bfaf5b4c561bb153b4bcf509620131046bf0afd6038d02bf9a25a13  microcode-20191112.tar.gz
2021-06-08 21:42:27.888091 +0000 build-centos: bfcaaea2811214b79445d632e256cd35af82d62f748799d47f7bc2490c5a6fd53f020bcaa3331a96b54c91ded1d17dfd9946b40174694b9a7ad17810f58293ae  microcode-20200609.tar.gz
2021-06-08 21:42:27.910418 +0000 build-centos: da0a2614fcd651536a2dc64a2207ab02d8b482453e9d2ae18f628f1cbc3da0aa0734f830264fca5541823693d300f74ae60f7014cbf43b87ff55345c8fd80014  microcode-20201110.tar.gz
2021-06-08 21:42:27.910466 +0000 build-centos: 5c54c45c799e3989fce08f69d918c90cdf5f977cc3d30301d177e545bae1a4f385b282c7fc2c43f7464f0fa9426840ee0bc9b248684e66302bbb27c77d5e1d33  microcode-20201118.tar.gz
2021-06-08 21:42:27.929098 +0000 build-centos: 61acd2e76aa019fa0002fbf56c503791080a937ff93d81e020f8f0cc089dc08928b4c7e9884f713b886e2f9d4a8409fea59e39f628ef534a588515e1c3fc861d  microcode-20210608.tar.gz
2021-06-08 21:42:27.932773 +0000 build-centos: 9a5a70548daa156db78ad390232bdcb1f8bd50390e9bf7a34c9f27e92be5265b180dc2478958eca9bf735f8e9125a27fa5993accd9bcd9b6f51391c5c0391a41  microcode_ctl-2.1-16.tar.xz
2021-06-08 21:42:27.932822 +0000 build-centos: d6b61ee16a2d38e062dbced78bf9ecd97fbc7ebd78fbe78c86603f3b45f6a6b7952287a99d764d7d988da09600e047d1f9c7404687806c73e80d4e5a466112df  microcode_ctl-2.1-19.tar.xz
2021-06-08 21:42:28.226456 +0000 build-centos: ================================================================================
2021-06-08 21:42:28.226505 +0000 build-centos:                            B U I L D   I N F O                                  
2021-06-08 21:42:28.226518 +0000 build-centos: Items in red indicate it was automatically generated by configuration file(s)
2021-06-08 21:42:28.226528 +0000 build-centos: Items in white indicate it was automatically removed by configuration file(s)
2021-06-08 21:42:28.226538 +0000 build-centos: ================================================================================
2021-06-08 21:42:28.226544 +0000 build-centos: DISTS_VM:
2021-06-08 21:42:28.230282 +0000 build-centos:      centos-stream8,
2021-06-08 21:42:28.230317 +0000 build-centos: DISTS_ALL:
2021-06-08 21:42:28.231700 +0000 build-centos:      vm-centos-stream8,
2021-06-08 21:42:28.231734 +0000 build-centos: DIST_DOM0:
2021-06-08 21:42:28.243959 +0000 build-centos:     
2021-06-08 21:42:28.243997 +0000 build-centos: BUILDER_PLUGINS:
2021-06-08 21:42:28.254271 +0000 build-centos:      builder-rpm, builder-debian, mgmt-salt, linux-yum, release-configs, builder-github,
2021-06-08 21:42:28.254322 +0000 build-centos: COMPONENTS:
2021-06-08 21:42:28.283496 +0000 build-centos:      intel-microcode,
2021-06-08 21:42:28.283537 +0000 build-centos: GIT_REPOS:
2021-06-08 21:42:28.292998 +0000 build-centos:      qubes-src/intel-microcode,
2021-06-08 21:42:28.295575 +0000 build-centos: TEMPLATE:
2021-06-08 21:42:28.307671 +0000 build-centos:     
2021-06-08 21:42:28.307709 +0000 build-centos: TEMPLATE_FLAVOR_DIR:
2021-06-08 21:42:28.331231 +0000 build-centos:     
2021-06-08 21:42:28.331272 +0000 build-centos: TEMPLATE_ALIAS:
2021-06-08 21:42:28.343549 +0000 build-centos:      stretch:stretch+standard, stretch+gnome:stretch+gnome+standard,
2021-06-08 21:42:28.343591 +0000 build-centos:      stretch+minimal:stretch+minimal+no-recommends, buster:buster+standard,
2021-06-08 21:42:28.343604 +0000 build-centos:      buster+gnome:buster+gnome+standard, buster+minimal:buster+minimal+no-recommends,
2021-06-08 21:42:28.343615 +0000 build-centos:      bullseye:bullseye+standard, bullseye+gnome:bullseye+gnome+standard,
2021-06-08 21:42:28.343625 +0000 build-centos:      bullseye+minimal:bullseye+minimal+no-recommends, bionic:bionic+standard,
2021-06-08 21:42:28.343635 +0000 build-centos:      focal:focal+standard, whonix-gateway-14:stretch+whonix-gateway+minimal+no-recommends,
2021-06-08 21:42:28.343644 +0000 build-centos:      whonix-workstation-14:stretch+whonix-workstation+minimal+no-recommends,
2021-06-08 21:42:28.343653 +0000 build-centos:      whonix-gateway-15:buster+whonix-gateway+minimal+no-recommends,
2021-06-08 21:42:28.343662 +0000 build-centos:      whonix-workstation-15:buster+whonix-workstation+minimal+no-recommends,
2021-06-08 21:42:28.343668 +0000 build-centos: TEMPLATE_LABEL:
2021-06-08 21:42:28.346159 +0000 build-centos:      fc25:fedora-25 fc30:fedora-30 fc31:fedora-31 fc32:fedora-32 fc30+minimal:fedora-30-minimal
2021-06-08 21:42:28.346197 +0000 build-centos:      fc31+minimal:fedora-31-minimal fc32+minimal:fedora-32-minimal fc30+xfce:fedora-30-xfce
2021-06-08 21:42:28.346210 +0000 build-centos:      fc31+xfce:fedora-31-xfce fc32+xfce:fedora-32-xfce stretch:debian-9 stretch+standard:debian-9
2021-06-08 21:42:28.346222 +0000 build-centos:      stretch+xfce:debian-9-xfce buster:debian-10 buster+standard:debian-10 buster+xfce:debian-10-xfce
2021-06-08 21:42:28.346236 +0000 build-centos:      bullseye:debian-11 bullseye+standard:debian-11 bullseye+xfce:debian-11-xfce bionic+standard:bionic
2021-06-08 21:42:28.346246 +0000 build-centos:      focal+standard:focal stretch+whonix-gateway+minimal+no-recommends:whonix-gw-14
2021-06-08 21:42:28.346255 +0000 build-centos:      stretch+whonix-workstation+minimal+no-recommends:whonix-ws-14
2021-06-08 21:42:28.346263 +0000 build-centos:      buster+whonix-gateway+minimal+no-recommends:whonix-gw-15
2021-06-08 21:42:28.346273 +0000 build-centos:      buster+whonix-workstation+minimal+no-recommends:whonix-ws-15 centos7:centos-7
2021-06-08 21:42:28.346282 +0000 build-centos:      centos7+minimal:centos-7-minimal centos7+xfce:centos-7-xfce centos8:centos-8
2021-06-08 21:42:28.346291 +0000 build-centos:      centos8+minimal:centos-8-minimal centos8+xfce:centos-8-xfce
2021-06-08 21:42:28.406252 +0000 build-centos: > running make
2021-06-08 21:42:28.451738 +0000 build-centos: Makefile:904: target 'internal-update-repo-security-testing.vm.centos-stream8.intel-microcode' does not exist
2021-06-08 21:42:28.451778 +0000 build-centos: true
2021-06-08 21:42:28.456293 +0000 build-centos: Makefile:825: update target 'internal-update-repo-security-testing.vm.centos-stream8' due to: internal-update-repo-security-testing.vm.centos-stream8.intel-microcode
2021-06-08 21:42:28.456330 +0000 build-centos: true
2021-06-08 21:42:28.458738 +0000 build-centos: Makefile:912: target 'post-update-repo-security-testing' does not exist
2021-06-08 21:42:28.458778 +0000 build-centos: for dist in  centos-stream8; do \
2021-06-08 21:42:28.458789 +0000 build-centos: .repo_base_var="LINUX_REPO_${dist//-/_}_BASEDIR"; \
2021-06-08 21:42:28.458814 +0000 build-centos: .if [ -n "${!repo_base_var}" ]; then \
2021-06-08 21:42:28.458823 +0000 build-centos: ..repo_basedir="${!repo_base_var}"; \
2021-06-08 21:42:28.458828 +0000 build-centos: .else \
2021-06-08 21:42:28.458836 +0000 build-centos: ..repo_basedir="qubes-src/linux-yum/r4.0"; \
2021-06-08 21:42:28.458842 +0000 build-centos: .fi; \
2021-06-08 21:42:28.458850 +0000 build-centos: .repos_to_update="$repos_to_update $repo_basedir"; \
2021-06-08 21:42:28.458855 +0000 build-centos: done; \
2021-06-08 21:42:28.458861 +0000 build-centos: pkgset_dist= ; \
2021-06-08 21:42:28.458867 +0000 build-centos: for dist in ; do \
2021-06-08 21:42:28.458875 +0000 build-centos: .pkgset_dist="$pkgset_dist dom0/$dist"; \
2021-06-08 21:42:28.458880 +0000 build-centos: done; \
2021-06-08 21:42:28.458887 +0000 build-centos: for dist in centos-stream8; do \
2021-06-08 21:42:28.458894 +0000 build-centos: .pkgset_dist="$pkgset_dist vm/$dist"; \
2021-06-08 21:42:28.458899 +0000 build-centos: done; \
2021-06-08 21:42:28.458934 +0000 build-centos: for repo in `echo $repos_to_update|tr ' ' '\n'|sort|uniq`; do \
2021-06-08 21:42:28.458944 +0000 build-centos: .[ -z "$repo" ] && continue; \
2021-06-08 21:42:28.458953 +0000 build-centos: .[ -x "$repo/../update_repo-security-testing.sh" ] || continue; \
2021-06-08 21:42:28.458962 +0000 build-centos: .(cd $repo/.. && ./update_repo-security-testing.sh r4.0 $pkgset_dist); \
2021-06-08 21:42:28.458968 +0000 build-centos: done
2021-06-08 21:42:28.511904 +0000 build-centos: ~/builder-r4.0/qubes-src/linux-yum ~/builder-r4.0/qubes-src/linux-yum
2021-06-08 21:42:28.537777 +0000 build-centos: --> Processing repo: r4.0/security-testing/vm/centos-stream8...
2021-06-08 21:42:28.641530 +0000 build-centos: warning: Found bdb Packages database while attempting sqlite backend: using bdb backend.
2021-06-08 21:42:30.077774 +0000 build-centos: Done.
2021-06-08 21:42:30.080521 +0000 build-centos: ~/builder-r4.0/qubes-src/linux-yum ~/builder-r4.0/qubes-src/linux-yum
2021-06-08 21:42:30.081212 +0000 build-centos: Syncing r4.0...
2021-06-08 21:42:30.290159 +0000 build-centos: sending incremental file list
2021-06-08 21:42:30.316970 +0000 build-centos: .d..t...... centos-stream8/
2021-06-08 21:42:30.317011 +0000 build-centos: .d..t...... centos-stream8/repodata/
2021-06-08 21:42:30.317026 +0000 build-centos: <f..t...... centos-stream8/repodata/016023c0cda96048f20d0cd30dfbe5fb146155a13389084130f47c8405f05aac-comps.xml
2021-06-08 21:42:30.317040 +0000 build-centos: .            412 100%    0.00kB/s    0:00:00  .            412 100%    0.00kB/s    0:00:00 (xfr#1, to-chk=32/38)
2021-06-08 21:42:30.317052 +0000 build-centos: <f..t...... centos-stream8/repodata/3bac5ea455ded9c7cb9a5e686470b9b6ea74855122bafa8443bb0d0753f2c222-other.sqlite.bz2
2021-06-08 21:42:30.317063 +0000 build-centos: .            700  13%  683.59kB/s    0:00:00  .          5,384 100%    5.13MB/s    0:00:00 (xfr#2, to-chk=31/38)
2021-06-08 21:42:30.317078 +0000 build-centos: <f..t...... centos-stream8/repodata/51d6e2ed1e0d0b10b2e20a23533c8c38f01e0928e516bf29fb48a50a455752a0-filelists.sqlite.bz2
2021-06-08 21:42:30.317091 +0000 build-centos: .            700   2%  683.59kB/s    0:00:00  .         28,065 100%   26.76MB/s    0:00:00 (xfr#3, to-chk=30/38)
2021-06-08 21:42:30.317102 +0000 build-centos: <f..t...... centos-stream8/repodata/97d9824db16d91a1f0af479e60398104e660483658fa3240eec446f2904c7e10-filelists.xml.gz
2021-06-08 21:42:30.317113 +0000 build-centos: .            700   3%  683.59kB/s    0:00:00  .         20,751 100%   19.79MB/s    0:00:00 (xfr#4, to-chk=29/38)
2021-06-08 21:42:30.317125 +0000 build-centos: <f..t...... centos-stream8/repodata/af924b5b65f3e4c8f412f848adb2c34f5c7317578430cc145e21cdaed7989570-primary.sqlite.bz2
2021-06-08 21:42:30.317136 +0000 build-centos: .            700   3%  683.59kB/s    0:00:00  .         20,544 100%   19.59MB/s    0:00:00 (xfr#5, to-chk=28/38)
2021-06-08 21:42:30.317147 +0000 build-centos: <f..t...... centos-stream8/repodata/c10f1791909264927732eb3696922a515d8f0c6eac696a7b0b43c57f0d26d1c9-primary.xml.gz
2021-06-08 21:42:30.317174 +0000 build-centos: .            700   8%  683.59kB/s    0:00:00  .          8,061 100%    7.69MB/s    0:00:00 (xfr#6, to-chk=27/38)
2021-06-08 21:42:30.317186 +0000 build-centos: <f..t...... centos-stream8/repodata/c422d2fdd75d8c21df22c4527df1b6f9c8ff12ec99c792fc43550d7831ac6f70-other.xml.gz
2021-06-08 21:42:30.317198 +0000 build-centos: .            700  37%  683.59kB/s    0:00:00  .          1,856 100%    1.77MB/s    0:00:00 (xfr#7, to-chk=26/38)
2021-06-08 21:42:30.317209 +0000 build-centos: <f..t...... centos-stream8/repodata/f31de4fb51b2912e1fe6e7d11e9e43d637c9aaf39d233371e542efd414d1ed82-comps.xml.gz
2021-06-08 21:42:30.317220 +0000 build-centos: .            263 100%  256.84kB/s    0:00:00  .            263 100%  256.84kB/s    0:00:00 (xfr#8, to-chk=25/38)
2021-06-08 21:42:30.317227 +0000 build-centos: <f..t...... centos-stream8/repodata/repomd.xml
2021-06-08 21:42:30.317239 +0000 build-centos: .          3,839 100%    3.66MB/s    0:00:00  .          3,839 100%    3.66MB/s    0:00:00 (xfr#9, to-chk=24/38)
2021-06-08 21:42:30.317246 +0000 build-centos: <f..t...... centos-stream8/repodata/repomd.xml.asc
2021-06-08 21:42:30.317258 +0000 build-centos: .            833 100%  813.48kB/s    0:00:00  .            833 100%  813.48kB/s    0:00:00 (xfr#10, to-chk=23/38)
2021-06-08 21:42:30.851039 +0000 build-centos: Makefile:808: update target 'update-repo-security-testing' due to: internal-update-repo-security-testing.vm.centos-stream8 post-update-repo-security-testing
2021-06-08 21:42:30.851087 +0000 build-centos: true
2021-06-08 21:42:30.859326 +0000 build-centos: > done
2021-06-08 21:42:30.859363 +0000 > closing log
