2021-11-30 22:02:35.549989 +0000 > starting log
2021-11-30 22:02:35.553299 +0000 build-centos: > starting build with log
2021-11-30 22:02:35.553314 +0000 build-centos: >> make args: update-repo-current
2021-11-30 22:02:35.553321 +0000 build-centos: >> MAKEFLAGS=
2021-11-30 22:02:35.553329 +0000 build-centos: >> COMPONENTS=lorax-templates
2021-11-30 22:02:35.553336 +0000 build-centos: >> DISTS_VM=centos-stream8
2021-11-30 22:02:35.553342 +0000 build-centos: >> DIST_DOM0=
2021-11-30 22:02:35.553350 +0000 build-centos: >> qubes-builder 55a924b82c57606792986de1934b9bc1b7f5f6a8
2021-11-30 22:02:35.553360 +0000 build-centos: >> qubes-builder/qubes-src/lorax-templates 5a083d9b41438437e1b6372e9286880bd65ea6ba
2021-11-30 22:02:35.553370 +0000 build-centos: ================================================================================
2021-11-30 22:02:35.553380 +0000 build-centos:                            B U I L D   I N F O                                  
2021-11-30 22:02:35.553390 +0000 build-centos: Items in red indicate it was automatically generated by configuration file(s)
2021-11-30 22:02:35.553400 +0000 build-centos: Items in white indicate it was automatically removed by configuration file(s)
2021-11-30 22:02:35.553409 +0000 build-centos: ================================================================================
2021-11-30 22:02:35.553415 +0000 build-centos: DISTS_VM:
2021-11-30 22:02:35.553421 +0000 build-centos:      centos-stream8,
2021-11-30 22:02:35.553427 +0000 build-centos: DISTS_ALL:
2021-11-30 22:02:35.553433 +0000 build-centos:      vm-centos-stream8,
2021-11-30 22:02:35.553439 +0000 build-centos: DIST_DOM0:
2021-11-30 22:02:35.553444 +0000 build-centos:     
2021-11-30 22:02:35.553449 +0000 build-centos: BUILDER_PLUGINS:
2021-11-30 22:02:35.553460 +0000 build-centos:      builder-rpm, builder-debian, mgmt-salt, linux-yum, release-configs, builder-github,
2021-11-30 22:02:35.553465 +0000 build-centos: COMPONENTS:
2021-11-30 22:02:35.553471 +0000 build-centos:      lorax-templates,
2021-11-30 22:02:35.553477 +0000 build-centos: GIT_REPOS:
2021-11-30 22:02:35.553484 +0000 build-centos:      qubes-src/lorax-templates,
2021-11-30 22:02:35.553489 +0000 build-centos: TEMPLATE:
2021-11-30 22:02:35.553494 +0000 build-centos:     
2021-11-30 22:02:35.553500 +0000 build-centos: TEMPLATE_FLAVOR_DIR:
2021-11-30 22:02:35.553505 +0000 build-centos:     
2021-11-30 22:02:35.553511 +0000 build-centos: TEMPLATE_ALIAS:
2021-11-30 22:02:35.553520 +0000 build-centos:      stretch:stretch+standard, stretch+gnome:stretch+gnome+standard,
2021-11-30 22:02:35.553532 +0000 build-centos:      stretch+minimal:stretch+minimal+no-recommends, buster:buster+standard, buster+gnome:buster+gnome+standard,
2021-11-30 22:02:35.553542 +0000 build-centos:      buster+minimal:buster+minimal+no-recommends, bullseye:bullseye+standard,
2021-11-30 22:02:35.553552 +0000 build-centos:      bullseye+gnome:bullseye+gnome+standard, bullseye+minimal:bullseye+minimal+no-recommends,
2021-11-30 22:02:35.553564 +0000 build-centos:      bionic:bionic+standard, focal:focal+standard, whonix-gateway-15:buster+whonix-gateway+minimal+no-recommends,
2021-11-30 22:02:35.553574 +0000 build-centos:      whonix-workstation-15:buster+whonix-workstation+minimal+no-recommends,
2021-11-30 22:02:35.553598 +0000 build-centos:      whonix-gateway-16:bullseye+whonix-gateway+minimal+no-recommends,
2021-11-30 22:02:35.553609 +0000 build-centos:      whonix-workstation-16:bullseye+whonix-workstation+minimal+no-recommends,
2021-11-30 22:02:35.553615 +0000 build-centos: TEMPLATE_LABEL:
2021-11-30 22:02:35.553626 +0000 build-centos:      centos-stream8:centos-stream-8, fc32:fedora-32 fc33:fedora-33 fc34:fedora-34 fc35:fedora-35
2021-11-30 22:02:35.553637 +0000 build-centos:      fc32+minimal:fedora-32-minimal fc33+minimal:fedora-33-minimal fc34+minimal:fedora-34-minimal
2021-11-30 22:02:35.553649 +0000 build-centos:      fc35+minimal:fedora-35-minimal fc32+xfce:fedora-32-xfce fc33+xfce:fedora-33-xfce fc34+xfce:fedora-34-xfce
2021-11-30 22:02:35.553659 +0000 build-centos:      fc35+xfce:fedora-35-xfce stretch:debian-9 stretch+standard:debian-9 stretch+xfce:debian-9-xfce
2021-11-30 22:02:35.553680 +0000 build-centos:      buster:debian-10 buster+standard:debian-10 buster+xfce:debian-10-xfce bullseye:debian-11
2021-11-30 22:02:35.553690 +0000 build-centos:      bullseye+standard:debian-11 bullseye+xfce:debian-11-xfce bionic+standard:bionic
2021-11-30 22:02:35.553700 +0000 build-centos:      focal+standard:focal buster+whonix-gateway+minimal+no-recommends:whonix-gw-15
2021-11-30 22:02:35.553709 +0000 build-centos:      buster+whonix-workstation+minimal+no-recommends:whonix-ws-15
2021-11-30 22:02:35.553717 +0000 build-centos:      bullseye+whonix-gateway+minimal+no-recommends:whonix-gw-16
2021-11-30 22:02:35.553727 +0000 build-centos:      bullseye+whonix-workstation+minimal+no-recommends:whonix-ws-16 centos7:centos-7
2021-11-30 22:02:35.553739 +0000 build-centos:      centos7+minimal:centos-7-minimal centos7+xfce:centos-7-xfce centos-stream8+minimal:centos-stream-8-minimal
2021-11-30 22:02:35.553746 +0000 build-centos:      centos-stream8+xfce:centos-stream-8-xfce
2021-11-30 22:02:35.553752 +0000 build-centos: > running make
2021-11-30 22:02:35.553763 +0000 build-centos: Makefile:863: target 'internal-update-repo-current.vm.centos-stream8.lorax-templates' does not exist
2021-11-30 22:02:35.553771 +0000 build-centos: repo_base_var="LINUX_REPO_${DIST//-/_}_BASEDIR"; \
2021-11-30 22:02:35.553779 +0000 build-centos: if [ "lorax-templates" = linux-template-builder ]; then \
2021-11-30 22:02:35.553788 +0000 build-centos: .# templates belongs to dom0 repository, even though PACKAGE_SET=vm
2021-11-30 22:02:35.553795 +0000 build-centos: repo_base_var="LINUX_REPO__BASEDIR"; \
2021-11-30 22:02:35.553800 +0000 build-centos: fi; \
2021-11-30 22:02:35.553807 +0000 build-centos: if [ -n "${!repo_base_var}" ]; then \
2021-11-30 22:02:35.553815 +0000 build-centos: .repo_basedir="${!repo_base_var}"; \
2021-11-30 22:02:35.553820 +0000 build-centos: else \
2021-11-30 22:02:35.553827 +0000 build-centos: .repo_basedir="qubes-src/linux-yum/r4.1"; \
2021-11-30 22:02:35.553832 +0000 build-centos: fi; \
2021-11-30 22:02:35.553841 +0000 build-centos: if [ -r qubes-src/lorax-templates/Makefile.builder ]; then \
2021-11-30 22:02:35.553849 +0000 build-centos: .echo -n "Updating qubes-src/lorax-templates... "; \
2021-11-30 22:02:35.553855 +0000 build-centos: .if [ "0" -eq 1 ]; then \
2021-11-30 22:02:35.553865 +0000 build-centos: ..vtag=`git -C qubes-src/lorax-templates tag --points-at HEAD --list v*`; \
2021-11-30 22:02:35.553871 +0000 build-centos: ..if [ -z "$vtag" ]; then \
2021-11-30 22:02:35.553878 +0000 build-centos: ...echo "no version tag"; \
2021-11-30 22:02:35.553884 +0000 build-centos: ...exit 0; \
2021-11-30 22:02:35.553889 +0000 build-centos: ..fi; \
2021-11-30 22:02:35.553894 +0000 build-centos: .fi; \
2021-11-30 22:02:35.553902 +0000 build-centos: .if [ "lorax-templates" = linux-template-builder ]; then
2021-11-30 22:02:35.553914 +0000 build-centos: export TEMPLATE_NAME=$(MAKEFLAGS= make -s -C qubes-src/linux-template-builder DIST=centos-stream8 template-name)
2021-11-30 22:02:35.553919 +0000 build-centos: fi
2021-11-30 22:02:35.553939 +0000 build-centos: component_packages=$(MAKEFLAGS= make -s -f Makefile.generic DIST=centos-stream8 PACKAGE_SET=vm COMPONENT=`basename qubes-src/lorax-templates` UPDATE_REPO=/home/user/builder-r4.1/$repo_basedir/current/vm/centos-stream8 get-var GET_VAR=PACKAGE_LIST); \
2021-11-30 22:02:35.553947 +0000 build-centos: .if [ -z "$component_packages" ]; then \
2021-11-30 22:02:35.553954 +0000 build-centos: ..echo "no packages."; \
2021-11-30 22:02:35.553960 +0000 build-centos: ..exit 0; \
2021-11-30 22:02:35.553965 +0000 build-centos: .fi; \
2021-11-30 22:02:35.553977 +0000 build-centos: .make -s -f Makefile.generic DIST=centos-stream8 PACKAGE_SET=vm \
2021-11-30 22:02:35.553985 +0000 build-centos: ..COMPONENT=`basename qubes-src/lorax-templates` \
2021-11-30 22:02:35.553992 +0000 build-centos: ..SNAPSHOT_REPO=current-testing \
2021-11-30 22:02:35.553998 +0000 build-centos: ..TARGET_REPO=current \
2021-11-30 22:02:35.554013 +0000 build-centos: ..UPDATE_REPO=/home/user/builder-r4.1/$repo_basedir/current/vm/centos-stream8 \
2021-11-30 22:02:35.560048 +0000 build-centos: ..SNAPSHOT_FILE=/home/user/builder-r4.1/repo-latest-snapshot/current-testing-vm-centos-stream8-`basename qubes-src/lorax-templates` \
2021-11-30 22:02:35.560095 +0000 build-centos: ..BUILD_LOG_URL= \
2021-11-30 22:02:35.560106 +0000 build-centos: ..update-repo-from-snapshot || exit 1; \
2021-11-30 22:02:35.560117 +0000 build-centos: elif make -C qubes-src/lorax-templates -n update-repo-current >/dev/null 2>/dev/null; then \
2021-11-30 22:02:35.560125 +0000 build-centos: .echo "Updating qubes-src/lorax-templates... "; \
2021-11-30 22:02:35.560136 +0000 build-centos: .DIST=centos-stream8 UPDATE_REPO=/home/user/builder-r4.1/$repo_basedir/current/vm/centos-stream8 \
2021-11-30 22:02:35.560146 +0000 build-centos: .make -s -C qubes-src/lorax-templates update-repo-current || exit 1; \
2021-11-30 22:02:35.560151 +0000 build-centos: else \
2021-11-30 22:02:35.560160 +0000 build-centos: .echo -n "Updating qubes-src/lorax-templates... skipping."; \
2021-11-30 22:02:35.560165 +0000 build-centos: fi; \
2021-11-30 22:02:35.560170 +0000 build-centos: echo
2021-11-30 22:02:35.579879 +0000 build-centos: Updating qubes-src/lorax-templates... no packages.
2021-11-30 22:02:35.580337 +0000 build-centos: Makefile:832: update target 'internal-update-repo-current.vm.centos-stream8' due to: internal-update-repo-current.vm.centos-stream8.lorax-templates
2021-11-30 22:02:35.580358 +0000 build-centos: true
2021-11-30 22:02:35.583587 +0000 build-centos: Makefile:945: target 'post-update-repo-current' does not exist
2021-11-30 22:02:35.583624 +0000 build-centos: true
2021-11-30 22:02:35.584915 +0000 build-centos: Makefile:819: update target 'update-repo-current' due to: internal-update-repo-current.vm.centos-stream8 post-update-repo-current
2021-11-30 22:02:35.584946 +0000 build-centos: true
2021-11-30 22:02:35.585195 +0000 build-centos: > done
2021-11-30 22:02:35.585211 +0000 > closing log
