2021-07-30 15:47:00.572811 +0000 > starting log
2021-07-30 15:47:00.573198 +0000 build-centos: > starting build with log
2021-07-30 15:47:00.573213 +0000 build-centos: >> make args: update-repo-current
2021-07-30 15:47:00.573221 +0000 build-centos: >> MAKEFLAGS=
2021-07-30 15:47:00.573229 +0000 build-centos: >> COMPONENTS=anaconda-addon
2021-07-30 15:47:00.573241 +0000 build-centos: >> DISTS_VM=centos-stream8
2021-07-30 15:47:00.573247 +0000 build-centos: >> DIST_DOM0=
2021-07-30 15:47:00.573256 +0000 build-centos: >> qubes-builder 75fec6ba5b77aa3a7bbc642095001aac175c6028
2021-07-30 15:47:00.631453 +0000 build-centos: >> qubes-builder/qubes-src/anaconda-addon f6806aefa77fc9e2250e8cc34a8f4d2b7e299d48
2021-07-30 15:47:00.809125 +0000 build-centos: ================================================================================
2021-07-30 15:47:00.809175 +0000 build-centos:                            B U I L D   I N F O                                  
2021-07-30 15:47:00.809210 +0000 build-centos: Items in red indicate it was automatically generated by configuration file(s)
2021-07-30 15:47:00.809222 +0000 build-centos: Items in white indicate it was automatically removed by configuration file(s)
2021-07-30 15:47:00.809235 +0000 build-centos: ================================================================================
2021-07-30 15:47:00.809242 +0000 build-centos: DISTS_VM:
2021-07-30 15:47:00.812085 +0000 build-centos:      centos-stream8,
2021-07-30 15:47:00.830044 +0000 build-centos: DISTS_ALL:
2021-07-30 15:47:00.833400 +0000 build-centos:      vm-centos-stream8,
2021-07-30 15:47:00.835579 +0000 build-centos: DIST_DOM0:
2021-07-30 15:47:00.835617 +0000 build-centos:     
2021-07-30 15:47:00.835626 +0000 build-centos: BUILDER_PLUGINS:
2021-07-30 15:47:00.842390 +0000 build-centos:      builder-rpm, builder-debian, mgmt-salt, linux-yum, release-configs, builder-github,
2021-07-30 15:47:00.842427 +0000 build-centos: COMPONENTS:
2021-07-30 15:47:00.842437 +0000 build-centos:      anaconda-addon,
2021-07-30 15:47:00.842445 +0000 build-centos: GIT_REPOS:
2021-07-30 15:47:00.843554 +0000 build-centos:      qubes-src/anaconda-addon,
2021-07-30 15:47:00.844822 +0000 build-centos: TEMPLATE:
2021-07-30 15:47:00.851805 +0000 build-centos:     
2021-07-30 15:47:00.884128 +0000 build-centos: TEMPLATE_FLAVOR_DIR:
2021-07-30 15:47:00.884168 +0000 build-centos:     
2021-07-30 15:47:00.899303 +0000 build-centos: TEMPLATE_ALIAS:
2021-07-30 15:47:00.922154 +0000 build-centos:      stretch:stretch+standard, stretch+gnome:stretch+gnome+standard,
2021-07-30 15:47:00.922219 +0000 build-centos:      stretch+minimal:stretch+minimal+no-recommends, buster:buster+standard,
2021-07-30 15:47:00.922235 +0000 build-centos:      buster+gnome:buster+gnome+standard, buster+minimal:buster+minimal+no-recommends,
2021-07-30 15:47:00.922247 +0000 build-centos:      bullseye:bullseye+standard, bullseye+gnome:bullseye+gnome+standard,
2021-07-30 15:47:00.922257 +0000 build-centos:      bullseye+minimal:bullseye+minimal+no-recommends, bionic:bionic+standard,
2021-07-30 15:47:00.922268 +0000 build-centos:      focal:focal+standard, whonix-gateway-14:stretch+whonix-gateway+minimal+no-recommends,
2021-07-30 15:47:00.922278 +0000 build-centos:      whonix-workstation-14:stretch+whonix-workstation+minimal+no-recommends,
2021-07-30 15:47:00.922288 +0000 build-centos:      whonix-gateway-15:buster+whonix-gateway+minimal+no-recommends,
2021-07-30 15:47:00.922297 +0000 build-centos:      whonix-workstation-15:buster+whonix-workstation+minimal+no-recommends,
2021-07-30 15:47:00.928347 +0000 build-centos: TEMPLATE_LABEL:
2021-07-30 15:47:00.928389 +0000 build-centos:      centos-stream8:centos-stream-8, fc32:fedora-32 fc33:fedora-33 fc34:fedora-34 fc35:fedora-35
2021-07-30 15:47:00.928404 +0000 build-centos:      fc32+minimal:fedora-32-minimal fc33+minimal:fedora-33-minimal fc34+minimal:fedora-34-minimal
2021-07-30 15:47:00.928416 +0000 build-centos:      fc35+minimal:fedora-35-minimal fc32+xfce:fedora-32-xfce fc33+xfce:fedora-33-xfce fc34+xfce:fedora-34-xfce
2021-07-30 15:47:00.928428 +0000 build-centos:      fc35+xfce:fedora-35-xfce stretch:debian-9 stretch+standard:debian-9 stretch+xfce:debian-9-xfce
2021-07-30 15:47:00.928454 +0000 build-centos:      buster:debian-10 buster+standard:debian-10 buster+xfce:debian-10-xfce bullseye:debian-11
2021-07-30 15:47:00.928466 +0000 build-centos:      bullseye+standard:debian-11 bullseye+xfce:debian-11-xfce bionic+standard:bionic
2021-07-30 15:47:00.928476 +0000 build-centos:      focal+standard:focal stretch+whonix-gateway+minimal+no-recommends:whonix-gw-14
2021-07-30 15:47:00.928485 +0000 build-centos:      stretch+whonix-workstation+minimal+no-recommends:whonix-ws-14
2021-07-30 15:47:00.928494 +0000 build-centos:      buster+whonix-gateway+minimal+no-recommends:whonix-gw-15
2021-07-30 15:47:00.928504 +0000 build-centos:      buster+whonix-workstation+minimal+no-recommends:whonix-ws-15 centos7:centos-7
2021-07-30 15:47:00.928516 +0000 build-centos:      centos7+minimal:centos-7-minimal centos7+xfce:centos-7-xfce centos-stream8+minimal:centos-stream-8-minimal
2021-07-30 15:47:00.928525 +0000 build-centos:      centos-stream8+xfce:centos-stream-8-xfce
2021-07-30 15:47:00.954844 +0000 build-centos: > running make
2021-07-30 15:47:00.970815 +0000 build-centos: Makefile:909: target 'internal-update-repo-current.vm.centos-stream8.anaconda-addon' does not exist
2021-07-30 15:47:00.970853 +0000 build-centos: true
2021-07-30 15:47:00.970871 +0000 build-centos: Makefile:826: update target 'internal-update-repo-current.vm.centos-stream8' due to: internal-update-repo-current.vm.centos-stream8.anaconda-addon
2021-07-30 15:47:00.970879 +0000 build-centos: true
2021-07-30 15:47:00.972531 +0000 build-centos: Makefile:917: target 'post-update-repo-current' does not exist
2021-07-30 15:47:00.972568 +0000 build-centos: for dist in  centos-stream8; do \
2021-07-30 15:47:00.972581 +0000 build-centos: .repo_base_var="LINUX_REPO_${dist//-/_}_BASEDIR"; \
2021-07-30 15:47:00.972589 +0000 build-centos: .if [ -n "${!repo_base_var}" ]; then \
2021-07-30 15:47:00.972598 +0000 build-centos: ..repo_basedir="${!repo_base_var}"; \
2021-07-30 15:47:00.972604 +0000 build-centos: .else \
2021-07-30 15:47:00.972612 +0000 build-centos: ..repo_basedir="qubes-src/linux-yum/r4.1"; \
2021-07-30 15:47:00.972618 +0000 build-centos: .fi; \
2021-07-30 15:47:00.972627 +0000 build-centos: .repos_to_update="$repos_to_update $repo_basedir"; \
2021-07-30 15:47:00.972633 +0000 build-centos: done; \
2021-07-30 15:47:00.972640 +0000 build-centos: pkgset_dist= ; \
2021-07-30 15:47:00.972646 +0000 build-centos: for dist in ; do \
2021-07-30 15:47:00.972655 +0000 build-centos: .pkgset_dist="$pkgset_dist dom0/$dist"; \
2021-07-30 15:47:00.972660 +0000 build-centos: done; \
2021-07-30 15:47:00.972668 +0000 build-centos: for dist in centos-stream8; do \
2021-07-30 15:47:00.972676 +0000 build-centos: .pkgset_dist="$pkgset_dist vm/$dist"; \
2021-07-30 15:47:00.972681 +0000 build-centos: done; \
2021-07-30 15:47:00.972691 +0000 build-centos: for repo in `echo $repos_to_update|tr ' ' '\n'|sort|uniq`; do \
2021-07-30 15:47:00.972698 +0000 build-centos: .[ -z "$repo" ] && continue; \
2021-07-30 15:47:00.972707 +0000 build-centos: .[ -x "$repo/../update_repo-current.sh" ] || continue; \
2021-07-30 15:47:00.972716 +0000 build-centos: .(cd $repo/.. && ./update_repo-current.sh r4.1 $pkgset_dist); \
2021-07-30 15:47:00.972722 +0000 build-centos: done
2021-07-30 15:47:01.001740 +0000 build-centos: ~/builder-r4.1/qubes-src/linux-yum ~/builder-r4.1/qubes-src/linux-yum
2021-07-30 15:47:01.033796 +0000 build-centos: --> Processing repo: r4.1/current/vm/centos-stream8...
2021-07-30 15:47:01.069529 +0000 build-centos: warning: Found bdb Packages database while attempting sqlite backend: using bdb backend.
2021-07-30 15:47:03.063062 +0000 build-centos: Done.
2021-07-30 15:47:03.077172 +0000 build-centos: ~/builder-r4.1/qubes-src/linux-yum ~/builder-r4.1/qubes-src/linux-yum
2021-07-30 15:47:03.089077 +0000 build-centos: Syncing r4.1...
2021-07-30 15:47:03.310949 +0000 build-centos: sending incremental file list
2021-07-30 15:47:03.351769 +0000 build-centos: .d..t...... centos-stream8/
2021-07-30 15:47:03.351816 +0000 build-centos: .d..t...... centos-stream8/repodata/
2021-07-30 15:47:03.351831 +0000 build-centos: <f..t...... centos-stream8/repodata/0a4d9ec5911f793f87955cf8bbc866b0c930c8f9aa2384ec29cc1f360a31da93-comps.xml.gz
2021-07-30 15:47:03.351847 +0000 build-centos: .            700   8%    0.00kB/s    0:00:00  .          8,416 100%    7.36MB/s    0:00:00 (xfr#1, to-chk=143/149)
2021-07-30 15:47:03.351859 +0000 build-centos: <f..t...... centos-stream8/repodata/397e43a81ad38941589caaed70c4fabc438fb360cee27a55821a1db270bacaa3-comps.xml
2021-07-30 15:47:03.351872 +0000 build-centos: .            700   2%  683.59kB/s    0:00:00  .         25,819 100%   24.62MB/s    0:00:00 (xfr#2, to-chk=142/149)
2021-07-30 15:47:03.352009 +0000 build-centos: <f..t...... centos-stream8/repodata/4aea03c5a35fe17daae61444e41cb2e5c77afe11aa200c9e919c14999a66a5cc-filelists.xml.gz
2021-07-30 15:47:03.352034 +0000 build-centos: .            700   2%  683.59kB/s    0:00:00  .         27,932 100%   26.64MB/s    0:00:00 (xfr#3, to-chk=141/149)
2021-07-30 15:47:03.352048 +0000 build-centos: <f..t...... centos-stream8/repodata/5bee8746eca2ac34dbe6eec727a3b384b79d3ec56e857dadd8e46e7e67ee2299-other.sqlite.bz2
2021-07-30 15:47:03.352060 +0000 build-centos: .            700   2%  683.59kB/s    0:00:00  .         26,768 100%   25.53MB/s    0:00:00 (xfr#4, to-chk=140/149)
2021-07-30 15:47:03.352073 +0000 build-centos: <f..t...... centos-stream8/repodata/736b43ed2336536d5094dba3f96155ddc3595c5dcdca5d4562acb7a84dffeaa6-filelists.sqlite.bz2
2021-07-30 15:47:03.352085 +0000 build-centos: .            700   1%  683.59kB/s    0:00:00  .         43,826 100%   41.80MB/s    0:00:00 (xfr#5, to-chk=139/149)
2021-07-30 15:47:03.352097 +0000 build-centos: <f..t...... centos-stream8/repodata/7ee71109796d1b28fd18b224266453639ec67447c04bba3aeac66af5484cb522-other.xml.gz
2021-07-30 15:47:03.352110 +0000 build-centos: .            700   5%  683.59kB/s    0:00:00  .         13,480 100%   12.86MB/s    0:00:00 (xfr#6, to-chk=138/149)
2021-07-30 15:47:03.352122 +0000 build-centos: <f..t...... centos-stream8/repodata/bb04401c0910c9407293a6cf91c0f867c86dae532814d6f1307682919a43e453-primary.sqlite.bz2
2021-07-30 15:47:03.352134 +0000 build-centos: .            700   1%  683.59kB/s    0:00:00  .         52,169 100%   49.75MB/s    0:00:00 (xfr#7, to-chk=137/149)
2021-07-30 15:47:03.352146 +0000 build-centos: <f..t...... centos-stream8/repodata/c81592db5060f8bc6ecd66ac8a52b7c95c648f77e162104e843f5df2eec001c5-primary.xml.gz
2021-07-30 15:47:03.352158 +0000 build-centos: .            700   2%  683.59kB/s    0:00:00  .         25,089 100%   23.93MB/s    0:00:00 (xfr#8, to-chk=136/149)
2021-07-30 15:47:03.352166 +0000 build-centos: <f..t...... centos-stream8/repodata/repomd.xml
2021-07-30 15:47:03.352194 +0000 build-centos: .          3,850 100%    3.67MB/s    0:00:00  .          3,850 100%    3.67MB/s    0:00:00 (xfr#9, to-chk=135/149)
2021-07-30 15:47:03.352204 +0000 build-centos: <f..t...... centos-stream8/repodata/repomd.xml.asc
2021-07-30 15:47:03.352217 +0000 build-centos: .            833 100%  813.48kB/s    0:00:00  .            833 100%  813.48kB/s    0:00:00 (xfr#10, to-chk=134/149)
2021-07-30 15:47:03.975007 +0000 build-centos: Makefile:813: update target 'update-repo-current' due to: internal-update-repo-current.vm.centos-stream8 post-update-repo-current
2021-07-30 15:47:03.975054 +0000 build-centos: true
2021-07-30 15:47:03.976333 +0000 build-centos: > done
2021-07-30 15:47:03.976373 +0000 > closing log
