2021-01-14 15:11:56.949579 +0000 > starting log
2021-01-14 15:11:56.950168 +0000 build-centos: > starting build with log
2021-01-14 15:11:56.950190 +0000 build-centos: >> make args: update-repo-current
2021-01-14 15:11:56.950203 +0000 build-centos: >> MAKEFLAGS=
2021-01-14 15:11:56.950214 +0000 build-centos: >> COMPONENTS=dnf
2021-01-14 15:11:56.950225 +0000 build-centos: >> DISTS_VM=centos8
2021-01-14 15:11:56.950235 +0000 build-centos: >> DIST_DOM0=
2021-01-14 15:11:56.950248 +0000 build-centos: >> qubes-builder 4d78273ba1203aa8752d0bdbaf1873ab6906bfea
2021-01-14 15:11:56.950263 +0000 build-centos: >> qubes-builder/qubes-src/dnf e55a7f6d605c33406de82957f2da3419a126af27
2021-01-14 15:11:56.950273 +0000 build-centos: !! dnf-4.2.23.tar.gz
2021-01-14 15:11:56.950284 +0000 build-centos: !! dnf-4.4.2.tar.gz
2021-01-14 15:11:56.950294 +0000 build-centos: !! dnf-4.5.2.tar.gz
2021-01-14 15:11:56.950315 +0000 build-centos: fc5c633b5b306f0e1ed2a064a0b9face4d199159ef1f0096df334db925094a63fbdc751dc883052e11e7d13148a623e2cebb9a8e1b206529a894055f74aa607d  dnf-4.2.23.tar.gz
2021-01-14 15:11:56.973610 +0000 build-centos: fef865b8c8984115ce967a1b00996616fa6ee69fde72081ead289362512556016c32a0ec56fc13853756d8890588cd3be7ffae7ce977dc0cbb735d4b6deb3ca3  dnf-4.4.2.tar.gz
2021-01-14 15:11:57.021690 +0000 build-centos: 534811b5c0e6b519f28dd1063e9a4283d048e32196b3b265f30e838971f690a0489a4e30755518f854c1bd116d5ca3b17542d291b665ffdad0d37af8855a7cdf  dnf-4.5.2.tar.gz
2021-01-14 15:11:57.514859 +0000 build-centos: ================================================================================
2021-01-14 15:11:57.514929 +0000 build-centos:                            B U I L D   I N F O                                  
2021-01-14 15:11:57.514950 +0000 build-centos: Items in red indicate it was automatically generated by configuration file(s)
2021-01-14 15:11:57.514966 +0000 build-centos: Items in white indicate it was automatically removed by configuration file(s)
2021-01-14 15:11:57.514981 +0000 build-centos: ================================================================================
2021-01-14 15:11:57.514990 +0000 build-centos: DISTS_VM:
2021-01-14 15:11:57.517209 +0000 build-centos:      centos8,
2021-01-14 15:11:57.518215 +0000 build-centos: DISTS_ALL:
2021-01-14 15:11:57.521436 +0000 build-centos:      vm-centos8,
2021-01-14 15:11:57.524154 +0000 build-centos: DIST_DOM0:
2021-01-14 15:11:57.529476 +0000 build-centos:     
2021-01-14 15:11:57.529534 +0000 build-centos: BUILDER_PLUGINS:
2021-01-14 15:11:57.529556 +0000 build-centos:      builder-rpm, builder-debian, mgmt-salt, linux-yum, release-configs, builder-github,
2021-01-14 15:11:57.529568 +0000 build-centos: COMPONENTS:
2021-01-14 15:11:57.559160 +0000 build-centos:      dnf,
2021-01-14 15:11:57.559220 +0000 build-centos: GIT_REPOS:
2021-01-14 15:11:57.586979 +0000 build-centos:      qubes-src/dnf,
2021-01-14 15:11:57.587035 +0000 build-centos: TEMPLATE:
2021-01-14 15:11:57.587050 +0000 build-centos:     
2021-01-14 15:11:57.587985 +0000 build-centos: TEMPLATE_FLAVOR_DIR:
2021-01-14 15:11:57.609866 +0000 build-centos:     
2021-01-14 15:11:57.613912 +0000 build-centos: TEMPLATE_ALIAS:
2021-01-14 15:11:57.613972 +0000 build-centos:      stretch:stretch+standard, stretch+gnome:stretch+gnome+standard,
2021-01-14 15:11:57.613994 +0000 build-centos:      stretch+minimal:stretch+minimal+no-recommends, buster:buster+standard, buster+gnome:buster+gnome+standard,
2021-01-14 15:11:57.614011 +0000 build-centos:      buster+minimal:buster+minimal+no-recommends, bullseye:bullseye+standard,
2021-01-14 15:11:57.614027 +0000 build-centos:      bullseye+gnome:bullseye+gnome+standard, bullseye+minimal:bullseye+minimal+no-recommends,
2021-01-14 15:11:57.614042 +0000 build-centos:      whonix-gateway-14:stretch+whonix-gateway+minimal+no-recommends,
2021-01-14 15:11:57.614056 +0000 build-centos:      whonix-workstation-14:stretch+whonix-workstation+minimal+no-recommends,
2021-01-14 15:11:57.614070 +0000 build-centos:      whonix-gateway-15:buster+whonix-gateway+minimal+no-recommends,
2021-01-14 15:11:57.614084 +0000 build-centos:      whonix-workstation-15:buster+whonix-workstation+minimal+no-recommends,
2021-01-14 15:11:57.614114 +0000 build-centos: TEMPLATE_LABEL:
2021-01-14 15:11:57.629604 +0000 build-centos:      centos8:centos-8, fc30:fedora-30 fc31:fedora-31 fc32:fedora-32 fc33:fedora-33 fc30+minimal:fedora-30-minimal
2021-01-14 15:11:57.629667 +0000 build-centos:      fc31+minimal:fedora-31-minimal fc32+minimal:fedora-32-minimal fc33+minimal:fedora-33-minimal
2021-01-14 15:11:57.629689 +0000 build-centos:      fc30+xfce:fedora-30-xfce fc31+xfce:fedora-31-xfce fc32+xfce:fedora-32-xfce fc33+xfce:fedora-33-xfce
2021-01-14 15:11:57.629739 +0000 build-centos:      stretch:debian-9 stretch+standard:debian-9 stretch+xfce:debian-9-xfce buster:debian-10
2021-01-14 15:11:57.629759 +0000 build-centos:      buster+standard:debian-10 buster+xfce:debian-10-xfce bullseye:debian-11 bullseye+standard:debian-11
2021-01-14 15:11:57.629775 +0000 build-centos:      bullseye+xfce:debian-11-xfce stretch+whonix-gateway+minimal+no-recommends:whonix-gw-14
2021-01-14 15:11:57.629789 +0000 build-centos:      stretch+whonix-workstation+minimal+no-recommends:whonix-ws-14
2021-01-14 15:11:57.629803 +0000 build-centos:      buster+whonix-gateway+minimal+no-recommends:whonix-gw-15
2021-01-14 15:11:57.629818 +0000 build-centos:      buster+whonix-workstation+minimal+no-recommends:whonix-ws-15 centos7:centos-7
2021-01-14 15:11:57.629835 +0000 build-centos:      centos7+minimal:centos-7-minimal centos7+xfce:centos-7-xfce centos8+minimal:centos-8-minimal
2021-01-14 15:11:57.629846 +0000 build-centos:      centos8+xfce:centos-8-xfce
2021-01-14 15:11:57.711121 +0000 build-centos: > running make
2021-01-14 15:11:57.819428 +0000 build-centos: Makefile:847: target 'internal-update-repo-current.vm.centos8.dnf' does not exist
2021-01-14 15:11:57.819491 +0000 build-centos: repo_base_var="LINUX_REPO_centos8_BASEDIR"; \
2021-01-14 15:11:57.819510 +0000 build-centos: if [ "dnf" = linux-template-builder ]; then \
2021-01-14 15:11:57.819528 +0000 build-centos: .# templates belongs to dom0 repository, even though PACKAGE_SET=vm
2021-01-14 15:11:57.819540 +0000 build-centos: repo_base_var="LINUX_REPO__BASEDIR"; \
2021-01-14 15:11:57.819550 +0000 build-centos: fi; \
2021-01-14 15:11:57.819563 +0000 build-centos: if [ -n "${!repo_base_var}" ]; then \
2021-01-14 15:11:57.819575 +0000 build-centos: .repo_basedir="${!repo_base_var}"; \
2021-01-14 15:11:57.819584 +0000 build-centos: else \
2021-01-14 15:11:57.819596 +0000 build-centos: .repo_basedir="qubes-src/linux-yum/r4.1"; \
2021-01-14 15:11:57.819605 +0000 build-centos: fi; \
2021-01-14 15:11:57.819618 +0000 build-centos: if [ -r qubes-src/dnf/Makefile.builder ]; then \
2021-01-14 15:11:57.819630 +0000 build-centos: .echo -n "Updating qubes-src/dnf... "; \
2021-01-14 15:11:57.819641 +0000 build-centos: .if [ "0" -eq 1 ]; then \
2021-01-14 15:11:57.819655 +0000 build-centos: ..vtag=`git -C qubes-src/dnf tag --points-at HEAD --list v*`; \
2021-01-14 15:11:57.819665 +0000 build-centos: ..if [ -z "$vtag" ]; then \
2021-01-14 15:11:57.819676 +0000 build-centos: ...echo "no version tag"; \
2021-01-14 15:11:57.819686 +0000 build-centos: ...exit 0; \
2021-01-14 15:11:57.819735 +0000 build-centos: ..fi; \
2021-01-14 15:11:57.819758 +0000 build-centos: .fi; \
2021-01-14 15:11:57.819771 +0000 build-centos: .if [ "dnf" = linux-template-builder ]; then
2021-01-14 15:11:57.819789 +0000 build-centos: export TEMPLATE_NAME=$(MAKEFLAGS= make -s -C qubes-src/linux-template-builder DIST=centos8 template-name)
2021-01-14 15:11:57.819799 +0000 build-centos: fi
2021-01-14 15:11:57.819828 +0000 build-centos: component_packages=$(MAKEFLAGS= make -s -f Makefile.generic DIST=centos8 PACKAGE_SET=vm COMPONENT=`basename qubes-src/dnf` UPDATE_REPO=/home/user/builder-r4.1/$repo_basedir/current/vm/centos8 get-var GET_VAR=PACKAGE_LIST); \
2021-01-14 15:11:57.819842 +0000 build-centos: .if [ -z "$component_packages" ]; then \
2021-01-14 15:11:57.819853 +0000 build-centos: ..echo "no packages."; \
2021-01-14 15:11:57.819863 +0000 build-centos: ..exit 0; \
2021-01-14 15:11:57.819893 +0000 build-centos: .fi; \
2021-01-14 15:11:57.819908 +0000 build-centos: .make -s -f Makefile.generic DIST=centos8 PACKAGE_SET=vm \
2021-01-14 15:11:57.819927 +0000 build-centos: ..COMPONENT=`basename qubes-src/dnf` \
2021-01-14 15:11:57.819939 +0000 build-centos: ..SNAPSHOT_REPO=current-testing \
2021-01-14 15:11:57.819949 +0000 build-centos: ..TARGET_REPO=current \
2021-01-14 15:11:57.819964 +0000 build-centos: ..UPDATE_REPO=/home/user/builder-r4.1/$repo_basedir/current/vm/centos8 \
2021-01-14 15:11:57.819982 +0000 build-centos: ..SNAPSHOT_FILE=/home/user/builder-r4.1/repo-latest-snapshot/current-testing-vm-centos8-`basename qubes-src/dnf` \
2021-01-14 15:11:57.819993 +0000 build-centos: ..BUILD_LOG_URL= \
2021-01-14 15:11:57.820005 +0000 build-centos: ..update-repo-from-snapshot || exit 1; \
2021-01-14 15:11:57.820021 +0000 build-centos: elif make -C qubes-src/dnf -n update-repo-current >/dev/null 2>/dev/null; then \
2021-01-14 15:11:57.820032 +0000 build-centos: .echo "Updating qubes-src/dnf... "; \
2021-01-14 15:11:57.820048 +0000 build-centos: .DIST=centos8 UPDATE_REPO=/home/user/builder-r4.1/$repo_basedir/current/vm/centos8 \
2021-01-14 15:11:57.820061 +0000 build-centos: .make -s -C qubes-src/dnf update-repo-current || exit 1; \
2021-01-14 15:11:57.820070 +0000 build-centos: else \
2021-01-14 15:11:57.820087 +0000 build-centos: .echo -n "Updating qubes-src/dnf... skipping."; \
2021-01-14 15:11:57.820096 +0000 build-centos: fi; \
2021-01-14 15:11:57.820105 +0000 build-centos: echo
2021-01-14 15:11:57.906355 +0000 build-centos: Updating qubes-src/dnf... no packages.
2021-01-14 15:11:57.906425 +0000 build-centos: Makefile:816: update target 'internal-update-repo-current.vm.centos8' due to: internal-update-repo-current.vm.centos8.dnf
2021-01-14 15:11:57.906441 +0000 build-centos: true
2021-01-14 15:11:57.907792 +0000 build-centos: Makefile:929: target 'post-update-repo-current' does not exist
2021-01-14 15:11:57.907837 +0000 build-centos: true
2021-01-14 15:11:57.910517 +0000 build-centos: Makefile:803: update target 'update-repo-current' due to: internal-update-repo-current.vm.centos8 post-update-repo-current
2021-01-14 15:11:57.910571 +0000 build-centos: true
2021-01-14 15:11:57.912847 +0000 build-centos: > done
2021-01-14 15:11:57.912902 +0000 > closing log
