2018-05-02 16:35:41.673333 +0000 > starting log
2018-05-02 16:35:41.675921 +0000 build-centos: > starting build with log
2018-05-02 16:35:41.675973 +0000 build-centos: >> make args: DISTS_VM=centos7 DIST_DOM0= qubes
2018-05-02 16:35:41.675998 +0000 build-centos: >> MAKEFLAGS=
2018-05-02 16:35:41.676023 +0000 build-centos: >> COMPONENTS=gui-common
2018-05-02 16:35:41.676044 +0000 build-centos: >> DISTS_VM=
2018-05-02 16:35:41.676066 +0000 build-centos: >> DIST_DOM0=
2018-05-02 16:35:41.676096 +0000 build-centos: >> qubes-builder 0bc5e662e9738136d6482e44c083a8f215c58ceb
2018-05-02 16:35:41.676123 +0000 build-centos: >> qubes-builder/qubes-src/gui-common be12992cef6bbf73fa65a20a479f9c30ac71d81f
2018-05-02 16:35:41.676151 +0000 build-centos: !! pkgs/centos7/gui-common.spec.list
2018-05-02 16:35:41.676178 +0000 build-centos: !! pkgs/centos7/x86_64/qubes-gui-common-devel-4.0.1-1.el7.centos.x86_64.rpm
2018-05-02 16:35:41.676213 +0000 build-centos: ab769b8fdc2681d479ad9289187d98dce8578b527c35ca73eb1ae8aa8c7498aec3973aef47ee9d17b2447daea796a7b1f1aef88a2a0bbb903e16a33f1bf554b3  pkgs/centos7/gui-common.spec.list
2018-05-02 16:35:41.676251 +0000 build-centos: 7d574f3494ba01ee130629b92df42d44ce3928d8ebaa1037537ac6bbeb47c032e40729a03e5534bfdb5fa08db716a25067ad0bdac943f19dd9b6b2165466f1bf  pkgs/centos7/x86_64/qubes-gui-common-devel-4.0.1-1.el7.centos.x86_64.rpm
2018-05-02 16:35:41.676281 +0000 build-centos: ================================================================================
2018-05-02 16:35:41.676310 +0000 build-centos:                            B U I L D   I N F O                                  
2018-05-02 16:35:41.676339 +0000 build-centos: Items in red indicate it was automatically generated by configuration file(s)
2018-05-02 16:35:41.676366 +0000 build-centos: Items in white indicate it was automatically removed by configuration file(s)
2018-05-02 16:35:41.676392 +0000 build-centos: ================================================================================
2018-05-02 16:35:41.676432 +0000 build-centos: DISTS_VM:
2018-05-02 16:35:41.676452 +0000 build-centos:      centos7,
2018-05-02 16:35:41.676472 +0000 build-centos: DISTS_ALL:
2018-05-02 16:35:41.676493 +0000 build-centos:      centos7,
2018-05-02 16:35:41.676515 +0000 build-centos: DIST_DOM0:
2018-05-02 16:35:41.676537 +0000 build-centos:     
2018-05-02 16:35:41.676559 +0000 build-centos: BUILDER_PLUGINS:
2018-05-02 16:35:41.676585 +0000 build-centos:      builder-rpm, mgmt-salt, mgmt-salt, builder-github,
2018-05-02 16:35:41.676606 +0000 build-centos: COMPONENTS:
2018-05-02 16:35:41.702087 +0000 build-centos:      gui-common,
2018-05-02 16:35:41.702902 +0000 build-centos: GIT_REPOS:
2018-05-02 16:35:41.714057 +0000 build-centos:      qubes-src/gui-common,
2018-05-02 16:35:41.721576 +0000 build-centos: TEMPLATE:
2018-05-02 16:35:41.727367 +0000 build-centos:     
2018-05-02 16:35:41.734638 +0000 build-centos: TEMPLATE_FLAVOR_DIR:
2018-05-02 16:35:41.738803 +0000 build-centos:     
2018-05-02 16:35:41.739213 +0000 build-centos: TEMPLATE_ALIAS:
2018-05-02 16:35:41.749214 +0000 build-centos:      jessie:jessie+standard, jessie+gnome:jessie+gnome+standard, jessie+minimal:jessie+minimal+no-recommends,
2018-05-02 16:35:41.749273 +0000 build-centos:      stretch:stretch+standard, stretch+gnome:stretch+gnome+standard,
2018-05-02 16:35:41.749302 +0000 build-centos:      stretch+minimal:stretch+minimal+no-recommends,
2018-05-02 16:35:41.750877 +0000 build-centos: TEMPLATE_LABEL:
2018-05-02 16:35:41.760733 +0000 build-centos:      centos7:centos-7, fc20:fedora-20 fc21:fedora-21 fc22:fedora-22 fc23:fedora-23 fc24:fedora-24 fc25:fedora-25
2018-05-02 16:35:41.760797 +0000 build-centos:      fc26:fedora-26 fc20+minimal:fedora-20-minimal fc21+minimal:fedora-21-minimal fc23+minimal:fedora-23-minimal
2018-05-02 16:35:41.760833 +0000 build-centos:      fc24+minimal:fedora-24-minimal fc25+minimal:fedora-25-minimal fc26+minimal:fedora-26-minimal
2018-05-02 16:35:41.760871 +0000 build-centos:      fc25+xfce:fedora-25-xfce fc26+xfce:fedora-26-xfce wheezy:debian-7 wheezy+standard:debian-7 jessie:debian-8
2018-05-02 16:35:41.760924 +0000 build-centos:      jessie+standard:debian-8 stretch:debian-9 stretch+standard:debian-9 centos7+minimal:centos-7-minimal
2018-05-02 16:35:41.828874 +0000 build-centos: > running make
2018-05-02 16:35:41.881949 +0000 build-centos: Makefile:854: target 'build-info' does not exist
2018-05-02 16:35:41.882013 +0000 build-centos: echo "================================================================================"
2018-05-02 16:35:41.882050 +0000 build-centos: echo "                           B U I L D   I N F O                                  "
2018-05-02 16:35:41.882088 +0000 build-centos: echo -e "Items in red indicate it was automatically generated by configuration file(s)"
2018-05-02 16:35:41.882116 +0000 build-centos: echo -e "Items in white indicate it was automatically removed by configuration file(s)"
2018-05-02 16:35:41.882149 +0000 build-centos: echo "================================================================================"
2018-05-02 16:35:41.882176 +0000 build-centos: # (1): Item Color, (2): Label, (3): Item, (4): Original item used to compare if changed
2018-05-02 16:35:41.882202 +0000 build-centos: echo -e "DISTS_VM:"; echo -e " centos7," | fmt -w110  | sed -e 's/^/    /'
2018-05-02 16:35:41.882231 +0000 build-centos: echo -e "DISTS_ALL:"; echo -e " centos7," | fmt -w110  | sed -e 's/^/    /'
2018-05-02 16:35:41.882258 +0000 build-centos: echo -e "DIST_DOM0:"; echo -e " " | fmt -w110  | sed -e 's/^/    /'
2018-05-02 16:35:41.882291 +0000 build-centos: echo -e "BUILDER_PLUGINS:"; echo -e " builder-rpm, mgmt-salt, mgmt-salt, builder-github," | fmt -w110  | sed -e 's/^/    /'
2018-05-02 16:35:41.882321 +0000 build-centos: echo -e "COMPONENTS:"; echo -e " gui-common," | fmt -w110  | sed -e 's/^/    /'
2018-05-02 16:35:41.882349 +0000 build-centos: echo -e "GIT_REPOS:"; echo -e " qubes-src/gui-common," | fmt -w110  | sed -e 's/^/    /'
2018-05-02 16:35:41.882375 +0000 build-centos: echo -e "TEMPLATE:"; echo -e " " | fmt -w110  | sed -e 's/^/    /'
2018-05-02 16:35:41.882421 +0000 build-centos: echo -e "TEMPLATE_FLAVOR_DIR:"; echo -e " " | fmt -w110  | sed -e 's/^/    /'
2018-05-02 16:35:41.882467 +0000 build-centos: echo -e "TEMPLATE_ALIAS:"; echo -e " jessie:jessie+standard, jessie+gnome:jessie+gnome+standard, jessie+minimal:jessie+minimal+no-recommends, stretch:stretch+standard, stretch+gnome:stretch+gnome+standard, stretch+minimal:stretch+minimal+no-recommends," | fmt -w110  | sed -e 's/^/    /'
2018-05-02 16:35:41.882542 +0000 build-centos: echo -e "TEMPLATE_LABEL:"; echo -e " centos7:centos-7, fc20:fedora-20 fc21:fedora-21 fc22:fedora-22 fc23:fedora-23 fc24:fedora-24 fc25:fedora-25 fc26:fedora-26 fc20+minimal:fedora-20-minimal fc21+minimal:fedora-21-minimal fc23+minimal:fedora-23-minimal fc24+minimal:fedora-24-minimal fc25+minimal:fedora-25-minimal fc26+minimal:fedora-26-minimal fc25+xfce:fedora-25-xfce fc26+xfce:fedora-26-xfce wheezy:debian-7 wheezy+standard:debian-7 jessie:debian-8 jessie+standard:debian-8 stretch:debian-9 stretch+standard:debian-9 centos7+minimal:centos-7-minimal" | fmt -w110  | sed -e 's/^/    /'
2018-05-02 16:35:41.882571 +0000 build-centos: for component in gui-common; do \
2018-05-02 16:35:41.882600 +0000 build-centos: .component_env_var=`make -s get-var GET_VAR=ENV_${component//-/_}`; \
2018-05-02 16:35:41.882634 +0000 build-centos: .if [ ! -z "$component_env_var" ]; then echo -e "ENV_${component//-/_}:"; echo -e " ${component_env_var}, """ | fmt -w110  | sed -e 's/^/    /'; fi; \
2018-05-02 16:35:41.882656 +0000 build-centos: done
2018-05-02 16:35:41.885610 +0000 build-centos: ================================================================================
2018-05-02 16:35:41.885670 +0000 build-centos:                            B U I L D   I N F O                                  
2018-05-02 16:35:41.885706 +0000 build-centos: Items in red indicate it was automatically generated by configuration file(s)
2018-05-02 16:35:41.885738 +0000 build-centos: Items in white indicate it was automatically removed by configuration file(s)
2018-05-02 16:35:41.885786 +0000 build-centos: ================================================================================
2018-05-02 16:35:41.885809 +0000 build-centos: DISTS_VM:
2018-05-02 16:35:41.892297 +0000 build-centos:      centos7,
2018-05-02 16:35:41.893356 +0000 build-centos: DISTS_ALL:
2018-05-02 16:35:41.900937 +0000 build-centos:      centos7,
2018-05-02 16:35:41.903771 +0000 build-centos: DIST_DOM0:
2018-05-02 16:35:41.909273 +0000 build-centos:     
2018-05-02 16:35:41.912384 +0000 build-centos: BUILDER_PLUGINS:
2018-05-02 16:35:41.918302 +0000 build-centos:      builder-rpm, mgmt-salt, mgmt-salt, builder-github,
2018-05-02 16:35:41.918356 +0000 build-centos: COMPONENTS:
2018-05-02 16:35:41.930270 +0000 build-centos:      gui-common,
2018-05-02 16:35:41.930322 +0000 build-centos: GIT_REPOS:
2018-05-02 16:35:41.937565 +0000 build-centos:      qubes-src/gui-common,
2018-05-02 16:35:41.939024 +0000 build-centos: TEMPLATE:
2018-05-02 16:35:41.946036 +0000 build-centos:     
2018-05-02 16:35:41.946115 +0000 build-centos: TEMPLATE_FLAVOR_DIR:
2018-05-02 16:35:41.953902 +0000 build-centos:     
2018-05-02 16:35:41.954175 +0000 build-centos: TEMPLATE_ALIAS:
2018-05-02 16:35:41.962302 +0000 build-centos:      jessie:jessie+standard, jessie+gnome:jessie+gnome+standard, jessie+minimal:jessie+minimal+no-recommends,
2018-05-02 16:35:41.962362 +0000 build-centos:      stretch:stretch+standard, stretch+gnome:stretch+gnome+standard,
2018-05-02 16:35:41.962413 +0000 build-centos:      stretch+minimal:stretch+minimal+no-recommends,
2018-05-02 16:35:41.962588 +0000 build-centos: TEMPLATE_LABEL:
2018-05-02 16:35:41.968980 +0000 build-centos:      centos7:centos-7, fc20:fedora-20 fc21:fedora-21 fc22:fedora-22 fc23:fedora-23 fc24:fedora-24 fc25:fedora-25
2018-05-02 16:35:41.969045 +0000 build-centos:      fc26:fedora-26 fc20+minimal:fedora-20-minimal fc21+minimal:fedora-21-minimal fc23+minimal:fedora-23-minimal
2018-05-02 16:35:41.969082 +0000 build-centos:      fc24+minimal:fedora-24-minimal fc25+minimal:fedora-25-minimal fc26+minimal:fedora-26-minimal
2018-05-02 16:35:41.969118 +0000 build-centos:      fc25+xfce:fedora-25-xfce fc26+xfce:fedora-26-xfce wheezy:debian-7 wheezy+standard:debian-7 jessie:debian-8
2018-05-02 16:35:41.969153 +0000 build-centos:      jessie+standard:debian-8 stretch:debian-9 stretch+standard:debian-9 centos7+minimal:centos-7-minimal
2018-05-02 16:35:42.054573 +0000 build-centos: ENV_gui_common:
2018-05-02 16:35:42.059848 +0000 build-centos:      Makefile:912: target 'get-var' does not exist
2018-05-02 16:35:42.059907 +0000 build-centos:     GET_VAR=${!GET_VAR}; \ echo "${GET_VAR}",
2018-05-02 16:35:42.062828 +0000 build-centos: Makefile:202: target 'check-depend.rpm' does not exist
2018-05-02 16:35:42.062898 +0000 build-centos: echo "Currently installed dependencies:" && rpm -q --whatprovides git rpmdevtools rpm-build createrepo python2-sh wget rpm-sign PyYAML PyYAML || \
2018-05-02 16:35:42.062934 +0000 build-centos: .{ echo "ERROR: call 'make install-deps' to install missing dependencies"; exit 1; }
2018-05-02 16:35:42.067405 +0000 build-centos: Currently installed dependencies:
2018-05-02 16:35:42.116434 +0000 build-centos: git-2.13.6-3.fc26.x86_64
2018-05-02 16:35:42.117713 +0000 build-centos: rpmdevtools-8.10-2.fc26.noarch
2018-05-02 16:35:42.119370 +0000 build-centos: rpm-build-4.13.0.2-1.fc26.x86_64
2018-05-02 16:35:42.119778 +0000 build-centos: createrepo-0.10.3-11.fc26.noarch
2018-05-02 16:35:42.120225 +0000 build-centos: python2-sh-1.12.14-1.fc26.noarch
2018-05-02 16:35:42.121032 +0000 build-centos: wget-1.19.4-1.fc26.x86_64
2018-05-02 16:35:42.122785 +0000 build-centos: rpm-sign-4.13.0.2-1.fc26.x86_64
2018-05-02 16:35:42.122991 +0000 build-centos: PyYAML-3.12-3.fc26.x86_64
2018-05-02 16:35:42.123025 +0000 build-centos: PyYAML-3.12-3.fc26.x86_64
2018-05-02 16:35:42.126792 +0000 build-centos: Makefile:224: update target 'gui-common-dom0' due to: check-depend
2018-05-02 16:35:42.126891 +0000 build-centos: if [ -n "gui-common" -a "0" -ne 0 ]; then BRANCH=release4.0; branch_var="BRANCH_gui_common"; [ -n "${!branch_var}" ] && BRANCH="${!branch_var}"; pushd qubes-src/gui-common > /dev/null; CURRENT_BRANCH=`git symbolic-ref --short HEAD 2>/dev/null || git describe --tags --exact-match HEAD`; if [ "$BRANCH" != "$CURRENT_BRANCH" ]; then echo "-> ERROR: Wrong branch $branch_var=$CURRENT_BRANCH (expected $BRANCH)"; exit 1; fi; popd > /dev/null; fi
2018-05-02 16:35:42.132388 +0000 build-centos: Makefile:212: update target 'gui-common-vm' due to: check-depend
2018-05-02 16:35:42.132505 +0000 build-centos: if [ -n "gui-common" -a "0" -ne 0 ]; then BRANCH=release4.0; branch_var="BRANCH_gui_common"; [ -n "${!branch_var}" ] && BRANCH="${!branch_var}"; pushd qubes-src/gui-common > /dev/null; CURRENT_BRANCH=`git symbolic-ref --short HEAD 2>/dev/null || git describe --tags --exact-match HEAD`; if [ "$BRANCH" != "$CURRENT_BRANCH" ]; then echo "-> ERROR: Wrong branch $branch_var=$CURRENT_BRANCH (expected $BRANCH)"; exit 1; fi; popd > /dev/null; fi
2018-05-02 16:35:42.132545 +0000 build-centos: if [ -r qubes-src/gui-common/Makefile.builder ]; then \
2018-05-02 16:35:42.132574 +0000 build-centos: .for DIST in centos7; do \
2018-05-02 16:35:42.132612 +0000 build-centos: ..make --no-print-directory DIST=$DIST PACKAGE_SET=vm COMPONENT=gui-common ENV_COMPONENT= -f Makefile.generic all || exit 1; \
2018-05-02 16:35:42.132637 +0000 build-centos: .done; \
2018-05-02 16:35:42.132670 +0000 build-centos: elif [ -n "`make -n -s -C qubes-src/gui-common rpms-vm 2> /dev/null`" ]; then \
2018-05-02 16:35:42.132697 +0000 build-centos:     for DIST in centos7; do \
2018-05-02 16:35:42.132728 +0000 build-centos:         MAKE_TARGET="rpms-vm" ./scripts/build $DIST gui-common || exit 1; \
2018-05-02 16:35:42.132752 +0000 build-centos:     done; \
2018-05-02 16:35:42.132774 +0000 build-centos: fi
2018-05-02 16:35:42.157297 +0000 build-centos: + ERR_OUTPUT=/dev/stderr
2018-05-02 16:35:42.157353 +0000 build-centos: + '[' 2 -lt 2 ']'
2018-05-02 16:35:42.158723 +0000 build-centos: ++ basename qubes-src/gui-common/rpm_spec/gui-common.spec.in
2018-05-02 16:35:42.162467 +0000 build-centos: + [[ xgui-common.spec.in == \x\.\i\n ]]
2018-05-02 16:35:42.162531 +0000 build-centos: + '[' -r qubes-src/gui-common/rpm_spec/gui-common.spec.in ']'
2018-05-02 16:35:42.164245 +0000 build-centos: ++ mktemp --tmpdir tmp.XXXXXX.spec
2018-05-02 16:35:42.168315 +0000 build-centos: + tmp_spec=/tmp/tmp.eF7fDO.spec
2018-05-02 16:35:42.169592 +0000 build-centos: ++ dirname /home/user/builder-r4.0/qubes-src/builder-rpm/scripts/query-spec
2018-05-02 16:35:42.173159 +0000 build-centos: + /home/user/builder-r4.0/qubes-src/builder-rpm/scripts/generate-spec qubes-src/gui-common/rpm_spec/gui-common.spec.in /tmp/tmp.eF7fDO.spec
2018-05-02 16:35:42.179711 +0000 build-centos: + '[' 2 -lt 2 ']'
2018-05-02 16:35:42.179768 +0000 build-centos: + '[' -z qubes-src/gui-common ']'
2018-05-02 16:35:42.179803 +0000 build-centos: + cp qubes-src/gui-common/rpm_spec/gui-common.spec.in qubes-src/gui-common/rpm_spec/gui-common.spec.in.tmp
2018-05-02 16:35:42.187588 +0000 build-centos: + cat qubes-src/gui-common/version
2018-05-02 16:35:42.188762 +0000 build-centos: + read ver
2018-05-02 16:35:42.190394 +0000 build-centos: + '[' x == x ']'
2018-05-02 16:35:42.190476 +0000 build-centos: + sed -i 's|@VERSION@|4.0.2|g' qubes-src/gui-common/rpm_spec/gui-common.spec.in.tmp
2018-05-02 16:35:42.198562 +0000 build-centos: + vnum=1
2018-05-02 16:35:42.198614 +0000 build-centos: + read ver
2018-05-02 16:35:42.200076 +0000 build-centos: + '[' -e qubes-src/gui-common/rel ']'
2018-05-02 16:35:42.201246 +0000 build-centos: ++ cat qubes-src/gui-common/rel
2018-05-02 16:35:42.206518 +0000 build-centos: ++ echo 1
2018-05-02 16:35:42.208505 +0000 build-centos: + sed -i -e s:@REL@:1:g -e s:@BACKEND_VMM@:xen:g qubes-src/gui-common/rpm_spec/gui-common.spec.in.tmp
2018-05-02 16:35:42.215692 +0000 build-centos: + '[' -e qubes-src/gui-common/changelog ']'
2018-05-02 16:35:42.215751 +0000 build-centos: + sed -i /@CHANGELOG@/d qubes-src/gui-common/rpm_spec/gui-common.spec.in.tmp
2018-05-02 16:35:42.221845 +0000 build-centos: + cat qubes-src/gui-common/rpm_spec/gui-common.spec.in.tmp
2018-05-02 16:35:42.226676 +0000 build-centos: + rm -rf qubes-src/gui-common/rpm_spec/gui-common.spec.in.tmp
2018-05-02 16:35:42.230621 +0000 build-centos: + rpm -q --qf '%{NAME}-%{VERSION}.tar.gz\n' --specfile /tmp/tmp.eF7fDO.spec
2018-05-02 16:35:42.279480 +0000 build-centos: + rm -f /tmp/tmp.eF7fDO.spec
2018-05-02 16:35:42.287163 +0000 build-centos: Makefile.generic:137: target 'generic-prepare-chroot' does not exist
2018-05-02 16:35:42.287220 +0000 build-centos: if [ "`id -u`" = 0 ]; then \
2018-05-02 16:35:42.287258 +0000 build-centos: .echo "*******************************************************************************"; \
2018-05-02 16:35:42.287291 +0000 build-centos: .echo "***                               ERROR                                      ***"; \
2018-05-02 16:35:42.287320 +0000 build-centos: .echo "*** Start the build as normal user, it will use sudo (only) where necessary! ***"; \
2018-05-02 16:35:42.287352 +0000 build-centos: .echo "***                                                                          ***"; \
2018-05-02 16:35:42.287383 +0000 build-centos: .echo "*******************************************************************************"; \
2018-05-02 16:35:42.287433 +0000 build-centos: .exit 1; \
2018-05-02 16:35:42.287457 +0000 build-centos: fi
2018-05-02 16:35:42.301604 +0000 build-centos: + ERR_OUTPUT=/dev/stderr
2018-05-02 16:35:42.301662 +0000 build-centos: + '[' 2 -lt 2 ']'
2018-05-02 16:35:42.318301 +0000 build-centos: ++ basename qubes-src/gui-common/rpm_spec/gui-common.spec.in
2018-05-02 16:35:42.322072 +0000 build-centos: + [[ xgui-common.spec.in == \x\.\i\n ]]
2018-05-02 16:35:42.322128 +0000 build-centos: + '[' -r qubes-src/gui-common/rpm_spec/gui-common.spec.in ']'
2018-05-02 16:35:42.340170 +0000 build-centos: ++ mktemp --tmpdir tmp.XXXXXX.spec
2018-05-02 16:35:42.340232 +0000 build-centos: + tmp_spec=/tmp/tmp.CrUwnX.spec
2018-05-02 16:35:42.340266 +0000 build-centos: ++ dirname /home/user/builder-r4.0/qubes-src/builder-rpm/scripts/query-spec
2018-05-02 16:35:42.340305 +0000 build-centos: + /home/user/builder-r4.0/qubes-src/builder-rpm/scripts/generate-spec qubes-src/gui-common/rpm_spec/gui-common.spec.in /tmp/tmp.CrUwnX.spec
2018-05-02 16:35:42.340330 +0000 build-centos: + '[' 2 -lt 2 ']'
2018-05-02 16:35:42.340355 +0000 build-centos: + '[' -z qubes-src/gui-common ']'
2018-05-02 16:35:42.340386 +0000 build-centos: + cp qubes-src/gui-common/rpm_spec/gui-common.spec.in qubes-src/gui-common/rpm_spec/gui-common.spec.in.tmp
2018-05-02 16:35:42.349180 +0000 build-centos: + read ver
2018-05-02 16:35:42.349234 +0000 build-centos: + cat qubes-src/gui-common/version
2018-05-02 16:35:42.355287 +0000 build-centos: + '[' x == x ']'
2018-05-02 16:35:42.355344 +0000 build-centos: + sed -i 's|@VERSION@|4.0.2|g' qubes-src/gui-common/rpm_spec/gui-common.spec.in.tmp
2018-05-02 16:35:42.362186 +0000 build-centos: + vnum=1
2018-05-02 16:35:42.362235 +0000 build-centos: + read ver
2018-05-02 16:35:42.363535 +0000 build-centos: + '[' -e qubes-src/gui-common/rel ']'
2018-05-02 16:35:42.364934 +0000 build-centos: ++ cat qubes-src/gui-common/rel
2018-05-02 16:35:42.371754 +0000 build-centos: ++ echo 1
2018-05-02 16:35:42.371818 +0000 build-centos: + sed -i -e s:@REL@:1:g -e s:@BACKEND_VMM@:xen:g qubes-src/gui-common/rpm_spec/gui-common.spec.in.tmp
2018-05-02 16:35:42.380526 +0000 build-centos: + '[' -e qubes-src/gui-common/changelog ']'
2018-05-02 16:35:42.380590 +0000 build-centos: + sed -i /@CHANGELOG@/d qubes-src/gui-common/rpm_spec/gui-common.spec.in.tmp
2018-05-02 16:35:42.389601 +0000 build-centos: + cat qubes-src/gui-common/rpm_spec/gui-common.spec.in.tmp
2018-05-02 16:35:42.394856 +0000 build-centos: + rm -rf qubes-src/gui-common/rpm_spec/gui-common.spec.in.tmp
2018-05-02 16:35:42.400731 +0000 build-centos: + rpm -q --qf '%{NAME}-%{VERSION}.tar.gz\n' --specfile /tmp/tmp.CrUwnX.spec
2018-05-02 16:35:42.459268 +0000 build-centos: + rm -f /tmp/tmp.CrUwnX.spec
2018-05-02 16:35:42.490716 +0000 build-centos: mkdir -p "/home/user/builder-r4.0/cache/centos7"
2018-05-02 16:35:42.494826 +0000 build-centos: /home/user/builder-r4.0/qubes-src/builder-rpm/Makefile-legacy.rpmbuilder:25: update target 'dist-prepare-chroot' due to: /home/user/builder-r4.0/chroot-centos7/home/user/.prepared_base
2018-05-02 16:35:42.494887 +0000 build-centos: if [ ! -r /home/user/builder-r4.0/chroot-centos7/proc/cpuinfo ]; then\
2018-05-02 16:35:42.494923 +0000 build-centos: .sudo mount -t proc proc /home/user/builder-r4.0/chroot-centos7/proc;\
2018-05-02 16:35:42.494947 +0000 build-centos: fi
2018-05-02 16:35:42.510604 +0000 build-centos: + ERR_OUTPUT=/dev/stderr
2018-05-02 16:35:42.510656 +0000 build-centos: + '[' 2 -lt 2 ']'
2018-05-02 16:35:42.513196 +0000 build-centos: ++ basename qubes-src/gui-common/rpm_spec/gui-common.spec.in
2018-05-02 16:35:42.516801 +0000 build-centos: + [[ xgui-common.spec.in == \x\.\i\n ]]
2018-05-02 16:35:42.516860 +0000 build-centos: + '[' -r qubes-src/gui-common/rpm_spec/gui-common.spec.in ']'
2018-05-02 16:35:42.518167 +0000 build-centos: ++ mktemp --tmpdir tmp.XXXXXX.spec
2018-05-02 16:35:42.522378 +0000 build-centos: + tmp_spec=/tmp/tmp.2XpPhZ.spec
2018-05-02 16:35:42.523982 +0000 build-centos: ++ dirname /home/user/builder-r4.0/qubes-src/builder-rpm/scripts/query-spec
2018-05-02 16:35:42.527468 +0000 build-centos: + /home/user/builder-r4.0/qubes-src/builder-rpm/scripts/generate-spec qubes-src/gui-common/rpm_spec/gui-common.spec.in /tmp/tmp.2XpPhZ.spec
2018-05-02 16:35:42.534271 +0000 build-centos: + '[' 2 -lt 2 ']'
2018-05-02 16:35:42.534333 +0000 build-centos: + '[' -z qubes-src/gui-common ']'
2018-05-02 16:35:42.534374 +0000 build-centos: + cp qubes-src/gui-common/rpm_spec/gui-common.spec.in qubes-src/gui-common/rpm_spec/gui-common.spec.in.tmp
2018-05-02 16:35:42.540988 +0000 build-centos: + cat qubes-src/gui-common/version
2018-05-02 16:35:42.547149 +0000 build-centos: + read ver
2018-05-02 16:35:42.547206 +0000 build-centos: + '[' x == x ']'
2018-05-02 16:35:42.547241 +0000 build-centos: + sed -i 's|@VERSION@|4.0.2|g' qubes-src/gui-common/rpm_spec/gui-common.spec.in.tmp
2018-05-02 16:35:42.554659 +0000 build-centos: + vnum=1
2018-05-02 16:35:42.554713 +0000 build-centos: + read ver
2018-05-02 16:35:42.555921 +0000 build-centos: + '[' -e qubes-src/gui-common/rel ']'
2018-05-02 16:35:42.557246 +0000 build-centos: ++ cat qubes-src/gui-common/rel
2018-05-02 16:35:42.562948 +0000 build-centos: ++ echo 1
2018-05-02 16:35:42.565602 +0000 build-centos: + sed -i -e s:@REL@:1:g -e s:@BACKEND_VMM@:xen:g qubes-src/gui-common/rpm_spec/gui-common.spec.in.tmp
2018-05-02 16:35:42.600922 +0000 build-centos: + '[' -e qubes-src/gui-common/changelog ']'
2018-05-02 16:35:42.600979 +0000 build-centos: + sed -i /@CHANGELOG@/d qubes-src/gui-common/rpm_spec/gui-common.spec.in.tmp
2018-05-02 16:35:42.601010 +0000 build-centos: + cat qubes-src/gui-common/rpm_spec/gui-common.spec.in.tmp
2018-05-02 16:35:42.601038 +0000 build-centos: + rm -rf qubes-src/gui-common/rpm_spec/gui-common.spec.in.tmp
2018-05-02 16:35:42.691569 +0000 build-centos: + rpm -q --qf '%{NAME}-%{VERSION}.tar.gz\n' --specfile /tmp/tmp.2XpPhZ.spec
2018-05-02 16:35:42.923410 +0000 build-centos: + rm -f /tmp/tmp.2XpPhZ.spec
2018-05-02 16:35:42.965274 +0000 build-centos: if ! [ -d /home/user/builder-r4.0/chroot-centos7/tmp/qubes-packages-mirror-repo/rpm ]; then\
2018-05-02 16:35:42.965337 +0000 build-centos: .mkdir -p /home/user/builder-r4.0/chroot-centos7/tmp/qubes-packages-mirror-repo;\
2018-05-02 16:35:42.965377 +0000 build-centos: .sudo mount --bind /home/user/builder-r4.0/qubes-packages-mirror-repo/centos7 /home/user/builder-r4.0/chroot-centos7/tmp/qubes-packages-mirror-repo;\
2018-05-02 16:35:42.965435 +0000 build-centos: fi
2018-05-02 16:35:42.965472 +0000 build-centos: sudo cp /home/user/builder-r4.0/qubes-src/builder-rpm/yum.conf /home/user/builder-r4.0/chroot-centos7/etc/yum.conf
2018-05-02 16:35:43.011678 +0000 build-centos: Makefile.generic:131: target 'generic-prep' does not exist
2018-05-02 16:35:43.011737 +0000 build-centos: if [ -e ""build-logs/gui-common-vm-centos7.log"" ]; then\
2018-05-02 16:35:43.011797 +0000 build-centos:    mv -f ""build-logs/gui-common-vm-centos7.log"" ""build-logs/gui-common-vm-centos7.log".old";\
2018-05-02 16:35:43.011825 +0000 build-centos: fi
2018-05-02 16:35:43.031952 +0000 build-centos: + ERR_OUTPUT=/dev/stderr
2018-05-02 16:35:43.032011 +0000 build-centos: + '[' 2 -lt 2 ']'
2018-05-02 16:35:43.035864 +0000 build-centos: ++ basename qubes-src/gui-common/rpm_spec/gui-common.spec.in
2018-05-02 16:35:43.046492 +0000 build-centos: + [[ xgui-common.spec.in == \x\.\i\n ]]
2018-05-02 16:35:43.046554 +0000 build-centos: + '[' -r qubes-src/gui-common/rpm_spec/gui-common.spec.in ']'
2018-05-02 16:35:43.057023 +0000 build-centos: ++ mktemp --tmpdir tmp.XXXXXX.spec
2018-05-02 16:35:43.080405 +0000 build-centos: + tmp_spec=/tmp/tmp.1ONBTm.spec
2018-05-02 16:35:43.084229 +0000 build-centos: ++ dirname /home/user/builder-r4.0/qubes-src/builder-rpm/scripts/query-spec
2018-05-02 16:35:43.088115 +0000 build-centos: + /home/user/builder-r4.0/qubes-src/builder-rpm/scripts/generate-spec qubes-src/gui-common/rpm_spec/gui-common.spec.in /tmp/tmp.1ONBTm.spec
2018-05-02 16:35:43.094923 +0000 build-centos: + '[' 2 -lt 2 ']'
2018-05-02 16:35:43.094986 +0000 build-centos: + '[' -z qubes-src/gui-common ']'
2018-05-02 16:35:43.095028 +0000 build-centos: + cp qubes-src/gui-common/rpm_spec/gui-common.spec.in qubes-src/gui-common/rpm_spec/gui-common.spec.in.tmp
2018-05-02 16:35:43.102389 +0000 build-centos: + read ver
2018-05-02 16:35:43.104538 +0000 build-centos: + cat qubes-src/gui-common/version
2018-05-02 16:35:43.107094 +0000 build-centos: + '[' x == x ']'
2018-05-02 16:35:43.107157 +0000 build-centos: + sed -i 's|@VERSION@|4.0.2|g' qubes-src/gui-common/rpm_spec/gui-common.spec.in.tmp
2018-05-02 16:35:43.113948 +0000 build-centos: + vnum=1
2018-05-02 16:35:43.113998 +0000 build-centos: + read ver
2018-05-02 16:35:43.126772 +0000 build-centos: + '[' -e qubes-src/gui-common/rel ']'
2018-05-02 16:35:43.137178 +0000 build-centos: ++ cat qubes-src/gui-common/rel
2018-05-02 16:35:43.137236 +0000 build-centos: ++ echo 1
2018-05-02 16:35:43.137276 +0000 build-centos: + sed -i -e s:@REL@:1:g -e s:@BACKEND_VMM@:xen:g qubes-src/gui-common/rpm_spec/gui-common.spec.in.tmp
2018-05-02 16:35:43.143546 +0000 build-centos: + '[' -e qubes-src/gui-common/changelog ']'
2018-05-02 16:35:43.143604 +0000 build-centos: + sed -i /@CHANGELOG@/d qubes-src/gui-common/rpm_spec/gui-common.spec.in.tmp
2018-05-02 16:35:43.152765 +0000 build-centos: + cat qubes-src/gui-common/rpm_spec/gui-common.spec.in.tmp
2018-05-02 16:35:43.155360 +0000 build-centos: + rm -rf qubes-src/gui-common/rpm_spec/gui-common.spec.in.tmp
2018-05-02 16:35:43.159496 +0000 build-centos: + rpm -q --qf '%{NAME}-%{VERSION}.tar.gz\n' --specfile /tmp/tmp.1ONBTm.spec
2018-05-02 16:35:43.265266 +0000 build-centos: + rm -f /tmp/tmp.1ONBTm.spec
2018-05-02 16:35:43.353435 +0000 build-centos: /home/user/builder-r4.0/qubes-src/builder-rpm/Makefile.rpmbuilder:101: target 'dist-prep' does not exist
2018-05-02 16:35:43.353508 +0000 build-centos: true
2018-05-02 16:35:43.353541 +0000 build-centos: + ERR_OUTPUT=/dev/stderr
2018-05-02 16:35:43.353567 +0000 build-centos: + '[' 2 -lt 2 ']'
2018-05-02 16:35:43.353594 +0000 build-centos: ++ basename qubes-src/gui-common/rpm_spec/gui-common.spec.in
2018-05-02 16:35:43.353618 +0000 build-centos: + [[ xgui-common.spec.in == \x\.\i\n ]]
2018-05-02 16:35:43.353643 +0000 build-centos: + '[' -r qubes-src/gui-common/rpm_spec/gui-common.spec.in ']'
2018-05-02 16:35:43.353668 +0000 build-centos: ++ mktemp --tmpdir tmp.XXXXXX.spec
2018-05-02 16:35:43.353690 +0000 build-centos: + tmp_spec=/tmp/tmp.RCAHTD.spec
2018-05-02 16:35:43.353718 +0000 build-centos: ++ dirname /home/user/builder-r4.0/qubes-src/builder-rpm/scripts/query-spec
2018-05-02 16:35:43.353750 +0000 build-centos: + /home/user/builder-r4.0/qubes-src/builder-rpm/scripts/generate-spec qubes-src/gui-common/rpm_spec/gui-common.spec.in /tmp/tmp.RCAHTD.spec
2018-05-02 16:35:43.353773 +0000 build-centos: + '[' 2 -lt 2 ']'
2018-05-02 16:35:43.353795 +0000 build-centos: + '[' -z qubes-src/gui-common ']'
2018-05-02 16:35:43.353847 +0000 build-centos: + cp qubes-src/gui-common/rpm_spec/gui-common.spec.in qubes-src/gui-common/rpm_spec/gui-common.spec.in.tmp
2018-05-02 16:35:43.353869 +0000 build-centos: + read ver
2018-05-02 16:35:43.355084 +0000 build-centos: + cat qubes-src/gui-common/version
2018-05-02 16:35:43.357789 +0000 build-centos: + '[' x == x ']'
2018-05-02 16:35:43.357852 +0000 build-centos: + sed -i 's|@VERSION@|4.0.2|g' qubes-src/gui-common/rpm_spec/gui-common.spec.in.tmp
2018-05-02 16:35:43.364496 +0000 build-centos: + vnum=1
2018-05-02 16:35:43.364552 +0000 build-centos: + read ver
2018-05-02 16:35:43.364959 +0000 build-centos: + '[' -e qubes-src/gui-common/rel ']'
2018-05-02 16:35:43.366731 +0000 build-centos: ++ cat qubes-src/gui-common/rel
2018-05-02 16:35:43.374220 +0000 build-centos: ++ echo 1
2018-05-02 16:35:43.374285 +0000 build-centos: + sed -i -e s:@REL@:1:g -e s:@BACKEND_VMM@:xen:g qubes-src/gui-common/rpm_spec/gui-common.spec.in.tmp
2018-05-02 16:35:43.380278 +0000 build-centos: + '[' -e qubes-src/gui-common/changelog ']'
2018-05-02 16:35:43.380342 +0000 build-centos: + sed -i /@CHANGELOG@/d qubes-src/gui-common/rpm_spec/gui-common.spec.in.tmp
2018-05-02 16:35:43.391917 +0000 build-centos: + cat qubes-src/gui-common/rpm_spec/gui-common.spec.in.tmp
2018-05-02 16:35:43.401663 +0000 build-centos: + rm -rf qubes-src/gui-common/rpm_spec/gui-common.spec.in.tmp
2018-05-02 16:35:43.413024 +0000 build-centos: + rpm -q --qf '%{NAME}-%{VERSION}.tar.gz\n' --specfile /tmp/tmp.RCAHTD.spec
2018-05-02 16:35:43.467276 +0000 build-centos: + rm -f /tmp/tmp.RCAHTD.spec
2018-05-02 16:35:43.482824 +0000 build-centos: Makefile.generic:113: target 'generic-copy-in' does not exist
2018-05-02 16:35:43.482886 +0000 build-centos: mkdir -p /home/user/builder-r4.0/chroot-centos7//home/user/qubes-src
2018-05-02 16:35:43.499650 +0000 build-centos: + ERR_OUTPUT=/dev/stderr
2018-05-02 16:35:43.499711 +0000 build-centos: + '[' 2 -lt 2 ']'
2018-05-02 16:35:43.500132 +0000 build-centos: ++ basename qubes-src/gui-common/rpm_spec/gui-common.spec.in
2018-05-02 16:35:43.507818 +0000 build-centos: + [[ xgui-common.spec.in == \x\.\i\n ]]
2018-05-02 16:35:43.507880 +0000 build-centos: + '[' -r qubes-src/gui-common/rpm_spec/gui-common.spec.in ']'
2018-05-02 16:35:43.507909 +0000 build-centos: ++ mktemp --tmpdir tmp.XXXXXX.spec
2018-05-02 16:35:43.510288 +0000 build-centos: + tmp_spec=/tmp/tmp.3J8mP9.spec
2018-05-02 16:35:43.511789 +0000 build-centos: ++ dirname /home/user/builder-r4.0/qubes-src/builder-rpm/scripts/query-spec
2018-05-02 16:35:43.515420 +0000 build-centos: + /home/user/builder-r4.0/qubes-src/builder-rpm/scripts/generate-spec qubes-src/gui-common/rpm_spec/gui-common.spec.in /tmp/tmp.3J8mP9.spec
2018-05-02 16:35:43.520602 +0000 build-centos: + '[' 2 -lt 2 ']'
2018-05-02 16:35:43.520671 +0000 build-centos: + '[' -z qubes-src/gui-common ']'
2018-05-02 16:35:43.520725 +0000 build-centos: + cp qubes-src/gui-common/rpm_spec/gui-common.spec.in qubes-src/gui-common/rpm_spec/gui-common.spec.in.tmp
2018-05-02 16:35:43.528575 +0000 build-centos: + cat qubes-src/gui-common/version
2018-05-02 16:35:43.530096 +0000 build-centos: + read ver
2018-05-02 16:35:43.531956 +0000 build-centos: + '[' x == x ']'
2018-05-02 16:35:43.532018 +0000 build-centos: + sed -i 's|@VERSION@|4.0.2|g' qubes-src/gui-common/rpm_spec/gui-common.spec.in.tmp
2018-05-02 16:35:43.539917 +0000 build-centos: + vnum=1
2018-05-02 16:35:43.539967 +0000 build-centos: + read ver
2018-05-02 16:35:43.539997 +0000 build-centos: + '[' -e qubes-src/gui-common/rel ']'
2018-05-02 16:35:43.541580 +0000 build-centos: ++ cat qubes-src/gui-common/rel
2018-05-02 16:35:43.546253 +0000 build-centos: ++ echo 1
2018-05-02 16:35:43.547148 +0000 build-centos: + sed -i -e s:@REL@:1:g -e s:@BACKEND_VMM@:xen:g qubes-src/gui-common/rpm_spec/gui-common.spec.in.tmp
2018-05-02 16:35:43.553271 +0000 build-centos: + '[' -e qubes-src/gui-common/changelog ']'
2018-05-02 16:35:43.553328 +0000 build-centos: + sed -i /@CHANGELOG@/d qubes-src/gui-common/rpm_spec/gui-common.spec.in.tmp
2018-05-02 16:35:43.558983 +0000 build-centos: + cat qubes-src/gui-common/rpm_spec/gui-common.spec.in.tmp
2018-05-02 16:35:43.564257 +0000 build-centos: + rm -rf qubes-src/gui-common/rpm_spec/gui-common.spec.in.tmp
2018-05-02 16:35:43.597476 +0000 build-centos: + rpm -q --qf '%{NAME}-%{VERSION}.tar.gz\n' --specfile /tmp/tmp.3J8mP9.spec
2018-05-02 16:35:43.658168 +0000 build-centos: + rm -f /tmp/tmp.3J8mP9.spec
2018-05-02 16:35:43.685279 +0000 build-centos: cp Makefile.generic /home/user/builder-r4.0/chroot-centos7//home/user/
2018-05-02 16:35:43.685351 +0000 build-centos: cp /home/user/builder-r4.0/qubes-src/builder-rpm/Makefile.rpmbuilder /home/user/builder-r4.0/qubes-src/builder-github//Makefile.github /home/user/builder-r4.0/chroot-centos7//home/user/
2018-05-02 16:35:43.690383 +0000 build-centos: rm -rf /home/user/builder-r4.0/chroot-centos7//home/user/qubes-src/gui-common
2018-05-02 16:35:43.726499 +0000 build-centos: cp -alt /home/user/builder-r4.0/chroot-centos7//home/user/qubes-src/ qubes-src/gui-common
2018-05-02 16:35:43.801062 +0000 build-centos: + ERR_OUTPUT=/dev/stderr
2018-05-02 16:35:43.802519 +0000 build-centos: + '[' 2 -lt 2 ']'
2018-05-02 16:35:43.808858 +0000 build-centos: ++ basename qubes-src/gui-common/rpm_spec/gui-common.spec.in
2018-05-02 16:35:43.808919 +0000 build-centos: + [[ xgui-common.spec.in == \x\.\i\n ]]
2018-05-02 16:35:43.808954 +0000 build-centos: + '[' -r qubes-src/gui-common/rpm_spec/gui-common.spec.in ']'
2018-05-02 16:35:43.812887 +0000 build-centos: ++ mktemp --tmpdir tmp.XXXXXX.spec
2018-05-02 16:35:43.822161 +0000 build-centos: + tmp_spec=/tmp/tmp.9slJvm.spec
2018-05-02 16:35:43.822236 +0000 build-centos: ++ dirname /home/user/builder-r4.0/qubes-src/builder-rpm/scripts/query-spec
2018-05-02 16:35:43.827925 +0000 build-centos: + /home/user/builder-r4.0/qubes-src/builder-rpm/scripts/generate-spec qubes-src/gui-common/rpm_spec/gui-common.spec.in /tmp/tmp.9slJvm.spec
2018-05-02 16:35:43.841674 +0000 build-centos: + '[' 2 -lt 2 ']'
2018-05-02 16:35:43.841738 +0000 build-centos: + '[' -z qubes-src/gui-common ']'
2018-05-02 16:35:43.841779 +0000 build-centos: + cp qubes-src/gui-common/rpm_spec/gui-common.spec.in qubes-src/gui-common/rpm_spec/gui-common.spec.in.tmp
2018-05-02 16:35:43.860230 +0000 build-centos: + read ver
2018-05-02 16:35:43.864219 +0000 build-centos: + cat qubes-src/gui-common/version
2018-05-02 16:35:43.868060 +0000 build-centos: + '[' x == x ']'
2018-05-02 16:35:43.868135 +0000 build-centos: + sed -i 's|@VERSION@|4.0.2|g' qubes-src/gui-common/rpm_spec/gui-common.spec.in.tmp
2018-05-02 16:35:43.874061 +0000 build-centos: + vnum=1
2018-05-02 16:35:43.874120 +0000 build-centos: + read ver
2018-05-02 16:35:43.875653 +0000 build-centos: + '[' -e qubes-src/gui-common/rel ']'
2018-05-02 16:35:43.876365 +0000 build-centos: ++ cat qubes-src/gui-common/rel
2018-05-02 16:35:43.881792 +0000 build-centos: ++ echo 1
2018-05-02 16:35:43.881853 +0000 build-centos: + sed -i -e s:@REL@:1:g -e s:@BACKEND_VMM@:xen:g qubes-src/gui-common/rpm_spec/gui-common.spec.in.tmp
2018-05-02 16:35:43.886983 +0000 build-centos: + '[' -e qubes-src/gui-common/changelog ']'
2018-05-02 16:35:43.887039 +0000 build-centos: + sed -i /@CHANGELOG@/d qubes-src/gui-common/rpm_spec/gui-common.spec.in.tmp
2018-05-02 16:35:43.894577 +0000 build-centos: + cat qubes-src/gui-common/rpm_spec/gui-common.spec.in.tmp
2018-05-02 16:35:43.928067 +0000 build-centos: + rm -rf qubes-src/gui-common/rpm_spec/gui-common.spec.in.tmp
2018-05-02 16:35:43.933725 +0000 build-centos: + rpm -q --qf '%{NAME}-%{VERSION}.tar.gz\n' --specfile /tmp/tmp.9slJvm.spec
2018-05-02 16:35:43.991281 +0000 build-centos: + rm -f /tmp/tmp.9slJvm.spec
2018-05-02 16:35:44.006060 +0000 build-centos: + ERR_OUTPUT=/dev/stderr
2018-05-02 16:35:44.006113 +0000 build-centos: + '[' 2 -lt 2 ']'
2018-05-02 16:35:44.008208 +0000 build-centos: ++ basename qubes-src/gui-common/rpm_spec/gui-common.spec.in
2018-05-02 16:35:44.017854 +0000 build-centos: + [[ xgui-common.spec.in == \x\.\i\n ]]
2018-05-02 16:35:44.017914 +0000 build-centos: + '[' -r qubes-src/gui-common/rpm_spec/gui-common.spec.in ']'
2018-05-02 16:35:44.017960 +0000 build-centos: ++ mktemp --tmpdir tmp.XXXXXX.spec
2018-05-02 16:35:44.018355 +0000 build-centos: + tmp_spec=/tmp/tmp.9DpkKH.spec
2018-05-02 16:35:44.044807 +0000 build-centos: ++ dirname /home/user/builder-r4.0/qubes-src/builder-rpm/scripts/query-spec
2018-05-02 16:35:44.048087 +0000 build-centos: + /home/user/builder-r4.0/qubes-src/builder-rpm/scripts/generate-spec qubes-src/gui-common/rpm_spec/gui-common.spec.in /tmp/tmp.9DpkKH.spec
2018-05-02 16:35:44.054572 +0000 build-centos: + '[' 2 -lt 2 ']'
2018-05-02 16:35:44.054631 +0000 build-centos: + '[' -z qubes-src/gui-common ']'
2018-05-02 16:35:44.054669 +0000 build-centos: + cp qubes-src/gui-common/rpm_spec/gui-common.spec.in qubes-src/gui-common/rpm_spec/gui-common.spec.in.tmp
2018-05-02 16:35:44.062809 +0000 build-centos: + cat qubes-src/gui-common/version
2018-05-02 16:35:44.062866 +0000 build-centos: + read ver
2018-05-02 16:35:44.065855 +0000 build-centos: + '[' x == x ']'
2018-05-02 16:35:44.065923 +0000 build-centos: + sed -i 's|@VERSION@|4.0.2|g' qubes-src/gui-common/rpm_spec/gui-common.spec.in.tmp
2018-05-02 16:35:44.076449 +0000 build-centos: + vnum=1
2018-05-02 16:35:44.076538 +0000 build-centos: + read ver
2018-05-02 16:35:44.076572 +0000 build-centos: + '[' -e qubes-src/gui-common/rel ']'
2018-05-02 16:35:44.076601 +0000 build-centos: ++ cat qubes-src/gui-common/rel
2018-05-02 16:35:44.080202 +0000 build-centos: ++ echo 1
2018-05-02 16:35:44.080263 +0000 build-centos: + sed -i -e s:@REL@:1:g -e s:@BACKEND_VMM@:xen:g qubes-src/gui-common/rpm_spec/gui-common.spec.in.tmp
2018-05-02 16:35:44.090309 +0000 build-centos: + '[' -e qubes-src/gui-common/changelog ']'
2018-05-02 16:35:44.090366 +0000 build-centos: + sed -i /@CHANGELOG@/d qubes-src/gui-common/rpm_spec/gui-common.spec.in.tmp
2018-05-02 16:35:44.092877 +0000 build-centos: + cat qubes-src/gui-common/rpm_spec/gui-common.spec.in.tmp
2018-05-02 16:35:44.098009 +0000 build-centos: + rm -rf qubes-src/gui-common/rpm_spec/gui-common.spec.in.tmp
2018-05-02 16:35:44.103299 +0000 build-centos: + rpm -q --qf '%{NAME}-%{VERSION}.tar.gz\n' --specfile /tmp/tmp.9DpkKH.spec
2018-05-02 16:35:44.161357 +0000 build-centos: + rm -f /tmp/tmp.9DpkKH.spec
2018-05-02 16:35:44.167384 +0000 build-centos: Makefile.generic:108: target 'make-git-tarball' does not exist
2018-05-02 16:35:44.167460 +0000 build-centos: mkdir -p /home/user/builder-r4.0/chroot-centos7/home/user/qubes-src/gui-common
2018-05-02 16:35:44.182634 +0000 build-centos: + ERR_OUTPUT=/dev/stderr
2018-05-02 16:35:44.182686 +0000 build-centos: + '[' 2 -lt 2 ']'
2018-05-02 16:35:44.184100 +0000 build-centos: ++ basename qubes-src/gui-common/rpm_spec/gui-common.spec.in
2018-05-02 16:35:44.191331 +0000 build-centos: + [[ xgui-common.spec.in == \x\.\i\n ]]
2018-05-02 16:35:44.191392 +0000 build-centos: + '[' -r qubes-src/gui-common/rpm_spec/gui-common.spec.in ']'
2018-05-02 16:35:44.191442 +0000 build-centos: ++ mktemp --tmpdir tmp.XXXXXX.spec
2018-05-02 16:35:44.192987 +0000 build-centos: + tmp_spec=/tmp/tmp.Eh7QQk.spec
