2018-12-04 01:49:45.202103 +0000 > starting log
2018-12-04 01:49:45.203430 +0000 build-centos: > starting build with log
2018-12-04 01:49:45.203458 +0000 build-centos: >> make args: update-repo-security-testing
2018-12-04 01:49:45.203474 +0000 build-centos: >> MAKEFLAGS=
2018-12-04 01:49:45.203488 +0000 build-centos: >> COMPONENTS=mgmt-salt-dom0-virtual-machines
2018-12-04 01:49:45.203500 +0000 build-centos: >> DISTS_VM=
2018-12-04 01:49:45.203510 +0000 build-centos: >> DIST_DOM0=
2018-12-04 01:49:45.203524 +0000 build-centos: >> qubes-builder c03261cdbefa3efa988ac0636a8323c5681df1d9
2018-12-04 01:49:45.203539 +0000 build-centos: >> qubes-builder/qubes-src/mgmt-salt-dom0-virtual-machines 4476968ee23fd320402fc6f5a1fa80ad7201df89
2018-12-04 01:49:45.426425 +0000 build-centos: ================================================================================
2018-12-04 01:49:45.426471 +0000 build-centos:                            B U I L D   I N F O                                  
2018-12-04 01:49:45.426493 +0000 build-centos: Items in red indicate it was automatically generated by configuration file(s)
2018-12-04 01:49:45.426512 +0000 build-centos: Items in white indicate it was automatically removed by configuration file(s)
2018-12-04 01:49:45.426528 +0000 build-centos: ================================================================================
2018-12-04 01:49:45.426541 +0000 build-centos: DISTS_VM:
2018-12-04 01:49:45.433213 +0000 build-centos:     
2018-12-04 01:49:45.435615 +0000 build-centos: DISTS_ALL:
2018-12-04 01:49:45.442227 +0000 build-centos:     
2018-12-04 01:49:45.443273 +0000 build-centos: DIST_DOM0:
2018-12-04 01:49:45.452968 +0000 build-centos:     
2018-12-04 01:49:45.457171 +0000 build-centos: BUILDER_PLUGINS:
2018-12-04 01:49:45.523690 +0000 build-centos:      builder-rpm, mgmt-salt, linux-yum, builder-github,
2018-12-04 01:49:45.523729 +0000 build-centos: COMPONENTS:
2018-12-04 01:49:45.523747 +0000 build-centos:      mgmt-salt-dom0-virtual-machines,
2018-12-04 01:49:45.523760 +0000 build-centos: GIT_REPOS:
2018-12-04 01:49:45.523774 +0000 build-centos:      qubes-src/mgmt-salt-dom0-virtual-machines,
2018-12-04 01:49:45.523788 +0000 build-centos: TEMPLATE:
2018-12-04 01:49:45.523799 +0000 build-centos:     
2018-12-04 01:49:45.523811 +0000 build-centos: TEMPLATE_FLAVOR_DIR:
2018-12-04 01:49:45.523822 +0000 build-centos:     
2018-12-04 01:49:45.523833 +0000 build-centos: TEMPLATE_ALIAS:
2018-12-04 01:49:45.523847 +0000 build-centos:      jessie:jessie+standard, jessie+gnome:jessie+gnome+standard,
2018-12-04 01:49:45.523864 +0000 build-centos:      jessie+minimal:jessie+minimal+no-recommends, stretch:stretch+standard, stretch+gnome:stretch+gnome+standard,
2018-12-04 01:49:45.523881 +0000 build-centos:      stretch+minimal:stretch+minimal+no-recommends, whonix-gateway:jessie+whonix-gateway+minimal+no-recommends,
2018-12-04 01:49:45.523896 +0000 build-centos:      whonix-workstation:jessie+whonix-workstation+minimal+no-recommends,
2018-12-04 01:49:45.523910 +0000 build-centos:      whonix-gateway-14:stretch+whonix-gateway+minimal+no-recommends,
2018-12-04 01:49:45.523925 +0000 build-centos:      whonix-workstation-14:stretch+whonix-workstation+minimal+no-recommends,
2018-12-04 01:49:45.523936 +0000 build-centos: TEMPLATE_LABEL:
2018-12-04 01:49:45.527414 +0000 build-centos:      fc20:fedora-20 fc21:fedora-21 fc22:fedora-22 fc23:fedora-23 fc24:fedora-24 fc25:fedora-25
2018-12-04 01:49:45.527457 +0000 build-centos:      fc26:fedora-26 fc27:fedora-27 fc28:fedora-28 fc29:fedora-29 fc20+minimal:fedora-20-minimal
2018-12-04 01:49:45.527477 +0000 build-centos:      fc21+minimal:fedora-21-minimal fc23+minimal:fedora-23-minimal fc24+minimal:fedora-24-minimal
2018-12-04 01:49:45.527495 +0000 build-centos:      fc25+minimal:fedora-25-minimal fc26+minimal:fedora-26-minimal fc27+minimal:fedora-27-minimal
2018-12-04 01:49:45.527511 +0000 build-centos:      fc28+minimal:fedora-28-minimal fc29+minimal:fedora-29-minimal fc25+xfce:fedora-25-xfce
2018-12-04 01:49:45.527528 +0000 build-centos:      fc26+xfce:fedora-26-xfce fc27+xfce:fedora-27-xfce fc28+xfce:fedora-28-xfce fc29+xfce:fedora-29-xfce
2018-12-04 01:49:45.527560 +0000 build-centos:      wheezy:debian-7 wheezy+standard:debian-7 jessie:debian-8 jessie+standard:debian-8
2018-12-04 01:49:45.527577 +0000 build-centos:      stretch:debian-9 stretch+standard:debian-9 centos7:centos-7 centos7+minimal:centos-7-minimal
2018-12-04 01:49:45.527593 +0000 build-centos:      centos7+xfce:centos-7-xfce jessie+whonix-gateway+minimal+no-recommends:whonix-gw
2018-12-04 01:49:45.527607 +0000 build-centos:      jessie+whonix-workstation+minimal+no-recommends:whonix-ws
2018-12-04 01:49:45.527621 +0000 build-centos:      stretch+whonix-gateway+minimal+no-recommends:whonix-gw-14
2018-12-04 01:49:45.527635 +0000 build-centos:      stretch+whonix-workstation+minimal+no-recommends:whonix-ws-14
2018-12-04 01:49:45.565583 +0000 build-centos: > running make
2018-12-04 01:49:45.645899 +0000 build-centos: Makefile:852: target 'post-update-repo-security-testing' does not exist
2018-12-04 01:49:45.645939 +0000 build-centos: for dist in  ; do \
2018-12-04 01:49:45.645957 +0000 build-centos: .repo_base_var="LINUX_REPO_${dist}_BASEDIR"; \
2018-12-04 01:49:45.645971 +0000 build-centos: .if [ -n "${!repo_base_var}" ]; then \
2018-12-04 01:49:45.645984 +0000 build-centos: ..repo_basedir="${!repo_base_var}"; \
2018-12-04 01:49:45.645995 +0000 build-centos: .else \
2018-12-04 01:49:45.646009 +0000 build-centos: ..repo_basedir="qubes-src/linux-yum/r4.0"; \
2018-12-04 01:49:45.646019 +0000 build-centos: .fi; \
2018-12-04 01:49:45.646032 +0000 build-centos: .repos_to_update="$repos_to_update $repo_basedir"; \
2018-12-04 01:49:45.646043 +0000 build-centos: done; \
2018-12-04 01:49:45.646057 +0000 build-centos: for repo in `echo $repos_to_update|tr ' ' '\n'|sort|uniq`; do \
2018-12-04 01:49:45.646069 +0000 build-centos: .[ -z "$repo" ] && continue; \
2018-12-04 01:49:45.646083 +0000 build-centos: .[ -x "$repo/../update_repo-security-testing.sh" ] || continue; \
2018-12-04 01:49:45.646097 +0000 build-centos: .(cd $repo/.. && ./update_repo-security-testing.sh r4.0); \
2018-12-04 01:49:45.646107 +0000 build-centos: done
2018-12-04 01:49:45.660969 +0000 build-centos: Makefile:758: update target 'update-repo-security-testing' due to: post-update-repo-security-testing
2018-12-04 01:49:45.661011 +0000 build-centos: true
2018-12-04 01:49:45.665127 +0000 build-centos: > done
2018-12-04 01:49:45.665170 +0000 > closing log
