2020-04-22 04:35:33.550846 +0000 > starting log
2020-04-22 04:35:33.551153 +0000 build-centos: > starting build with log
2020-04-22 04:35:33.551181 +0000 build-centos: >> make args: DISTS_VM= centos8 DIST_DOM0= BUILD_LOGS_URL= manager-vm-centos8=https://github.com/QubesOS/build-logs/tree/master/build-centos/log_2020-04-22_04-32-18 GIT_URL_manager=https://github.com/QubesOS/qubes-manager sign-all update-repo-current-testing
2020-04-22 04:35:33.551191 +0000 build-centos: >> MAKEFLAGS=
2020-04-22 04:35:33.551200 +0000 build-centos: >> COMPONENTS=manager
2020-04-22 04:35:33.551207 +0000 build-centos: >> DISTS_VM=
2020-04-22 04:35:33.551214 +0000 build-centos: >> DIST_DOM0=
2020-04-22 04:35:33.551224 +0000 build-centos: >> qubes-builder cbfd245af74d9a5aeebd2e08c1e4eba03c9dd7a9
2020-04-22 04:35:33.551232 +0000 build-centos: ?? rpmdb/Basenames
2020-04-22 04:35:33.551239 +0000 build-centos: ?? rpmdb/Conflictname
2020-04-22 04:35:33.551247 +0000 build-centos: ?? rpmdb/Dirnames
2020-04-22 04:35:33.551254 +0000 build-centos: ?? rpmdb/Enhancename
2020-04-22 04:35:33.551262 +0000 build-centos: ?? rpmdb/Filetriggername
2020-04-22 04:35:33.551269 +0000 build-centos: ?? rpmdb/Group
2020-04-22 04:35:33.551299 +0000 build-centos: ?? rpmdb/Installtid
2020-04-22 04:35:33.551308 +0000 build-centos: ?? rpmdb/Name
2020-04-22 04:35:33.551316 +0000 build-centos: ?? rpmdb/Obsoletename
2020-04-22 04:35:33.551323 +0000 build-centos: ?? rpmdb/Packages
2020-04-22 04:35:33.551331 +0000 build-centos: ?? rpmdb/Providename
2020-04-22 04:35:33.551338 +0000 build-centos: ?? rpmdb/Recommendname
2020-04-22 04:35:33.551346 +0000 build-centos: ?? rpmdb/Requirename
2020-04-22 04:35:33.551353 +0000 build-centos: ?? rpmdb/Sha1header
2020-04-22 04:35:33.553201 +0000 build-centos: ?? rpmdb/Sigmd5
2020-04-22 04:35:33.553247 +0000 build-centos: ?? rpmdb/Suggestname
2020-04-22 04:35:33.553258 +0000 build-centos: ?? rpmdb/Supplementname
2020-04-22 04:35:33.553266 +0000 build-centos: ?? rpmdb/Transfiletriggername
2020-04-22 04:35:33.553274 +0000 build-centos: ?? rpmdb/Triggername
2020-04-22 04:35:33.553296 +0000 build-centos: ?? rpmdb/__db.001
2020-04-22 04:35:33.553303 +0000 build-centos: ?? rpmdb/__db.002
2020-04-22 04:35:33.553310 +0000 build-centos: ?? rpmdb/__db.003
2020-04-22 04:35:33.553325 +0000 build-centos: b3ba65b20ad8397ea48bc02a41a92af8a2808a511a294f9098198efd1272801498dc45bb34b94723bd36f5f7c8d694963aba91d20195c41ac8b324aa3227a8a5  rpmdb/Basenames
2020-04-22 04:35:33.553341 +0000 build-centos: 4d4e1f3216fd38e13009d078a55d43c963fb8111c1b65cdc0b2a42446b0669fef17ec30921d9b6b5d01119fe05403c43a11b4ae825b6f721a4ef5c979f5194a1  rpmdb/Conflictname
2020-04-22 04:35:33.553355 +0000 build-centos: dd351a3536823a32dcf429eba807bd154716f3f622521045fff713c9d427d095c6c4f8c28c165510736c4d0d9c356b908bd60a4cbd2f16e6819c3fe97314b804  rpmdb/Dirnames
2020-04-22 04:35:33.553370 +0000 build-centos: 5795e9a66cc018f12239f3002654287a81c95c96ff480826cf5f63a9ba2adc3fbbbdb96c9c9b0830d2db0c11ae96882cbddf0e0a3608bb035db80ef722b4c67b  rpmdb/Enhancename
2020-04-22 04:35:33.553385 +0000 build-centos: 9f6850dc53fa87911f24d4770878d7e530b5f2841ad726b57096fdd3a8f8d987bce2ef82a4cdc15bbd4f38ff4adb70eee3d75376d0c41ddd8221983d64e21dd8  rpmdb/Filetriggername
2020-04-22 04:35:33.553426 +0000 build-centos: ff6c03da45d0961f661b5f00d0614e3a694795b1e2abe92157f5aa9e5390187461db2d5ee4291c1fe3b860bd40aeaa54a37a1f9526017297400985a2b041b260  rpmdb/Group
2020-04-22 04:35:33.553442 +0000 build-centos: 89a58b3eda5b8fa74e69199b407fe4dd77b2d0ad524dd8e83c31539937a9947c0b0b67446dd2a097f18f543116ebd48b475f48c91401c57ec177bd2831f4e234  rpmdb/Installtid
2020-04-22 04:35:33.553457 +0000 build-centos: 198f54f225bf04d038dc3766d65e021f719524f7557231cfb009efc6d2a0d1ace0a49de1c25df69fdb690d875e76568d2112c34daef86a51cc4417fb65b55869  rpmdb/Name
2020-04-22 04:35:33.553471 +0000 build-centos: 935dc76465607162a78527633505bd3fc681cfe4685ff60920ea0b876be1a7e238b13b0f468c934d2f17c45564ed100e465d61becab15b02113844ca7d8c2a9e  rpmdb/Obsoletename
2020-04-22 04:35:33.553485 +0000 build-centos: 5437bea77c65a61db55daf6419622659fe3b70799c4327b98ea3ddee1904a5a09080a9db022b1986012da41d27e6d616ebe1251c9a531a518bcd6d4d50aa110b  rpmdb/Packages
2020-04-22 04:35:33.553517 +0000 build-centos: 6170127dbe34fa67ac906579ceeaeec0362eaba66da7232e829f5a30e8fcc873845cfecaae5d52de59f456a7367317dbc91861df8970e00767d6b204dad88a8e  rpmdb/Providename
2020-04-22 04:35:33.553533 +0000 build-centos: 5898e0f37dedcb3cbaee55ba2f0735c2ccac50f17fd0aab3a19620cb22e8cca65e5fbc66bf1ced8633c4728485ad773b5c7e53380a15c17227bab05164ddb3f5  rpmdb/Recommendname
2020-04-22 04:35:33.553548 +0000 build-centos: ed2f7f9a168805dff523b5f862ab8499f5887d992ab894b0bea3bcc51d91447da39148d82f30451c699e1ca510c25bdea5c2c9ebe04fa831419135c013efc30c  rpmdb/Requirename
2020-04-22 04:35:33.553562 +0000 build-centos: a4b9a8022662eccf09a3fd0c585b8fcfd0f696c07efc54238506e5e73900fba80d3147f87985ec3c3356c4ee80ac8117b3a77b5a07adad12d6f74bdb42488f39  rpmdb/Sha1header
2020-04-22 04:35:33.553576 +0000 build-centos: b734cc7259e75b320f9796f07c093da3c977fcddfb37a185d5f882f4978c6457c78aacb2844087cd89fa6f83e8c7a2b232f8251f916ed018a6d69d9ef92a8ac6  rpmdb/Sigmd5
2020-04-22 04:35:33.553591 +0000 build-centos: 61acc9f56a6b6aa630e970e9c486a57436b6ec91374c2d366549b87867257161f394e8506b4b4003aa3b174f684a9f3349a3d70acfbaba4c3801ead596274444  rpmdb/Suggestname
2020-04-22 04:35:33.553606 +0000 build-centos: ad0f20f1098996fa85cca05f53b2ab8b0d1992056b91e979c400694ada9aaf6418d73ee3473533e5506107a31e969b47ebb7dee9941cdcb8790ca74ba488c8bb  rpmdb/Supplementname
2020-04-22 04:35:33.553621 +0000 build-centos: 709af9a1a8a19e21e2fcb86679f553878263805888bd8f6d1fe1491de1893cb661d4d3c260104ae74a223906902183fda7cc2c546c6783820e60b276b1e3129f  rpmdb/Transfiletriggername
2020-04-22 04:35:33.553637 +0000 build-centos: 037484bfa482f52747a983c94b2ea6ca8fdb3c1e7a0c6c5a9808e9660780e811933afe7bfb7545f49ee4ad8f846b3ecaf392b0a00bdcee4357848da19f160813  rpmdb/Triggername
2020-04-22 04:35:33.553652 +0000 build-centos: 7b61fc6f990fa4addbae3a99de450ade03eaa8806e851c4c353b93fd23dcdff9a939c95c6463d05cc47edc6f37025ab6e09bcab9d97fa4abfbc4fe611b3a5fc6  rpmdb/__db.001
2020-04-22 04:35:33.553666 +0000 build-centos: 6a658b2547651108a961cfb6a067adf8af54654483427502549e87e1377359376d5fe775312aaeb7131039a19e770583c632632de7cf52c2cb2a0de2d4b8c737  rpmdb/__db.002
2020-04-22 04:35:33.553681 +0000 build-centos: 9144aef7c206b80f66509687166f7edf8e927b666ce92e90134132e3085ced1121f089b7465022a1c6bc4ba2214b4aa35dffc10f9d56cdecf1e079e5f9c0cc95  rpmdb/__db.003
2020-04-22 04:35:33.553705 +0000 build-centos: >> qubes-builder/qubes-src/manager cf3f102ed7911fbed25870a7079fb448832e2de6
2020-04-22 04:35:33.553714 +0000 build-centos: !! pkgs/vm-centos7/qmgr.spec.list
2020-04-22 04:35:33.553725 +0000 build-centos: !! pkgs/vm-centos7/qubes-manager-4.1.1-1.centos7.x86_64.buildinfo
2020-04-22 04:35:33.553735 +0000 build-centos: !! pkgs/vm-centos7/qubes-manager-4.1.2-1.centos7.x86_64.buildinfo
2020-04-22 04:35:33.553745 +0000 build-centos: !! pkgs/vm-centos7/qubes-manager-4.1.3-1.centos7.x86_64.buildinfo
2020-04-22 04:35:33.553755 +0000 build-centos: !! pkgs/vm-centos7/qubes-manager-4.1.4-1.centos7.x86_64.buildinfo
2020-04-22 04:35:33.553764 +0000 build-centos: !! pkgs/vm-centos7/qubes-manager-4.1.5-1.centos7.x86_64.buildinfo
2020-04-22 04:35:33.553774 +0000 build-centos: !! pkgs/vm-centos7/qubes-manager-4.1.6-1.centos7.x86_64.buildinfo
2020-04-22 04:35:33.553784 +0000 build-centos: !! pkgs/vm-centos7/qubes-manager-4.1.7-1.centos7.x86_64.buildinfo
2020-04-22 04:35:33.553792 +0000 build-centos: !! pkgs/vm-centos8/qmgr.spec.list
2020-04-22 04:35:33.553802 +0000 build-centos: !! pkgs/vm-centos8/qubes-manager-4.1.7-1.centos8.noarch.rpm
2020-04-22 04:35:33.553812 +0000 build-centos: !! pkgs/vm-centos8/qubes-manager-4.1.7-1.centos8.src.rpm
2020-04-22 04:35:33.553822 +0000 build-centos: !! pkgs/vm-centos8/qubes-manager-4.1.7-1.centos8.x86_64.buildinfo
2020-04-22 04:35:33.553838 +0000 build-centos: 52a694e24770af17c35cb083819a8b2e82c3e31c3c69d1e7827283516cc2059b91c369e364f6ac8edcdb13fb5288af0680d28d6397fc7d46e425754c1cbc8e32  pkgs/vm-centos7/qmgr.spec.list
2020-04-22 04:35:33.553861 +0000 build-centos: 2878155cdd29395378d0d5e3e4dd637bd58d013aa8c5662808b877f431b29ba4d8805ad14f3c4f62f1596cecf8fbdc2f2568784e7274f342c881c43dd636facd  pkgs/vm-centos7/qubes-manager-4.1.1-1.centos7.x86_64.buildinfo
2020-04-22 04:35:33.553880 +0000 build-centos: 6eeba702aa75a5a849a8cb9ac7e2a894711bdefa51020e0562ae33d6ca8b697553abd8140a7e1a0d6f7233a6e3bed7aafbc8ecaa43b6a6d36cd52bad20341557  pkgs/vm-centos7/qubes-manager-4.1.2-1.centos7.x86_64.buildinfo
2020-04-22 04:35:33.553897 +0000 build-centos: a9dcc16ad2a1a4693031c466ae7b80a307895c20a7f10f3df1c830e5a115362d47bb3226780c8fc010a318d35ca309aa64cf13fe6133af3ae036db20d89246a2  pkgs/vm-centos7/qubes-manager-4.1.3-1.centos7.x86_64.buildinfo
2020-04-22 04:35:33.553914 +0000 build-centos: 633be24ee2a9a3e51dddee8ba1fda4050f8c332ae45d235ec1162df5d441801b9d5663f10268c50cbe44a68c9e0736458b592567d1bbf80c608dcfb6e7a495b6  pkgs/vm-centos7/qubes-manager-4.1.4-1.centos7.x86_64.buildinfo
2020-04-22 04:35:33.553931 +0000 build-centos: c8f4702d2563871b25d339060b60c8592a6446d07bc7b27f74dd14c9587f256ea5634a8ec95d3b733ab18ce1fe7527c95cf2e85b1e1ea47aa89b174376572e30  pkgs/vm-centos7/qubes-manager-4.1.5-1.centos7.x86_64.buildinfo
2020-04-22 04:35:33.553949 +0000 build-centos: b85f68df8a00892f10836f641f361f2ffd04675d8c835ac4b52365615da932cf76c9412e1a8fec31bf15054e93a356cf6ac2b4fc1d4535fdbdb5f55f35c947b1  pkgs/vm-centos7/qubes-manager-4.1.6-1.centos7.x86_64.buildinfo
2020-04-22 04:35:33.553966 +0000 build-centos: f7acb5c54f412c7f4ceb972f5833656de5697cf97a8346afd63fbb61e628437f8a8e96dc8eb66f6402b25ee3ef93e174a1dc4f343e0a5bfb441aafcf965cbf09  pkgs/vm-centos7/qubes-manager-4.1.7-1.centos7.x86_64.buildinfo
2020-04-22 04:35:33.553981 +0000 build-centos: e3815d7864db353a9e522f0aa7f1ac3a89dd91bee927db19b708f89e9b68a14b4c92fc6ebcf3c224c17f8e376cec3a1c659f7c10247ae7a24ee8f03f14edf3a3  pkgs/vm-centos8/qmgr.spec.list
2020-04-22 04:35:33.553998 +0000 build-centos: 94747686b7f99f73c970e72c63faee43ca45855f6b036011879838a8014840e4e6da68f4c333b57546db5ac84046e3e85d6c9a32b8f4b38f3c2f7f8cac89fd7d  pkgs/vm-centos8/qubes-manager-4.1.7-1.centos8.noarch.rpm
2020-04-22 04:35:33.554015 +0000 build-centos: 675a978ab162a600e3fc33d7d613792b884a3607b7a280fdf46f290da1431c61c144029a32a696405831e18f3b8369ed3063915c36c68fb6a22c1cb450b413a2  pkgs/vm-centos8/qubes-manager-4.1.7-1.centos8.src.rpm
2020-04-22 04:35:33.554033 +0000 build-centos: 2999cfe6e1b29ea247d8ad299157aa4efac74a06a993f12b0bb3b03ca2f2646b821237b654fd2fdc32a2e1d3801d3a7981022a431e078546a8f83fd9f2820aca  pkgs/vm-centos8/qubes-manager-4.1.7-1.centos8.x86_64.buildinfo
2020-04-22 04:35:33.554044 +0000 build-centos: ================================================================================
2020-04-22 04:35:33.554055 +0000 build-centos:                            B U I L D   I N F O                                  
2020-04-22 04:35:33.554066 +0000 build-centos: Items in red indicate it was automatically generated by configuration file(s)
2020-04-22 04:35:33.554077 +0000 build-centos: Items in white indicate it was automatically removed by configuration file(s)
2020-04-22 04:35:33.554088 +0000 build-centos: ================================================================================
2020-04-22 04:35:33.554096 +0000 build-centos: DISTS_VM:
2020-04-22 04:35:33.554104 +0000 build-centos:      centos7, centos8,
2020-04-22 04:35:33.554111 +0000 build-centos: DISTS_ALL:
2020-04-22 04:35:33.554119 +0000 build-centos:      vm-centos7, vm-centos8,
2020-04-22 04:35:33.554126 +0000 build-centos: DIST_DOM0:
2020-04-22 04:35:33.554133 +0000 build-centos:     
2020-04-22 04:35:33.554140 +0000 build-centos: BUILDER_PLUGINS:
2020-04-22 04:35:33.554152 +0000 build-centos:      builder-rpm, builder-debian, mgmt-salt, linux-yum, release-configs, builder-github,
2020-04-22 04:35:33.554159 +0000 build-centos: COMPONENTS:
2020-04-22 04:35:33.556853 +0000 build-centos:      manager,
2020-04-22 04:35:33.556911 +0000 build-centos: GIT_REPOS:
2020-04-22 04:35:33.563413 +0000 build-centos:      qubes-src/manager,
2020-04-22 04:35:33.563455 +0000 build-centos: TEMPLATE:
2020-04-22 04:35:33.567643 +0000 build-centos:     
2020-04-22 04:35:33.567686 +0000 build-centos: TEMPLATE_FLAVOR_DIR:
2020-04-22 04:35:33.567697 +0000 build-centos:     
2020-04-22 04:35:33.567706 +0000 build-centos: TEMPLATE_ALIAS:
2020-04-22 04:35:33.569658 +0000 build-centos:      stretch:stretch+standard, stretch+gnome:stretch+gnome+standard,
2020-04-22 04:35:33.569719 +0000 build-centos:      stretch+minimal:stretch+minimal+no-recommends, buster:buster+standard, buster+gnome:buster+gnome+standard,
2020-04-22 04:35:33.569734 +0000 build-centos:      buster+minimal:buster+minimal+no-recommends, bullseye:bullseye+standard,
2020-04-22 04:35:33.569746 +0000 build-centos:      bullseye+gnome:bullseye+gnome+standard, bullseye+minimal:bullseye+minimal+no-recommends,
2020-04-22 04:35:33.569757 +0000 build-centos:      whonix-gateway-14:stretch+whonix-gateway+minimal+no-recommends,
2020-04-22 04:35:33.569768 +0000 build-centos:      whonix-workstation-14:stretch+whonix-workstation+minimal+no-recommends,
2020-04-22 04:35:33.569778 +0000 build-centos:      whonix-gateway-15:buster+whonix-gateway+minimal+no-recommends,
2020-04-22 04:35:33.569788 +0000 build-centos:      whonix-workstation-15:buster+whonix-workstation+minimal+no-recommends,
2020-04-22 04:35:33.569796 +0000 build-centos: TEMPLATE_LABEL:
2020-04-22 04:35:33.577695 +0000 build-centos:      centos7:centos-7, centos8:centos-8, fc29:fedora-29 fc30:fedora-30 fc31:fedora-31
2020-04-22 04:35:33.577745 +0000 build-centos:      fc32:fedora-32 fc29+minimal:fedora-29-minimal fc30+minimal:fedora-30-minimal
2020-04-22 04:35:33.577760 +0000 build-centos:      fc31+minimal:fedora-31-minimal fc32+minimal:fedora-32-minimal fc29+xfce:fedora-29-xfce
2020-04-22 04:35:33.577774 +0000 build-centos:      fc30+xfce:fedora-30-xfce fc31+xfce:fedora-31-xfce fc32+xfce:fedora-32-xfce stretch:debian-9
2020-04-22 04:35:33.577787 +0000 build-centos:      stretch+standard:debian-9 buster:debian-10 buster+standard:debian-10 bullseye:debian-11
2020-04-22 04:35:33.577799 +0000 build-centos:      bullseye+standard:bullseye-11 stretch+whonix-gateway+minimal+no-recommends:whonix-gw-14
2020-04-22 04:35:33.577810 +0000 build-centos:      stretch+whonix-workstation+minimal+no-recommends:whonix-ws-14
2020-04-22 04:35:33.577820 +0000 build-centos:      buster+whonix-gateway+minimal+no-recommends:whonix-gw-15
2020-04-22 04:35:33.577833 +0000 build-centos:      buster+whonix-workstation+minimal+no-recommends:whonix-ws-15 centos7+minimal:centos-7-minimal
2020-04-22 04:35:33.577844 +0000 build-centos:      centos7+xfce:centos-7-xfce centos8+minimal:centos-7-minimal centos8+xfce:centos-8-xfce
2020-04-22 04:35:33.590718 +0000 build-centos: > running make
2020-04-22 04:35:33.602264 +0000 build-centos: Makefile:267: target 'sign.vm.centos8.manager' does not exist
2020-04-22 04:35:33.602351 +0000 build-centos: if [ -n "manager" -a "0" -ne 0 ]; then BRANCH=master; branch_var="BRANCH_manager"; [ -n "${!branch_var}" ] && BRANCH="${!branch_var}"; pushd qubes-src/manager > /dev/null; CURRENT_BRANCH=`git symbolic-ref --short HEAD 2>/dev/null || git describe --tags --exact-match HEAD`; if [ "$BRANCH" != "$CURRENT_BRANCH" ]; then echo "-> ERROR: Wrong branch $branch_var=$CURRENT_BRANCH (expected $BRANCH)"; exit 1; fi; popd > /dev/null; fi
2020-04-22 04:35:33.602369 +0000 build-centos: SIGN_KEY=EE88DA5FB2B7082919C8826D19205A11FDE3D0AA; \
2020-04-22 04:35:33.602381 +0000 build-centos: sign_key_var="SIGN_KEY_${DIST%%+*}"; \
2020-04-22 04:35:33.602392 +0000 build-centos: [ -n "${!sign_key_var}" ] && SIGN_KEY="${!sign_key_var}"; \
2020-04-22 04:35:33.602404 +0000 build-centos: if [ "manager" = linux-template-builder ]; then
2020-04-22 04:35:33.602418 +0000 build-centos: export TEMPLATE_NAME=$(MAKEFLAGS= make -s -C qubes-src/linux-template-builder DIST=centos8 template-name)
2020-04-22 04:35:33.602426 +0000 build-centos: fi
2020-04-22 04:35:33.602451 +0000 build-centos: if [ -r qubes-src/manager/Makefile.builder ]; then \
2020-04-22 04:35:33.602462 +0000 build-centos: .make --no-print-directory -f Makefile.generic \
2020-04-22 04:35:33.602470 +0000 build-centos: ..DIST=centos8 \
2020-04-22 04:35:33.602478 +0000 build-centos: ..PACKAGE_SET=vm \
2020-04-22 04:35:33.602486 +0000 build-centos: ..COMPONENT=manager \
2020-04-22 04:35:33.602494 +0000 build-centos: ..SIGN_KEY=$SIGN_KEY \
2020-04-22 04:35:33.602502 +0000 build-centos: ..sign || exit 1; \
2020-04-22 04:35:33.602516 +0000 build-centos: elif [ -d qubes-src/manager/rpm ]; then \
2020-04-22 04:35:33.602526 +0000 build-centos: .# Old mechanism supported only for RPM
2020-04-22 04:35:33.602537 +0000 build-centos: FILE_LIST=""; for RPM in qubes-src/manager/rpm/*/*.rpm; do \
2020-04-22 04:35:33.602548 +0000 build-centos: ..if ! qubes-src/installer-qubes-os/rpm_verify $RPM > /dev/null; then \
2020-04-22 04:35:33.602556 +0000 build-centos: ...FILE_LIST="$FILE_LIST $RPM" ;\
2020-04-22 04:35:33.602564 +0000 build-centos: ..fi ;\
2020-04-22 04:35:33.602571 +0000 build-centos: .done ; \
2020-04-22 04:35:33.602580 +0000 build-centos: .if [ -n "$FILE_LIST" ]; then \
2020-04-22 04:35:33.602589 +0000 build-centos: ..echo "--> Signing..."; \
2020-04-22 04:35:33.602598 +0000 build-centos: ..RPMSIGN_OPTS=--digest-algo=sha256; \
2020-04-22 04:35:33.602606 +0000 build-centos: ..if [ -n "$SIGN_KEY" ]; then \
2020-04-22 04:35:33.602615 +0000 build-centos: ...RPMSIGN_OPTS="--key-id=$SIGN_KEY"; \
2020-04-22 04:35:33.602622 +0000 build-centos: ..fi; \
2020-04-22 04:35:33.602633 +0000 build-centos: ..setsid -w rpmsign "$RPMSIGN_OPTS" --addsign $FILE_LIST </dev/null ;\
2020-04-22 04:35:33.602641 +0000 build-centos: .fi; \
2020-04-22 04:35:33.602648 +0000 build-centos: fi
2020-04-22 04:35:33.625513 +0000 build-centos: + ERR_OUTPUT=/dev/stderr
2020-04-22 04:35:33.625567 +0000 build-centos: + '[' 2 -lt 2 ']'
2020-04-22 04:35:33.625581 +0000 build-centos: ++ basename qubes-src/manager/rpm_spec/qmgr.spec.in
2020-04-22 04:35:33.627334 +0000 build-centos: + [[ xqmgr.spec.in == \x\.\i\n ]]
2020-04-22 04:35:33.627378 +0000 build-centos: + '[' -r qubes-src/manager/rpm_spec/qmgr.spec.in ']'
2020-04-22 04:35:33.630406 +0000 build-centos: ++ mktemp --tmpdir tmp.XXXXXX.spec
2020-04-22 04:35:33.630450 +0000 build-centos: + tmp_spec=/tmp/tmp.29vctc.spec
2020-04-22 04:35:33.630592 +0000 build-centos: ++ dirname /home/user/builder-r4.1/qubes-src/builder-rpm/scripts/query-spec
2020-04-22 04:35:33.630620 +0000 build-centos: + /home/user/builder-r4.1/qubes-src/builder-rpm/scripts/generate-spec qubes-src/manager/rpm_spec/qmgr.spec.in /tmp/tmp.29vctc.spec
2020-04-22 04:35:33.631492 +0000 build-centos: + '[' 2 -lt 2 ']'
2020-04-22 04:35:33.631533 +0000 build-centos: + '[' -z qubes-src/manager ']'
2020-04-22 04:35:33.631549 +0000 build-centos: + cp qubes-src/manager/rpm_spec/qmgr.spec.in qubes-src/manager/rpm_spec/qmgr.spec.in.tmp
2020-04-22 04:35:33.633257 +0000 build-centos: + read -r ver
2020-04-22 04:35:33.633299 +0000 build-centos: + '[' x = x ']'
2020-04-22 04:35:33.633339 +0000 build-centos: + sed -i 's|@VERSION@|4.1.7|g' qubes-src/manager/rpm_spec/qmgr.spec.in.tmp
2020-04-22 04:35:33.635916 +0000 build-centos: + vnum=1
2020-04-22 04:35:33.635979 +0000 build-centos: + read -r ver
2020-04-22 04:35:33.637801 +0000 build-centos: + '[' -e qubes-src/manager/rel ']'
2020-04-22 04:35:33.637844 +0000 build-centos: + grep -q @REL@ qubes-src/manager/rpm_spec/qmgr.spec.in.tmp
2020-04-22 04:35:33.639229 +0000 build-centos: + sed -i -e s:@BACKEND_VMM@:xen:g qubes-src/manager/rpm_spec/qmgr.spec.in.tmp
2020-04-22 04:35:33.642547 +0000 build-centos: + grep -q @CHANGELOG@ qubes-src/manager/rpm_spec/qmgr.spec.in.tmp
2020-04-22 04:35:33.644750 +0000 build-centos: ++ dirname /home/user/builder-r4.1/qubes-src/builder-rpm/scripts/generate-spec
2020-04-22 04:35:33.646452 +0000 build-centos: + /home/user/builder-r4.1/qubes-src/builder-rpm/scripts/generate-changelog qubes-src/manager qubes-src/manager/rpm_spec/qmgr.spec.in.tmp
2020-04-22 04:35:34.022603 +0000 build-centos: + cat qubes-src/manager/rpm_spec/qmgr.spec.in.tmp
2020-04-22 04:35:34.022662 +0000 build-centos: + rm -rf qubes-src/manager/rpm_spec/qmgr.spec.in.tmp
2020-04-22 04:35:34.022675 +0000 build-centos: + '[' '%{SOURCE0}' = '%{SOURCE0}' ']'
2020-04-22 04:35:34.030828 +0000 build-centos: ++ dirname /home/user/builder-r4.1/qubes-src/builder-rpm/scripts/query-spec
2020-04-22 04:35:34.030883 +0000 build-centos: + /home/user/builder-r4.1/qubes-src/builder-rpm/scripts/../tools/spectool --list-files --source 0 /tmp/tmp.29vctc.spec
2020-04-22 04:35:34.136732 +0000 build-centos: + rm -f /tmp/tmp.29vctc.spec
2020-04-22 04:35:34.142916 +0000 build-centos: /home/user/builder-r4.1/qubes-src/builder-rpm/Makefile.rpmbuilder:182: target 'sign-prep' does not exist
2020-04-22 04:35:34.142965 +0000 build-centos: if [ -n "qubes-gpg-client-wrapper" ]; then \
2020-04-22 04:35:34.142980 +0000 build-centos: .mkdir -p /home/user/builder-r4.1/keyrings/rpmdb; \
2020-04-22 04:35:34.142997 +0000 build-centos: .qubes-gpg-client-wrapper --armor --export "EE88DA5FB2B7082919C8826D19205A11FDE3D0AA" > "/tmp/key_EE88DA5FB2B7082919C8826D19205A11FDE3D0AA"; \
2020-04-22 04:35:34.143013 +0000 build-centos: .rpmkeys --dbpath=/home/user/builder-r4.1/keyrings/rpmdb --import "/tmp/key_EE88DA5FB2B7082919C8826D19205A11FDE3D0AA"; \
2020-04-22 04:35:34.143022 +0000 build-centos: fi
2020-04-22 04:35:34.180996 +0000 build-centos: + ERR_OUTPUT=/dev/stderr
2020-04-22 04:35:34.181055 +0000 build-centos: + '[' 2 -lt 2 ']'
2020-04-22 04:35:34.181068 +0000 build-centos: ++ basename qubes-src/manager/rpm_spec/qmgr.spec.in
2020-04-22 04:35:34.183564 +0000 build-centos: + [[ xqmgr.spec.in == \x\.\i\n ]]
2020-04-22 04:35:34.183609 +0000 build-centos: + '[' -r qubes-src/manager/rpm_spec/qmgr.spec.in ']'
2020-04-22 04:35:34.183621 +0000 build-centos: ++ mktemp --tmpdir tmp.XXXXXX.spec
2020-04-22 04:35:34.186297 +0000 build-centos: + tmp_spec=/tmp/tmp.nYOlIB.spec
2020-04-22 04:35:34.186343 +0000 build-centos: ++ dirname /home/user/builder-r4.1/qubes-src/builder-rpm/scripts/query-spec
2020-04-22 04:35:34.191804 +0000 build-centos: + /home/user/builder-r4.1/qubes-src/builder-rpm/scripts/generate-spec qubes-src/manager/rpm_spec/qmgr.spec.in /tmp/tmp.nYOlIB.spec
2020-04-22 04:35:34.192534 +0000 build-centos: + '[' 2 -lt 2 ']'
2020-04-22 04:35:34.192560 +0000 build-centos: + '[' -z qubes-src/manager ']'
2020-04-22 04:35:34.192687 +0000 build-centos: + cp qubes-src/manager/rpm_spec/qmgr.spec.in qubes-src/manager/rpm_spec/qmgr.spec.in.tmp
2020-04-22 04:35:34.197102 +0000 build-centos: + read -r ver
2020-04-22 04:35:34.197146 +0000 build-centos: + '[' x = x ']'
2020-04-22 04:35:34.197160 +0000 build-centos: + sed -i 's|@VERSION@|4.1.7|g' qubes-src/manager/rpm_spec/qmgr.spec.in.tmp
2020-04-22 04:35:34.220540 +0000 build-centos: + vnum=1
2020-04-22 04:35:34.220591 +0000 build-centos: + read -r ver
2020-04-22 04:35:34.220603 +0000 build-centos: + '[' -e qubes-src/manager/rel ']'
2020-04-22 04:35:34.220615 +0000 build-centos: + grep -q @REL@ qubes-src/manager/rpm_spec/qmgr.spec.in.tmp
2020-04-22 04:35:34.229384 +0000 build-centos: + sed -i -e s:@BACKEND_VMM@:xen:g qubes-src/manager/rpm_spec/qmgr.spec.in.tmp
2020-04-22 04:35:34.238546 +0000 build-centos: + grep -q @CHANGELOG@ qubes-src/manager/rpm_spec/qmgr.spec.in.tmp
2020-04-22 04:35:34.246689 +0000 build-centos: ++ dirname /home/user/builder-r4.1/qubes-src/builder-rpm/scripts/generate-spec
2020-04-22 04:35:34.246740 +0000 build-centos: + /home/user/builder-r4.1/qubes-src/builder-rpm/scripts/generate-changelog qubes-src/manager qubes-src/manager/rpm_spec/qmgr.spec.in.tmp
2020-04-22 04:35:35.386905 +0000 build-centos: + cat qubes-src/manager/rpm_spec/qmgr.spec.in.tmp
2020-04-22 04:35:35.386965 +0000 build-centos: + rm -rf qubes-src/manager/rpm_spec/qmgr.spec.in.tmp
2020-04-22 04:35:35.411241 +0000 build-centos: + '[' '%{SOURCE0}' = '%{SOURCE0}' ']'
2020-04-22 04:35:35.411339 +0000 build-centos: ++ dirname /home/user/builder-r4.1/qubes-src/builder-rpm/scripts/query-spec
2020-04-22 04:35:35.411360 +0000 build-centos: + /home/user/builder-r4.1/qubes-src/builder-rpm/scripts/../tools/spectool --list-files --source 0 /tmp/tmp.nYOlIB.spec
2020-04-22 04:35:35.587563 +0000 build-centos: + rm -f /tmp/tmp.nYOlIB.spec
2020-04-22 04:35:35.895503 +0000 build-centos: /home/user/builder-r4.1/qubes-src/builder-rpm/Makefile.rpmbuilder:196: update target 'sign' due to: sign-prep
2020-04-22 04:35:35.895575 +0000 build-centos: cd qubes-src/manager && for pkg in pkgs/vm-centos8/qubes-manager-4.1.7-1.centos8.noarch.rpm pkgs/vm-centos8/qubes-manager-4.1.7-1.centos8.src.rpm pkgs/vm-centos8/qubes-manager-4.1.7-1.centos8.x86_64.buildinfo ; do \
2020-04-22 04:35:35.895591 +0000 build-centos: .if [ "${pkg##*.}" = "buildinfo" ]; then \
2020-04-22 04:35:35.895612 +0000 build-centos: ../home/user/builder-r4.1/qubes-src/builder-rpm/scripts/update-rpmbuildinfo "$pkg" | qubes-gpg-client-wrapper --clearsign --local-user EE88DA5FB2B7082919C8826D19205A11FDE3D0AA > "$pkg".tmp && \
2020-04-22 04:35:35.895622 +0000 build-centos: ..mv -f "$pkg".tmp "$pkg"; \
2020-04-22 04:35:35.895632 +0000 build-centos: .elif ! rpm -K $pkg | grep -qi pgp; then \
2020-04-22 04:35:35.895660 +0000 build-centos: ..setsid -w rpmsign  --digest-algo=sha256 --key-id=EE88DA5FB2B7082919C8826D19205A11FDE3D0AA --addsign $pkg </dev/null || exit 1; \
2020-04-22 04:35:35.895667 +0000 build-centos: .fi; \
2020-04-22 04:35:35.895675 +0000 build-centos: done
2020-04-22 04:35:35.986438 +0000 build-centos: + ERR_OUTPUT=/dev/stderr
2020-04-22 04:35:35.986495 +0000 build-centos: + '[' 2 -lt 2 ']'
2020-04-22 04:35:35.987742 +0000 build-centos: ++ basename qubes-src/manager/rpm_spec/qmgr.spec.in
2020-04-22 04:35:35.990358 +0000 build-centos: + [[ xqmgr.spec.in == \x\.\i\n ]]
2020-04-22 04:35:35.990403 +0000 build-centos: + '[' -r qubes-src/manager/rpm_spec/qmgr.spec.in ']'
2020-04-22 04:35:35.990415 +0000 build-centos: ++ mktemp --tmpdir tmp.XXXXXX.spec
2020-04-22 04:35:35.992302 +0000 build-centos: + tmp_spec=/tmp/tmp.YaQmiM.spec
2020-04-22 04:35:35.994615 +0000 build-centos: ++ dirname /home/user/builder-r4.1/qubes-src/builder-rpm/scripts/query-spec
2020-04-22 04:35:35.996878 +0000 build-centos: + /home/user/builder-r4.1/qubes-src/builder-rpm/scripts/generate-spec qubes-src/manager/rpm_spec/qmgr.spec.in /tmp/tmp.YaQmiM.spec
2020-04-22 04:35:35.998816 +0000 build-centos: + '[' 2 -lt 2 ']'
2020-04-22 04:35:35.998859 +0000 build-centos: + '[' -z qubes-src/manager ']'
2020-04-22 04:35:35.998874 +0000 build-centos: + cp qubes-src/manager/rpm_spec/qmgr.spec.in qubes-src/manager/rpm_spec/qmgr.spec.in.tmp
2020-04-22 04:35:36.008123 +0000 build-centos: + read -r ver
2020-04-22 04:35:36.008171 +0000 build-centos: + '[' x = x ']'
2020-04-22 04:35:36.008187 +0000 build-centos: + sed -i 's|@VERSION@|4.1.7|g' qubes-src/manager/rpm_spec/qmgr.spec.in.tmp
2020-04-22 04:35:36.010968 +0000 build-centos: + vnum=1
2020-04-22 04:35:36.011015 +0000 build-centos: + read -r ver
2020-04-22 04:35:36.011028 +0000 build-centos: + '[' -e qubes-src/manager/rel ']'
2020-04-22 04:35:36.011040 +0000 build-centos: + grep -q @REL@ qubes-src/manager/rpm_spec/qmgr.spec.in.tmp
2020-04-22 04:35:36.014944 +0000 build-centos: + sed -i -e s:@BACKEND_VMM@:xen:g qubes-src/manager/rpm_spec/qmgr.spec.in.tmp
2020-04-22 04:35:36.026533 +0000 build-centos: + grep -q @CHANGELOG@ qubes-src/manager/rpm_spec/qmgr.spec.in.tmp
2020-04-22 04:35:36.035957 +0000 build-centos: ++ dirname /home/user/builder-r4.1/qubes-src/builder-rpm/scripts/generate-spec
2020-04-22 04:35:36.040251 +0000 build-centos: + /home/user/builder-r4.1/qubes-src/builder-rpm/scripts/generate-changelog qubes-src/manager qubes-src/manager/rpm_spec/qmgr.spec.in.tmp
2020-04-22 04:35:37.027512 +0000 build-centos: + cat qubes-src/manager/rpm_spec/qmgr.spec.in.tmp
2020-04-22 04:35:37.083807 +0000 build-centos: + rm -rf qubes-src/manager/rpm_spec/qmgr.spec.in.tmp
2020-04-22 04:35:37.083890 +0000 build-centos: + '[' '%{SOURCE0}' = '%{SOURCE0}' ']'
2020-04-22 04:35:37.083907 +0000 build-centos: ++ dirname /home/user/builder-r4.1/qubes-src/builder-rpm/scripts/query-spec
2020-04-22 04:35:37.083922 +0000 build-centos: + /home/user/builder-r4.1/qubes-src/builder-rpm/scripts/../tools/spectool --list-files --source 0 /tmp/tmp.YaQmiM.spec
2020-04-22 04:35:37.250195 +0000 build-centos: + rm -f /tmp/tmp.YaQmiM.spec
2020-04-22 04:35:37.822774 +0000 build-centos: pkgs/vm-centos8/qubes-manager-4.1.7-1.centos8.noarch.rpm:
2020-04-22 04:35:38.338011 +0000 build-centos: pkgs/vm-centos8/qubes-manager-4.1.7-1.centos8.src.rpm:
2020-04-22 04:35:38.586237 +0000 build-centos: Makefile:817: target 'internal-update-repo-current-testing.vm.centos8.manager' does not exist
2020-04-22 04:35:38.586327 +0000 build-centos: repo_base_var="LINUX_REPO_centos8_BASEDIR"; \
2020-04-22 04:35:38.586342 +0000 build-centos: if [ "manager" = linux-template-builder ]; then \
2020-04-22 04:35:38.586355 +0000 build-centos: .# templates belongs to dom0 repository, even though PACKAGE_SET=vm
2020-04-22 04:35:38.586365 +0000 build-centos: repo_base_var="LINUX_REPO__BASEDIR"; \
2020-04-22 04:35:38.586372 +0000 build-centos: fi; \
2020-04-22 04:35:38.586382 +0000 build-centos: if [ -n "${!repo_base_var}" ]; then \
2020-04-22 04:35:38.586391 +0000 build-centos: .repo_basedir="${!repo_base_var}"; \
2020-04-22 04:35:38.586398 +0000 build-centos: else \
2020-04-22 04:35:38.586407 +0000 build-centos: .repo_basedir="qubes-src/linux-yum/r4.1"; \
2020-04-22 04:35:38.586414 +0000 build-centos: fi; \
2020-04-22 04:35:38.586423 +0000 build-centos: if [ -r qubes-src/manager/Makefile.builder ]; then \
2020-04-22 04:35:38.586432 +0000 build-centos: .echo -n "Updating qubes-src/manager... "; \
2020-04-22 04:35:38.586441 +0000 build-centos: .if [ "0" -eq 1 ]; then \
2020-04-22 04:35:38.586451 +0000 build-centos: ..vtag=`git -C qubes-src/manager tag --points-at HEAD --list v*`; \
2020-04-22 04:35:38.586459 +0000 build-centos: ..if [ -z "$vtag" ]; then \
2020-04-22 04:35:38.586467 +0000 build-centos: ...echo "no version tag"; \
2020-04-22 04:35:38.586475 +0000 build-centos: ...exit 0; \
2020-04-22 04:35:38.586482 +0000 build-centos: ..fi; \
2020-04-22 04:35:38.586489 +0000 build-centos: .fi; \
2020-04-22 04:35:38.586498 +0000 build-centos: .if [ "manager" = linux-template-builder ]; then
2020-04-22 04:35:38.586510 +0000 build-centos: export TEMPLATE_NAME=$(MAKEFLAGS= make -s -C qubes-src/linux-template-builder DIST=centos8 template-name)
2020-04-22 04:35:38.586518 +0000 build-centos: fi
2020-04-22 04:35:38.586538 +0000 build-centos: component_packages=$(MAKEFLAGS= make -s -f Makefile.generic DIST=centos8 PACKAGE_SET=vm COMPONENT=`basename qubes-src/manager` UPDATE_REPO=/home/user/builder-r4.1/$repo_basedir/current-testing/vm/centos8 get-var GET_VAR=PACKAGE_LIST); \
2020-04-22 04:35:38.586549 +0000 build-centos: .if [ -z "$component_packages" ]; then \
2020-04-22 04:35:38.586557 +0000 build-centos: ..echo "no packages."; \
2020-04-22 04:35:38.586564 +0000 build-centos: ..exit 0; \
2020-04-22 04:35:38.586571 +0000 build-centos: .fi; \
2020-04-22 04:35:38.586581 +0000 build-centos: .make -s -f Makefile.generic DIST=centos8 PACKAGE_SET=vm \
2020-04-22 04:35:38.586590 +0000 build-centos: ..COMPONENT=`basename qubes-src/manager` \
2020-04-22 04:35:38.586599 +0000 build-centos: ..SNAPSHOT_REPO=current-testing \
2020-04-22 04:35:38.586607 +0000 build-centos: ..TARGET_REPO=current-testing \
2020-04-22 04:35:38.586618 +0000 build-centos: ..UPDATE_REPO=/home/user/builder-r4.1/$repo_basedir/current-testing/vm/centos8 \
2020-04-22 04:35:38.586632 +0000 build-centos: ..SNAPSHOT_FILE=/home/user/builder-r4.1/repo-latest-snapshot/current-testing-vm-centos8-`basename qubes-src/manager` \
2020-04-22 04:35:38.586645 +0000 build-centos: ..BUILD_LOG_URL=https://github.com/QubesOS/build-logs/tree/master/build-centos/log_2020-04-22_04-32-18 \
2020-04-22 04:35:38.586653 +0000 build-centos: ..update-repo || exit 1; \
2020-04-22 04:35:38.586682 +0000 build-centos: elif make -C qubes-src/manager -n update-repo-current-testing >/dev/null 2>/dev/null; then \
2020-04-22 04:35:38.586692 +0000 build-centos: .echo "Updating qubes-src/manager... "; \
2020-04-22 04:35:38.586704 +0000 build-centos: .DIST=centos8 UPDATE_REPO=/home/user/builder-r4.1/$repo_basedir/current-testing/vm/centos8 \
2020-04-22 04:35:38.586714 +0000 build-centos: .make -s -C qubes-src/manager update-repo-current-testing || exit 1; \
2020-04-22 04:35:38.586721 +0000 build-centos: else \
2020-04-22 04:35:38.586731 +0000 build-centos: .echo -n "Updating qubes-src/manager... skipping."; \
2020-04-22 04:35:38.586738 +0000 build-centos: fi; \
2020-04-22 04:35:38.586745 +0000 build-centos: echo
2020-04-22 04:35:38.661821 +0000 build-centos: Updating qubes-src/manager... + ERR_OUTPUT=/dev/stderr
2020-04-22 04:35:38.661878 +0000 build-centos: + '[' 2 -lt 2 ']'
2020-04-22 04:35:38.664314 +0000 build-centos: ++ basename qubes-src/manager/rpm_spec/qmgr.spec.in
2020-04-22 04:35:38.666974 +0000 build-centos: + [[ xqmgr.spec.in == \x\.\i\n ]]
2020-04-22 04:35:38.667019 +0000 build-centos: + '[' -r qubes-src/manager/rpm_spec/qmgr.spec.in ']'
2020-04-22 04:35:38.671032 +0000 build-centos: ++ mktemp --tmpdir tmp.XXXXXX.spec
2020-04-22 04:35:38.674462 +0000 build-centos: + tmp_spec=/tmp/tmp.hWKwBZ.spec
2020-04-22 04:35:38.674512 +0000 build-centos: ++ dirname /home/user/builder-r4.1/qubes-src/builder-rpm/scripts/query-spec
2020-04-22 04:35:38.677548 +0000 build-centos: + /home/user/builder-r4.1/qubes-src/builder-rpm/scripts/generate-spec qubes-src/manager/rpm_spec/qmgr.spec.in /tmp/tmp.hWKwBZ.spec
2020-04-22 04:35:38.677594 +0000 build-centos: + '[' 2 -lt 2 ']'
2020-04-22 04:35:38.677606 +0000 build-centos: + '[' -z qubes-src/manager ']'
2020-04-22 04:35:38.677619 +0000 build-centos: + cp qubes-src/manager/rpm_spec/qmgr.spec.in qubes-src/manager/rpm_spec/qmgr.spec.in.tmp
2020-04-22 04:35:38.687928 +0000 build-centos: + read -r ver
2020-04-22 04:35:38.687976 +0000 build-centos: + '[' x = x ']'
2020-04-22 04:35:38.687991 +0000 build-centos: + sed -i 's|@VERSION@|4.1.7|g' qubes-src/manager/rpm_spec/qmgr.spec.in.tmp
2020-04-22 04:35:38.696504 +0000 build-centos: + vnum=1
2020-04-22 04:35:38.696552 +0000 build-centos: + read -r ver
2020-04-22 04:35:38.696565 +0000 build-centos: + '[' -e qubes-src/manager/rel ']'
2020-04-22 04:35:38.696577 +0000 build-centos: + grep -q @REL@ qubes-src/manager/rpm_spec/qmgr.spec.in.tmp
2020-04-22 04:35:38.701793 +0000 build-centos: + sed -i -e s:@BACKEND_VMM@:xen:g qubes-src/manager/rpm_spec/qmgr.spec.in.tmp
2020-04-22 04:35:38.707314 +0000 build-centos: + grep -q @CHANGELOG@ qubes-src/manager/rpm_spec/qmgr.spec.in.tmp
2020-04-22 04:35:38.714082 +0000 build-centos: ++ dirname /home/user/builder-r4.1/qubes-src/builder-rpm/scripts/generate-spec
2020-04-22 04:35:38.716895 +0000 build-centos: + /home/user/builder-r4.1/qubes-src/builder-rpm/scripts/generate-changelog qubes-src/manager qubes-src/manager/rpm_spec/qmgr.spec.in.tmp
2020-04-22 04:35:39.534116 +0000 build-centos: + cat qubes-src/manager/rpm_spec/qmgr.spec.in.tmp
2020-04-22 04:35:39.534170 +0000 build-centos: + rm -rf qubes-src/manager/rpm_spec/qmgr.spec.in.tmp
2020-04-22 04:35:39.535951 +0000 build-centos: + '[' '%{SOURCE0}' = '%{SOURCE0}' ']'
2020-04-22 04:35:39.536000 +0000 build-centos: ++ dirname /home/user/builder-r4.1/qubes-src/builder-rpm/scripts/query-spec
2020-04-22 04:35:39.538895 +0000 build-centos: + /home/user/builder-r4.1/qubes-src/builder-rpm/scripts/../tools/spectool --list-files --source 0 /tmp/tmp.hWKwBZ.spec
2020-04-22 04:35:39.703883 +0000 build-centos: + rm -f /tmp/tmp.hWKwBZ.spec
2020-04-22 04:35:39.730213 +0000 build-centos: + ERR_OUTPUT=/dev/stderr
2020-04-22 04:35:39.730263 +0000 build-centos: + '[' 2 -lt 2 ']'
2020-04-22 04:35:39.732655 +0000 build-centos: ++ basename qubes-src/manager/rpm_spec/qmgr.spec.in
2020-04-22 04:35:39.734665 +0000 build-centos: + [[ xqmgr.spec.in == \x\.\i\n ]]
2020-04-22 04:35:39.734709 +0000 build-centos: + '[' -r qubes-src/manager/rpm_spec/qmgr.spec.in ']'
2020-04-22 04:35:39.734737 +0000 build-centos: ++ mktemp --tmpdir tmp.XXXXXX.spec
2020-04-22 04:35:39.736850 +0000 build-centos: + tmp_spec=/tmp/tmp.7oDbmg.spec
2020-04-22 04:35:39.736899 +0000 build-centos: ++ dirname /home/user/builder-r4.1/qubes-src/builder-rpm/scripts/query-spec
2020-04-22 04:35:39.755321 +0000 build-centos: + /home/user/builder-r4.1/qubes-src/builder-rpm/scripts/generate-spec qubes-src/manager/rpm_spec/qmgr.spec.in /tmp/tmp.7oDbmg.spec
2020-04-22 04:35:39.755372 +0000 build-centos: + '[' 2 -lt 2 ']'
2020-04-22 04:35:39.755384 +0000 build-centos: + '[' -z qubes-src/manager ']'
2020-04-22 04:35:39.755397 +0000 build-centos: + cp qubes-src/manager/rpm_spec/qmgr.spec.in qubes-src/manager/rpm_spec/qmgr.spec.in.tmp
2020-04-22 04:35:39.758100 +0000 build-centos: + read -r ver
2020-04-22 04:35:39.758143 +0000 build-centos: + '[' x = x ']'
2020-04-22 04:35:39.758158 +0000 build-centos: + sed -i 's|@VERSION@|4.1.7|g' qubes-src/manager/rpm_spec/qmgr.spec.in.tmp
2020-04-22 04:35:39.762917 +0000 build-centos: + vnum=1
2020-04-22 04:35:39.762961 +0000 build-centos: + read -r ver
2020-04-22 04:35:39.762974 +0000 build-centos: + '[' -e qubes-src/manager/rel ']'
2020-04-22 04:35:39.762986 +0000 build-centos: + grep -q @REL@ qubes-src/manager/rpm_spec/qmgr.spec.in.tmp
2020-04-22 04:35:39.766198 +0000 build-centos: + sed -i -e s:@BACKEND_VMM@:xen:g qubes-src/manager/rpm_spec/qmgr.spec.in.tmp
2020-04-22 04:35:39.773527 +0000 build-centos: + grep -q @CHANGELOG@ qubes-src/manager/rpm_spec/qmgr.spec.in.tmp
2020-04-22 04:35:39.777547 +0000 build-centos: ++ dirname /home/user/builder-r4.1/qubes-src/builder-rpm/scripts/generate-spec
2020-04-22 04:35:39.816729 +0000 build-centos: + /home/user/builder-r4.1/qubes-src/builder-rpm/scripts/generate-changelog qubes-src/manager qubes-src/manager/rpm_spec/qmgr.spec.in.tmp
2020-04-22 04:35:40.323153 +0000 build-centos: + cat qubes-src/manager/rpm_spec/qmgr.spec.in.tmp
2020-04-22 04:35:40.323213 +0000 build-centos: + rm -rf qubes-src/manager/rpm_spec/qmgr.spec.in.tmp
2020-04-22 04:35:40.327534 +0000 build-centos: + '[' '%{SOURCE0}' = '%{SOURCE0}' ']'
2020-04-22 04:35:40.332931 +0000 build-centos: ++ dirname /home/user/builder-r4.1/qubes-src/builder-rpm/scripts/query-spec
2020-04-22 04:35:40.334120 +0000 build-centos: + /home/user/builder-r4.1/qubes-src/builder-rpm/scripts/../tools/spectool --list-files --source 0 /tmp/tmp.7oDbmg.spec
2020-04-22 04:35:40.438615 +0000 build-centos: + rm -f /tmp/tmp.7oDbmg.spec
2020-04-22 04:35:40.496837 +0000 build-centos: + ERR_OUTPUT=/dev/stderr
2020-04-22 04:35:40.496892 +0000 build-centos: + '[' 2 -lt 2 ']'
2020-04-22 04:35:40.496905 +0000 build-centos: ++ basename qubes-src/manager/rpm_spec/qmgr.spec.in
2020-04-22 04:35:40.496914 +0000 build-centos: + [[ xqmgr.spec.in == \x\.\i\n ]]
2020-04-22 04:35:40.496924 +0000 build-centos: + '[' -r qubes-src/manager/rpm_spec/qmgr.spec.in ']'
2020-04-22 04:35:40.496933 +0000 build-centos: ++ mktemp --tmpdir tmp.XXXXXX.spec
2020-04-22 04:35:40.496941 +0000 build-centos: + tmp_spec=/tmp/tmp.GUn9lp.spec
2020-04-22 04:35:40.496952 +0000 build-centos: ++ dirname /home/user/builder-r4.1/qubes-src/builder-rpm/scripts/query-spec
2020-04-22 04:35:40.496966 +0000 build-centos: + /home/user/builder-r4.1/qubes-src/builder-rpm/scripts/generate-spec qubes-src/manager/rpm_spec/qmgr.spec.in /tmp/tmp.GUn9lp.spec
2020-04-22 04:35:40.496974 +0000 build-centos: + '[' 2 -lt 2 ']'
2020-04-22 04:35:40.496982 +0000 build-centos: + '[' -z qubes-src/manager ']'
2020-04-22 04:35:40.496994 +0000 build-centos: + cp qubes-src/manager/rpm_spec/qmgr.spec.in qubes-src/manager/rpm_spec/qmgr.spec.in.tmp
