2022-08-15 13:59:11.946609 +0000 > starting log
2022-08-15 13:59:11.947068 +0000 build-centos: > starting build with log
2022-08-15 13:59:11.947081 +0000 build-centos: >> make args: update-repo-current
2022-08-15 13:59:11.947088 +0000 build-centos: >> MAKEFLAGS=
2022-08-15 13:59:11.947095 +0000 build-centos: >> COMPONENTS=efitools
2022-08-15 13:59:11.947101 +0000 build-centos: >> DISTS_VM=centos-stream8
2022-08-15 13:59:11.947107 +0000 build-centos: >> DIST_DOM0=
2022-08-15 13:59:11.947136 +0000 build-centos: >> qubes-builder fb304f53b900b6d8ebe508734d30cd22d5abf44d
2022-08-15 13:59:11.947147 +0000 build-centos: >> qubes-builder/qubes-src/efitools 99887ab6f30b0b633d2c5ec776c32cb9248dabe7
2022-08-15 13:59:11.947154 +0000 build-centos: ?? efitools-1.9.2.tar.gz
2022-08-15 13:59:11.947167 +0000 build-centos: 77e0ad7e865814ed388ff6daabe0f4b49ba51672bf2cbb98b7905e209cbd28f9ede2f73213ce45af8a978c1e67dba24ec88a1188661317cc22317b47e575cde8  efitools-1.9.2.tar.gz
2022-08-15 13:59:11.947177 +0000 build-centos: ================================================================================
2022-08-15 13:59:11.947187 +0000 build-centos:                            B U I L D   I N F O                                  
2022-08-15 13:59:11.947196 +0000 build-centos: Items in red indicate it was automatically generated by configuration file(s)
2022-08-15 13:59:11.947205 +0000 build-centos: Items in white indicate it was automatically removed by configuration file(s)
2022-08-15 13:59:11.947214 +0000 build-centos: ================================================================================
2022-08-15 13:59:11.947219 +0000 build-centos: DISTS_VM:
2022-08-15 13:59:11.947225 +0000 build-centos:      centos-stream8,
2022-08-15 13:59:11.947231 +0000 build-centos: DISTS_ALL:
2022-08-15 13:59:11.947237 +0000 build-centos:      vm-centos-stream8,
2022-08-15 13:59:11.947242 +0000 build-centos: DIST_DOM0:
2022-08-15 13:59:11.947247 +0000 build-centos:     
2022-08-15 13:59:11.947253 +0000 build-centos: BUILDER_PLUGINS:
2022-08-15 13:59:11.947263 +0000 build-centos:      builder-rpm, builder-debian, mgmt-salt, linux-yum, release-configs, builder-github,
2022-08-15 13:59:11.947268 +0000 build-centos: COMPONENTS:
2022-08-15 13:59:11.947274 +0000 build-centos:      efitools,
2022-08-15 13:59:11.947279 +0000 build-centos: GIT_REPOS:
2022-08-15 13:59:11.947285 +0000 build-centos:      qubes-src/efitools,
2022-08-15 13:59:11.947290 +0000 build-centos: TEMPLATE:
2022-08-15 13:59:11.947295 +0000 build-centos:     
2022-08-15 13:59:11.947301 +0000 build-centos: TEMPLATE_FLAVOR_DIR:
2022-08-15 13:59:11.947306 +0000 build-centos:     
2022-08-15 13:59:11.947312 +0000 build-centos: TEMPLATE_ALIAS:
2022-08-15 13:59:11.947320 +0000 build-centos:      stretch:stretch+standard, stretch+gnome:stretch+gnome+standard,
2022-08-15 13:59:11.947329 +0000 build-centos:      stretch+minimal:stretch+minimal+no-recommends, buster:buster+standard,
2022-08-15 13:59:11.947339 +0000 build-centos:      buster+gnome:buster+gnome+standard, buster+minimal:buster+minimal+no-recommends,
2022-08-15 13:59:11.947349 +0000 build-centos:      bullseye:bullseye+standard+firmware, bullseye+gnome:bullseye+gnome+standard+firmware,
2022-08-15 13:59:11.947358 +0000 build-centos:      bullseye+minimal:bullseye+minimal+no-recommends, bookworm:bookworm+standard,
2022-08-15 13:59:11.947368 +0000 build-centos:      bookworm+gnome:bookworm+gnome+standard, bookworm+minimal:bookworm+minimal+no-recommends,
2022-08-15 13:59:11.947378 +0000 build-centos:      bionic:bionic+standard, focal:focal+standard, whonix-gateway-15:buster+whonix-gateway+minimal+no-recommends,
2022-08-15 13:59:11.947388 +0000 build-centos:      whonix-workstation-15:buster+whonix-workstation+minimal+no-recommends,
2022-08-15 13:59:11.947396 +0000 build-centos:      whonix-gateway-16:bullseye+whonix-gateway+minimal+no-recommends,
2022-08-15 13:59:11.947405 +0000 build-centos:      whonix-workstation-16:bullseye+whonix-workstation+minimal+no-recommends,
2022-08-15 13:59:11.947411 +0000 build-centos: TEMPLATE_LABEL:
2022-08-15 13:59:11.947422 +0000 build-centos:      centos-stream8:centos-stream-8, fc34:fedora-34 fc35:fedora-35 fc36:fedora-36 fc34+minimal:fedora-34-minimal
2022-08-15 13:59:11.947437 +0000 build-centos:      fc35+minimal:fedora-35-minimal fc36+minimal:fedora-36-minimal fc34+xfce:fedora-34-xfce
2022-08-15 13:59:11.947448 +0000 build-centos:      fc35+xfce:fedora-35-xfce fc36+xfce:fedora-36-xfce stretch:debian-9 stretch+standard:debian-9
2022-08-15 13:59:11.947459 +0000 build-centos:      stretch+xfce:debian-9-xfce buster:debian-10 buster+standard:debian-10 buster+xfce:debian-10-xfce
2022-08-15 13:59:11.947469 +0000 build-centos:      bullseye:debian-11 bullseye+standard+firmware:debian-11 bullseye+xfce:debian-11-xfce
2022-08-15 13:59:11.947479 +0000 build-centos:      bookworm:debian-12 bookworm+standard:debian-12 bookworm+xfce:debian-12-xfce bionic+standard:bionic
2022-08-15 13:59:11.947488 +0000 build-centos:      focal+standard:focal buster+whonix-gateway+minimal+no-recommends:whonix-gw-15
2022-08-15 13:59:11.947497 +0000 build-centos:      buster+whonix-workstation+minimal+no-recommends:whonix-ws-15
2022-08-15 13:59:11.947505 +0000 build-centos:      bullseye+whonix-gateway+minimal+no-recommends:whonix-gw-16
2022-08-15 13:59:11.947514 +0000 build-centos:      bullseye+whonix-workstation+minimal+no-recommends:whonix-ws-16 centos7:centos-7
2022-08-15 13:59:11.947525 +0000 build-centos:      centos7+minimal:centos-7-minimal centos7+xfce:centos-7-xfce centos-stream8+minimal:centos-stream-8-minimal
2022-08-15 13:59:11.947533 +0000 build-centos:      centos-stream8+xfce:centos-stream-8-xfce
2022-08-15 13:59:11.947538 +0000 build-centos: > running make
2022-08-15 13:59:11.950356 +0000 build-centos: Makefile:915: target 'internal-update-repo-current.vm.centos-stream8.efitools' does not exist
2022-08-15 13:59:11.950389 +0000 build-centos: true
2022-08-15 13:59:11.951769 +0000 build-centos: Makefile:832: update target 'internal-update-repo-current.vm.centos-stream8' due to: internal-update-repo-current.vm.centos-stream8.efitools
2022-08-15 13:59:11.951796 +0000 build-centos: true
2022-08-15 13:59:11.953107 +0000 build-centos: Makefile:923: target 'post-update-repo-current' does not exist
2022-08-15 13:59:11.953139 +0000 build-centos: for dist in  centos-stream8; do \
2022-08-15 13:59:11.953151 +0000 build-centos: .repo_base_var="LINUX_REPO_${dist//-/_}_BASEDIR"; \
2022-08-15 13:59:11.953159 +0000 build-centos: .if [ -n "${!repo_base_var}" ]; then \
2022-08-15 13:59:11.953166 +0000 build-centos: ..repo_basedir="${!repo_base_var}"; \
2022-08-15 13:59:11.953172 +0000 build-centos: .else \
2022-08-15 13:59:11.953202 +0000 build-centos: ..repo_basedir="qubes-src/linux-yum/r4.1"; \
2022-08-15 13:59:11.953209 +0000 build-centos: .fi; \
2022-08-15 13:59:11.953217 +0000 build-centos: .repos_to_update="$repos_to_update $repo_basedir"; \
2022-08-15 13:59:11.953222 +0000 build-centos: done; \
2022-08-15 13:59:11.953228 +0000 build-centos: pkgset_dist= ; \
2022-08-15 13:59:11.953234 +0000 build-centos: for dist in ; do \
2022-08-15 13:59:11.953241 +0000 build-centos: .pkgset_dist="$pkgset_dist dom0/$dist"; \
2022-08-15 13:59:11.953246 +0000 build-centos: done; \
2022-08-15 13:59:11.953253 +0000 build-centos: for dist in centos-stream8; do \
2022-08-15 13:59:11.953260 +0000 build-centos: .pkgset_dist="$pkgset_dist vm/$dist"; \
2022-08-15 13:59:11.953265 +0000 build-centos: done; \
2022-08-15 13:59:11.953273 +0000 build-centos: for repo in `echo $repos_to_update|tr ' ' '\n'|sort|uniq`; do \
2022-08-15 13:59:11.953280 +0000 build-centos: .[ -z "$repo" ] && continue; \
2022-08-15 13:59:11.953288 +0000 build-centos: .[ -x "$repo/../update_repo-current.sh" ] || continue; \
2022-08-15 13:59:11.953296 +0000 build-centos: .(cd $repo/.. && ./update_repo-current.sh r4.1 $pkgset_dist); \
2022-08-15 13:59:11.953301 +0000 build-centos: done
2022-08-15 13:59:11.961003 +0000 build-centos: ~/builder-r4.1/qubes-src/linux-yum ~/builder-r4.1/qubes-src/linux-yum
2022-08-15 13:59:11.964196 +0000 build-centos: --> Processing repo: r4.1/current/vm/centos-stream8...
2022-08-15 13:59:11.984962 +0000 build-centos: warning: Found bdb_ro Packages database while attempting sqlite backend: using bdb_ro backend.
2022-08-15 13:59:16.771803 +0000 build-centos: Done.
2022-08-15 13:59:16.775172 +0000 build-centos: ~/builder-r4.1/qubes-src/linux-yum ~/builder-r4.1/qubes-src/linux-yum
2022-08-15 13:59:16.776215 +0000 build-centos: Syncing r4.1...
2022-08-15 13:59:16.975726 +0000 build-centos: sending incremental file list
2022-08-15 13:59:17.060180 +0000 build-centos: .d..t...... centos-stream8/
2022-08-15 13:59:17.060241 +0000 build-centos: <f..t...... centos-stream8/repodata/repomd.xml.asc
2022-08-15 13:59:17.060435 +0000 build-centos: .            833 100%    0.00kB/s    0:00:00  .            833 100%    0.00kB/s    0:00:00 (xfr#1, to-chk=920/935)
2022-08-15 13:59:17.645940 +0000 build-centos: Makefile:819: update target 'update-repo-current' due to: internal-update-repo-current.vm.centos-stream8 post-update-repo-current
2022-08-15 13:59:17.645983 +0000 build-centos: true
2022-08-15 13:59:17.647621 +0000 build-centos: > done
2022-08-15 13:59:17.647814 +0000 > closing log
