2019-11-11 04:47:28.661845 +0000 > starting log
2019-11-11 04:47:28.662845 +0000 build-centos: > starting build with log
2019-11-11 04:47:28.662867 +0000 build-centos: >> make args: update-repo-current
2019-11-11 04:47:28.662878 +0000 build-centos: >> MAKEFLAGS=
2019-11-11 04:47:28.662887 +0000 build-centos: >> COMPONENTS=python-objgraph
2019-11-11 04:47:28.662895 +0000 build-centos: >> DISTS_VM=centos7
2019-11-11 04:47:28.662902 +0000 build-centos: >> DIST_DOM0=
2019-11-11 04:47:28.662910 +0000 build-centos: >> qubes-builder a57c76c8bf85b7a0ab8fa1079138e25b6a223a6e
2019-11-11 04:47:28.662918 +0000 build-centos: ?? rpmdb/Basenames
2019-11-11 04:47:28.662925 +0000 build-centos: ?? rpmdb/Conflictname
2019-11-11 04:47:28.662932 +0000 build-centos: ?? rpmdb/Dirnames
2019-11-11 04:47:28.662939 +0000 build-centos: ?? rpmdb/Enhancename
2019-11-11 04:47:28.662946 +0000 build-centos: ?? rpmdb/Filetriggername
2019-11-11 04:47:28.662952 +0000 build-centos: ?? rpmdb/Group
2019-11-11 04:47:28.662959 +0000 build-centos: ?? rpmdb/Installtid
2019-11-11 04:47:28.662966 +0000 build-centos: ?? rpmdb/Name
2019-11-11 04:47:28.662973 +0000 build-centos: ?? rpmdb/Obsoletename
2019-11-11 04:47:28.662980 +0000 build-centos: ?? rpmdb/Packages
2019-11-11 04:47:28.662987 +0000 build-centos: ?? rpmdb/Providename
2019-11-11 04:47:28.662994 +0000 build-centos: ?? rpmdb/Recommendname
2019-11-11 04:47:28.663001 +0000 build-centos: ?? rpmdb/Requirename
2019-11-11 04:47:28.663008 +0000 build-centos: ?? rpmdb/Sha1header
2019-11-11 04:47:28.663014 +0000 build-centos: ?? rpmdb/Sigmd5
2019-11-11 04:47:28.663021 +0000 build-centos: ?? rpmdb/Suggestname
2019-11-11 04:47:28.663029 +0000 build-centos: ?? rpmdb/Supplementname
2019-11-11 04:47:28.663036 +0000 build-centos: ?? rpmdb/Transfiletriggername
2019-11-11 04:47:28.663043 +0000 build-centos: ?? rpmdb/Triggername
2019-11-11 04:47:28.663050 +0000 build-centos: ?? rpmdb/__db.001
2019-11-11 04:47:28.663056 +0000 build-centos: ?? rpmdb/__db.002
2019-11-11 04:47:28.663063 +0000 build-centos: ?? rpmdb/__db.003
2019-11-11 04:47:28.663076 +0000 build-centos: 02d64c14eab318fec1dbf4532a12cae07ef712dd6eff599f56232e38e0cbe438c65d651538a07e7acd6e37d2ba33e1df12daef9c412535aa58d8c1b7c3e7edc8  rpmdb/Basenames
2019-11-11 04:47:28.663090 +0000 build-centos: 19026c7507a2a2e14d7cee2dd006348183bb65f4ebc1eee6ccdb08b887f8584f5eefcfefc4b80407824387f5e8d3b620c6fdfdab63483fb8abcb8a7fdd65ba45  rpmdb/Conflictname
2019-11-11 04:47:28.663103 +0000 build-centos: 35e89697596d6680d58cf47c9d3fe42adb6e32f1a0093a2567e0f9aa68a86b0e64d665abd10a1fe0d746455be50ddbcc88611ecec8dea0efad441933e484d449  rpmdb/Dirnames
2019-11-11 04:47:28.663115 +0000 build-centos: e5d84b390584188e8b5b7e789ef2204fd36c579640c25156a1e051d32f78d94c1097b485a4743ada34173e67748fd48cee55be1efab7d3ae8b3b1b45bf82d075  rpmdb/Enhancename
2019-11-11 04:47:28.663128 +0000 build-centos: 843ff59ccd2967b4c70395e46d4efcc8aed027d5bd60c10b8b1b17cfe59871f52ac92f3533a9de26ee706ef2d52f0b0c45a09d68eefcc263400437e47f0b8347  rpmdb/Filetriggername
2019-11-11 04:47:28.663141 +0000 build-centos: 09f3cb3592c88e0e0f278d14b750fcaa21f1b0c9bd030d0c4dc2f337a56c6a4d1690e80021634cdbfa85b0d57ea4728150b386e6badd539b574ea5b2dee0df0d  rpmdb/Group
2019-11-11 04:47:28.663154 +0000 build-centos: 96a88249928324e0422d5f5fe89121683ef6b5f7a44f8a009cdefebf7f6e42d5ae50ab43e9841d0b6970b7b54da19daacf0cee54f528bd8f0e498e8ef131aaea  rpmdb/Installtid
2019-11-11 04:47:28.663166 +0000 build-centos: 11dad8474520b31c444f846af1bc0ea2d59eed944020af0789993eb5eabd7556f3afd5ce1949869b180ba4e51083202008675e0a434ec5c1419c8eaab0b61c74  rpmdb/Name
2019-11-11 04:47:28.663179 +0000 build-centos: 3329e46fc7d0c6a7a020ea6e47afac15c08ffe46a8febb2ffc86b2ad89526ca85b5cd54f58e43e617977c7af8858737046facd7d1a45b1ded72e8061b3ca5cdb  rpmdb/Obsoletename
2019-11-11 04:47:28.663192 +0000 build-centos: 1c6842abc286ec53bc7ed48229f2bb52543e1cbd2523edcb96920131dab57510f65b73b3d049287fe20f5d1fe277f3de4f15cc665f8100b4dad899464d27e9d1  rpmdb/Packages
2019-11-11 04:47:28.663205 +0000 build-centos: db7e5b3517ad2e34a5d36541f60ca6331d05fbb77e2851154db0a313d61284da3ce37d3c3bba42f15d57fd8c019d001d5fe3fbf7721105924506457ec0bf2ce1  rpmdb/Providename
2019-11-11 04:47:28.663223 +0000 build-centos: 2f7cbb517c958208d7560341b1c3c0d1328c1c9a62ab0de7a6c5952188f4664005f6582312f813e910eaac17ca9ea24b5b02dba44d678073cdb33563ec8efe74  rpmdb/Recommendname
2019-11-11 04:47:28.663237 +0000 build-centos: 749969ce5f5b34fdb1530db6c248836b2ed33086d97fd3f0e9765f6be6136b56a1e6face9b3a8c0c44cf5e482ef0c351cada3d2f02cd653f99e7bbe8b888bd25  rpmdb/Requirename
2019-11-11 04:47:28.663249 +0000 build-centos: 240db49020ed455251c12c91e15d838076150b3bf8ead7269eae86d7a1c3e48d18d2ef9534532bf9ecf191216d095f3b6eea786f9e70c8cb06351374dfd6202c  rpmdb/Sha1header
2019-11-11 04:47:28.663262 +0000 build-centos: 6b2eea8b387651838d46749fd705db27af0823d85a1f1b3d2f0629eab1ea578971f8465e3614e565b4e1c3e86a15ba6f39bda8ee5e0d637f969dcd44e47af1a6  rpmdb/Sigmd5
2019-11-11 04:47:28.663275 +0000 build-centos: 8ed54d8105ec46d8883f70451128640f76ce427a6ae04720d6496edaa09db366f38372f48f35295d66efb283bd3beb16179f2f026f2b2d9947a27b296ca27fe2  rpmdb/Suggestname
2019-11-11 04:47:28.663287 +0000 build-centos: 0dbed9bfd74a5ffc267bd0e798f851ec3711760901599d51a6a50a1e0a5a7aaf638eac6c1bb71f94b9805ddb85b77ff9d8b070cedef6c827257c2deca823cc85  rpmdb/Supplementname
2019-11-11 04:47:28.663301 +0000 build-centos: 881b2352028bd8201a46bd4b0dea577cffd4d0eeadf61ad28ddabe7a12312ec80db52096437cdf38a1a8776a25e5005bbc88d3a3a0d82238ecd9fb36d0fcfb90  rpmdb/Transfiletriggername
2019-11-11 04:47:28.663314 +0000 build-centos: 142cdd53474d8c4972753cd391f60362785e01e1688117f879adb6c905141f4d0c689af1ce91a07f435c5d95887372b6a6418eea0b88c65d532c9072e70966c6  rpmdb/Triggername
2019-11-11 04:47:28.663327 +0000 build-centos: 500ead7bf760a2638a30e719450eea18b33d6f02fa28504655f637f3767b32511e21a6961c59713f1eaa2d531924985c89d3904fbc2acbc42bf7e8f11f7e8600  rpmdb/__db.001
2019-11-11 04:47:28.663339 +0000 build-centos: 45a07b54dd9c00634c4af956c6ea307d23ec765c4b0158aec92102e415947bf623b3b15ae5c0b0c80312818f0460acd9e0b2c8826dccd18a94bbf3da39cc30b6  rpmdb/__db.002
2019-11-11 04:47:28.663352 +0000 build-centos: 43ea1937cbfb2d162d477f7946353387bc02921f272ca3301e86cacef459b7fa769192dcbe5d3236f5e0c8b6a5efcc1cf80bae2892bb15cfe3cb01473aa1db78  rpmdb/__db.003
2019-11-11 04:47:28.663362 +0000 build-centos: >> qubes-builder/qubes-src/python-objgraph 858016ad9e0d367f22141531ce10971becddaca1
2019-11-11 04:47:28.663372 +0000 build-centos: !! pkgs/vm-centos7/noarch/python-objgraph-doc-3.4.0-1.centos7.noarch.rpm
2019-11-11 04:47:28.663393 +0000 build-centos: !! pkgs/vm-centos7/noarch/python-objgraph-doc-3.4.0-2.centos7.noarch.rpm
2019-11-11 04:47:28.663403 +0000 build-centos: !! pkgs/vm-centos7/noarch/python-objgraph-doc-3.4.0-3.centos7.noarch.rpm
2019-11-11 04:47:28.663413 +0000 build-centos: !! pkgs/vm-centos7/noarch/python34-objgraph-3.4.0-1.centos7.noarch.rpm
2019-11-11 04:47:28.663422 +0000 build-centos: !! pkgs/vm-centos7/noarch/python34-objgraph-3.4.0-2.centos7.noarch.rpm
2019-11-11 04:47:28.663431 +0000 build-centos: !! pkgs/vm-centos7/noarch/python36-objgraph-3.4.0-3.centos7.noarch.rpm
2019-11-11 04:47:28.663440 +0000 build-centos: !! pkgs/vm-centos7/python-objgraph.spec.list
2019-11-11 04:47:28.663455 +0000 build-centos: 5b504c8db772c4d7ad16673b2b122fcc0c4a1f50ef6f1cd8be220af4618d84b2ee7464879996d885d4bf9c859d3241a8d42f5350b519ce6e43c0d1972494a34b  pkgs/vm-centos7/noarch/python-objgraph-doc-3.4.0-1.centos7.noarch.rpm
2019-11-11 04:47:28.663470 +0000 build-centos: c116b6d22991a8b94e5e93631421b441f38748def20b4739ebe0bf9c0f7dc6bffe39b2d629d54b7682917a54eeba54c395d04bff83294b2becbc738dc1d85e19  pkgs/vm-centos7/noarch/python-objgraph-doc-3.4.0-2.centos7.noarch.rpm
2019-11-11 04:47:28.663486 +0000 build-centos: 2da37a44bba708343831012b2ccc7f802879566e5204e2d923c13518a55e271ecd5a72c7c5f1e60d008e86b76488e707822707d7e20ed894bdfef31faa35e657  pkgs/vm-centos7/noarch/python-objgraph-doc-3.4.0-3.centos7.noarch.rpm
2019-11-11 04:47:28.663501 +0000 build-centos: ef3a24edbc5d8194167b210ab909b81ccfc78300b7cfc8450948965c68a10d2d6f7f7581382ae7094f55dc5ce8959c8e59167f2d6b9432d521901ee8fd5b02fa  pkgs/vm-centos7/noarch/python34-objgraph-3.4.0-1.centos7.noarch.rpm
2019-11-11 04:47:28.663520 +0000 build-centos: 713ebc704261dfd23f0231a0e22be948ea45fdb1a75aa694edad5722fba0fdce407ae3b3d9f868f0cae90f040c9b7b2a86e1810adba350bd7a7169fc7af19b13  pkgs/vm-centos7/noarch/python34-objgraph-3.4.0-2.centos7.noarch.rpm
2019-11-11 04:47:28.663535 +0000 build-centos: bf7612dd545d4d54d018e726169eaddda306053e112975fce865df2f934758a1ed176364693e7cb6e44873a6057b0f0a37e7f2e750e7b9f5e9975e6dfc92e199  pkgs/vm-centos7/noarch/python36-objgraph-3.4.0-3.centos7.noarch.rpm
2019-11-11 04:47:28.663551 +0000 build-centos: 9057a4a6c871380170dc0dd417bf0d3a2a21cfd9bca2d69757eb6246ed03412183e8a157f4e15e5c22aa118ad3b2a1bf00995360bf2bdb1d0d6e48fd152d41d8  pkgs/vm-centos7/python-objgraph.spec.list
2019-11-11 04:47:28.663563 +0000 build-centos: ================================================================================
2019-11-11 04:47:28.663573 +0000 build-centos:                            B U I L D   I N F O                                  
2019-11-11 04:47:28.663583 +0000 build-centos: Items in red indicate it was automatically generated by configuration file(s)
2019-11-11 04:47:28.663592 +0000 build-centos: Items in white indicate it was automatically removed by configuration file(s)
2019-11-11 04:47:28.663602 +0000 build-centos: ================================================================================
2019-11-11 04:47:28.663609 +0000 build-centos: DISTS_VM:
2019-11-11 04:47:28.663616 +0000 build-centos:      centos7,
2019-11-11 04:47:28.663623 +0000 build-centos: DISTS_ALL:
2019-11-11 04:47:28.663630 +0000 build-centos:      vm-centos7,
2019-11-11 04:47:28.663637 +0000 build-centos: DIST_DOM0:
2019-11-11 04:47:28.663643 +0000 build-centos:     
2019-11-11 04:47:28.663650 +0000 build-centos: BUILDER_PLUGINS:
2019-11-11 04:47:28.663660 +0000 build-centos:      builder-rpm, builder-debian, mgmt-salt, linux-yum, release-configs, builder-github,
2019-11-11 04:47:28.663667 +0000 build-centos: COMPONENTS:
2019-11-11 04:47:28.663675 +0000 build-centos:      python-objgraph,
2019-11-11 04:47:28.663681 +0000 build-centos: GIT_REPOS:
2019-11-11 04:47:28.663705 +0000 build-centos:      qubes-src/python-objgraph,
2019-11-11 04:47:28.663712 +0000 build-centos: TEMPLATE:
2019-11-11 04:47:28.663719 +0000 build-centos:     
2019-11-11 04:47:28.663726 +0000 build-centos: TEMPLATE_FLAVOR_DIR:
2019-11-11 04:47:28.663732 +0000 build-centos:     
2019-11-11 04:47:28.663739 +0000 build-centos: TEMPLATE_ALIAS:
2019-11-11 04:47:28.663749 +0000 build-centos:      jessie:jessie+standard, jessie+gnome:jessie+gnome+standard,
2019-11-11 04:47:28.663760 +0000 build-centos:      jessie+minimal:jessie+minimal+no-recommends, stretch:stretch+standard, stretch+gnome:stretch+gnome+standard,
2019-11-11 04:47:28.663772 +0000 build-centos:      stretch+minimal:stretch+minimal+no-recommends, buster:buster+standard, buster+gnome:buster+gnome+standard,
2019-11-11 04:47:28.663782 +0000 build-centos:      buster+minimal:buster+minimal+no-recommends, bullseye:bullseye+standard,
2019-11-11 04:47:28.663792 +0000 build-centos:      bullseye+gnome:bullseye+gnome+standard, bullseye+minimal:bullseye+minimal+no-recommends,
2019-11-11 04:47:28.663802 +0000 build-centos:      whonix-gateway:jessie+whonix-gateway+minimal+no-recommends,
2019-11-11 04:47:28.663811 +0000 build-centos:      whonix-workstation:jessie+whonix-workstation+minimal+no-recommends,
2019-11-11 04:47:28.663821 +0000 build-centos:      whonix-gateway-14:stretch+whonix-gateway+minimal+no-recommends,
2019-11-11 04:47:28.663831 +0000 build-centos:      whonix-workstation-14:stretch+whonix-workstation+minimal+no-recommends,
2019-11-11 04:47:28.663840 +0000 build-centos:      whonix-gateway-15:buster+whonix-gateway+minimal+no-recommends,
2019-11-11 04:47:28.663849 +0000 build-centos:      whonix-workstation-15:buster+whonix-workstation+minimal+no-recommends,
2019-11-11 04:47:28.663856 +0000 build-centos: TEMPLATE_LABEL:
2019-11-11 04:47:28.663866 +0000 build-centos:      centos7:centos-7, fc25:fedora-25 fc29:fedora-29 fc30:fedora-30 fc31:fedora-31
2019-11-11 04:47:28.663880 +0000 build-centos:      fc29+minimal:fedora-29-minimal fc30+minimal:fedora-30-minimal fc31+minimal:fedora-31-minimal
2019-11-11 04:47:28.663891 +0000 build-centos:      fc29+xfce:fedora-29-xfce fc30+xfce:fedora-30-xfce fc31+xfce:fedora-31-xfce wheezy:debian-7
2019-11-11 04:47:28.663902 +0000 build-centos:      wheezy+standard:debian-7 jessie:debian-8 jessie+standard:debian-8 stretch:debian-9
2019-11-11 04:47:28.663912 +0000 build-centos:      stretch+standard:debian-9 buster:debian-10 buster+standard:debian-10 bullseye:debian-11
2019-11-11 04:47:28.663923 +0000 build-centos:      bullseye+standard:bullseye-11 jessie+whonix-gateway+minimal+no-recommends:whonix-gw
2019-11-11 04:47:28.663932 +0000 build-centos:      jessie+whonix-workstation+minimal+no-recommends:whonix-ws
2019-11-11 04:47:28.663941 +0000 build-centos:      stretch+whonix-gateway+minimal+no-recommends:whonix-gw-14
2019-11-11 04:47:28.663950 +0000 build-centos:      stretch+whonix-workstation+minimal+no-recommends:whonix-ws-14
2019-11-11 04:47:28.663962 +0000 build-centos:      buster+whonix-gateway+minimal+no-recommends:whonix-gw-15
2019-11-11 04:47:28.663973 +0000 build-centos:      buster+whonix-workstation+minimal+no-recommends:whonix-ws-15 centos7+minimal:centos-7-minimal
2019-11-11 04:47:28.663981 +0000 build-centos:      centos7+xfce:centos-7-xfce
2019-11-11 04:47:28.666665 +0000 build-centos: > running make
2019-11-11 04:47:28.677171 +0000 build-centos: Makefile:812: target 'internal-update-repo-current.vm.centos7.python-objgraph' does not exist
2019-11-11 04:47:28.677212 +0000 build-centos: repo_base_var="LINUX_REPO_centos7_BASEDIR"; \
2019-11-11 04:47:28.677225 +0000 build-centos: if [ "python-objgraph" = linux-template-builder ]; then \
2019-11-11 04:47:28.677238 +0000 build-centos: .# templates belongs to dom0 repository, even though PACKAGE_SET=vm
2019-11-11 04:47:28.677247 +0000 build-centos: repo_base_var="LINUX_REPO__BASEDIR"; \
2019-11-11 04:47:28.677255 +0000 build-centos: fi; \
2019-11-11 04:47:28.677264 +0000 build-centos: if [ -n "${!repo_base_var}" ]; then \
2019-11-11 04:47:28.677273 +0000 build-centos: .repo_basedir="${!repo_base_var}"; \
2019-11-11 04:47:28.677280 +0000 build-centos: else \
2019-11-11 04:47:28.677289 +0000 build-centos: .repo_basedir="qubes-src/linux-yum/r4.0"; \
2019-11-11 04:47:28.677327 +0000 build-centos: fi; \
2019-11-11 04:47:28.677336 +0000 build-centos: if [ -r qubes-src/python-objgraph/Makefile.builder ]; then \
2019-11-11 04:47:28.677345 +0000 build-centos: .echo -n "Updating qubes-src/python-objgraph... "; \
2019-11-11 04:47:28.677353 +0000 build-centos: .if [ "0" -eq 1 ]; then \
2019-11-11 04:47:28.677364 +0000 build-centos: ..vtag=`git -C qubes-src/python-objgraph tag --points-at HEAD --list v*`; \
2019-11-11 04:47:28.677373 +0000 build-centos: ..if [ -z "$vtag" ]; then \
2019-11-11 04:47:28.677380 +0000 build-centos: ...echo "no version tag"; \
2019-11-11 04:47:28.677387 +0000 build-centos: ...exit 0; \
2019-11-11 04:47:28.677394 +0000 build-centos: ..fi; \
2019-11-11 04:47:28.677401 +0000 build-centos: .fi; \
2019-11-11 04:47:28.677409 +0000 build-centos: .if [ "python-objgraph" = linux-template-builder ]; then
2019-11-11 04:47:28.677420 +0000 build-centos: export TEMPLATE_NAME=$(MAKEFLAGS= make -s -C qubes-src/linux-template-builder DIST=centos7 template-name)
2019-11-11 04:47:28.677428 +0000 build-centos: fi
2019-11-11 04:47:28.677446 +0000 build-centos: component_packages=$(MAKEFLAGS= make -s -f Makefile.generic DIST=centos7 PACKAGE_SET=vm COMPONENT=`basename qubes-src/python-objgraph` UPDATE_REPO=/home/user/builder-r4.0/$repo_basedir/current/vm/centos7 get-var GET_VAR=PACKAGE_LIST); \
2019-11-11 04:47:28.677457 +0000 build-centos: .if [ -z "$component_packages" ]; then \
2019-11-11 04:47:28.677465 +0000 build-centos: ..echo "no packages."; \
2019-11-11 04:47:28.677472 +0000 build-centos: ..exit 0; \
2019-11-11 04:47:28.677479 +0000 build-centos: .fi; \
2019-11-11 04:47:28.677488 +0000 build-centos: .make -s -f Makefile.generic DIST=centos7 PACKAGE_SET=vm \
2019-11-11 04:47:28.677498 +0000 build-centos: ..COMPONENT=`basename qubes-src/python-objgraph` \
2019-11-11 04:47:28.677521 +0000 build-centos: ..SNAPSHOT_REPO=current-testing \
2019-11-11 04:47:28.677529 +0000 build-centos: ..TARGET_REPO=current \
2019-11-11 04:47:28.677539 +0000 build-centos: ..UPDATE_REPO=/home/user/builder-r4.0/$repo_basedir/current/vm/centos7 \
2019-11-11 04:47:28.677552 +0000 build-centos: ..SNAPSHOT_FILE=/home/user/builder-r4.0/repo-latest-snapshot/current-testing-vm-centos7-`basename qubes-src/python-objgraph` \
2019-11-11 04:47:28.677560 +0000 build-centos: ..BUILD_LOG_URL= \
2019-11-11 04:47:28.677569 +0000 build-centos: ..update-repo-from-snapshot || exit 1; \
2019-11-11 04:47:28.677579 +0000 build-centos: elif make -C qubes-src/python-objgraph -n update-repo-current >/dev/null 2>/dev/null; then \
2019-11-11 04:47:28.677588 +0000 build-centos: .echo "Updating qubes-src/python-objgraph... "; \
2019-11-11 04:47:28.677599 +0000 build-centos: .DIST=centos7 UPDATE_REPO=/home/user/builder-r4.0/$repo_basedir/current/vm/centos7 \
2019-11-11 04:47:28.677609 +0000 build-centos: .make -s -C qubes-src/python-objgraph update-repo-current || exit 1; \
2019-11-11 04:47:28.677616 +0000 build-centos: else \
2019-11-11 04:47:28.677625 +0000 build-centos: .echo -n "Updating qubes-src/python-objgraph... skipping."; \
2019-11-11 04:47:28.677632 +0000 build-centos: fi; \
2019-11-11 04:47:28.677639 +0000 build-centos: echo
2019-11-11 04:47:28.697883 +0000 build-centos: Updating qubes-src/python-objgraph... Makefile.generic:212: target 'update-repo-date-check' does not exist
2019-11-11 04:47:28.697927 +0000 build-centos: if ! [ -r /home/user/builder-r4.0/repo-latest-snapshot/current-testing-vm-centos7-python-objgraph ]; then \
2019-11-11 04:47:28.697942 +0000 build-centos: .echo "`tput bold`*** Packages weren't uploaded to current-testing! ***`tput sgr0`"; \
2019-11-11 04:47:28.697951 +0000 build-centos: .exit 1; \
2019-11-11 04:47:28.697960 +0000 build-centos: fi
2019-11-11 04:47:28.703138 +0000 build-centos: touch -t `date -d "7 days ago" +%Y%m%d%H%M` /tmp/age-compare-file
2019-11-11 04:47:28.706989 +0000 build-centos: if ! [ /home/user/builder-r4.0/repo-latest-snapshot/current-testing-vm-centos7-python-objgraph -ot /tmp/age-compare-file ]; then \
2019-11-11 04:47:28.707037 +0000 build-centos: .echo "`tput bold`*** Packages weren't in current-testing for at least 7 days! ***`tput sgr0`"; \
2019-11-11 04:47:28.707051 +0000 build-centos: .exit 1; \
2019-11-11 04:47:28.707061 +0000 build-centos: fi
2019-11-11 04:47:28.708103 +0000 build-centos: rm -f /tmp/age-compare-file
2019-11-11 04:47:28.711595 +0000 build-centos: /home/user/builder-r4.0/qubes-src/builder-rpm/Makefile.rpmbuilder:171: target 'update-repo-from-snapshot-do' does not exist
2019-11-11 04:47:28.711642 +0000 build-centos: for f in pkgs/vm-centos7/noarch/python-objgraph-doc-3.4.0-3.centos7.noarch.rpm pkgs/vm-centos7/noarch/python36-objgraph-3.4.0-3.centos7.noarch.rpm; do \
2019-11-11 04:47:28.711664 +0000 build-centos: .ln -f /home/user/builder-r4.0/qubes-src/linux-yum/r4.0/current-testing/vm/centos7/rpm/`basename $f` /home/user/builder-r4.0/qubes-src/linux-yum/r4.0/current/vm/centos7/rpm/ || exit 1; \
2019-11-11 04:47:28.711676 +0000 build-centos: done
2019-11-11 04:47:28.723596 +0000 build-centos: /home/user/builder-r4.0/qubes-src/builder-github//Makefile.github:18: target 'notify-github' does not exist
2019-11-11 04:47:28.723648 +0000 build-centos: [ -z "python-objgraph-doc-3.4.0-3.centos7" ] || /home/user/builder-r4.0/qubes-src/builder-github//notify-issues \
2019-11-11 04:47:28.723663 +0000 build-centos: .--build-log="" \
2019-11-11 04:47:28.723674 +0000 build-centos: .upload \
2019-11-11 04:47:28.723683 +0000 build-centos: ."r4.0" \
2019-11-11 04:47:28.723724 +0000 build-centos: ."qubes-src/python-objgraph" \
2019-11-11 04:47:28.723735 +0000 build-centos: ."python-objgraph-doc-3.4.0-3.centos7" \
2019-11-11 04:47:28.723744 +0000 build-centos: ."centos7" \
2019-11-11 04:47:28.723753 +0000 build-centos: ."vm" \
2019-11-11 04:47:28.723761 +0000 build-centos: ."current" \
2019-11-11 04:47:28.723790 +0000 build-centos: ."/home/user/github-notify-state/r4.0-python-objgraph-vm-centos7-current"
2019-11-11 04:47:34.461566 +0000 build-centos: 
2019-11-11 04:47:34.463003 +0000 build-centos: Makefile:785: update target 'internal-update-repo-current.vm.centos7' due to: internal-update-repo-current.vm.centos7.python-objgraph
2019-11-11 04:47:34.463036 +0000 build-centos: true
2019-11-11 04:47:34.463874 +0000 build-centos: Makefile:866: target 'post-update-repo-current' does not exist
2019-11-11 04:47:34.463903 +0000 build-centos: for dist in  centos7; do \
2019-11-11 04:47:34.463917 +0000 build-centos: .repo_base_var="LINUX_REPO_${dist}_BASEDIR"; \
2019-11-11 04:47:34.463927 +0000 build-centos: .if [ -n "${!repo_base_var}" ]; then \
2019-11-11 04:47:34.463936 +0000 build-centos: ..repo_basedir="${!repo_base_var}"; \
2019-11-11 04:47:34.463944 +0000 build-centos: .else \
2019-11-11 04:47:34.463953 +0000 build-centos: ..repo_basedir="qubes-src/linux-yum/r4.0"; \
2019-11-11 04:47:34.463960 +0000 build-centos: .fi; \
2019-11-11 04:47:34.463969 +0000 build-centos: .repos_to_update="$repos_to_update $repo_basedir"; \
2019-11-11 04:47:34.463976 +0000 build-centos: done; \
2019-11-11 04:47:34.463986 +0000 build-centos: pkgset_dist= ; \
2019-11-11 04:47:34.463994 +0000 build-centos: for dist in ; do \
2019-11-11 04:47:34.464002 +0000 build-centos: .pkgset_dist="$pkgset_dist dom0/$dist"; \
2019-11-11 04:47:34.464009 +0000 build-centos: done; \
2019-11-11 04:47:34.464017 +0000 build-centos: for dist in centos7; do \
2019-11-11 04:47:34.464025 +0000 build-centos: .pkgset_dist="$pkgset_dist vm/$dist"; \
2019-11-11 04:47:34.464031 +0000 build-centos: done; \
2019-11-11 04:47:34.464041 +0000 build-centos: for repo in `echo $repos_to_update|tr ' ' '\n'|sort|uniq`; do \
2019-11-11 04:47:34.464048 +0000 build-centos: .[ -z "$repo" ] && continue; \
2019-11-11 04:47:34.464058 +0000 build-centos: .[ -x "$repo/../update_repo-current.sh" ] || continue; \
2019-11-11 04:47:34.464067 +0000 build-centos: .(cd $repo/.. && ./update_repo-current.sh r4.0 $pkgset_dist); \
2019-11-11 04:47:34.464074 +0000 build-centos: done
2019-11-11 04:47:34.473193 +0000 build-centos: which: no mkmetalink in (/usr/local/sbin:/usr/local/bin:/usr/sbin:/usr/bin:/home/user/.local/bin:/home/user/bin:/home/user/builder-r4.0/qubes-src/builder-rpm/tools)
2019-11-11 04:47:34.475958 +0000 build-centos: --> Processing repo: r4.0/current/dom0/fc25...
2019-11-11 04:47:34.518689 +0000 build-centos: --> Processing repo: r4.0/current/vm/centos7...
2019-11-11 04:47:37.077930 +0000 build-centos: --> Processing repo: r4.0/current/vm/centos8...
2019-11-11 04:47:37.120572 +0000 build-centos: --> Processing repo: r4.0/current/vm/fc17...
2019-11-11 04:47:37.150642 +0000 build-centos: --> Processing repo: r4.0/current/vm/fc20...
2019-11-11 04:47:37.177570 +0000 build-centos: --> Processing repo: r4.0/current/vm/fc21...
2019-11-11 04:47:37.204031 +0000 build-centos: --> Processing repo: r4.0/current/vm/fc22...
2019-11-11 04:47:37.232978 +0000 build-centos: --> Processing repo: r4.0/current/vm/fc23...
2019-11-11 04:47:37.259296 +0000 build-centos: --> Processing repo: r4.0/current/vm/fc24...
2019-11-11 04:47:37.289599 +0000 build-centos: --> Processing repo: r4.0/current/vm/fc25...
2019-11-11 04:47:37.318749 +0000 build-centos: --> Processing repo: r4.0/current/vm/fc26...
2019-11-11 04:47:37.348469 +0000 build-centos: --> Processing repo: r4.0/current/vm/fc27...
2019-11-11 04:47:37.378525 +0000 build-centos: --> Processing repo: r4.0/current/vm/fc28...
2019-11-11 04:47:37.411808 +0000 build-centos: --> Processing repo: r4.0/current/vm/fc29...
2019-11-11 04:47:37.439211 +0000 build-centos: --> Processing repo: r4.0/current/vm/fc30...
2019-11-11 04:47:37.470529 +0000 build-centos: --> Processing repo: r4.0/current/vm/fc31...
2019-11-11 04:47:37.501375 +0000 build-centos: Done.
2019-11-11 04:47:37.504203 +0000 build-centos: ~/builder-r4.0/qubes-src/linux-yum ~/builder-r4.0/qubes-src/linux-yum
2019-11-11 04:47:37.505257 +0000 build-centos: Syncing r4.0...
2019-11-11 04:47:37.593942 +0000 build-centos: sending incremental file list
2019-11-11 04:47:37.701538 +0000 build-centos: .d..t...... current-testing/
2019-11-11 04:47:37.701586 +0000 build-centos: .d..t...... current-testing/dom0/
2019-11-11 04:47:37.701703 +0000 build-centos: .d..t...... current-testing/dom0/fc25/
2019-11-11 04:47:37.701727 +0000 build-centos: .L..t...... current-testing/dom0/fc25/comps.xml -> ../../../comps-dom0.xml
2019-11-11 04:47:37.701739 +0000 build-centos: .d..t...... current-testing/dom0/fc25/rpm/
2019-11-11 04:47:37.701750 +0000 build-centos: <f..t...... current-testing/dom0/fc25/rpm/.gitignore
2019-11-11 04:47:37.701857 +0000 build-centos: .              6 100%    0.00kB/s    0:00:00  .              6 100%    0.00kB/s    0:00:00 (xfr#1, ir-chk=1592/1601)
2019-11-11 04:47:37.702005 +0000 build-centos: .d..t...... current-testing/vm/
2019-11-11 04:47:37.702024 +0000 build-centos: .d..t...... current-testing/vm/centos7/
2019-11-11 04:47:37.702037 +0000 build-centos: .L..t...... current-testing/vm/centos7/comps.xml -> ../../../comps-vm.xml
2019-11-11 04:47:37.705018 +0000 build-centos: .d..t...... current-testing/vm/centos7/rpm/
2019-11-11 04:47:37.705051 +0000 build-centos: <f..t...... current-testing/vm/centos7/rpm/.gitignore
2019-11-11 04:47:37.705070 +0000 build-centos: .              6 100%    1.95kB/s    0:00:00  .              6 100%    1.95kB/s    0:00:00 (xfr#2, ir-chk=2631/2657)
2019-11-11 04:47:37.740422 +0000 build-centos: .d..t...... current-testing/vm/centos8/
2019-11-11 04:47:37.740470 +0000 build-centos: .L..t...... current-testing/vm/centos8/comps-vm.xml -> comps-vm.xml
2019-11-11 04:47:37.740486 +0000 build-centos: .d..t...... current-testing/vm/centos8/rpm/
2019-11-11 04:47:37.740657 +0000 build-centos: <f..t...... current-testing/vm/centos8/rpm/.gitignore
2019-11-11 04:47:37.740680 +0000 build-centos: .              0 100%    0.00kB/s    0:00:00 (xfr#3, ir-chk=1053/2657)
2019-11-11 04:47:37.740690 +0000 build-centos: .d..t...... current-testing/vm/fc20/
2019-11-11 04:47:37.740700 +0000 build-centos: .d..t...... current-testing/vm/fc21/
2019-11-11 04:47:37.740710 +0000 build-centos: .d..t...... current-testing/vm/fc22/
2019-11-11 04:47:37.740718 +0000 build-centos: .d..t...... current-testing/vm/fc23/
2019-11-11 04:47:37.740727 +0000 build-centos: .d..t...... current-testing/vm/fc24/
2019-11-11 04:47:37.740764 +0000 build-centos: .L..t...... current-testing/vm/fc24/comps.xml -> ../../../comps-vm.xml
2019-11-11 04:47:37.740775 +0000 build-centos: .d..t...... current-testing/vm/fc24/rpm/
2019-11-11 04:47:37.740941 +0000 build-centos: <f..t...... current-testing/vm/fc24/rpm/.gitignore
2019-11-11 04:47:37.740965 +0000 build-centos: .              6 100%    0.15kB/s    0:00:00  .              6 100%    0.15kB/s    0:00:00 (xfr#4, ir-chk=1050/2657)
2019-11-11 04:47:37.740977 +0000 build-centos: .d..t...... current-testing/vm/fc25/
2019-11-11 04:47:37.740989 +0000 build-centos: .L..t...... current-testing/vm/fc25/comps.xml -> ../../../comps-vm.xml
2019-11-11 04:47:37.740999 +0000 build-centos: .d..t...... current-testing/vm/fc25/rpm/
2019-11-11 04:47:37.741135 +0000 build-centos: <f..t...... current-testing/vm/fc25/rpm/.gitignore
2019-11-11 04:47:37.741157 +0000 build-centos: .              6 100%    0.15kB/s    0:00:00  .              6 100%    0.15kB/s    0:00:00 (xfr#5, ir-chk=1047/2657)
2019-11-11 04:47:37.741168 +0000 build-centos: .d..t...... current-testing/vm/fc26/
2019-11-11 04:47:37.741180 +0000 build-centos: .L..t...... current-testing/vm/fc26/comps.xml -> ../../../comps-vm.xml
2019-11-11 04:47:37.741189 +0000 build-centos: .d..t...... current-testing/vm/fc26/rpm/
2019-11-11 04:47:37.741199 +0000 build-centos: <f..t...... current-testing/vm/fc26/rpm/.gitignore
2019-11-11 04:47:37.741307 +0000 build-centos: .              6 100%    0.15kB/s    0:00:00  .              6 100%    0.15kB/s    0:00:00 (xfr#6, ir-chk=1044/2657)
2019-11-11 04:47:37.741326 +0000 build-centos: .d..t...... current-testing/vm/fc27/
2019-11-11 04:47:37.741338 +0000 build-centos: .L..t...... current-testing/vm/fc27/comps.xml -> ../../../comps-vm.xml
2019-11-11 04:47:37.741360 +0000 build-centos: .d..t...... current-testing/vm/fc27/rpm/
2019-11-11 04:47:37.741371 +0000 build-centos: <f..t...... current-testing/vm/fc27/rpm/.gitignore
2019-11-11 04:47:37.741574 +0000 build-centos: .              6 100%    0.15kB/s    0:00:00  .              6 100%    0.15kB/s    0:00:00 (xfr#7, ir-chk=1041/2657)
2019-11-11 04:47:37.741593 +0000 build-centos: .d..t...... current-testing/vm/fc28/
2019-11-11 04:47:37.741606 +0000 build-centos: .L..t...... current-testing/vm/fc28/comps.xml -> ../../../comps-vm.xml
2019-11-11 04:47:37.741616 +0000 build-centos: .d..t...... current-testing/vm/fc28/rpm/
2019-11-11 04:47:37.741863 +0000 build-centos: <f..t...... current-testing/vm/fc28/rpm/.gitignore
2019-11-11 04:47:37.741886 +0000 build-centos: .              6 100%    0.15kB/s    0:00:00  .              6 100%    0.15kB/s    0:00:00 (xfr#8, ir-chk=1038/2657)
2019-11-11 04:47:37.741897 +0000 build-centos: .d..t...... current-testing/vm/fc29/
2019-11-11 04:47:37.741909 +0000 build-centos: .L..t...... current-testing/vm/fc29/comps.xml -> ../../../comps-vm.xml
2019-11-11 04:47:37.741918 +0000 build-centos: .d..t...... current-testing/vm/fc29/rpm/
2019-11-11 04:47:37.741928 +0000 build-centos: <f..t...... current-testing/vm/fc29/rpm/.gitignore
2019-11-11 04:47:37.741941 +0000 build-centos: .              6 100%    0.15kB/s    0:00:00  .              6 100%    0.15kB/s    0:00:00 (xfr#9, ir-chk=1035/2657)
2019-11-11 04:47:37.742105 +0000 build-centos: .d..t...... current-testing/vm/fc30/
2019-11-11 04:47:37.742125 +0000 build-centos: .L..t...... current-testing/vm/fc30/comps.xml -> ../../../comps-vm.xml
2019-11-11 04:47:37.742136 +0000 build-centos: .d..t...... current-testing/vm/fc30/rpm/
2019-11-11 04:47:37.742146 +0000 build-centos: <f..t...... current-testing/vm/fc30/rpm/.gitignore
2019-11-11 04:47:37.742160 +0000 build-centos: .              6 100%    0.15kB/s    0:00:00  .              6 100%    0.15kB/s    0:00:00 (xfr#10, ir-chk=1032/2657)
2019-11-11 04:47:37.742169 +0000 build-centos: .d..t...... current-testing/vm/fc31/
2019-11-11 04:47:37.742180 +0000 build-centos: .L..t...... current-testing/vm/fc31/comps-vm.xml -> comps-vm.xml
2019-11-11 04:47:37.742189 +0000 build-centos: .d..t...... current-testing/vm/fc31/rpm/
2019-11-11 04:47:37.742199 +0000 build-centos: <f..t...... current-testing/vm/fc31/rpm/.gitignore
2019-11-11 04:47:37.742210 +0000 build-centos: .              0 100%    0.00kB/s    0:00:00 (xfr#11, ir-chk=1029/2657)
2019-11-11 04:47:37.742218 +0000 build-centos: .d..t...... current/
2019-11-11 04:47:37.742376 +0000 build-centos: .d..t...... current/dom0/
2019-11-11 04:47:37.742394 +0000 build-centos: .d..t...... current/dom0/fc25/
2019-11-11 04:47:37.742407 +0000 build-centos: .L..t...... current/dom0/fc25/comps.xml -> ../../../comps-dom0.xml
2019-11-11 04:47:37.742417 +0000 build-centos: .d..t...... current/dom0/fc25/rpm/
2019-11-11 04:47:37.742427 +0000 build-centos: <f..t...... current/dom0/fc25/rpm/.gitignore
2019-11-11 04:47:37.742441 +0000 build-centos: .              6 100%    0.15kB/s    0:00:00  .              6 100%    0.15kB/s    0:00:00 (xfr#12, ir-chk=1023/2657)
2019-11-11 04:47:37.742451 +0000 build-centos: .d..t...... current/vm/
2019-11-11 04:47:37.742460 +0000 build-centos: .d..t...... current/vm/centos7/
2019-11-11 04:47:37.742623 +0000 build-centos: .L..t...... current/vm/centos7/comps.xml -> ../../../comps-vm.xml
2019-11-11 04:47:37.778444 +0000 build-centos: .d..t...... current/vm/centos7/rpm/
2019-11-11 04:47:37.778486 +0000 build-centos: <f..t...... current/vm/centos7/rpm/.gitignore
2019-11-11 04:47:37.778509 +0000 build-centos: .              6 100%    0.08kB/s    0:00:00  .              6 100%    0.08kB/s    0:00:00 (xfr#13, to-chk=1261/2913)
2019-11-11 04:47:37.778527 +0000 build-centos: hf+++++++++ current/vm/centos7/rpm/python-objgraph-doc-3.4.0-3.centos7.noarch.rpm => current-testing/vm/centos7/rpm/python-objgraph-doc-3.4.0-3.centos7.noarch.rpm
2019-11-11 04:47:37.778541 +0000 build-centos: hf+++++++++ current/vm/centos7/rpm/python36-objgraph-3.4.0-3.centos7.noarch.rpm => current-testing/vm/centos7/rpm/python36-objgraph-3.4.0-3.centos7.noarch.rpm
2019-11-11 04:47:37.841367 +0000 build-centos: .d..t...... current/vm/centos8/
2019-11-11 04:47:37.841425 +0000 build-centos: .L..t...... current/vm/centos8/comps-vm.xml -> comps-vm.xml
2019-11-11 04:47:37.841627 +0000 build-centos: .d..t...... current/vm/centos8/rpm/
2019-11-11 04:47:37.841653 +0000 build-centos: <f..t...... current/vm/centos8/rpm/.gitignore
2019-11-11 04:47:37.841668 +0000 build-centos: .              0 100%    0.00kB/s    0:00:00 (xfr#14, to-chk=253/2913)
2019-11-11 04:47:37.841678 +0000 build-centos: .d..t...... current/vm/fc17/
2019-11-11 04:47:37.841687 +0000 build-centos: .d..t...... current/vm/fc20/
2019-11-11 04:47:37.841932 +0000 build-centos: .d..t...... current/vm/fc21/
2019-11-11 04:47:37.841950 +0000 build-centos: .d..t...... current/vm/fc22/
2019-11-11 04:47:37.841960 +0000 build-centos: .d..t...... current/vm/fc23/
2019-11-11 04:47:37.841969 +0000 build-centos: .d..t...... current/vm/fc24/
2019-11-11 04:47:37.841979 +0000 build-centos: .L..t...... current/vm/fc24/comps.xml -> ../../../comps-vm.xml
2019-11-11 04:47:37.841989 +0000 build-centos: .d..t...... current/vm/fc24/rpm/
2019-11-11 04:47:37.841999 +0000 build-centos: <f..t...... current/vm/fc24/rpm/.gitignore
2019-11-11 04:47:37.842013 +0000 build-centos: .              6 100%    0.04kB/s    0:00:00  .              6 100%    0.04kB/s    0:00:00 (xfr#15, to-chk=250/2913)
2019-11-11 04:47:37.842216 +0000 build-centos: .d..t...... current/vm/fc25/
2019-11-11 04:47:37.842236 +0000 build-centos: .L..t...... current/vm/fc25/comps.xml -> ../../../comps-vm.xml
2019-11-11 04:47:37.842247 +0000 build-centos: .d..t...... current/vm/fc25/rpm/
2019-11-11 04:47:37.842256 +0000 build-centos: <f..t...... current/vm/fc25/rpm/.gitignore
2019-11-11 04:47:37.842270 +0000 build-centos: .              6 100%    0.04kB/s    0:00:00  .              6 100%    0.04kB/s    0:00:00 (xfr#16, to-chk=247/2913)
2019-11-11 04:47:37.842280 +0000 build-centos: .d..t...... current/vm/fc26/
2019-11-11 04:47:37.842290 +0000 build-centos: .L..t...... current/vm/fc26/comps.xml -> ../../../comps-vm.xml
2019-11-11 04:47:37.842299 +0000 build-centos: .d..t...... current/vm/fc26/rpm/
2019-11-11 04:47:37.842309 +0000 build-centos: <f..t...... current/vm/fc26/rpm/.gitignore
2019-11-11 04:47:37.842424 +0000 build-centos: .              6 100%    0.04kB/s    0:00:00  .              6 100%    0.04kB/s    0:00:00 (xfr#17, to-chk=244/2913)
2019-11-11 04:47:37.842442 +0000 build-centos: .d..t...... current/vm/fc27/
2019-11-11 04:47:37.842454 +0000 build-centos: .L..t...... current/vm/fc27/comps.xml -> ../../../comps-vm.xml
2019-11-11 04:47:37.842463 +0000 build-centos: .d..t...... current/vm/fc27/rpm/
2019-11-11 04:47:37.842472 +0000 build-centos: <f..t...... current/vm/fc27/rpm/.gitignore
2019-11-11 04:47:37.842582 +0000 build-centos: .              6 100%    0.04kB/s    0:00:00  .              6 100%    0.04kB/s    0:00:00 (xfr#18, to-chk=241/2913)
2019-11-11 04:47:37.842601 +0000 build-centos: .d..t...... current/vm/fc28/
2019-11-11 04:47:37.842612 +0000 build-centos: .L..t...... current/vm/fc28/comps.xml -> ../../../comps-vm.xml
2019-11-11 04:47:37.842621 +0000 build-centos: .d..t...... current/vm/fc28/rpm/
2019-11-11 04:47:37.842631 +0000 build-centos: <f..t...... current/vm/fc28/rpm/.gitignore
2019-11-11 04:47:37.842763 +0000 build-centos: .              6 100%    0.04kB/s    0:00:00  .              6 100%    0.04kB/s    0:00:00 (xfr#19, to-chk=238/2913)
2019-11-11 04:47:37.842781 +0000 build-centos: .d..t...... current/vm/fc29/
2019-11-11 04:47:37.842793 +0000 build-centos: .L..t...... current/vm/fc29/comps.xml -> ../../../comps-vm.xml
2019-11-11 04:47:37.842802 +0000 build-centos: .d..t...... current/vm/fc29/rpm/
2019-11-11 04:47:37.842812 +0000 build-centos: <f..t...... current/vm/fc29/rpm/.gitignore
2019-11-11 04:47:37.842944 +0000 build-centos: .              6 100%    0.04kB/s    0:00:00  .              6 100%    0.04kB/s    0:00:00 (xfr#20, to-chk=235/2913)
2019-11-11 04:47:37.842974 +0000 build-centos: .d..t...... current/vm/fc30/
2019-11-11 04:47:37.842986 +0000 build-centos: .L..t...... current/vm/fc30/comps.xml -> ../../../comps-vm.xml
2019-11-11 04:47:37.842995 +0000 build-centos: .d..t...... current/vm/fc30/rpm/
2019-11-11 04:47:37.843101 +0000 build-centos: <f..t...... current/vm/fc30/rpm/.gitignore
2019-11-11 04:47:37.843123 +0000 build-centos: .              6 100%    0.04kB/s    0:00:00  .              6 100%    0.04kB/s    0:00:00 (xfr#21, to-chk=232/2913)
2019-11-11 04:47:37.843134 +0000 build-centos: .d..t...... current/vm/fc31/
2019-11-11 04:47:37.843144 +0000 build-centos: .L..t...... current/vm/fc31/comps-vm.xml -> comps-vm.xml
2019-11-11 04:47:37.843318 +0000 build-centos: .d..t...... current/vm/fc31/rpm/
2019-11-11 04:47:37.843337 +0000 build-centos: <f..t...... current/vm/fc31/rpm/.gitignore
2019-11-11 04:47:37.843350 +0000 build-centos: .              0 100%    0.00kB/s    0:00:00 (xfr#22, to-chk=229/2913)
2019-11-11 04:47:37.843359 +0000 build-centos: .d..t...... security-testing/
2019-11-11 04:47:37.843368 +0000 build-centos: .d..t...... security-testing/dom0/
2019-11-11 04:47:37.843378 +0000 build-centos: .d..t...... security-testing/dom0/fc21/
2019-11-11 04:47:37.843387 +0000 build-centos: .d..t...... security-testing/dom0/fc21/rpm/
2019-11-11 04:47:37.843500 +0000 build-centos: <f..t...... security-testing/dom0/fc21/rpm/.gitignore
2019-11-11 04:47:37.843523 +0000 build-centos: .              6 100%    0.04kB/s    0:00:00  .              6 100%    0.04kB/s    0:00:00 (xfr#23, to-chk=223/2913)
2019-11-11 04:47:37.843534 +0000 build-centos: .d..t...... security-testing/dom0/fc25/
2019-11-11 04:47:37.843544 +0000 build-centos: .d..t...... security-testing/dom0/fc25/rpm/
2019-11-11 04:47:37.843554 +0000 build-centos: <f..t...... security-testing/dom0/fc25/rpm/.gitignore
2019-11-11 04:47:37.843671 +0000 build-centos: .              6 100%    0.04kB/s    0:00:00  .              6 100%    0.04kB/s    0:00:00 (xfr#24, to-chk=221/2913)
2019-11-11 04:47:37.843690 +0000 build-centos: .d..t...... security-testing/vm/
2019-11-11 04:47:37.843701 +0000 build-centos: .d..t...... security-testing/vm/centos7/
2019-11-11 04:47:37.843713 +0000 build-centos: .L..t...... security-testing/vm/centos7/comps.xml -> ../../../comps-vm.xml
2019-11-11 04:47:37.843723 +0000 build-centos: .d..t...... security-testing/vm/centos7/rpm/
2019-11-11 04:47:37.843827 +0000 build-centos: <f..t...... security-testing/vm/centos7/rpm/.gitignore
2019-11-11 04:47:37.843851 +0000 build-centos: .              6 100%    0.04kB/s    0:00:00  .              6 100%    0.04kB/s    0:00:00 (xfr#25, to-chk=204/2913)
2019-11-11 04:47:37.844339 +0000 build-centos: .d..t...... security-testing/vm/centos8/
2019-11-11 04:47:37.844375 +0000 build-centos: .L..t...... security-testing/vm/centos8/comps-vm.xml -> comps-vm.xml
2019-11-11 04:47:37.844509 +0000 build-centos: .d..t...... security-testing/vm/centos8/rpm/
2019-11-11 04:47:37.844529 +0000 build-centos: <f..t...... security-testing/vm/centos8/rpm/.gitignore
