2018-10-22 07:45:14.288220 +0000 > starting log
2018-10-22 07:45:14.289434 +0000 build-centos: > starting build with log
2018-10-22 07:45:14.289459 +0000 build-centos: >> make args: update-repo-current
2018-10-22 07:45:14.289474 +0000 build-centos: >> MAKEFLAGS=
2018-10-22 07:45:14.289487 +0000 build-centos: >> COMPONENTS=core-vchan-xen
2018-10-22 07:45:14.289499 +0000 build-centos: >> DISTS_VM=centos7
2018-10-22 07:45:14.289509 +0000 build-centos: >> DIST_DOM0=
2018-10-22 07:45:14.289522 +0000 build-centos: >> qubes-builder cb7b3e41a1d015153b314140f0f61602f32e5c75
2018-10-22 07:45:14.289537 +0000 build-centos: >> qubes-builder/qubes-src/core-vchan-xen 2e0ffb20eb2f7727702594437b2798f67146a291
2018-10-22 07:45:14.289548 +0000 build-centos: !! pkgs/centos7/libvchan.spec.list
2018-10-22 07:45:14.289562 +0000 build-centos: !! pkgs/centos7/x86_64/qubes-libvchan-xen-4.0.0-1.el7.centos.x86_64.rpm
2018-10-22 07:45:14.289576 +0000 build-centos: !! pkgs/centos7/x86_64/qubes-libvchan-xen-4.0.1-1.el7.centos.x86_64.rpm
2018-10-22 07:45:14.289590 +0000 build-centos: !! pkgs/centos7/x86_64/qubes-libvchan-xen-4.0.2-1.centos7.x86_64.rpm
2018-10-22 07:45:14.289603 +0000 build-centos: !! pkgs/centos7/x86_64/qubes-libvchan-xen-4.0.3-1.centos7.x86_64.rpm
2018-10-22 07:45:14.289617 +0000 build-centos: !! pkgs/centos7/x86_64/qubes-libvchan-xen-4.0.4-1.centos7.x86_64.rpm
2018-10-22 07:45:14.289630 +0000 build-centos: !! pkgs/centos7/x86_64/qubes-libvchan-xen-4.0.5-1.centos7.x86_64.rpm
2018-10-22 07:45:14.289644 +0000 build-centos: !! pkgs/centos7/x86_64/qubes-libvchan-xen-debuginfo-4.0.0-1.el7.centos.x86_64.rpm
2018-10-22 07:45:14.289658 +0000 build-centos: !! pkgs/centos7/x86_64/qubes-libvchan-xen-debuginfo-4.0.1-1.el7.centos.x86_64.rpm
2018-10-22 07:45:14.289672 +0000 build-centos: !! pkgs/centos7/x86_64/qubes-libvchan-xen-debuginfo-4.0.2-1.centos7.x86_64.rpm
2018-10-22 07:45:14.289686 +0000 build-centos: !! pkgs/centos7/x86_64/qubes-libvchan-xen-debuginfo-4.0.3-1.centos7.x86_64.rpm
2018-10-22 07:45:14.289700 +0000 build-centos: !! pkgs/centos7/x86_64/qubes-libvchan-xen-debuginfo-4.0.4-1.centos7.x86_64.rpm
2018-10-22 07:45:14.289714 +0000 build-centos: !! pkgs/centos7/x86_64/qubes-libvchan-xen-debuginfo-4.0.5-1.centos7.x86_64.rpm
2018-10-22 07:45:14.289728 +0000 build-centos: !! pkgs/centos7/x86_64/qubes-libvchan-xen-devel-4.0.0-1.el7.centos.x86_64.rpm
2018-10-22 07:45:14.289742 +0000 build-centos: !! pkgs/centos7/x86_64/qubes-libvchan-xen-devel-4.0.1-1.el7.centos.x86_64.rpm
2018-10-22 07:45:14.289770 +0000 build-centos: !! pkgs/centos7/x86_64/qubes-libvchan-xen-devel-4.0.2-1.centos7.x86_64.rpm
2018-10-22 07:45:14.289785 +0000 build-centos: !! pkgs/centos7/x86_64/qubes-libvchan-xen-devel-4.0.3-1.centos7.x86_64.rpm
2018-10-22 07:45:14.289799 +0000 build-centos: !! pkgs/centos7/x86_64/qubes-libvchan-xen-devel-4.0.4-1.centos7.x86_64.rpm
2018-10-22 07:45:14.289812 +0000 build-centos: !! pkgs/centos7/x86_64/qubes-libvchan-xen-devel-4.0.5-1.centos7.x86_64.rpm
2018-10-22 07:45:14.289831 +0000 build-centos: da8de599531bfe679893d8d4c77d272b4523078485edb712e994c8540ab60c8e1a6a8214b1db77cf11d3772a7dc250b08389d5df2deb0371ea4937500ef73279  pkgs/centos7/libvchan.spec.list
2018-10-22 07:45:14.289853 +0000 build-centos: 2164dd5711b87f293235d307fa1167483d50edc851fa8be5623ca5182a1ebd78a78100487ad38aa3f0f24f4723c0d1cd46561d2080e2e363a9be858e57741d9a  pkgs/centos7/x86_64/qubes-libvchan-xen-4.0.0-1.el7.centos.x86_64.rpm
2018-10-22 07:45:14.289881 +0000 build-centos: 13ce7e3abcd1491d6c0346d921414c07aed5e2a4e1d1ef7461ab72441081539da52f786dbcaa6e9703899cdf469b501eab947105638f7229a655287f5541ad73  pkgs/centos7/x86_64/qubes-libvchan-xen-4.0.1-1.el7.centos.x86_64.rpm
2018-10-22 07:45:14.289903 +0000 build-centos: 3fb13da5ebb6f2971ac1aa20d95c5df84a78ac1d9c0b37725a6676b3ddf9ce62ce48585a2c7f1bfd2e6e9fbb0cfdd3be69f14e39ec31eacb810a25c7bba8a1eb  pkgs/centos7/x86_64/qubes-libvchan-xen-4.0.2-1.centos7.x86_64.rpm
2018-10-22 07:45:14.289924 +0000 build-centos: a7fcfb743c3b2b33a590e3a8b59c4eda250b5e9eea009ca46181615914a08dfda96be480a54af7fe927daaa24ed9691aa9d9817e3211448a9e6439755f85e0cd  pkgs/centos7/x86_64/qubes-libvchan-xen-4.0.3-1.centos7.x86_64.rpm
2018-10-22 07:45:14.289952 +0000 build-centos: 8d18c47e781351b1d53b8dec051a9be0cdaa42aa22fd4f44aad783baf4fb9e2bf3df0b9e7fc0a3ca61d6c3041a282dace502bcf811269e227cf992beb7471bfb  pkgs/centos7/x86_64/qubes-libvchan-xen-4.0.4-1.centos7.x86_64.rpm
2018-10-22 07:45:14.289974 +0000 build-centos: c0059223d64e740f24840f0292e01ffb53dbbb276d0b6fe753d8fb162cafa1f4c5962556adf9273c656912fc1345bd76f47154a3aa8ed28f031e2b37be0c636d  pkgs/centos7/x86_64/qubes-libvchan-xen-4.0.5-1.centos7.x86_64.rpm
2018-10-22 07:45:14.289995 +0000 build-centos: 6d5e4350f2f386fb4dfa7dee3ea042d9a666c291307461edcce86488b77b2bfdaf7732184c6eb8ea3ebcc77f46ff00002cfed86d74d01fe5593c502af900fa72  pkgs/centos7/x86_64/qubes-libvchan-xen-debuginfo-4.0.0-1.el7.centos.x86_64.rpm
2018-10-22 07:45:14.290021 +0000 build-centos: 10b89691f55f0e9cd59ed7397d2ff6a67b6a266dac0c716cab38d7284af0b1bc989f642f4d01fb35db4c12db2a615b88481dce521c6228f202faeafad001d5bb  pkgs/centos7/x86_64/qubes-libvchan-xen-debuginfo-4.0.1-1.el7.centos.x86_64.rpm
2018-10-22 07:45:14.290043 +0000 build-centos: fa99643200c8e61ec6f8930e775443669b779da88510895db63776c1438eab30dcddd44a9eb2a58f6c9adc61752d85a507e59ed230860e7aab727c7e84fcecf1  pkgs/centos7/x86_64/qubes-libvchan-xen-debuginfo-4.0.2-1.centos7.x86_64.rpm
2018-10-22 07:45:14.290065 +0000 build-centos: b5f56f4c4bdfe1f10717c93e6facab1735e65c418717ae916c4f24481c271c6dafcfc654dbd3bf8d595596a44c98231eefb3f028871ca7c8b054bffc06db0ae7  pkgs/centos7/x86_64/qubes-libvchan-xen-debuginfo-4.0.3-1.centos7.x86_64.rpm
2018-10-22 07:45:14.290086 +0000 build-centos: 03c0861709a3be79d377afd46839407a351e9db4ac95efa0d1ce0ce1f0323e7e88592a4bb2b1d05fbc1003857d938e1be136e8fc85b71000ed93a0627fcb507a  pkgs/centos7/x86_64/qubes-libvchan-xen-debuginfo-4.0.4-1.centos7.x86_64.rpm
2018-10-22 07:45:14.290116 +0000 build-centos: 6e66455f035ef51e26bceba8650a84ab1607d70e4efa05f63969f3cbe1c74ea25bdbf795439aba6bb6a8013a3af063235e2cd58e08d15b89859241351697ca0e  pkgs/centos7/x86_64/qubes-libvchan-xen-debuginfo-4.0.5-1.centos7.x86_64.rpm
2018-10-22 07:45:14.290179 +0000 build-centos: e88476f31e5ecdcd74e6f26bd8cece5b509d2e4e13a0344ed94967205c6fb3948c36dc98b1a4bcc82147c684e5280a9ddf348db8d3237f1c55dd62f1344ab6b9  pkgs/centos7/x86_64/qubes-libvchan-xen-devel-4.0.0-1.el7.centos.x86_64.rpm
2018-10-22 07:45:14.290204 +0000 build-centos: 664aed3f3437579f5fdfd2cb4f1f35d02125658d9aacd36da4d0bfe2bdf3be2e87144c955e00147457484eb5347e8ece4dcb16cb588bb4bec1903d59368b9b56  pkgs/centos7/x86_64/qubes-libvchan-xen-devel-4.0.1-1.el7.centos.x86_64.rpm
2018-10-22 07:45:14.290226 +0000 build-centos: 6ac6f3d894fac36e30ef941abdd58bf6c0e202d59611da9d0dd91fd6b7ba1354954b8e51d35cac8a4d986215b4e79f601575a8829f7d3b914ef268348e1c79c7  pkgs/centos7/x86_64/qubes-libvchan-xen-devel-4.0.2-1.centos7.x86_64.rpm
2018-10-22 07:45:14.290248 +0000 build-centos: 12e015c375727fd64ad9cc62c9bb547cec4db7d45b94d523f22397dd6d4a331d4e812c9e5dddcb2b98397821cc83ba269f7ad4a222ae3402111914f9c052f5e4  pkgs/centos7/x86_64/qubes-libvchan-xen-devel-4.0.3-1.centos7.x86_64.rpm
2018-10-22 07:45:14.290269 +0000 build-centos: 30255ff67f90006b21bdd0d759ee181326be7a249fcc2e4426632236cb772f38b8fe3e1e8d9906d61e52bf689f88d2c330c84b361d34bb5252e51bf89efa2613  pkgs/centos7/x86_64/qubes-libvchan-xen-devel-4.0.4-1.centos7.x86_64.rpm
2018-10-22 07:45:14.290291 +0000 build-centos: 5bf6aebd415def5b04231299a3dfc94e1452bdcda3c3d9faf00957c1065d9b8b8ca41a6f8b5125ea3740162da1f1aadb1e70be598bf138f69d900f2209e53a75  pkgs/centos7/x86_64/qubes-libvchan-xen-devel-4.0.5-1.centos7.x86_64.rpm
2018-10-22 07:45:14.290727 +0000 build-centos: ================================================================================
2018-10-22 07:45:14.290753 +0000 build-centos:                            B U I L D   I N F O                                  
2018-10-22 07:45:14.290769 +0000 build-centos: Items in red indicate it was automatically generated by configuration file(s)
2018-10-22 07:45:14.290784 +0000 build-centos: Items in white indicate it was automatically removed by configuration file(s)
2018-10-22 07:45:14.294105 +0000 build-centos: ================================================================================
2018-10-22 07:45:14.294154 +0000 build-centos: DISTS_VM:
2018-10-22 07:45:14.294581 +0000 build-centos:      centos7,
2018-10-22 07:45:14.294941 +0000 build-centos: DISTS_ALL:
2018-10-22 07:45:14.300106 +0000 build-centos:      centos7,
2018-10-22 07:45:14.300470 +0000 build-centos: DIST_DOM0:
2018-10-22 07:45:14.304311 +0000 build-centos:     
2018-10-22 07:45:14.304677 +0000 build-centos: BUILDER_PLUGINS:
2018-10-22 07:45:14.309933 +0000 build-centos:      builder-rpm, mgmt-salt, linux-yum, builder-github,
2018-10-22 07:45:14.310438 +0000 build-centos: COMPONENTS:
2018-10-22 07:45:14.314745 +0000 build-centos:      core-vchan-xen,
2018-10-22 07:45:14.315012 +0000 build-centos: GIT_REPOS:
2018-10-22 07:45:14.318860 +0000 build-centos:      qubes-src/core-vchan-xen,
2018-10-22 07:45:14.319117 +0000 build-centos: TEMPLATE:
2018-10-22 07:45:14.322944 +0000 build-centos:     
2018-10-22 07:45:14.323209 +0000 build-centos: TEMPLATE_FLAVOR_DIR:
2018-10-22 07:45:14.326979 +0000 build-centos:     
2018-10-22 07:45:14.327279 +0000 build-centos: TEMPLATE_ALIAS:
2018-10-22 07:45:14.331169 +0000 build-centos:      jessie:jessie+standard, jessie+gnome:jessie+gnome+standard,
2018-10-22 07:45:14.331218 +0000 build-centos:      jessie+minimal:jessie+minimal+no-recommends, stretch:stretch+standard, stretch+gnome:stretch+gnome+standard,
2018-10-22 07:45:14.331245 +0000 build-centos:      stretch+minimal:stretch+minimal+no-recommends, whonix-gateway:jessie+whonix-gateway+minimal+no-recommends,
2018-10-22 07:45:14.331265 +0000 build-centos:      whonix-workstation:jessie+whonix-workstation+minimal+no-recommends,
2018-10-22 07:45:14.331282 +0000 build-centos:      whonix-gateway-14:stretch+whonix-gateway+minimal+no-recommends,
2018-10-22 07:45:14.331299 +0000 build-centos:      whonix-workstation-14:stretch+whonix-workstation+minimal+no-recommends,
2018-10-22 07:45:14.331514 +0000 build-centos: TEMPLATE_LABEL:
2018-10-22 07:45:14.335405 +0000 build-centos:      centos7:centos-7, fc20:fedora-20 fc21:fedora-21 fc22:fedora-22 fc23:fedora-23
2018-10-22 07:45:14.335449 +0000 build-centos:      fc24:fedora-24 fc25:fedora-25 fc26:fedora-26 fc27:fedora-27 fc28:fedora-28 fc29:fedora-29
2018-10-22 07:45:14.335474 +0000 build-centos:      fc20+minimal:fedora-20-minimal fc21+minimal:fedora-21-minimal fc23+minimal:fedora-23-minimal
2018-10-22 07:45:14.335494 +0000 build-centos:      fc24+minimal:fedora-24-minimal fc25+minimal:fedora-25-minimal fc26+minimal:fedora-26-minimal
2018-10-22 07:45:14.335512 +0000 build-centos:      fc27+minimal:fedora-27-minimal fc28+minimal:fedora-28-minimal fc29+minimal:fedora-29-minimal
2018-10-22 07:45:14.335530 +0000 build-centos:      fc25+xfce:fedora-25-xfce fc26+xfce:fedora-26-xfce fc27+xfce:fedora-27-xfce fc28+xfce:fedora-28-xfce
2018-10-22 07:45:14.335548 +0000 build-centos:      fc29+xfce:fedora-29-xfce wheezy:debian-7 wheezy+standard:debian-7 jessie:debian-8
2018-10-22 07:45:14.335566 +0000 build-centos:      jessie+standard:debian-8 stretch:debian-9 stretch+standard:debian-9 centos7+minimal:centos-7-minimal
2018-10-22 07:45:14.335582 +0000 build-centos:      centos7+xfce:centos-7-xfce jessie+whonix-gateway+minimal+no-recommends:whonix-gw
2018-10-22 07:45:14.335597 +0000 build-centos:      jessie+whonix-workstation+minimal+no-recommends:whonix-ws
2018-10-22 07:45:14.335611 +0000 build-centos:      stretch+whonix-gateway+minimal+no-recommends:whonix-gw-14
2018-10-22 07:45:14.335625 +0000 build-centos:      stretch+whonix-workstation+minimal+no-recommends:whonix-ws-14
2018-10-22 07:45:14.369779 +0000 build-centos: > running make
2018-10-22 07:45:14.395593 +0000 build-centos: Makefile:798: target 'internal-update-repo-current.vm.centos7.core-vchan-xen' does not exist
2018-10-22 07:45:14.395634 +0000 build-centos: repo_base_var="LINUX_REPO_centos7_BASEDIR"; \
2018-10-22 07:45:14.395652 +0000 build-centos: if [ "core-vchan-xen" = linux-template-builder ]; then \
2018-10-22 07:45:14.395668 +0000 build-centos: .# templates belongs to dom0 repository, even though PACKAGE_SET=vm
2018-10-22 07:45:14.395695 +0000 build-centos: repo_base_var="LINUX_REPO__BASEDIR"; \
2018-10-22 07:45:14.395707 +0000 build-centos: fi; \
2018-10-22 07:45:14.395720 +0000 build-centos: if [ -n "${!repo_base_var}" ]; then \
2018-10-22 07:45:14.395732 +0000 build-centos: .repo_basedir="${!repo_base_var}"; \
2018-10-22 07:45:14.395742 +0000 build-centos: else \
2018-10-22 07:45:14.395783 +0000 build-centos: .repo_basedir="qubes-src/linux-yum/r4.0"; \
2018-10-22 07:45:14.395795 +0000 build-centos: fi; \
2018-10-22 07:45:14.395809 +0000 build-centos: if [ -r qubes-src/core-vchan-xen/Makefile.builder ]; then \
2018-10-22 07:45:14.395821 +0000 build-centos: .echo -n "Updating qubes-src/core-vchan-xen... "; \
2018-10-22 07:45:14.395833 +0000 build-centos: .if [ "0" -eq 1 ]; then \
2018-10-22 07:45:14.395847 +0000 build-centos: ..vtag=`git -C qubes-src/core-vchan-xen tag --points-at HEAD --list v*`; \
2018-10-22 07:45:14.395858 +0000 build-centos: ..if [ -z "$vtag" ]; then \
2018-10-22 07:45:14.395870 +0000 build-centos: ...echo "no version tag"; \
2018-10-22 07:45:14.395880 +0000 build-centos: ...exit 0; \
2018-10-22 07:45:14.395891 +0000 build-centos: ..fi; \
2018-10-22 07:45:14.395901 +0000 build-centos: .fi; \
2018-10-22 07:45:14.395913 +0000 build-centos: .if [ "core-vchan-xen" = linux-template-builder ]; then
2018-10-22 07:45:14.395929 +0000 build-centos: export TEMPLATE_NAME=$(MAKEFLAGS= make -s -C qubes-src/linux-template-builder DIST=centos7 template-name)
2018-10-22 07:45:14.395940 +0000 build-centos: fi
2018-10-22 07:45:14.395963 +0000 build-centos: component_packages=$(MAKEFLAGS= make -s -f Makefile.generic DIST=centos7 PACKAGE_SET=vm COMPONENT=`basename qubes-src/core-vchan-xen` UPDATE_REPO=/home/user/builder-r4.0/$repo_basedir/current/vm/centos7 get-var GET_VAR=PACKAGE_LIST); \
2018-10-22 07:45:14.395977 +0000 build-centos: .if [ -z "$component_packages" ]; then \
2018-10-22 07:45:14.395989 +0000 build-centos: ..echo "no packages."; \
2018-10-22 07:45:14.395999 +0000 build-centos: ..exit 0; \
2018-10-22 07:45:14.396009 +0000 build-centos: .fi; \
2018-10-22 07:45:14.396022 +0000 build-centos: .make -s -f Makefile.generic DIST=centos7 PACKAGE_SET=vm \
2018-10-22 07:45:14.396035 +0000 build-centos: ..COMPONENT=`basename qubes-src/core-vchan-xen` \
2018-10-22 07:45:14.396046 +0000 build-centos: ..SNAPSHOT_REPO=current-testing \
2018-10-22 07:45:14.396058 +0000 build-centos: ..TARGET_REPO=current \
2018-10-22 07:45:14.396071 +0000 build-centos: ..UPDATE_REPO=/home/user/builder-r4.0/$repo_basedir/current/vm/centos7 \
2018-10-22 07:45:14.396088 +0000 build-centos: ..SNAPSHOT_FILE=/home/user/builder-r4.0/repo-latest-snapshot/current-testing-vm-centos7-`basename qubes-src/core-vchan-xen` \
2018-10-22 07:45:14.396100 +0000 build-centos: ..BUILD_LOG_URL= \
2018-10-22 07:45:14.396112 +0000 build-centos: ..update-repo-from-snapshot || exit 1; \
2018-10-22 07:45:14.396126 +0000 build-centos: elif make -C qubes-src/core-vchan-xen -n update-repo-current >/dev/null 2>/dev/null; then \
2018-10-22 07:45:14.396139 +0000 build-centos: .echo "Updating qubes-src/core-vchan-xen... "; \
2018-10-22 07:45:14.396153 +0000 build-centos: .DIST=centos7 UPDATE_REPO=/home/user/builder-r4.0/$repo_basedir/current/vm/centos7 \
2018-10-22 07:45:14.396167 +0000 build-centos: .make -s -C qubes-src/core-vchan-xen update-repo-current || exit 1; \
2018-10-22 07:45:14.396178 +0000 build-centos: else \
2018-10-22 07:45:14.396191 +0000 build-centos: .echo -n "Updating qubes-src/core-vchan-xen... skipping."; \
2018-10-22 07:45:14.396201 +0000 build-centos: fi; \
2018-10-22 07:45:14.396210 +0000 build-centos: echo
2018-10-22 07:45:14.412957 +0000 build-centos: Updating qubes-src/core-vchan-xen... + ERR_OUTPUT=/dev/stderr
2018-10-22 07:45:14.412996 +0000 build-centos: + '[' 2 -lt 2 ']'
2018-10-22 07:45:14.413904 +0000 build-centos: ++ basename qubes-src/core-vchan-xen/rpm_spec/libvchan.spec.in
2018-10-22 07:45:14.415630 +0000 build-centos: + [[ xlibvchan.spec.in == \x\.\i\n ]]
2018-10-22 07:45:14.415803 +0000 build-centos: + '[' -r qubes-src/core-vchan-xen/rpm_spec/libvchan.spec.in ']'
2018-10-22 07:45:14.416673 +0000 build-centos: ++ mktemp --tmpdir tmp.XXXXXX.spec
2018-10-22 07:45:14.418420 +0000 build-centos: + tmp_spec=/tmp/tmp.C2V22i.spec
2018-10-22 07:45:14.419344 +0000 build-centos: ++ dirname /home/user/builder-r4.0/qubes-src/builder-rpm/scripts/query-spec
2018-10-22 07:45:14.421071 +0000 build-centos: + /home/user/builder-r4.0/qubes-src/builder-rpm/scripts/generate-spec qubes-src/core-vchan-xen/rpm_spec/libvchan.spec.in /tmp/tmp.C2V22i.spec
2018-10-22 07:45:14.424250 +0000 build-centos: + '[' 2 -lt 2 ']'
2018-10-22 07:45:14.424284 +0000 build-centos: + '[' -z qubes-src/core-vchan-xen ']'
2018-10-22 07:45:14.424304 +0000 build-centos: + cp qubes-src/core-vchan-xen/rpm_spec/libvchan.spec.in qubes-src/core-vchan-xen/rpm_spec/libvchan.spec.in.tmp
2018-10-22 07:45:14.435465 +0000 build-centos: + cat qubes-src/core-vchan-xen/version
2018-10-22 07:45:14.435597 +0000 build-centos: + read ver
2018-10-22 07:45:14.437367 +0000 build-centos: + '[' x = x ']'
2018-10-22 07:45:14.437404 +0000 build-centos: + sed -i 's|@VERSION@|4.0.5|g' qubes-src/core-vchan-xen/rpm_spec/libvchan.spec.in.tmp
2018-10-22 07:45:14.440916 +0000 build-centos: + vnum=1
2018-10-22 07:45:14.440952 +0000 build-centos: + read ver
2018-10-22 07:45:14.441375 +0000 build-centos: + '[' -e qubes-src/core-vchan-xen/rel ']'
2018-10-22 07:45:14.442330 +0000 build-centos: ++ cat qubes-src/core-vchan-xen/rel
2018-10-22 07:45:14.444845 +0000 build-centos: ++ echo 1
2018-10-22 07:45:14.445286 +0000 build-centos: + sed -i -e s:@REL@:1:g -e s:@BACKEND_VMM@:xen:g qubes-src/core-vchan-xen/rpm_spec/libvchan.spec.in.tmp
2018-10-22 07:45:14.448821 +0000 build-centos: + '[' -e qubes-src/core-vchan-xen/changelog ']'
2018-10-22 07:45:14.449209 +0000 build-centos: + sed -i /@CHANGELOG@/d qubes-src/core-vchan-xen/rpm_spec/libvchan.spec.in.tmp
2018-10-22 07:45:14.452392 +0000 build-centos: + cat qubes-src/core-vchan-xen/rpm_spec/libvchan.spec.in.tmp
2018-10-22 07:45:14.454936 +0000 build-centos: + rm -rf qubes-src/core-vchan-xen/rpm_spec/libvchan.spec.in.tmp
2018-10-22 07:45:14.457489 +0000 build-centos: + '[' '%{SOURCE0}' = '%{SOURCE0}' ']'
2018-10-22 07:45:14.458411 +0000 build-centos: ++ dirname /home/user/builder-r4.0/qubes-src/builder-rpm/scripts/query-spec
2018-10-22 07:45:14.460067 +0000 build-centos: + /home/user/builder-r4.0/qubes-src/builder-rpm/scripts/../tools/spectool --list-files --source 0 /tmp/tmp.C2V22i.spec
2018-10-22 07:45:14.530764 +0000 build-centos: + rm -f /tmp/tmp.C2V22i.spec
2018-10-22 07:45:14.543820 +0000 build-centos: + ERR_OUTPUT=/dev/stderr
2018-10-22 07:45:14.543867 +0000 build-centos: + '[' 2 -lt 2 ']'
2018-10-22 07:45:14.545002 +0000 build-centos: ++ basename qubes-src/core-vchan-xen/rpm_spec/libvchan.spec.in
2018-10-22 07:45:14.546922 +0000 build-centos: + [[ xlibvchan.spec.in == \x\.\i\n ]]
2018-10-22 07:45:14.546963 +0000 build-centos: + '[' -r qubes-src/core-vchan-xen/rpm_spec/libvchan.spec.in ']'
2018-10-22 07:45:14.547821 +0000 build-centos: ++ mktemp --tmpdir tmp.XXXXXX.spec
2018-10-22 07:45:14.549632 +0000 build-centos: + tmp_spec=/tmp/tmp.LasDXz.spec
2018-10-22 07:45:14.550563 +0000 build-centos: ++ dirname /home/user/builder-r4.0/qubes-src/builder-rpm/scripts/query-spec
2018-10-22 07:45:14.552226 +0000 build-centos: + /home/user/builder-r4.0/qubes-src/builder-rpm/scripts/generate-spec qubes-src/core-vchan-xen/rpm_spec/libvchan.spec.in /tmp/tmp.LasDXz.spec
2018-10-22 07:45:14.555377 +0000 build-centos: + '[' 2 -lt 2 ']'
2018-10-22 07:45:14.555426 +0000 build-centos: + '[' -z qubes-src/core-vchan-xen ']'
2018-10-22 07:45:14.555453 +0000 build-centos: + cp qubes-src/core-vchan-xen/rpm_spec/libvchan.spec.in qubes-src/core-vchan-xen/rpm_spec/libvchan.spec.in.tmp
2018-10-22 07:45:14.560026 +0000 build-centos: + cat qubes-src/core-vchan-xen/version
2018-10-22 07:45:14.560067 +0000 build-centos: + read ver
2018-10-22 07:45:14.561556 +0000 build-centos: + '[' x = x ']'
2018-10-22 07:45:14.561593 +0000 build-centos: + sed -i 's|@VERSION@|4.0.5|g' qubes-src/core-vchan-xen/rpm_spec/libvchan.spec.in.tmp
2018-10-22 07:45:14.565015 +0000 build-centos: + vnum=1
2018-10-22 07:45:14.565056 +0000 build-centos: + read ver
2018-10-22 07:45:14.565495 +0000 build-centos: + '[' -e qubes-src/core-vchan-xen/rel ']'
2018-10-22 07:45:14.566424 +0000 build-centos: ++ cat qubes-src/core-vchan-xen/rel
2018-10-22 07:45:14.568910 +0000 build-centos: ++ echo 1
2018-10-22 07:45:14.569371 +0000 build-centos: + sed -i -e s:@REL@:1:g -e s:@BACKEND_VMM@:xen:g qubes-src/core-vchan-xen/rpm_spec/libvchan.spec.in.tmp
2018-10-22 07:45:14.572949 +0000 build-centos: + '[' -e qubes-src/core-vchan-xen/changelog ']'
2018-10-22 07:45:14.572997 +0000 build-centos: + sed -i /@CHANGELOG@/d qubes-src/core-vchan-xen/rpm_spec/libvchan.spec.in.tmp
2018-10-22 07:45:14.576598 +0000 build-centos: + cat qubes-src/core-vchan-xen/rpm_spec/libvchan.spec.in.tmp
2018-10-22 07:45:14.579055 +0000 build-centos: + rm -rf qubes-src/core-vchan-xen/rpm_spec/libvchan.spec.in.tmp
2018-10-22 07:45:14.581669 +0000 build-centos: + '[' '%{SOURCE0}' = '%{SOURCE0}' ']'
2018-10-22 07:45:14.582628 +0000 build-centos: ++ dirname /home/user/builder-r4.0/qubes-src/builder-rpm/scripts/query-spec
2018-10-22 07:45:14.584333 +0000 build-centos: + /home/user/builder-r4.0/qubes-src/builder-rpm/scripts/../tools/spectool --list-files --source 0 /tmp/tmp.LasDXz.spec
2018-10-22 07:45:14.655255 +0000 build-centos: + rm -f /tmp/tmp.LasDXz.spec
2018-10-22 07:45:14.681148 +0000 build-centos: + ERR_OUTPUT=/dev/stderr
2018-10-22 07:45:14.681187 +0000 build-centos: + '[' 2 -lt 2 ']'
2018-10-22 07:45:14.682055 +0000 build-centos: ++ basename qubes-src/core-vchan-xen/rpm_spec/libvchan.spec.in
2018-10-22 07:45:14.683793 +0000 build-centos: + [[ xlibvchan.spec.in == \x\.\i\n ]]
2018-10-22 07:45:14.683825 +0000 build-centos: + '[' -r qubes-src/core-vchan-xen/rpm_spec/libvchan.spec.in ']'
2018-10-22 07:45:14.684779 +0000 build-centos: ++ mktemp --tmpdir tmp.XXXXXX.spec
2018-10-22 07:45:14.686520 +0000 build-centos: + tmp_spec=/tmp/tmp.HcCIra.spec
2018-10-22 07:45:14.687463 +0000 build-centos: ++ dirname /home/user/builder-r4.0/qubes-src/builder-rpm/scripts/query-spec
2018-10-22 07:45:14.689161 +0000 build-centos: + /home/user/builder-r4.0/qubes-src/builder-rpm/scripts/generate-spec qubes-src/core-vchan-xen/rpm_spec/libvchan.spec.in /tmp/tmp.HcCIra.spec
2018-10-22 07:45:14.692326 +0000 build-centos: + '[' 2 -lt 2 ']'
2018-10-22 07:45:14.692360 +0000 build-centos: + '[' -z qubes-src/core-vchan-xen ']'
2018-10-22 07:45:14.692381 +0000 build-centos: + cp qubes-src/core-vchan-xen/rpm_spec/libvchan.spec.in qubes-src/core-vchan-xen/rpm_spec/libvchan.spec.in.tmp
2018-10-22 07:45:14.696842 +0000 build-centos: + cat qubes-src/core-vchan-xen/version
2018-10-22 07:45:14.696879 +0000 build-centos: + read ver
2018-10-22 07:45:14.697985 +0000 build-centos: + '[' x = x ']'
2018-10-22 07:45:14.698020 +0000 build-centos: + sed -i 's|@VERSION@|4.0.5|g' qubes-src/core-vchan-xen/rpm_spec/libvchan.spec.in.tmp
2018-10-22 07:45:14.701535 +0000 build-centos: + vnum=1
2018-10-22 07:45:14.701570 +0000 build-centos: + read ver
2018-10-22 07:45:14.701973 +0000 build-centos: + '[' -e qubes-src/core-vchan-xen/rel ']'
2018-10-22 07:45:14.702908 +0000 build-centos: ++ cat qubes-src/core-vchan-xen/rel
2018-10-22 07:45:14.705316 +0000 build-centos: ++ echo 1
2018-10-22 07:45:14.705757 +0000 build-centos: + sed -i -e s:@REL@:1:g -e s:@BACKEND_VMM@:xen:g qubes-src/core-vchan-xen/rpm_spec/libvchan.spec.in.tmp
2018-10-22 07:45:14.709292 +0000 build-centos: + '[' -e qubes-src/core-vchan-xen/changelog ']'
2018-10-22 07:45:14.709337 +0000 build-centos: + sed -i /@CHANGELOG@/d qubes-src/core-vchan-xen/rpm_spec/libvchan.spec.in.tmp
2018-10-22 07:45:14.712960 +0000 build-centos: + cat qubes-src/core-vchan-xen/rpm_spec/libvchan.spec.in.tmp
2018-10-22 07:45:14.715423 +0000 build-centos: + rm -rf qubes-src/core-vchan-xen/rpm_spec/libvchan.spec.in.tmp
2018-10-22 07:45:14.717928 +0000 build-centos: + '[' '%{SOURCE0}' = '%{SOURCE0}' ']'
2018-10-22 07:45:14.718863 +0000 build-centos: ++ dirname /home/user/builder-r4.0/qubes-src/builder-rpm/scripts/query-spec
2018-10-22 07:45:14.720525 +0000 build-centos: + /home/user/builder-r4.0/qubes-src/builder-rpm/scripts/../tools/spectool --list-files --source 0 /tmp/tmp.HcCIra.spec
2018-10-22 07:45:14.790753 +0000 build-centos: + rm -f /tmp/tmp.HcCIra.spec
2018-10-22 07:45:14.796011 +0000 build-centos: Makefile.generic:209: target 'update-repo-date-check' does not exist
2018-10-22 07:45:14.796063 +0000 build-centos: if ! [ -r /home/user/builder-r4.0/repo-latest-snapshot/current-testing-vm-centos7-core-vchan-xen ]; then \
2018-10-22 07:45:14.796090 +0000 build-centos: .echo "`tput bold`*** Packages weren't uploaded to current-testing! ***`tput sgr0`"; \
2018-10-22 07:45:14.796108 +0000 build-centos: .exit 1; \
2018-10-22 07:45:14.796122 +0000 build-centos: fi
2018-10-22 07:45:14.815959 +0000 build-centos: + ERR_OUTPUT=/dev/stderr
2018-10-22 07:45:14.816006 +0000 build-centos: + '[' 2 -lt 2 ']'
2018-10-22 07:45:14.816907 +0000 build-centos: ++ basename qubes-src/core-vchan-xen/rpm_spec/libvchan.spec.in
2018-10-22 07:45:14.818849 +0000 build-centos: + [[ xlibvchan.spec.in == \x\.\i\n ]]
2018-10-22 07:45:14.818888 +0000 build-centos: + '[' -r qubes-src/core-vchan-xen/rpm_spec/libvchan.spec.in ']'
2018-10-22 07:45:14.819802 +0000 build-centos: ++ mktemp --tmpdir tmp.XXXXXX.spec
2018-10-22 07:45:14.821581 +0000 build-centos: + tmp_spec=/tmp/tmp.nHY4i6.spec
2018-10-22 07:45:14.822521 +0000 build-centos: ++ dirname /home/user/builder-r4.0/qubes-src/builder-rpm/scripts/query-spec
2018-10-22 07:45:14.824211 +0000 build-centos: + /home/user/builder-r4.0/qubes-src/builder-rpm/scripts/generate-spec qubes-src/core-vchan-xen/rpm_spec/libvchan.spec.in /tmp/tmp.nHY4i6.spec
2018-10-22 07:45:14.827347 +0000 build-centos: + '[' 2 -lt 2 ']'
2018-10-22 07:45:14.827567 +0000 build-centos: + '[' -z qubes-src/core-vchan-xen ']'
2018-10-22 07:45:14.827600 +0000 build-centos: + cp qubes-src/core-vchan-xen/rpm_spec/libvchan.spec.in qubes-src/core-vchan-xen/rpm_spec/libvchan.spec.in.tmp
2018-10-22 07:45:14.832152 +0000 build-centos: + cat qubes-src/core-vchan-xen/version
2018-10-22 07:45:14.832191 +0000 build-centos: + read ver
2018-10-22 07:45:14.833357 +0000 build-centos: + '[' x = x ']'
2018-10-22 07:45:14.833507 +0000 build-centos: + sed -i 's|@VERSION@|4.0.5|g' qubes-src/core-vchan-xen/rpm_spec/libvchan.spec.in.tmp
2018-10-22 07:45:14.837070 +0000 build-centos: + vnum=1
2018-10-22 07:45:14.837112 +0000 build-centos: + read ver
2018-10-22 07:45:14.837571 +0000 build-centos: + '[' -e qubes-src/core-vchan-xen/rel ']'
2018-10-22 07:45:14.838547 +0000 build-centos: ++ cat qubes-src/core-vchan-xen/rel
2018-10-22 07:45:14.841325 +0000 build-centos: ++ echo 1
2018-10-22 07:45:14.841585 +0000 build-centos: + sed -i -e s:@REL@:1:g -e s:@BACKEND_VMM@:xen:g qubes-src/core-vchan-xen/rpm_spec/libvchan.spec.in.tmp
2018-10-22 07:45:14.845300 +0000 build-centos: + '[' -e qubes-src/core-vchan-xen/changelog ']'
2018-10-22 07:45:14.845348 +0000 build-centos: + sed -i /@CHANGELOG@/d qubes-src/core-vchan-xen/rpm_spec/libvchan.spec.in.tmp
2018-10-22 07:45:14.848880 +0000 build-centos: + cat qubes-src/core-vchan-xen/rpm_spec/libvchan.spec.in.tmp
2018-10-22 07:45:14.851294 +0000 build-centos: + rm -rf qubes-src/core-vchan-xen/rpm_spec/libvchan.spec.in.tmp
2018-10-22 07:45:14.853879 +0000 build-centos: + '[' '%{SOURCE0}' = '%{SOURCE0}' ']'
2018-10-22 07:45:14.854948 +0000 build-centos: ++ dirname /home/user/builder-r4.0/qubes-src/builder-rpm/scripts/query-spec
2018-10-22 07:45:14.856610 +0000 build-centos: + /home/user/builder-r4.0/qubes-src/builder-rpm/scripts/../tools/spectool --list-files --source 0 /tmp/tmp.nHY4i6.spec
2018-10-22 07:45:14.927543 +0000 build-centos: + rm -f /tmp/tmp.nHY4i6.spec
2018-10-22 07:45:14.935720 +0000 build-centos: touch -t `date -d "7 days ago" +%Y%m%d%H%M` /tmp/age-compare-file
2018-10-22 07:45:14.943115 +0000 build-centos: if ! [ /home/user/builder-r4.0/repo-latest-snapshot/current-testing-vm-centos7-core-vchan-xen -ot /tmp/age-compare-file ]; then \
2018-10-22 07:45:14.943166 +0000 build-centos: .echo "`tput bold`*** Packages weren't in current-testing for at least 7 days! ***`tput sgr0`"; \
2018-10-22 07:45:14.943203 +0000 build-centos: .exit 1; \
2018-10-22 07:45:14.943219 +0000 build-centos: fi
2018-10-22 07:45:14.945809 +0000 build-centos: rm -f /tmp/age-compare-file
2018-10-22 07:45:14.954424 +0000 build-centos: /home/user/builder-r4.0/qubes-src/builder-rpm/Makefile.rpmbuilder:163: target 'update-repo-from-snapshot-do' does not exist
2018-10-22 07:45:14.954474 +0000 build-centos: for f in pkgs/centos7/x86_64/qubes-libvchan-xen-4.0.5-1.centos7.x86_64.rpm pkgs/centos7/x86_64/qubes-libvchan-xen-debuginfo-4.0.5-1.centos7.x86_64.rpm pkgs/centos7/x86_64/qubes-libvchan-xen-devel-4.0.5-1.centos7.x86_64.rpm; do \
2018-10-22 07:45:14.954501 +0000 build-centos: .ln -f /home/user/builder-r4.0/qubes-src/linux-yum/r4.0/current-testing/vm/centos7/rpm/`basename $f` /home/user/builder-r4.0/qubes-src/linux-yum/r4.0/current/vm/centos7/rpm/ || exit 1; \
2018-10-22 07:45:14.954515 +0000 build-centos: done
2018-10-22 07:45:14.967029 +0000 build-centos: + ERR_OUTPUT=/dev/stderr
2018-10-22 07:45:14.967067 +0000 build-centos: + '[' 2 -lt 2 ']'
2018-10-22 07:45:14.967987 +0000 build-centos: ++ basename qubes-src/core-vchan-xen/rpm_spec/libvchan.spec.in
2018-10-22 07:45:14.969848 +0000 build-centos: + [[ xlibvchan.spec.in == \x\.\i\n ]]
2018-10-22 07:45:14.969881 +0000 build-centos: + '[' -r qubes-src/core-vchan-xen/rpm_spec/libvchan.spec.in ']'
2018-10-22 07:45:14.970830 +0000 build-centos: ++ mktemp --tmpdir tmp.XXXXXX.spec
2018-10-22 07:45:14.972592 +0000 build-centos: + tmp_spec=/tmp/tmp.5UAPVi.spec
2018-10-22 07:45:14.973564 +0000 build-centos: ++ dirname /home/user/builder-r4.0/qubes-src/builder-rpm/scripts/query-spec
2018-10-22 07:45:14.975239 +0000 build-centos: + /home/user/builder-r4.0/qubes-src/builder-rpm/scripts/generate-spec qubes-src/core-vchan-xen/rpm_spec/libvchan.spec.in /tmp/tmp.5UAPVi.spec
2018-10-22 07:45:14.978440 +0000 build-centos: + '[' 2 -lt 2 ']'
2018-10-22 07:45:14.978476 +0000 build-centos: + '[' -z qubes-src/core-vchan-xen ']'
2018-10-22 07:45:14.978497 +0000 build-centos: + cp qubes-src/core-vchan-xen/rpm_spec/libvchan.spec.in qubes-src/core-vchan-xen/rpm_spec/libvchan.spec.in.tmp
2018-10-22 07:45:14.983015 +0000 build-centos: + cat qubes-src/core-vchan-xen/version
2018-10-22 07:45:14.983057 +0000 build-centos: + read ver
2018-10-22 07:45:14.984071 +0000 build-centos: + '[' x = x ']'
2018-10-22 07:45:14.984105 +0000 build-centos: + sed -i 's|@VERSION@|4.0.5|g' qubes-src/core-vchan-xen/rpm_spec/libvchan.spec.in.tmp
2018-10-22 07:45:14.987696 +0000 build-centos: + vnum=1
2018-10-22 07:45:14.987737 +0000 build-centos: + read ver
2018-10-22 07:45:14.988164 +0000 build-centos: + '[' -e qubes-src/core-vchan-xen/rel ']'
2018-10-22 07:45:14.989145 +0000 build-centos: ++ cat qubes-src/core-vchan-xen/rel
2018-10-22 07:45:14.991648 +0000 build-centos: ++ echo 1
2018-10-22 07:45:14.992083 +0000 build-centos: + sed -i -e s:@REL@:1:g -e s:@BACKEND_VMM@:xen:g qubes-src/core-vchan-xen/rpm_spec/libvchan.spec.in.tmp
2018-10-22 07:45:14.995661 +0000 build-centos: + '[' -e qubes-src/core-vchan-xen/changelog ']'
2018-10-22 07:45:14.995707 +0000 build-centos: + sed -i /@CHANGELOG@/d qubes-src/core-vchan-xen/rpm_spec/libvchan.spec.in.tmp
2018-10-22 07:45:14.999202 +0000 build-centos: + cat qubes-src/core-vchan-xen/rpm_spec/libvchan.spec.in.tmp
2018-10-22 07:45:15.001779 +0000 build-centos: + rm -rf qubes-src/core-vchan-xen/rpm_spec/libvchan.spec.in.tmp
2018-10-22 07:45:15.004374 +0000 build-centos: + '[' '%{SOURCE0}' = '%{SOURCE0}' ']'
2018-10-22 07:45:15.005371 +0000 build-centos: ++ dirname /home/user/builder-r4.0/qubes-src/builder-rpm/scripts/query-spec
2018-10-22 07:45:15.007095 +0000 build-centos: + /home/user/builder-r4.0/qubes-src/builder-rpm/scripts/../tools/spectool --list-files --source 0 /tmp/tmp.5UAPVi.spec
2018-10-22 07:45:15.078238 +0000 build-centos: + rm -f /tmp/tmp.5UAPVi.spec
2018-10-22 07:45:15.111855 +0000 build-centos: /home/user/builder-r4.0/qubes-src/builder-github//Makefile.github:18: target 'notify-github' does not exist
2018-10-22 07:45:15.111912 +0000 build-centos: [ -z "qubes-libvchan-xen-4.0.5-1.centos7" ] || /home/user/builder-r4.0/qubes-src/builder-github//notify-issues \
2018-10-22 07:45:15.111929 +0000 build-centos: .--build-log="" \
2018-10-22 07:45:15.111942 +0000 build-centos: .upload \
2018-10-22 07:45:15.111954 +0000 build-centos: ."r4.0" \
2018-10-22 07:45:15.111966 +0000 build-centos: ."qubes-src/core-vchan-xen" \
2018-10-22 07:45:15.111978 +0000 build-centos: ."qubes-libvchan-xen-4.0.5-1.centos7" \
2018-10-22 07:45:15.111990 +0000 build-centos: ."centos7" \
2018-10-22 07:45:15.112000 +0000 build-centos: ."vm" \
2018-10-22 07:45:15.112011 +0000 build-centos: ."current" \
2018-10-22 07:45:15.112025 +0000 build-centos: ."/home/user/github-notify-state/r4.0-core-vchan-xen-vm-centos7-current"
2018-10-22 07:45:15.129185 +0000 build-centos: + ERR_OUTPUT=/dev/stderr
2018-10-22 07:45:15.129223 +0000 build-centos: + '[' 2 -lt 2 ']'
2018-10-22 07:45:15.130073 +0000 build-centos: ++ basename qubes-src/core-vchan-xen/rpm_spec/libvchan.spec.in
2018-10-22 07:45:15.131760 +0000 build-centos: + [[ xlibvchan.spec.in == \x\.\i\n ]]
2018-10-22 07:45:15.131930 +0000 build-centos: + '[' -r qubes-src/core-vchan-xen/rpm_spec/libvchan.spec.in ']'
2018-10-22 07:45:15.132838 +0000 build-centos: ++ mktemp --tmpdir tmp.XXXXXX.spec
2018-10-22 07:45:15.134555 +0000 build-centos: + tmp_spec=/tmp/tmp.ZhIUW0.spec
2018-10-22 07:45:15.135460 +0000 build-centos: ++ dirname /home/user/builder-r4.0/qubes-src/builder-rpm/scripts/query-spec
2018-10-22 07:45:15.137332 +0000 build-centos: + /home/user/builder-r4.0/qubes-src/builder-rpm/scripts/generate-spec qubes-src/core-vchan-xen/rpm_spec/libvchan.spec.in /tmp/tmp.ZhIUW0.spec
2018-10-22 07:45:15.140251 +0000 build-centos: + '[' 2 -lt 2 ']'
2018-10-22 07:45:15.140285 +0000 build-centos: + '[' -z qubes-src/core-vchan-xen ']'
2018-10-22 07:45:15.140308 +0000 build-centos: + cp qubes-src/core-vchan-xen/rpm_spec/libvchan.spec.in qubes-src/core-vchan-xen/rpm_spec/libvchan.spec.in.tmp
2018-10-22 07:45:15.144958 +0000 build-centos: + cat qubes-src/core-vchan-xen/version
2018-10-22 07:45:15.144997 +0000 build-centos: + read ver
2018-10-22 07:45:15.146006 +0000 build-centos: + '[' x = x ']'
2018-10-22 07:45:15.146049 +0000 build-centos: + sed -i 's|@VERSION@|4.0.5|g' qubes-src/core-vchan-xen/rpm_spec/libvchan.spec.in.tmp
2018-10-22 07:45:15.149601 +0000 build-centos: + vnum=1
2018-10-22 07:45:15.149643 +0000 build-centos: + read ver
2018-10-22 07:45:15.150087 +0000 build-centos: + '[' -e qubes-src/core-vchan-xen/rel ']'
2018-10-22 07:45:15.151050 +0000 build-centos: ++ cat qubes-src/core-vchan-xen/rel
2018-10-22 07:45:15.153598 +0000 build-centos: ++ echo 1
2018-10-22 07:45:15.154058 +0000 build-centos: + sed -i -e s:@REL@:1:g -e s:@BACKEND_VMM@:xen:g qubes-src/core-vchan-xen/rpm_spec/libvchan.spec.in.tmp
2018-10-22 07:45:15.157731 +0000 build-centos: + '[' -e qubes-src/core-vchan-xen/changelog ']'
2018-10-22 07:45:15.157780 +0000 build-centos: + sed -i /@CHANGELOG@/d qubes-src/core-vchan-xen/rpm_spec/libvchan.spec.in.tmp
2018-10-22 07:45:15.161361 +0000 build-centos: + cat qubes-src/core-vchan-xen/rpm_spec/libvchan.spec.in.tmp
2018-10-22 07:45:15.163923 +0000 build-centos: + rm -rf qubes-src/core-vchan-xen/rpm_spec/libvchan.spec.in.tmp
2018-10-22 07:45:15.166523 +0000 build-centos: + '[' '%{SOURCE0}' = '%{SOURCE0}' ']'
2018-10-22 07:45:15.167469 +0000 build-centos: ++ dirname /home/user/builder-r4.0/qubes-src/builder-rpm/scripts/query-spec
2018-10-22 07:45:15.169136 +0000 build-centos: + /home/user/builder-r4.0/qubes-src/builder-rpm/scripts/../tools/spectool --list-files --source 0 /tmp/tmp.ZhIUW0.spec
2018-10-22 07:45:15.240156 +0000 build-centos: + rm -f /tmp/tmp.ZhIUW0.spec
2018-10-22 07:45:35.902948 +0000 build-centos: 
2018-10-22 07:45:35.903439 +0000 build-centos: Makefile:771: update target 'internal-update-repo-current.vm.centos7' due to: internal-update-repo-current.vm.centos7.core-vchan-xen
2018-10-22 07:45:35.903469 +0000 build-centos: true
2018-10-22 07:45:35.906117 +0000 build-centos: Makefile:852: target 'post-update-repo-current' does not exist
2018-10-22 07:45:35.906163 +0000 build-centos: for dist in  centos7; do \
2018-10-22 07:45:35.906181 +0000 build-centos: .repo_base_var="LINUX_REPO_${dist}_BASEDIR"; \
2018-10-22 07:45:35.906195 +0000 build-centos: .if [ -n "${!repo_base_var}" ]; then \
2018-10-22 07:45:35.906208 +0000 build-centos: ..repo_basedir="${!repo_base_var}"; \
2018-10-22 07:45:35.906219 +0000 build-centos: .else \
2018-10-22 07:45:35.906232 +0000 build-centos: ..repo_basedir="qubes-src/linux-yum/r4.0"; \
2018-10-22 07:45:35.906243 +0000 build-centos: .fi; \
2018-10-22 07:45:35.906256 +0000 build-centos: .repos_to_update="$repos_to_update $repo_basedir"; \
2018-10-22 07:45:35.906267 +0000 build-centos: done; \
2018-10-22 07:45:35.906280 +0000 build-centos: for repo in `echo $repos_to_update|tr ' ' '\n'|sort|uniq`; do \
2018-10-22 07:45:35.906291 +0000 build-centos: .[ -z "$repo" ] && continue; \
2018-10-22 07:45:35.906304 +0000 build-centos: .[ -x "$repo/../update_repo-current.sh" ] || continue; \
2018-10-22 07:45:35.906317 +0000 build-centos: .(cd $repo/.. && ./update_repo-current.sh r4.0); \
2018-10-22 07:45:35.906328 +0000 build-centos: done
2018-10-22 07:45:35.923253 +0000 build-centos: which: no mkmetalink in (/usr/local/bin:/usr/bin:/usr/local/sbin:/usr/sbin:/home/user/.local/bin:/home/user/bin:/home/user/builder-r4.0/qubes-src/builder-rpm/tools)
2018-10-22 07:45:35.930714 +0000 build-centos: --> Processing repo: r4.0/current/dom0/fc25...
2018-10-22 07:45:36.288621 +0000 build-centos: --> Processing repo: r4.0/current/vm/centos7...
2018-10-22 07:45:39.181519 +0000 build-centos: --> Processing repo: r4.0/current/vm/fc17...
2018-10-22 07:45:39.518013 +0000 build-centos: --> Processing repo: r4.0/current/vm/fc20...
2018-10-22 07:45:39.894470 +0000 build-centos: --> Processing repo: r4.0/current/vm/fc21...
2018-10-22 07:45:40.273817 +0000 build-centos: --> Processing repo: r4.0/current/vm/fc22...
2018-10-22 07:45:40.654021 +0000 build-centos: --> Processing repo: r4.0/current/vm/fc23...
2018-10-22 07:45:41.051905 +0000 build-centos: --> Processing repo: r4.0/current/vm/fc24...
2018-10-22 07:45:41.420691 +0000 build-centos: --> Processing repo: r4.0/current/vm/fc25...
2018-10-22 07:45:41.800781 +0000 build-centos: --> Processing repo: r4.0/current/vm/fc26...
2018-10-22 07:45:42.229032 +0000 build-centos: --> Processing repo: r4.0/current/vm/fc27...
2018-10-22 07:45:42.615151 +0000 build-centos: --> Processing repo: r4.0/current/vm/fc28...
2018-10-22 07:45:43.066298 +0000 build-centos: --> Processing repo: r4.0/current/vm/fc29...
2018-10-22 07:45:43.485282 +0000 build-centos: Done.
2018-10-22 07:45:43.490353 +0000 build-centos: ~/builder-r4.0/qubes-src/linux-yum ~/builder-r4.0/qubes-src/linux-yum
2018-10-22 07:45:43.493741 +0000 build-centos: Syncing r4.0...
2018-10-22 07:45:44.496156 +0000 build-centos: sending incremental file list
2018-10-22 07:45:44.610880 +0000 build-centos: .d..t...... current-testing/
2018-10-22 07:45:44.610920 +0000 build-centos: .d..t...... current-testing/dom0/
