2022-02-05 01:43:48.090934 +0000 > starting log
2022-02-05 01:43:48.091312 +0000 build-centos: > starting build with log
2022-02-05 01:43:48.091327 +0000 build-centos: >> make args: update-repo-current
2022-02-05 01:43:48.091336 +0000 build-centos: >> MAKEFLAGS=
2022-02-05 01:43:48.091344 +0000 build-centos: >> COMPONENTS=anaconda-addon
2022-02-05 01:43:48.091352 +0000 build-centos: >> DISTS_VM=centos-stream8
2022-02-05 01:43:48.091358 +0000 build-centos: >> DIST_DOM0=
2022-02-05 01:43:48.091368 +0000 build-centos: >> qubes-builder f87851d7819409b17466cbefe0d83a2ebc4a1882
2022-02-05 01:43:48.091379 +0000 build-centos: >> qubes-builder/qubes-src/anaconda-addon 0a71468f2317b30e789a1f03150d79e0a6d03b80
2022-02-05 01:43:48.153823 +0000 build-centos: ================================================================================
2022-02-05 01:43:48.153872 +0000 build-centos:                            B U I L D   I N F O                                  
2022-02-05 01:43:48.153886 +0000 build-centos: Items in red indicate it was automatically generated by configuration file(s)
2022-02-05 01:43:48.153898 +0000 build-centos: Items in white indicate it was automatically removed by configuration file(s)
2022-02-05 01:43:48.153909 +0000 build-centos: ================================================================================
2022-02-05 01:43:48.153916 +0000 build-centos: DISTS_VM:
2022-02-05 01:43:48.160024 +0000 build-centos:      centos-stream8,
2022-02-05 01:43:48.160063 +0000 build-centos: DISTS_ALL:
2022-02-05 01:43:48.180950 +0000 build-centos:      vm-centos-stream8,
2022-02-05 01:43:48.180991 +0000 build-centos: DIST_DOM0:
2022-02-05 01:43:48.189901 +0000 build-centos:     
2022-02-05 01:43:48.190107 +0000 build-centos: BUILDER_PLUGINS:
2022-02-05 01:43:48.207344 +0000 build-centos:      builder-rpm, builder-debian, mgmt-salt, linux-yum, release-configs, builder-github,
2022-02-05 01:43:48.207384 +0000 build-centos: COMPONENTS:
2022-02-05 01:43:48.221166 +0000 build-centos:      anaconda-addon,
2022-02-05 01:43:48.222196 +0000 build-centos: GIT_REPOS:
2022-02-05 01:43:48.242060 +0000 build-centos:      qubes-src/anaconda-addon,
2022-02-05 01:43:48.242105 +0000 build-centos: TEMPLATE:
2022-02-05 01:43:48.337229 +0000 build-centos:     
2022-02-05 01:43:48.337292 +0000 build-centos: TEMPLATE_FLAVOR_DIR:
2022-02-05 01:43:48.340615 +0000 build-centos:     
2022-02-05 01:43:48.340652 +0000 build-centos: TEMPLATE_ALIAS:
2022-02-05 01:43:48.347076 +0000 build-centos:      stretch:stretch+standard, stretch+gnome:stretch+gnome+standard,
2022-02-05 01:43:48.347120 +0000 build-centos:      stretch+minimal:stretch+minimal+no-recommends, buster:buster+standard, buster+gnome:buster+gnome+standard,
2022-02-05 01:43:48.347136 +0000 build-centos:      buster+minimal:buster+minimal+no-recommends, bullseye:bullseye+standard+firmware,
2022-02-05 01:43:48.347150 +0000 build-centos:      bullseye+gnome:bullseye+gnome+standard+firmware, bullseye+minimal:bullseye+minimal+no-recommends,
2022-02-05 01:43:48.347164 +0000 build-centos:      bionic:bionic+standard, focal:focal+standard, whonix-gateway-15:buster+whonix-gateway+minimal+no-recommends,
2022-02-05 01:43:48.347175 +0000 build-centos:      whonix-workstation-15:buster+whonix-workstation+minimal+no-recommends,
2022-02-05 01:43:48.347186 +0000 build-centos:      whonix-gateway-16:bullseye+whonix-gateway+minimal+no-recommends,
2022-02-05 01:43:48.347197 +0000 build-centos:      whonix-workstation-16:bullseye+whonix-workstation+minimal+no-recommends,
2022-02-05 01:43:48.347204 +0000 build-centos: TEMPLATE_LABEL:
2022-02-05 01:43:48.350459 +0000 build-centos:      centos-stream8:centos-stream-8, fc32:fedora-32 fc33:fedora-33 fc34:fedora-34 fc35:fedora-35
2022-02-05 01:43:48.350501 +0000 build-centos:      fc32+minimal:fedora-32-minimal fc33+minimal:fedora-33-minimal fc34+minimal:fedora-34-minimal
2022-02-05 01:43:48.350534 +0000 build-centos:      fc35+minimal:fedora-35-minimal fc32+xfce:fedora-32-xfce fc33+xfce:fedora-33-xfce fc34+xfce:fedora-34-xfce
2022-02-05 01:43:48.350549 +0000 build-centos:      fc35+xfce:fedora-35-xfce stretch:debian-9 stretch+standard:debian-9 stretch+xfce:debian-9-xfce
2022-02-05 01:43:48.350578 +0000 build-centos:      buster:debian-10 buster+standard:debian-10 buster+xfce:debian-10-xfce bullseye:debian-11
2022-02-05 01:43:48.350591 +0000 build-centos:      bullseye+standard+firmware:debian-11 bullseye+xfce:debian-11-xfce bionic+standard:bionic
2022-02-05 01:43:48.350602 +0000 build-centos:      focal+standard:focal buster+whonix-gateway+minimal+no-recommends:whonix-gw-15
2022-02-05 01:43:48.350612 +0000 build-centos:      buster+whonix-workstation+minimal+no-recommends:whonix-ws-15
2022-02-05 01:43:48.350622 +0000 build-centos:      bullseye+whonix-gateway+minimal+no-recommends:whonix-gw-16
2022-02-05 01:43:48.350634 +0000 build-centos:      bullseye+whonix-workstation+minimal+no-recommends:whonix-ws-16 centos7:centos-7
2022-02-05 01:43:48.350647 +0000 build-centos:      centos7+minimal:centos-7-minimal centos7+xfce:centos-7-xfce centos-stream8+minimal:centos-stream-8-minimal
2022-02-05 01:43:48.350655 +0000 build-centos:      centos-stream8+xfce:centos-stream-8-xfce
2022-02-05 01:43:48.408025 +0000 build-centos: > running make
2022-02-05 01:43:48.437372 +0000 build-centos: Makefile:863: target 'internal-update-repo-current.vm.centos-stream8.anaconda-addon' does not exist
2022-02-05 01:43:48.437422 +0000 build-centos: repo_base_var="LINUX_REPO_${DIST//-/_}_BASEDIR"; \
2022-02-05 01:43:48.437436 +0000 build-centos: if [ "anaconda-addon" = linux-template-builder ]; then \
2022-02-05 01:43:48.437449 +0000 build-centos: .# templates belongs to dom0 repository, even though PACKAGE_SET=vm
2022-02-05 01:43:48.437479 +0000 build-centos: repo_base_var="LINUX_REPO__BASEDIR"; \
2022-02-05 01:43:48.437488 +0000 build-centos: fi; \
2022-02-05 01:43:48.437497 +0000 build-centos: if [ -n "${!repo_base_var}" ]; then \
2022-02-05 01:43:48.437505 +0000 build-centos: .repo_basedir="${!repo_base_var}"; \
2022-02-05 01:43:48.437511 +0000 build-centos: else \
2022-02-05 01:43:48.437520 +0000 build-centos: .repo_basedir="qubes-src/linux-yum/r4.1"; \
2022-02-05 01:43:48.437526 +0000 build-centos: fi; \
2022-02-05 01:43:48.437535 +0000 build-centos: if [ -r qubes-src/anaconda-addon/Makefile.builder ]; then \
2022-02-05 01:43:48.437544 +0000 build-centos: .echo -n "Updating qubes-src/anaconda-addon... "; \
2022-02-05 01:43:48.437551 +0000 build-centos: .if [ "0" -eq 1 ]; then \
2022-02-05 01:43:48.437562 +0000 build-centos: ..vtag=`git -C qubes-src/anaconda-addon tag --points-at HEAD --list v*`; \
2022-02-05 01:43:48.437570 +0000 build-centos: ..if [ -z "$vtag" ]; then \
2022-02-05 01:43:48.437578 +0000 build-centos: ...echo "no version tag"; \
2022-02-05 01:43:48.437584 +0000 build-centos: ...exit 0; \
2022-02-05 01:43:48.437590 +0000 build-centos: ..fi; \
2022-02-05 01:43:48.437596 +0000 build-centos: .fi; \
2022-02-05 01:43:48.437605 +0000 build-centos: .if [ "anaconda-addon" = linux-template-builder ]; then
2022-02-05 01:43:48.437618 +0000 build-centos: export TEMPLATE_NAME=$(MAKEFLAGS= make -s -C qubes-src/linux-template-builder DIST=centos-stream8 template-name)
2022-02-05 01:43:48.437625 +0000 build-centos: fi
2022-02-05 01:43:48.437651 +0000 build-centos: component_packages=$(MAKEFLAGS= make -s -f Makefile.generic DIST=centos-stream8 PACKAGE_SET=vm COMPONENT=`basename qubes-src/anaconda-addon` UPDATE_REPO=/home/user/builder-r4.1/$repo_basedir/current/vm/centos-stream8 get-var GET_VAR=PACKAGE_LIST); \
2022-02-05 01:43:48.437661 +0000 build-centos: .if [ -z "$component_packages" ]; then \
2022-02-05 01:43:48.437668 +0000 build-centos: ..echo "no packages."; \
2022-02-05 01:43:48.437674 +0000 build-centos: ..exit 0; \
2022-02-05 01:43:48.437680 +0000 build-centos: .fi; \
2022-02-05 01:43:48.437690 +0000 build-centos: .make -s -f Makefile.generic DIST=centos-stream8 PACKAGE_SET=vm \
2022-02-05 01:43:48.437699 +0000 build-centos: ..COMPONENT=`basename qubes-src/anaconda-addon` \
2022-02-05 01:43:48.437707 +0000 build-centos: ..SNAPSHOT_REPO=current-testing \
2022-02-05 01:43:48.437714 +0000 build-centos: ..TARGET_REPO=current \
2022-02-05 01:43:48.437742 +0000 build-centos: ..UPDATE_REPO=/home/user/builder-r4.1/$repo_basedir/current/vm/centos-stream8 \
2022-02-05 01:43:48.437761 +0000 build-centos: ..SNAPSHOT_FILE=/home/user/builder-r4.1/repo-latest-snapshot/current-testing-vm-centos-stream8-`basename qubes-src/anaconda-addon` \
2022-02-05 01:43:48.437769 +0000 build-centos: ..BUILD_LOG_URL= \
2022-02-05 01:43:48.437777 +0000 build-centos: ..update-repo-from-snapshot || exit 1; \
2022-02-05 01:43:48.437789 +0000 build-centos: elif make -C qubes-src/anaconda-addon -n update-repo-current >/dev/null 2>/dev/null; then \
2022-02-05 01:43:48.437798 +0000 build-centos: .echo "Updating qubes-src/anaconda-addon... "; \
2022-02-05 01:43:48.437810 +0000 build-centos: .DIST=centos-stream8 UPDATE_REPO=/home/user/builder-r4.1/$repo_basedir/current/vm/centos-stream8 \
2022-02-05 01:43:48.437820 +0000 build-centos: .make -s -C qubes-src/anaconda-addon update-repo-current || exit 1; \
2022-02-05 01:43:48.437826 +0000 build-centos: else \
2022-02-05 01:43:48.437835 +0000 build-centos: .echo -n "Updating qubes-src/anaconda-addon... skipping."; \
2022-02-05 01:43:48.437841 +0000 build-centos: fi; \
2022-02-05 01:43:48.437847 +0000 build-centos: echo
2022-02-05 01:43:48.608400 +0000 build-centos: Updating qubes-src/anaconda-addon... no packages.
2022-02-05 01:43:48.608476 +0000 build-centos: Makefile:832: update target 'internal-update-repo-current.vm.centos-stream8' due to: internal-update-repo-current.vm.centos-stream8.anaconda-addon
2022-02-05 01:43:48.608488 +0000 build-centos: true
2022-02-05 01:43:48.608499 +0000 build-centos: Makefile:945: target 'post-update-repo-current' does not exist
2022-02-05 01:43:48.608505 +0000 build-centos: true
2022-02-05 01:43:48.610172 +0000 build-centos: Makefile:819: update target 'update-repo-current' due to: internal-update-repo-current.vm.centos-stream8 post-update-repo-current
2022-02-05 01:43:48.610206 +0000 build-centos: true
2022-02-05 01:43:48.614137 +0000 build-centos: > done
2022-02-05 01:43:48.614177 +0000 > closing log
