2020-10-10 02:36:43.278433 +0000 > starting log
2020-10-10 02:36:43.278922 +0000 build-centos: > starting build with log
2020-10-10 02:36:43.278941 +0000 build-centos: >> make args: update-repo-current
2020-10-10 02:36:43.278952 +0000 build-centos: >> MAKEFLAGS=
2020-10-10 02:36:43.278962 +0000 build-centos: >> COMPONENTS=python-u2flib-host
2020-10-10 02:36:43.278972 +0000 build-centos: >> DISTS_VM=centos7 centos8
2020-10-10 02:36:43.278981 +0000 build-centos: >> DIST_DOM0=
2020-10-10 02:36:43.278992 +0000 build-centos: >> qubes-builder caade35959ee6e68fa87d0aa8be1d0a9a01a9bdf
2020-10-10 02:36:43.279006 +0000 build-centos: >> qubes-builder/qubes-src/python-u2flib-host df168274b6feb562a29d73891c48f0b6bb455b85
2020-10-10 02:36:43.279016 +0000 build-centos: !! python-u2flib-host-3.0.3.tar.gz
2020-10-10 02:36:43.279036 +0000 build-centos: 04f0a9427912d3d7595aa37de8556b3789c46b5c056745e864a4609492d8f2b790fc7157c66124d0d010b45c726c2f6ed316fb7a8f1224da6206acd17e7e1897  python-u2flib-host-3.0.3.tar.gz
2020-10-10 02:36:43.279049 +0000 build-centos: ================================================================================
2020-10-10 02:36:43.279062 +0000 build-centos:                            B U I L D   I N F O                                  
2020-10-10 02:36:43.279076 +0000 build-centos: Items in red indicate it was automatically generated by configuration file(s)
2020-10-10 02:36:43.279089 +0000 build-centos: Items in white indicate it was automatically removed by configuration file(s)
2020-10-10 02:36:43.279102 +0000 build-centos: ================================================================================
2020-10-10 02:36:43.279110 +0000 build-centos: DISTS_VM:
2020-10-10 02:36:43.279119 +0000 build-centos:      centos7, centos8,
2020-10-10 02:36:43.279127 +0000 build-centos: DISTS_ALL:
2020-10-10 02:36:43.279160 +0000 build-centos:      vm-centos7, vm-centos8,
2020-10-10 02:36:43.279171 +0000 build-centos: DIST_DOM0:
2020-10-10 02:36:43.279179 +0000 build-centos:     
2020-10-10 02:36:43.279187 +0000 build-centos: BUILDER_PLUGINS:
2020-10-10 02:36:43.279201 +0000 build-centos:      builder-rpm, builder-debian, mgmt-salt, linux-yum, release-configs, builder-github,
2020-10-10 02:36:43.279209 +0000 build-centos: COMPONENTS:
2020-10-10 02:36:43.279218 +0000 build-centos:      python-u2flib-host,
2020-10-10 02:36:43.279226 +0000 build-centos: GIT_REPOS:
2020-10-10 02:36:43.279235 +0000 build-centos:      qubes-src/python-u2flib-host,
2020-10-10 02:36:43.279243 +0000 build-centos: TEMPLATE:
2020-10-10 02:36:43.279251 +0000 build-centos:     
2020-10-10 02:36:43.279259 +0000 build-centos: TEMPLATE_FLAVOR_DIR:
2020-10-10 02:36:43.279267 +0000 build-centos:     
2020-10-10 02:36:43.279275 +0000 build-centos: TEMPLATE_ALIAS:
2020-10-10 02:36:43.279287 +0000 build-centos:      stretch:stretch+standard, stretch+gnome:stretch+gnome+standard,
2020-10-10 02:36:43.279303 +0000 build-centos:      stretch+minimal:stretch+minimal+no-recommends, buster:buster+standard, buster+gnome:buster+gnome+standard,
2020-10-10 02:36:43.279316 +0000 build-centos:      buster+minimal:buster+minimal+no-recommends, bullseye:bullseye+standard,
2020-10-10 02:36:43.279330 +0000 build-centos:      bullseye+gnome:bullseye+gnome+standard, bullseye+minimal:bullseye+minimal+no-recommends,
2020-10-10 02:36:43.279342 +0000 build-centos:      whonix-gateway-14:stretch+whonix-gateway+minimal+no-recommends,
2020-10-10 02:36:43.279355 +0000 build-centos:      whonix-workstation-14:stretch+whonix-workstation+minimal+no-recommends,
2020-10-10 02:36:43.279367 +0000 build-centos:      whonix-gateway-15:buster+whonix-gateway+minimal+no-recommends,
2020-10-10 02:36:43.279379 +0000 build-centos:      whonix-workstation-15:buster+whonix-workstation+minimal+no-recommends,
2020-10-10 02:36:43.279388 +0000 build-centos: TEMPLATE_LABEL:
2020-10-10 02:36:43.279402 +0000 build-centos:      centos7:centos-7, centos8:centos-8, fc25:fedora-25 fc30:fedora-30 fc31:fedora-31 fc32:fedora-32
2020-10-10 02:36:43.279417 +0000 build-centos:      fc30+minimal:fedora-30-minimal fc31+minimal:fedora-31-minimal fc32+minimal:fedora-32-minimal
2020-10-10 02:36:43.279438 +0000 build-centos:      fc30+xfce:fedora-30-xfce fc31+xfce:fedora-31-xfce fc32+xfce:fedora-32-xfce
2020-10-10 02:36:43.279454 +0000 build-centos:      stretch:debian-9 stretch+standard:debian-9 stretch+xfce:debian-9-xfce buster:debian-10
2020-10-10 02:36:43.279469 +0000 build-centos:      buster+standard:debian-10 buster+xfce:debian-10-xfce bullseye:debian-11 bullseye+standard:debian-11
2020-10-10 02:36:43.279483 +0000 build-centos:      bullseye+xfce:debian-11-xfce stretch+whonix-gateway+minimal+no-recommends:whonix-gw-14
2020-10-10 02:36:43.279495 +0000 build-centos:      stretch+whonix-workstation+minimal+no-recommends:whonix-ws-14
2020-10-10 02:36:43.279507 +0000 build-centos:      buster+whonix-gateway+minimal+no-recommends:whonix-gw-15
2020-10-10 02:36:43.281329 +0000 build-centos:      buster+whonix-workstation+minimal+no-recommends:whonix-ws-15 centos7+minimal:centos-7-minimal
2020-10-10 02:36:43.281388 +0000 build-centos:      centos7+xfce:centos-7-xfce centos8+minimal:centos-8-minimal centos8+xfce:centos-8-xfce
2020-10-10 02:36:43.336578 +0000 build-centos: > running make
2020-10-10 02:36:43.362963 +0000 build-centos: Makefile:818: target 'internal-update-repo-current.vm.centos7.python-u2flib-host' does not exist
2020-10-10 02:36:43.363016 +0000 build-centos: repo_base_var="LINUX_REPO_centos7_BASEDIR"; \
2020-10-10 02:36:43.363032 +0000 build-centos: if [ "python-u2flib-host" = linux-template-builder ]; then \
2020-10-10 02:36:43.363046 +0000 build-centos: .# templates belongs to dom0 repository, even though PACKAGE_SET=vm
2020-10-10 02:36:43.363057 +0000 build-centos: repo_base_var="LINUX_REPO__BASEDIR"; \
2020-10-10 02:36:43.363066 +0000 build-centos: fi; \
2020-10-10 02:36:43.363077 +0000 build-centos: if [ -n "${!repo_base_var}" ]; then \
2020-10-10 02:36:43.363088 +0000 build-centos: .repo_basedir="${!repo_base_var}"; \
2020-10-10 02:36:43.363096 +0000 build-centos: else \
2020-10-10 02:36:43.363106 +0000 build-centos: .repo_basedir="qubes-src/linux-yum/r4.0"; \
2020-10-10 02:36:43.363114 +0000 build-centos: fi; \
2020-10-10 02:36:43.363126 +0000 build-centos: if [ -r qubes-src/python-u2flib-host/Makefile.builder ]; then \
2020-10-10 02:36:43.363176 +0000 build-centos: .echo -n "Updating qubes-src/python-u2flib-host... "; \
2020-10-10 02:36:43.363189 +0000 build-centos: .if [ "0" -eq 1 ]; then \
2020-10-10 02:36:43.363203 +0000 build-centos: ..vtag=`git -C qubes-src/python-u2flib-host tag --points-at HEAD --list v*`; \
2020-10-10 02:36:43.363212 +0000 build-centos: ..if [ -z "$vtag" ]; then \
2020-10-10 02:36:43.363222 +0000 build-centos: ...echo "no version tag"; \
2020-10-10 02:36:43.363230 +0000 build-centos: ...exit 0; \
2020-10-10 02:36:43.363238 +0000 build-centos: ..fi; \
2020-10-10 02:36:43.363246 +0000 build-centos: .fi; \
2020-10-10 02:36:43.363258 +0000 build-centos: .if [ "python-u2flib-host" = linux-template-builder ]; then
2020-10-10 02:36:43.363273 +0000 build-centos: export TEMPLATE_NAME=$(MAKEFLAGS= make -s -C qubes-src/linux-template-builder DIST=centos7 template-name)
2020-10-10 02:36:43.363281 +0000 build-centos: fi
2020-10-10 02:36:43.363311 +0000 build-centos: component_packages=$(MAKEFLAGS= make -s -f Makefile.generic DIST=centos7 PACKAGE_SET=vm COMPONENT=`basename qubes-src/python-u2flib-host` UPDATE_REPO=/home/user/builder-r4.0/$repo_basedir/current/vm/centos7 get-var GET_VAR=PACKAGE_LIST); \
2020-10-10 02:36:43.363324 +0000 build-centos: .if [ -z "$component_packages" ]; then \
2020-10-10 02:36:43.363333 +0000 build-centos: ..echo "no packages."; \
2020-10-10 02:36:43.363341 +0000 build-centos: ..exit 0; \
2020-10-10 02:36:43.363349 +0000 build-centos: .fi; \
2020-10-10 02:36:43.363360 +0000 build-centos: .make -s -f Makefile.generic DIST=centos7 PACKAGE_SET=vm \
2020-10-10 02:36:43.363372 +0000 build-centos: ..COMPONENT=`basename qubes-src/python-u2flib-host` \
2020-10-10 02:36:43.363381 +0000 build-centos: ..SNAPSHOT_REPO=current-testing \
2020-10-10 02:36:43.363409 +0000 build-centos: ..TARGET_REPO=current \
2020-10-10 02:36:43.363423 +0000 build-centos: ..UPDATE_REPO=/home/user/builder-r4.0/$repo_basedir/current/vm/centos7 \
2020-10-10 02:36:43.363440 +0000 build-centos: ..SNAPSHOT_FILE=/home/user/builder-r4.0/repo-latest-snapshot/current-testing-vm-centos7-`basename qubes-src/python-u2flib-host` \
2020-10-10 02:36:43.363449 +0000 build-centos: ..BUILD_LOG_URL= \
2020-10-10 02:36:43.363460 +0000 build-centos: ..update-repo-from-snapshot || exit 1; \
2020-10-10 02:36:43.363474 +0000 build-centos: elif make -C qubes-src/python-u2flib-host -n update-repo-current >/dev/null 2>/dev/null; then \
2020-10-10 02:36:43.363485 +0000 build-centos: .echo "Updating qubes-src/python-u2flib-host... "; \
2020-10-10 02:36:43.363498 +0000 build-centos: .DIST=centos7 UPDATE_REPO=/home/user/builder-r4.0/$repo_basedir/current/vm/centos7 \
2020-10-10 02:36:43.363511 +0000 build-centos: .make -s -C qubes-src/python-u2flib-host update-repo-current || exit 1; \
2020-10-10 02:36:43.363519 +0000 build-centos: else \
2020-10-10 02:36:43.363531 +0000 build-centos: .echo -n "Updating qubes-src/python-u2flib-host... skipping."; \
2020-10-10 02:36:43.363539 +0000 build-centos: fi; \
2020-10-10 02:36:43.363547 +0000 build-centos: echo
2020-10-10 02:36:43.398684 +0000 build-centos: Updating qubes-src/python-u2flib-host... no packages.
2020-10-10 02:36:43.400473 +0000 build-centos: Makefile:791: update target 'internal-update-repo-current.vm.centos7' due to: internal-update-repo-current.vm.centos7.python-u2flib-host
2020-10-10 02:36:43.400521 +0000 build-centos: true
2020-10-10 02:36:43.406742 +0000 build-centos: Makefile:818: target 'internal-update-repo-current.vm.centos8.python-u2flib-host' does not exist
2020-10-10 02:36:43.406791 +0000 build-centos: repo_base_var="LINUX_REPO_centos8_BASEDIR"; \
2020-10-10 02:36:43.406807 +0000 build-centos: if [ "python-u2flib-host" = linux-template-builder ]; then \
2020-10-10 02:36:43.406820 +0000 build-centos: .# templates belongs to dom0 repository, even though PACKAGE_SET=vm
2020-10-10 02:36:43.406831 +0000 build-centos: repo_base_var="LINUX_REPO__BASEDIR"; \
2020-10-10 02:36:43.406840 +0000 build-centos: fi; \
2020-10-10 02:36:43.406850 +0000 build-centos: if [ -n "${!repo_base_var}" ]; then \
2020-10-10 02:36:43.406860 +0000 build-centos: .repo_basedir="${!repo_base_var}"; \
2020-10-10 02:36:43.406867 +0000 build-centos: else \
2020-10-10 02:36:43.406877 +0000 build-centos: .repo_basedir="qubes-src/linux-yum/r4.0"; \
2020-10-10 02:36:43.406885 +0000 build-centos: fi; \
2020-10-10 02:36:43.406896 +0000 build-centos: if [ -r qubes-src/python-u2flib-host/Makefile.builder ]; then \
2020-10-10 02:36:43.406907 +0000 build-centos: .echo -n "Updating qubes-src/python-u2flib-host... "; \
2020-10-10 02:36:43.406916 +0000 build-centos: .if [ "0" -eq 1 ]; then \
2020-10-10 02:36:43.406934 +0000 build-centos: ..vtag=`git -C qubes-src/python-u2flib-host tag --points-at HEAD --list v*`; \
2020-10-10 02:36:43.406944 +0000 build-centos: ..if [ -z "$vtag" ]; then \
2020-10-10 02:36:43.406953 +0000 build-centos: ...echo "no version tag"; \
2020-10-10 02:36:43.406961 +0000 build-centos: ...exit 0; \
2020-10-10 02:36:43.406969 +0000 build-centos: ..fi; \
2020-10-10 02:36:43.406976 +0000 build-centos: .fi; \
2020-10-10 02:36:43.406987 +0000 build-centos: .if [ "python-u2flib-host" = linux-template-builder ]; then
2020-10-10 02:36:43.407002 +0000 build-centos: export TEMPLATE_NAME=$(MAKEFLAGS= make -s -C qubes-src/linux-template-builder DIST=centos8 template-name)
2020-10-10 02:36:43.407009 +0000 build-centos: fi
2020-10-10 02:36:43.407033 +0000 build-centos: component_packages=$(MAKEFLAGS= make -s -f Makefile.generic DIST=centos8 PACKAGE_SET=vm COMPONENT=`basename qubes-src/python-u2flib-host` UPDATE_REPO=/home/user/builder-r4.0/$repo_basedir/current/vm/centos8 get-var GET_VAR=PACKAGE_LIST); \
2020-10-10 02:36:43.407045 +0000 build-centos: .if [ -z "$component_packages" ]; then \
2020-10-10 02:36:43.407054 +0000 build-centos: ..echo "no packages."; \
2020-10-10 02:36:43.407078 +0000 build-centos: ..exit 0; \
2020-10-10 02:36:43.407086 +0000 build-centos: .fi; \
2020-10-10 02:36:43.407098 +0000 build-centos: .make -s -f Makefile.generic DIST=centos8 PACKAGE_SET=vm \
2020-10-10 02:36:43.407108 +0000 build-centos: ..COMPONENT=`basename qubes-src/python-u2flib-host` \
2020-10-10 02:36:43.407117 +0000 build-centos: ..SNAPSHOT_REPO=current-testing \
2020-10-10 02:36:43.407126 +0000 build-centos: ..TARGET_REPO=current \
2020-10-10 02:36:43.407164 +0000 build-centos: ..UPDATE_REPO=/home/user/builder-r4.0/$repo_basedir/current/vm/centos8 \
2020-10-10 02:36:43.407183 +0000 build-centos: ..SNAPSHOT_FILE=/home/user/builder-r4.0/repo-latest-snapshot/current-testing-vm-centos8-`basename qubes-src/python-u2flib-host` \
2020-10-10 02:36:43.407191 +0000 build-centos: ..BUILD_LOG_URL= \
2020-10-10 02:36:43.407201 +0000 build-centos: ..update-repo-from-snapshot || exit 1; \
2020-10-10 02:36:43.407215 +0000 build-centos: elif make -C qubes-src/python-u2flib-host -n update-repo-current >/dev/null 2>/dev/null; then \
2020-10-10 02:36:43.407226 +0000 build-centos: .echo "Updating qubes-src/python-u2flib-host... "; \
2020-10-10 02:36:43.407238 +0000 build-centos: .DIST=centos8 UPDATE_REPO=/home/user/builder-r4.0/$repo_basedir/current/vm/centos8 \
2020-10-10 02:36:43.407251 +0000 build-centos: .make -s -C qubes-src/python-u2flib-host update-repo-current || exit 1; \
2020-10-10 02:36:43.407258 +0000 build-centos: else \
2020-10-10 02:36:43.407270 +0000 build-centos: .echo -n "Updating qubes-src/python-u2flib-host... skipping."; \
2020-10-10 02:36:43.407277 +0000 build-centos: fi; \
2020-10-10 02:36:43.407284 +0000 build-centos: echo
2020-10-10 02:36:43.445536 +0000 build-centos: Updating qubes-src/python-u2flib-host... no packages.
2020-10-10 02:36:43.445595 +0000 build-centos: Makefile:791: update target 'internal-update-repo-current.vm.centos8' due to: internal-update-repo-current.vm.centos8.python-u2flib-host
2020-10-10 02:36:43.445607 +0000 build-centos: true
2020-10-10 02:36:43.455503 +0000 build-centos: Makefile:872: target 'post-update-repo-current' does not exist
2020-10-10 02:36:43.455551 +0000 build-centos: for dist in  centos7 centos8; do \
2020-10-10 02:36:43.455566 +0000 build-centos: .repo_base_var="LINUX_REPO_${dist}_BASEDIR"; \
2020-10-10 02:36:43.455577 +0000 build-centos: .if [ -n "${!repo_base_var}" ]; then \
2020-10-10 02:36:43.455588 +0000 build-centos: ..repo_basedir="${!repo_base_var}"; \
2020-10-10 02:36:43.455597 +0000 build-centos: .else \
2020-10-10 02:36:43.455609 +0000 build-centos: ..repo_basedir="qubes-src/linux-yum/r4.0"; \
2020-10-10 02:36:43.455617 +0000 build-centos: .fi; \
2020-10-10 02:36:43.455628 +0000 build-centos: .repos_to_update="$repos_to_update $repo_basedir"; \
2020-10-10 02:36:43.455636 +0000 build-centos: done; \
2020-10-10 02:36:43.455645 +0000 build-centos: pkgset_dist= ; \
2020-10-10 02:36:43.455654 +0000 build-centos: for dist in ; do \
2020-10-10 02:36:43.455665 +0000 build-centos: .pkgset_dist="$pkgset_dist dom0/$dist"; \
2020-10-10 02:36:43.455673 +0000 build-centos: done; \
2020-10-10 02:36:43.455683 +0000 build-centos: for dist in centos7 centos8; do \
2020-10-10 02:36:43.455693 +0000 build-centos: .pkgset_dist="$pkgset_dist vm/$dist"; \
2020-10-10 02:36:43.455701 +0000 build-centos: done; \
2020-10-10 02:36:43.455713 +0000 build-centos: for repo in `echo $repos_to_update|tr ' ' '\n'|sort|uniq`; do \
2020-10-10 02:36:43.455723 +0000 build-centos: .[ -z "$repo" ] && continue; \
2020-10-10 02:36:43.455734 +0000 build-centos: .[ -x "$repo/../update_repo-current.sh" ] || continue; \
2020-10-10 02:36:43.455746 +0000 build-centos: .(cd $repo/.. && ./update_repo-current.sh r4.0 $pkgset_dist); \
2020-10-10 02:36:43.455754 +0000 build-centos: done
2020-10-10 02:36:43.486222 +0000 build-centos: which: no mkmetalink in (/usr/local/sbin:/usr/local/bin:/usr/sbin:/usr/bin:/home/user/.local/bin:/home/user/bin:/home/user/builder-r4.0/qubes-src/builder-rpm/tools)
2020-10-10 02:36:43.499920 +0000 build-centos: --> Processing repo: r4.0/current/dom0/fc25...
2020-10-10 02:36:43.626363 +0000 build-centos: --> Processing repo: r4.0/current/vm/centos7...
2020-10-10 02:37:09.413386 +0000 build-centos: --> Processing repo: r4.0/current/vm/centos8...
2020-10-10 02:37:16.211695 +0000 build-centos: --> Processing repo: r4.0/current/vm/fc17...
2020-10-10 02:37:16.427417 +0000 build-centos: --> Processing repo: r4.0/current/vm/fc20...
2020-10-10 02:37:16.515344 +0000 build-centos: --> Processing repo: r4.0/current/vm/fc21...
2020-10-10 02:37:16.682381 +0000 build-centos: --> Processing repo: r4.0/current/vm/fc22...
2020-10-10 02:37:16.914484 +0000 build-centos: --> Processing repo: r4.0/current/vm/fc23...
2020-10-10 02:37:17.019501 +0000 build-centos: --> Processing repo: r4.0/current/vm/fc24...
2020-10-10 02:37:17.302948 +0000 build-centos: --> Processing repo: r4.0/current/vm/fc25...
2020-10-10 02:37:17.481840 +0000 build-centos: --> Processing repo: r4.0/current/vm/fc26...
2020-10-10 02:37:17.659705 +0000 build-centos: --> Processing repo: r4.0/current/vm/fc27...
2020-10-10 02:37:17.878350 +0000 build-centos: --> Processing repo: r4.0/current/vm/fc28...
2020-10-10 02:37:18.057303 +0000 build-centos: --> Processing repo: r4.0/current/vm/fc29...
2020-10-10 02:37:18.240107 +0000 build-centos: --> Processing repo: r4.0/current/vm/fc30...
2020-10-10 02:37:18.507640 +0000 build-centos: --> Processing repo: r4.0/current/vm/fc31...
2020-10-10 02:37:18.683940 +0000 build-centos: --> Processing repo: r4.0/current/vm/fc32...
2020-10-10 02:37:18.907074 +0000 build-centos: --> Processing repo: r4.0/current/vm/fc33...
2020-10-10 02:37:19.060345 +0000 build-centos: Done.
2020-10-10 02:37:19.096543 +0000 build-centos: ~/builder-r4.0/qubes-src/linux-yum ~/builder-r4.0/qubes-src/linux-yum
2020-10-10 02:37:19.102954 +0000 build-centos: Syncing r4.0...
2020-10-10 02:37:20.464062 +0000 build-centos: kex_exchange_identification: Connection closed by remote host.
2020-10-10 02:37:20.464113 +0000 build-centos: Connection closed by 147.75.32.69 port 22.
2020-10-10 02:37:20.465427 +0000 build-centos: rsync: connection unexpectedly closed (0 bytes received so far) [sender]
2020-10-10 02:37:20.465469 +0000 build-centos: rsync error: unexplained error (code 255) at io.c(228) [sender=3.2.3]
2020-10-10 02:37:21.748484 +0000 build-centos: kex_exchange_identification: Connection closed by remote host.
2020-10-10 02:37:21.748534 +0000 build-centos: Connection closed by 147.75.32.69 port 22.
2020-10-10 02:37:21.749687 +0000 build-centos: rsync: connection unexpectedly closed (0 bytes received so far) [sender]
2020-10-10 02:37:21.749722 +0000 build-centos: rsync error: unexplained error (code 255) at io.c(228) [sender=3.2.3]
2020-10-10 02:37:23.097428 +0000 build-centos: kex_exchange_identification: Connection closed by remote host.
2020-10-10 02:37:23.097478 +0000 build-centos: Connection closed by 147.75.32.69 port 22.
2020-10-10 02:37:24.381598 +0000 build-centos: kex_exchange_identification: Connection closed by remote host.
2020-10-10 02:37:24.381651 +0000 build-centos: Connection closed by 147.75.32.69 port 22.
2020-10-10 02:37:25.678883 +0000 build-centos: kex_exchange_identification: Connection closed by remote host.
2020-10-10 02:37:25.678935 +0000 build-centos: Connection closed by 147.75.32.69 port 22.
2020-10-10 02:37:25.678950 +0000 build-centos: ~/builder-r4.0/qubes-src/linux-yum
2020-10-10 02:37:25.678972 +0000 build-centos: Makefile:778: update target 'update-repo-current' due to: internal-update-repo-current.vm.centos7 internal-update-repo-current.vm.centos8 post-update-repo-current
2020-10-10 02:37:25.678982 +0000 build-centos: true
2020-10-10 02:37:25.678990 +0000 build-centos: > done
2020-10-10 02:37:25.679003 +0000 > closing log
