2021-07-03 21:38:28.875486 +0000 > starting log
2021-07-03 21:38:28.875867 +0000 build-centos: > starting build with log
2021-07-03 21:38:28.875881 +0000 build-centos: >> make args: update-repo-current
2021-07-03 21:38:28.875889 +0000 build-centos: >> MAKEFLAGS=
2021-07-03 21:38:28.875898 +0000 build-centos: >> COMPONENTS=infrastructure
2021-07-03 21:38:28.875905 +0000 build-centos: >> DISTS_VM=centos-stream8
2021-07-03 21:38:28.875911 +0000 build-centos: >> DIST_DOM0=
2021-07-03 21:38:28.875941 +0000 build-centos: >> qubes-builder 75fec6ba5b77aa3a7bbc642095001aac175c6028
2021-07-03 21:38:28.875952 +0000 build-centos: >> qubes-builder/qubes-src/infrastructure 98a460595b8d655e277847a9c5a63ec76840c90f
2021-07-03 21:38:28.883060 +0000 build-centos: >> qubes-builder/qubes-src/infrastructure/build-infra/qubes-builder 9bd3fae19d13964aa61e235edc39ead942b2a57a
2021-07-03 21:38:28.956284 +0000 build-centos: >> qubes-builder/qubes-src/infrastructure/build-infra/qubes-builder-github 9d49a52e1d9b654d40b13c90002d71f029e55c80
2021-07-03 21:38:29.066604 +0000 build-centos: ================================================================================
2021-07-03 21:38:29.066657 +0000 build-centos:                            B U I L D   I N F O                                  
2021-07-03 21:38:29.066671 +0000 build-centos: Items in red indicate it was automatically generated by configuration file(s)
2021-07-03 21:38:29.066682 +0000 build-centos: Items in white indicate it was automatically removed by configuration file(s)
2021-07-03 21:38:29.066692 +0000 build-centos: ================================================================================
2021-07-03 21:38:29.066698 +0000 build-centos: DISTS_VM:
2021-07-03 21:38:29.067957 +0000 build-centos:      centos-stream8,
2021-07-03 21:38:29.070617 +0000 build-centos: DISTS_ALL:
2021-07-03 21:38:29.075434 +0000 build-centos:      vm-centos-stream8,
2021-07-03 21:38:29.075471 +0000 build-centos: DIST_DOM0:
2021-07-03 21:38:29.081785 +0000 build-centos:     
2021-07-03 21:38:29.081823 +0000 build-centos: BUILDER_PLUGINS:
2021-07-03 21:38:29.085339 +0000 build-centos:      builder-rpm, builder-debian, mgmt-salt, linux-yum, release-configs, builder-github,
2021-07-03 21:38:29.085723 +0000 build-centos: COMPONENTS:
2021-07-03 21:38:29.091068 +0000 build-centos:      infrastructure,
2021-07-03 21:38:29.093567 +0000 build-centos: GIT_REPOS:
2021-07-03 21:38:29.098080 +0000 build-centos:      qubes-src/infrastructure,
2021-07-03 21:38:29.098488 +0000 build-centos: TEMPLATE:
2021-07-03 21:38:29.101670 +0000 build-centos:     
2021-07-03 21:38:29.101707 +0000 build-centos: TEMPLATE_FLAVOR_DIR:
2021-07-03 21:38:29.104901 +0000 build-centos:     
2021-07-03 21:38:29.107205 +0000 build-centos: TEMPLATE_ALIAS:
2021-07-03 21:38:29.113127 +0000 build-centos:      stretch:stretch+standard, stretch+gnome:stretch+gnome+standard,
2021-07-03 21:38:29.113169 +0000 build-centos:      stretch+minimal:stretch+minimal+no-recommends, buster:buster+standard,
2021-07-03 21:38:29.113182 +0000 build-centos:      buster+gnome:buster+gnome+standard, buster+minimal:buster+minimal+no-recommends,
2021-07-03 21:38:29.113193 +0000 build-centos:      bullseye:bullseye+standard, bullseye+gnome:bullseye+gnome+standard,
2021-07-03 21:38:29.113203 +0000 build-centos:      bullseye+minimal:bullseye+minimal+no-recommends, bionic:bionic+standard,
2021-07-03 21:38:29.113214 +0000 build-centos:      focal:focal+standard, whonix-gateway-14:stretch+whonix-gateway+minimal+no-recommends,
2021-07-03 21:38:29.113224 +0000 build-centos:      whonix-workstation-14:stretch+whonix-workstation+minimal+no-recommends,
2021-07-03 21:38:29.113233 +0000 build-centos:      whonix-gateway-15:buster+whonix-gateway+minimal+no-recommends,
2021-07-03 21:38:29.113242 +0000 build-centos:      whonix-workstation-15:buster+whonix-workstation+minimal+no-recommends,
2021-07-03 21:38:29.113249 +0000 build-centos: TEMPLATE_LABEL:
2021-07-03 21:38:29.119388 +0000 build-centos:      centos-stream8:centos-stream-8, fc32:fedora-32 fc33:fedora-33 fc34:fedora-34 fc35:fedora-35
2021-07-03 21:38:29.119452 +0000 build-centos:      fc32+minimal:fedora-32-minimal fc33+minimal:fedora-33-minimal fc34+minimal:fedora-34-minimal
2021-07-03 21:38:29.119468 +0000 build-centos:      fc35+minimal:fedora-35-minimal fc32+xfce:fedora-32-xfce fc33+xfce:fedora-33-xfce fc34+xfce:fedora-34-xfce
2021-07-03 21:38:29.119481 +0000 build-centos:      fc35+xfce:fedora-35-xfce stretch:debian-9 stretch+standard:debian-9 stretch+xfce:debian-9-xfce
2021-07-03 21:38:29.119493 +0000 build-centos:      buster:debian-10 buster+standard:debian-10 buster+xfce:debian-10-xfce bullseye:debian-11
2021-07-03 21:38:29.119503 +0000 build-centos:      bullseye+standard:debian-11 bullseye+xfce:debian-11-xfce bionic+standard:bionic
2021-07-03 21:38:29.119514 +0000 build-centos:      focal+standard:focal stretch+whonix-gateway+minimal+no-recommends:whonix-gw-14
2021-07-03 21:38:29.119523 +0000 build-centos:      stretch+whonix-workstation+minimal+no-recommends:whonix-ws-14
2021-07-03 21:38:29.119532 +0000 build-centos:      buster+whonix-gateway+minimal+no-recommends:whonix-gw-15
2021-07-03 21:38:29.119542 +0000 build-centos:      buster+whonix-workstation+minimal+no-recommends:whonix-ws-15 centos7:centos-7
2021-07-03 21:38:29.119554 +0000 build-centos:      centos7+minimal:centos-7-minimal centos7+xfce:centos-7-xfce centos-stream8+minimal:centos-stream-8-minimal
2021-07-03 21:38:29.119562 +0000 build-centos:      centos-stream8+xfce:centos-stream-8-xfce
2021-07-03 21:38:29.180318 +0000 build-centos: > running make
2021-07-03 21:38:29.200559 +0000 build-centos: Makefile:909: target 'internal-update-repo-current.vm.centos-stream8.infrastructure' does not exist
2021-07-03 21:38:29.200603 +0000 build-centos: true
2021-07-03 21:38:29.203318 +0000 build-centos: Makefile:826: update target 'internal-update-repo-current.vm.centos-stream8' due to: internal-update-repo-current.vm.centos-stream8.infrastructure
2021-07-03 21:38:29.203355 +0000 build-centos: true
2021-07-03 21:38:29.205962 +0000 build-centos: Makefile:917: target 'post-update-repo-current' does not exist
2021-07-03 21:38:29.206031 +0000 build-centos: for dist in  centos-stream8; do \
2021-07-03 21:38:29.206043 +0000 build-centos: .repo_base_var="LINUX_REPO_${dist//-/_}_BASEDIR"; \
2021-07-03 21:38:29.206051 +0000 build-centos: .if [ -n "${!repo_base_var}" ]; then \
2021-07-03 21:38:29.206059 +0000 build-centos: ..repo_basedir="${!repo_base_var}"; \
2021-07-03 21:38:29.206065 +0000 build-centos: .else \
2021-07-03 21:38:29.206073 +0000 build-centos: ..repo_basedir="qubes-src/linux-yum/r4.1"; \
2021-07-03 21:38:29.206079 +0000 build-centos: .fi; \
2021-07-03 21:38:29.206088 +0000 build-centos: .repos_to_update="$repos_to_update $repo_basedir"; \
2021-07-03 21:38:29.206093 +0000 build-centos: done; \
2021-07-03 21:38:29.206100 +0000 build-centos: pkgset_dist= ; \
2021-07-03 21:38:29.206106 +0000 build-centos: for dist in ; do \
2021-07-03 21:38:29.206114 +0000 build-centos: .pkgset_dist="$pkgset_dist dom0/$dist"; \
2021-07-03 21:38:29.206119 +0000 build-centos: done; \
2021-07-03 21:38:29.206127 +0000 build-centos: for dist in centos-stream8; do \
2021-07-03 21:38:29.206134 +0000 build-centos: .pkgset_dist="$pkgset_dist vm/$dist"; \
2021-07-03 21:38:29.206140 +0000 build-centos: done; \
2021-07-03 21:38:29.206149 +0000 build-centos: for repo in `echo $repos_to_update|tr ' ' '\n'|sort|uniq`; do \
2021-07-03 21:38:29.206156 +0000 build-centos: .[ -z "$repo" ] && continue; \
2021-07-03 21:38:29.206164 +0000 build-centos: .[ -x "$repo/../update_repo-current.sh" ] || continue; \
2021-07-03 21:38:29.206173 +0000 build-centos: .(cd $repo/.. && ./update_repo-current.sh r4.1 $pkgset_dist); \
2021-07-03 21:38:29.206179 +0000 build-centos: done
2021-07-03 21:38:29.220793 +0000 build-centos: ~/builder-r4.1/qubes-src/linux-yum ~/builder-r4.1/qubes-src/linux-yum
2021-07-03 21:38:29.227882 +0000 build-centos: --> Processing repo: r4.1/current/vm/centos-stream8...
2021-07-03 21:38:29.263492 +0000 build-centos: warning: Found bdb Packages database while attempting sqlite backend: using bdb backend.
2021-07-03 21:38:29.984749 +0000 build-centos: Done.
2021-07-03 21:38:29.986625 +0000 build-centos: ~/builder-r4.1/qubes-src/linux-yum ~/builder-r4.1/qubes-src/linux-yum
2021-07-03 21:38:29.987956 +0000 build-centos: Syncing r4.1...
2021-07-03 21:38:30.187726 +0000 build-centos: sending incremental file list
2021-07-03 21:38:30.218884 +0000 build-centos: .d..t...... centos-stream8/
2021-07-03 21:38:30.218972 +0000 build-centos: .d..t...... centos-stream8/repodata/
2021-07-03 21:38:30.218990 +0000 build-centos: <f..t...... centos-stream8/repodata/0349f7c285ae48d97ce302d7d949206fc21ab0efff792dfba927ee11be263a39-filelists.sqlite.bz2
2021-07-03 21:38:30.219004 +0000 build-centos: .            700   2%    0.00kB/s    0:00:00  .         34,838 100%   32.56MB/s    0:00:00 (xfr#1, to-chk=77/83)
2021-07-03 21:38:30.219018 +0000 build-centos: <f..t...... centos-stream8/repodata/0a4d9ec5911f793f87955cf8bbc866b0c930c8f9aa2384ec29cc1f360a31da93-comps.xml.gz
2021-07-03 21:38:30.219030 +0000 build-centos: .            700   8%  683.59kB/s    0:00:00  .          8,416 100%    8.03MB/s    0:00:00 (xfr#2, to-chk=76/83)
2021-07-03 21:38:30.219042 +0000 build-centos: <f..t...... centos-stream8/repodata/1426add94ee2ca21ff9715ea11ba34179c9690a6db064e33ed7263f8acf71b58-primary.xml.gz
2021-07-03 21:38:30.219054 +0000 build-centos: .            700   4%  683.59kB/s    0:00:00  .         16,767 100%   15.99MB/s    0:00:00 (xfr#3, to-chk=75/83)
2021-07-03 21:38:30.219065 +0000 build-centos: <f..t...... centos-stream8/repodata/397e43a81ad38941589caaed70c4fabc438fb360cee27a55821a1db270bacaa3-comps.xml
2021-07-03 21:38:30.219077 +0000 build-centos: .            700   2%  683.59kB/s    0:00:00  .         25,819 100%   24.62MB/s    0:00:00 (xfr#4, to-chk=74/83)
2021-07-03 21:38:30.219094 +0000 build-centos: <f..t...... centos-stream8/repodata/86760968f83d6510fcacc877de23eb6caaaff04445218db37512e28a5ec8f5ea-filelists.xml.gz
2021-07-03 21:38:30.219106 +0000 build-centos: .            700   3%  683.59kB/s    0:00:00  .         22,423 100%   21.38MB/s    0:00:00 (xfr#5, to-chk=73/83)
2021-07-03 21:38:30.219118 +0000 build-centos: <f..t...... centos-stream8/repodata/953deb499c50401ac5485a4a1f042003579dd80ea4078b5e20360277d0d2d88d-other.sqlite.bz2
2021-07-03 21:38:30.219130 +0000 build-centos: .            700   4%  683.59kB/s    0:00:00  .         14,605 100%   13.93MB/s    0:00:00 (xfr#6, to-chk=72/83)
2021-07-03 21:38:30.219142 +0000 build-centos: <f..t...... centos-stream8/repodata/d21cdf95a999dc8e82f123e6c4292bd092060da86651415fb095443ff33e8344-primary.sqlite.bz2
2021-07-03 21:38:30.219154 +0000 build-centos: .            700   1%  683.59kB/s    0:00:00  .         37,920 100%   36.16MB/s    0:00:00 (xfr#7, to-chk=71/83)
2021-07-03 21:38:30.219166 +0000 build-centos: <f..t...... centos-stream8/repodata/f97607fc88a83bdc4d4ab8964b4fd39aaf48aa7068b938febef6089be3e8e501-other.xml.gz
2021-07-03 21:38:30.219177 +0000 build-centos: .            700  10%  683.59kB/s    0:00:00  .          6,877 100%    6.56MB/s    0:00:00 (xfr#8, to-chk=70/83)
2021-07-03 21:38:30.219186 +0000 build-centos: <f..t...... centos-stream8/repodata/repomd.xml
2021-07-03 21:38:30.219197 +0000 build-centos: .          3,847 100%    3.67MB/s    0:00:00  .          3,847 100%    3.67MB/s    0:00:00 (xfr#9, to-chk=69/83)
2021-07-03 21:38:30.219206 +0000 build-centos: <f..t...... centos-stream8/repodata/repomd.xml.asc
2021-07-03 21:38:30.219218 +0000 build-centos: .            833 100%  813.48kB/s    0:00:00  .            833 100%  813.48kB/s    0:00:00 (xfr#10, to-chk=68/83)
2021-07-03 21:38:30.732379 +0000 build-centos: Makefile:813: update target 'update-repo-current' due to: internal-update-repo-current.vm.centos-stream8 post-update-repo-current
2021-07-03 21:38:30.732426 +0000 build-centos: true
2021-07-03 21:38:30.736360 +0000 build-centos: > done
2021-07-03 21:38:30.736399 +0000 > closing log
