2019-06-06 19:31:37.043221 +0000 > starting log
2019-06-06 19:31:37.044244 +0000 build-centos: > starting build with log
2019-06-06 19:31:37.044267 +0000 build-centos: >> make args: DISTS_VM=centos7 DIST_DOM0= qubes
2019-06-06 19:31:37.044277 +0000 build-centos: >> MAKEFLAGS=
2019-06-06 19:31:37.044286 +0000 build-centos: >> COMPONENTS=linux-utils
2019-06-06 19:31:37.044294 +0000 build-centos: >> DISTS_VM=
2019-06-06 19:31:37.044301 +0000 build-centos: >> DIST_DOM0=
2019-06-06 19:31:37.044310 +0000 build-centos: >> qubes-builder 64a661241430c6a22ca98bb11370b2a3e3cf0e12
2019-06-06 19:31:37.044318 +0000 build-centos: ?? rpmdb/Basenames
2019-06-06 19:31:37.044325 +0000 build-centos: ?? rpmdb/Conflictname
2019-06-06 19:31:37.044332 +0000 build-centos: ?? rpmdb/Dirnames
2019-06-06 19:31:37.044339 +0000 build-centos: ?? rpmdb/Enhancename
2019-06-06 19:31:37.044347 +0000 build-centos: ?? rpmdb/Filetriggername
2019-06-06 19:31:37.044354 +0000 build-centos: ?? rpmdb/Group
2019-06-06 19:31:37.044361 +0000 build-centos: ?? rpmdb/Installtid
2019-06-06 19:31:37.044368 +0000 build-centos: ?? rpmdb/Name
2019-06-06 19:31:37.044376 +0000 build-centos: ?? rpmdb/Obsoletename
2019-06-06 19:31:37.044383 +0000 build-centos: ?? rpmdb/Packages
2019-06-06 19:31:37.044390 +0000 build-centos: ?? rpmdb/Providename
2019-06-06 19:31:37.044398 +0000 build-centos: ?? rpmdb/Recommendname
2019-06-06 19:31:37.044405 +0000 build-centos: ?? rpmdb/Requirename
2019-06-06 19:31:37.044412 +0000 build-centos: ?? rpmdb/Sha1header
2019-06-06 19:31:37.044419 +0000 build-centos: ?? rpmdb/Sigmd5
2019-06-06 19:31:37.044426 +0000 build-centos: ?? rpmdb/Suggestname
2019-06-06 19:31:37.044433 +0000 build-centos: ?? rpmdb/Supplementname
2019-06-06 19:31:37.044441 +0000 build-centos: ?? rpmdb/Transfiletriggername
2019-06-06 19:31:37.044449 +0000 build-centos: ?? rpmdb/Triggername
2019-06-06 19:31:37.044456 +0000 build-centos: ?? rpmdb/__db.001
2019-06-06 19:31:37.044463 +0000 build-centos: ?? rpmdb/__db.002
2019-06-06 19:31:37.044470 +0000 build-centos: ?? rpmdb/__db.003
2019-06-06 19:31:37.044483 +0000 build-centos: b3ba65b20ad8397ea48bc02a41a92af8a2808a511a294f9098198efd1272801498dc45bb34b94723bd36f5f7c8d694963aba91d20195c41ac8b324aa3227a8a5  rpmdb/Basenames
2019-06-06 19:31:37.044496 +0000 build-centos: 4d4e1f3216fd38e13009d078a55d43c963fb8111c1b65cdc0b2a42446b0669fef17ec30921d9b6b5d01119fe05403c43a11b4ae825b6f721a4ef5c979f5194a1  rpmdb/Conflictname
2019-06-06 19:31:37.044509 +0000 build-centos: dd351a3536823a32dcf429eba807bd154716f3f622521045fff713c9d427d095c6c4f8c28c165510736c4d0d9c356b908bd60a4cbd2f16e6819c3fe97314b804  rpmdb/Dirnames
2019-06-06 19:31:37.044523 +0000 build-centos: 5795e9a66cc018f12239f3002654287a81c95c96ff480826cf5f63a9ba2adc3fbbbdb96c9c9b0830d2db0c11ae96882cbddf0e0a3608bb035db80ef722b4c67b  rpmdb/Enhancename
2019-06-06 19:31:37.044536 +0000 build-centos: 9f6850dc53fa87911f24d4770878d7e530b5f2841ad726b57096fdd3a8f8d987bce2ef82a4cdc15bbd4f38ff4adb70eee3d75376d0c41ddd8221983d64e21dd8  rpmdb/Filetriggername
2019-06-06 19:31:37.044549 +0000 build-centos: ff6c03da45d0961f661b5f00d0614e3a694795b1e2abe92157f5aa9e5390187461db2d5ee4291c1fe3b860bd40aeaa54a37a1f9526017297400985a2b041b260  rpmdb/Group
2019-06-06 19:31:37.044562 +0000 build-centos: 89a58b3eda5b8fa74e69199b407fe4dd77b2d0ad524dd8e83c31539937a9947c0b0b67446dd2a097f18f543116ebd48b475f48c91401c57ec177bd2831f4e234  rpmdb/Installtid
2019-06-06 19:31:37.044575 +0000 build-centos: 198f54f225bf04d038dc3766d65e021f719524f7557231cfb009efc6d2a0d1ace0a49de1c25df69fdb690d875e76568d2112c34daef86a51cc4417fb65b55869  rpmdb/Name
2019-06-06 19:31:37.044588 +0000 build-centos: 935dc76465607162a78527633505bd3fc681cfe4685ff60920ea0b876be1a7e238b13b0f468c934d2f17c45564ed100e465d61becab15b02113844ca7d8c2a9e  rpmdb/Obsoletename
2019-06-06 19:31:37.044600 +0000 build-centos: 5437bea77c65a61db55daf6419622659fe3b70799c4327b98ea3ddee1904a5a09080a9db022b1986012da41d27e6d616ebe1251c9a531a518bcd6d4d50aa110b  rpmdb/Packages
2019-06-06 19:31:37.044614 +0000 build-centos: 6170127dbe34fa67ac906579ceeaeec0362eaba66da7232e829f5a30e8fcc873845cfecaae5d52de59f456a7367317dbc91861df8970e00767d6b204dad88a8e  rpmdb/Providename
2019-06-06 19:31:37.044631 +0000 build-centos: 5898e0f37dedcb3cbaee55ba2f0735c2ccac50f17fd0aab3a19620cb22e8cca65e5fbc66bf1ced8633c4728485ad773b5c7e53380a15c17227bab05164ddb3f5  rpmdb/Recommendname
2019-06-06 19:31:37.044663 +0000 build-centos: ed2f7f9a168805dff523b5f862ab8499f5887d992ab894b0bea3bcc51d91447da39148d82f30451c699e1ca510c25bdea5c2c9ebe04fa831419135c013efc30c  rpmdb/Requirename
2019-06-06 19:31:37.044678 +0000 build-centos: a4b9a8022662eccf09a3fd0c585b8fcfd0f696c07efc54238506e5e73900fba80d3147f87985ec3c3356c4ee80ac8117b3a77b5a07adad12d6f74bdb42488f39  rpmdb/Sha1header
2019-06-06 19:31:37.044691 +0000 build-centos: b734cc7259e75b320f9796f07c093da3c977fcddfb37a185d5f882f4978c6457c78aacb2844087cd89fa6f83e8c7a2b232f8251f916ed018a6d69d9ef92a8ac6  rpmdb/Sigmd5
2019-06-06 19:31:37.044704 +0000 build-centos: 61acc9f56a6b6aa630e970e9c486a57436b6ec91374c2d366549b87867257161f394e8506b4b4003aa3b174f684a9f3349a3d70acfbaba4c3801ead596274444  rpmdb/Suggestname
2019-06-06 19:31:37.044717 +0000 build-centos: ad0f20f1098996fa85cca05f53b2ab8b0d1992056b91e979c400694ada9aaf6418d73ee3473533e5506107a31e969b47ebb7dee9941cdcb8790ca74ba488c8bb  rpmdb/Supplementname
2019-06-06 19:31:37.044730 +0000 build-centos: 709af9a1a8a19e21e2fcb86679f553878263805888bd8f6d1fe1491de1893cb661d4d3c260104ae74a223906902183fda7cc2c546c6783820e60b276b1e3129f  rpmdb/Transfiletriggername
2019-06-06 19:31:37.044743 +0000 build-centos: 037484bfa482f52747a983c94b2ea6ca8fdb3c1e7a0c6c5a9808e9660780e811933afe7bfb7545f49ee4ad8f846b3ecaf392b0a00bdcee4357848da19f160813  rpmdb/Triggername
2019-06-06 19:31:37.044756 +0000 build-centos: 7b61fc6f990fa4addbae3a99de450ade03eaa8806e851c4c353b93fd23dcdff9a939c95c6463d05cc47edc6f37025ab6e09bcab9d97fa4abfbc4fe611b3a5fc6  rpmdb/__db.001
2019-06-06 19:31:37.044769 +0000 build-centos: 6a658b2547651108a961cfb6a067adf8af54654483427502549e87e1377359376d5fe775312aaeb7131039a19e770583c632632de7cf52c2cb2a0de2d4b8c737  rpmdb/__db.002
2019-06-06 19:31:37.044782 +0000 build-centos: 9144aef7c206b80f66509687166f7edf8e927b666ce92e90134132e3085ced1121f089b7465022a1c6bc4ba2214b4aa35dffc10f9d56cdecf1e079e5f9c0cc95  rpmdb/__db.003
2019-06-06 19:31:37.044793 +0000 build-centos: >> qubes-builder/qubes-src/linux-utils 042b6717a8e4376581016237d10b9db9accb53e0
2019-06-06 19:31:37.044803 +0000 build-centos: !! pkgs/vm-centos7/python2-qubesimgconverter-4.0.23-1.centos7.x86_64.rpm
2019-06-06 19:31:37.044820 +0000 build-centos: !! pkgs/vm-centos7/python34-qubesimgconverter-4.0.23-1.centos7.x86_64.rpm
2019-06-06 19:31:37.044830 +0000 build-centos: !! pkgs/vm-centos7/qubes-kernel-vm-support-4.0.23-1.centos7.src.rpm
2019-06-06 19:31:37.044840 +0000 build-centos: !! pkgs/vm-centos7/qubes-kernel-vm-support-4.0.23-1.centos7.x86_64.rpm
2019-06-06 19:31:37.044850 +0000 build-centos: !! pkgs/vm-centos7/qubes-kernel-vm-support.spec.list
2019-06-06 19:31:37.044858 +0000 build-centos: !! pkgs/vm-centos7/qubes-utils-4.0.23-1.centos7.src.rpm
2019-06-06 19:31:37.044867 +0000 build-centos: !! pkgs/vm-centos7/qubes-utils-4.0.23-1.centos7.x86_64.rpm
2019-06-06 19:31:37.044877 +0000 build-centos: !! pkgs/vm-centos7/qubes-utils-debuginfo-4.0.23-1.centos7.x86_64.rpm
2019-06-06 19:31:37.044886 +0000 build-centos: !! pkgs/vm-centos7/qubes-utils-devel-4.0.23-1.centos7.x86_64.rpm
2019-06-06 19:31:37.044895 +0000 build-centos: !! pkgs/vm-centos7/qubes-utils-libs-4.0.23-1.centos7.x86_64.rpm
2019-06-06 19:31:37.044904 +0000 build-centos: !! pkgs/vm-centos7/qubes-utils.spec.list
2019-06-06 19:31:37.044919 +0000 build-centos: 8650d89c19fcac2cbbd9bb9537032962eb044d5c4d04671ce6d28f3dac5a809646262e6aa2e1991f97558d85753e31b50c7dceae3a4cfe66e7294f3fd8dc6b0d  pkgs/vm-centos7/python2-qubesimgconverter-4.0.23-1.centos7.x86_64.rpm
2019-06-06 19:31:37.044963 +0000 build-centos: 69defb4a3566572e13ecf2a4a48ac6eae0c98163ece43f9674c6425e59236fd731283f9efd2fa5da050872c850b88b1bb525ef4595b588519d155246a41f8be0  pkgs/vm-centos7/python34-qubesimgconverter-4.0.23-1.centos7.x86_64.rpm
2019-06-06 19:31:37.044979 +0000 build-centos: 2a609401ea3c2b1685847f3ebf32de56c9c04a41e1a5f036eb5de5ccb997565a69ca5870836a67ce17b820e189933459e4d822b05d1ac46eab8f00593527dbf7  pkgs/vm-centos7/qubes-kernel-vm-support-4.0.23-1.centos7.src.rpm
2019-06-06 19:31:37.044999 +0000 build-centos: fcf5984aff88e9a7bb202d23b67fd6bb2adff05b673f2e11f0f22b7361f8fcbf4032d3d883dc986597f51cb07d756c003ad22b68886234cfd112621dbf52a664  pkgs/vm-centos7/qubes-kernel-vm-support-4.0.23-1.centos7.x86_64.rpm
2019-06-06 19:31:37.045015 +0000 build-centos: 5be6c2931551ba31680b373ea4ec1f843e1ed8bc353c385dd8b523243a05738fb3bfb532e0b1f6bef9803ab4d3e5c650c8f494d06d3d709b38688aff8f0589e6  pkgs/vm-centos7/qubes-kernel-vm-support.spec.list
2019-06-06 19:31:37.045030 +0000 build-centos: 0e8497e7306b3a1642b65bdf25d5d2eb5443c380365a30ce9c0e1a2fe7bf7863611d2cf1e5c9f9761f3891ca5880d5c03e108531385f5b3d9d0ea8129db92be2  pkgs/vm-centos7/qubes-utils-4.0.23-1.centos7.src.rpm
2019-06-06 19:31:37.045045 +0000 build-centos: 6bd41b840e06b072eccc5358e7350c94f93fc99bfba10bc89204e45e732767ebdd7a66150e2eac076d104428ece70bc0cc83e63cff321696d3e7147e61746ef2  pkgs/vm-centos7/qubes-utils-4.0.23-1.centos7.x86_64.rpm
2019-06-06 19:31:37.045061 +0000 build-centos: 8bef0fc23de91e792afcd63c645d31c077fcaa91df157d2b5fb63c205d96b52100ce0c98fadb41b00eb7d0143aab2b9abd99703829267f0065361e26581cc3cf  pkgs/vm-centos7/qubes-utils-debuginfo-4.0.23-1.centos7.x86_64.rpm
2019-06-06 19:31:37.045076 +0000 build-centos: 9e0b97af293848b42cf291e5ad676fe9f98254ba0125971ac8ac5fdf2fdbccaaee938490742c4c5545698befce7927b8f8c9afe76423c0c9edf88993e75b9e91  pkgs/vm-centos7/qubes-utils-devel-4.0.23-1.centos7.x86_64.rpm
2019-06-06 19:31:37.045091 +0000 build-centos: d301f75dd4ac46ea44bee4a52da347e469b8eb7d8999237060b320f02d830e7face211e214fcdaeda97599d7b9f94161100da0d26a6e3c078791a6e694316873  pkgs/vm-centos7/qubes-utils-libs-4.0.23-1.centos7.x86_64.rpm
2019-06-06 19:31:37.045105 +0000 build-centos: 10c79ab598e5c20e40ef065fe069da895f4cbc88603035b86b111ff69a09003873034a5b9fcebfdeb5a6e3c65212d32b85ff87a0f0492f5634b85de924770cc6  pkgs/vm-centos7/qubes-utils.spec.list
2019-06-06 19:31:37.187054 +0000 build-centos: ================================================================================
2019-06-06 19:31:37.188189 +0000 build-centos:                            B U I L D   I N F O                                  
2019-06-06 19:31:37.188228 +0000 build-centos: Items in red indicate it was automatically generated by configuration file(s)
2019-06-06 19:31:37.188242 +0000 build-centos: Items in white indicate it was automatically removed by configuration file(s)
2019-06-06 19:31:37.188253 +0000 build-centos: ================================================================================
2019-06-06 19:31:37.188261 +0000 build-centos: DISTS_VM:
2019-06-06 19:31:37.207939 +0000 build-centos:      centos7,
2019-06-06 19:31:37.220982 +0000 build-centos: DISTS_ALL:
2019-06-06 19:31:37.224610 +0000 build-centos:      vm-centos7,
2019-06-06 19:31:37.225096 +0000 build-centos: DIST_DOM0:
2019-06-06 19:31:37.227321 +0000 build-centos:     
2019-06-06 19:31:37.228008 +0000 build-centos: BUILDER_PLUGINS:
2019-06-06 19:31:37.229318 +0000 build-centos:      builder-rpm, builder-debian, mgmt-salt, linux-yum, builder-github,
2019-06-06 19:31:37.229353 +0000 build-centos: COMPONENTS:
2019-06-06 19:31:37.231348 +0000 build-centos:      linux-utils,
2019-06-06 19:31:37.231382 +0000 build-centos: GIT_REPOS:
2019-06-06 19:31:37.233319 +0000 build-centos:      qubes-src/linux-utils,
2019-06-06 19:31:37.234687 +0000 build-centos: TEMPLATE:
2019-06-06 19:31:37.236127 +0000 build-centos:     
2019-06-06 19:31:37.236499 +0000 build-centos: TEMPLATE_FLAVOR_DIR:
2019-06-06 19:31:37.238320 +0000 build-centos:     
2019-06-06 19:31:37.240501 +0000 build-centos: TEMPLATE_ALIAS:
2019-06-06 19:31:37.241855 +0000 build-centos:      stretch:stretch+standard, stretch+gnome:stretch+gnome+standard,
2019-06-06 19:31:37.241890 +0000 build-centos:      stretch+minimal:stretch+minimal+no-recommends,
2019-06-06 19:31:37.241903 +0000 build-centos:      whonix-gateway-14:stretch+whonix-gateway+minimal+no-recommends,
2019-06-06 19:31:37.241925 +0000 build-centos:      whonix-workstation-14:stretch+whonix-workstation+minimal+no-recommends,
2019-06-06 19:31:37.242417 +0000 build-centos: TEMPLATE_LABEL:
2019-06-06 19:31:37.244240 +0000 build-centos:      centos7:centos-7, fc29:fedora-29 fc29+minimal:fedora-29-minimal fc29+xfce:fedora-29-xfce
2019-06-06 19:31:37.244278 +0000 build-centos:      stretch:debian-9 stretch+standard:debian-9 centos7+minimal:centos-7-minimal
2019-06-06 19:31:37.244293 +0000 build-centos:      centos7+xfce:centos-7-xfce stretch+whonix-gateway+minimal+no-recommends:whonix-gw-14
2019-06-06 19:31:37.244305 +0000 build-centos:      stretch+whonix-workstation+minimal+no-recommends:whonix-ws-14
2019-06-06 19:31:37.261084 +0000 build-centos: > running make
2019-06-06 19:31:37.273866 +0000 build-centos: Makefile:998: target 'build-info' does not exist
2019-06-06 19:31:37.273908 +0000 build-centos: echo "================================================================================"
2019-06-06 19:31:37.273923 +0000 build-centos: echo "                           B U I L D   I N F O                                  "
2019-06-06 19:31:37.273935 +0000 build-centos: echo -e "Items in red indicate it was automatically generated by configuration file(s)"
2019-06-06 19:31:37.273946 +0000 build-centos: echo -e "Items in white indicate it was automatically removed by configuration file(s)"
2019-06-06 19:31:37.273957 +0000 build-centos: echo "================================================================================"
2019-06-06 19:31:37.273967 +0000 build-centos: # (1): Item Color, (2): Label, (3): Item, (4): Original item used to compare if changed
2019-06-06 19:31:37.273978 +0000 build-centos: echo -e "DISTS_VM:"; echo -e " centos7," | fmt -w110  | sed -e 's/^/    /'
2019-06-06 19:31:37.273989 +0000 build-centos: echo -e "DISTS_ALL:"; echo -e " vm-centos7," | fmt -w110  | sed -e 's/^/    /'
2019-06-06 19:31:37.273999 +0000 build-centos: echo -e "DIST_DOM0:"; echo -e " " | fmt -w110  | sed -e 's/^/    /'
2019-06-06 19:31:37.274012 +0000 build-centos: echo -e "BUILDER_PLUGINS:"; echo -e " builder-rpm, builder-debian, mgmt-salt, linux-yum, builder-github," | fmt -w110  | sed -e 's/^/    /'
2019-06-06 19:31:37.274023 +0000 build-centos: echo -e "COMPONENTS:"; echo -e " linux-utils," | fmt -w110  | sed -e 's/^/    /'
2019-06-06 19:31:37.274035 +0000 build-centos: echo -e "GIT_REPOS:"; echo -e " qubes-src/linux-utils," | fmt -w110  | sed -e 's/^/    /'
2019-06-06 19:31:37.274044 +0000 build-centos: echo -e "TEMPLATE:"; echo -e " " | fmt -w110  | sed -e 's/^/    /'
2019-06-06 19:31:37.274054 +0000 build-centos: echo -e "TEMPLATE_FLAVOR_DIR:"; echo -e " " | fmt -w110  | sed -e 's/^/    /'
2019-06-06 19:31:37.274077 +0000 build-centos: echo -e "TEMPLATE_ALIAS:"; echo -e " stretch:stretch+standard, stretch+gnome:stretch+gnome+standard, stretch+minimal:stretch+minimal+no-recommends, whonix-gateway-14:stretch+whonix-gateway+minimal+no-recommends, whonix-workstation-14:stretch+whonix-workstation+minimal+no-recommends," | fmt -w110  | sed -e 's/^/    /'
2019-06-06 19:31:37.274103 +0000 build-centos: echo -e "TEMPLATE_LABEL:"; echo -e " centos7:centos-7, fc29:fedora-29 fc29+minimal:fedora-29-minimal fc29+xfce:fedora-29-xfce stretch:debian-9 stretch+standard:debian-9 centos7+minimal:centos-7-minimal centos7+xfce:centos-7-xfce stretch+whonix-gateway+minimal+no-recommends:whonix-gw-14 stretch+whonix-workstation+minimal+no-recommends:whonix-ws-14" | fmt -w110  | sed -e 's/^/    /'
2019-06-06 19:31:37.274114 +0000 build-centos: for component in linux-utils; do \
2019-06-06 19:31:37.274124 +0000 build-centos: .component_env_var=`make -s get-var GET_VAR=ENV_${component//-/_}`; \
2019-06-06 19:31:37.274138 +0000 build-centos: .if [ ! -z "$component_env_var" ]; then echo -e "ENV_${component//-/_}:"; echo -e " ${component_env_var}, """ | fmt -w110  | sed -e 's/^/    /'; fi; \
2019-06-06 19:31:37.274147 +0000 build-centos: done
2019-06-06 19:31:37.276752 +0000 build-centos: ================================================================================
2019-06-06 19:31:37.276799 +0000 build-centos:                            B U I L D   I N F O                                  
2019-06-06 19:31:37.276814 +0000 build-centos: Items in red indicate it was automatically generated by configuration file(s)
2019-06-06 19:31:37.276825 +0000 build-centos: Items in white indicate it was automatically removed by configuration file(s)
2019-06-06 19:31:37.276836 +0000 build-centos: ================================================================================
2019-06-06 19:31:37.276843 +0000 build-centos: DISTS_VM:
2019-06-06 19:31:37.278180 +0000 build-centos:      centos7,
2019-06-06 19:31:37.278213 +0000 build-centos: DISTS_ALL:
2019-06-06 19:31:37.284661 +0000 build-centos:      vm-centos7,
2019-06-06 19:31:37.284696 +0000 build-centos: DIST_DOM0:
2019-06-06 19:31:37.287860 +0000 build-centos:     
2019-06-06 19:31:37.287894 +0000 build-centos: BUILDER_PLUGINS:
2019-06-06 19:31:37.289108 +0000 build-centos:      builder-rpm, builder-debian, mgmt-salt, linux-yum, builder-github,
2019-06-06 19:31:37.289145 +0000 build-centos: COMPONENTS:
2019-06-06 19:31:37.292559 +0000 build-centos:      linux-utils,
2019-06-06 19:31:37.292593 +0000 build-centos: GIT_REPOS:
2019-06-06 19:31:37.294390 +0000 build-centos:      qubes-src/linux-utils,
2019-06-06 19:31:37.294424 +0000 build-centos: TEMPLATE:
2019-06-06 19:31:37.297053 +0000 build-centos:     
2019-06-06 19:31:37.297087 +0000 build-centos: TEMPLATE_FLAVOR_DIR:
2019-06-06 19:31:37.300485 +0000 build-centos:     
2019-06-06 19:31:37.300520 +0000 build-centos: TEMPLATE_ALIAS:
2019-06-06 19:31:37.301686 +0000 build-centos:      stretch:stretch+standard, stretch+gnome:stretch+gnome+standard,
2019-06-06 19:31:37.301721 +0000 build-centos:      stretch+minimal:stretch+minimal+no-recommends,
2019-06-06 19:31:37.301734 +0000 build-centos:      whonix-gateway-14:stretch+whonix-gateway+minimal+no-recommends,
2019-06-06 19:31:37.301769 +0000 build-centos:      whonix-workstation-14:stretch+whonix-workstation+minimal+no-recommends,
2019-06-06 19:31:37.301777 +0000 build-centos: TEMPLATE_LABEL:
2019-06-06 19:31:37.305365 +0000 build-centos:      centos7:centos-7, fc29:fedora-29 fc29+minimal:fedora-29-minimal fc29+xfce:fedora-29-xfce
2019-06-06 19:31:37.305403 +0000 build-centos:      stretch:debian-9 stretch+standard:debian-9 centos7+minimal:centos-7-minimal
2019-06-06 19:31:37.305417 +0000 build-centos:      centos7+xfce:centos-7-xfce stretch+whonix-gateway+minimal+no-recommends:whonix-gw-14
2019-06-06 19:31:37.305432 +0000 build-centos:      stretch+whonix-workstation+minimal+no-recommends:whonix-ws-14
2019-06-06 19:31:37.318336 +0000 build-centos: ENV_linux_utils:
2019-06-06 19:31:37.320149 +0000 build-centos:      Makefile:1056: target 'get-var' does not exist
2019-06-06 19:31:37.320185 +0000 build-centos:     GET_VAR=${!GET_VAR}; \ echo "${GET_VAR}",
2019-06-06 19:31:37.321535 +0000 build-centos: Makefile:209: target 'check-depend.rpm' does not exist
2019-06-06 19:31:37.321580 +0000 build-centos: echo "Currently installed dependencies:" && rpm -q --whatprovides PyYAML createrepo debootstrap devscripts dpkg-dev git pbuilder perl-Digest-MD5 perl-Digest-SHA python2-sh rpm-build rpm-sign rpmdevtools wget || \
2019-06-06 19:31:37.321598 +0000 build-centos: .{ echo "ERROR: call 'make install-deps' to install missing dependencies"; exit 1; }
2019-06-06 19:31:37.322935 +0000 build-centos: Currently installed dependencies:
2019-06-06 19:31:37.328886 +0000 build-centos: python2-pyyaml-4.2-0.1.b4.fc29.x86_64
2019-06-06 19:31:37.328922 +0000 build-centos: createrepo_c-0.12.1-1.fc29.x86_64
2019-06-06 19:31:37.328934 +0000 build-centos: debootstrap-1.0.109-3.fc29.noarch
2019-06-06 19:31:37.330015 +0000 build-centos: devscripts-2.19.2-3.fc29.x86_64
2019-06-06 19:31:37.330046 +0000 build-centos: dpkg-dev-1.18.25-8.fc29.noarch
2019-06-06 19:31:37.330057 +0000 build-centos: git-2.20.1-1.fc29.x86_64
2019-06-06 19:31:37.331322 +0000 build-centos: pbuilder-0.229.3-2.fc29.noarch
2019-06-06 19:31:37.331356 +0000 build-centos: perl-Digest-MD5-2.55-417.fc29.x86_64
2019-06-06 19:31:37.331378 +0000 build-centos: perl-Digest-SHA-6.02-4.fc29.x86_64
2019-06-06 19:31:37.331387 +0000 build-centos: python2-sh-1.12.14-10.fc29.noarch
2019-06-06 19:31:37.332561 +0000 build-centos: rpm-build-4.14.2.1-2.fc29.x86_64
2019-06-06 19:31:37.332594 +0000 build-centos: rpm-sign-4.14.2.1-2.fc29.x86_64
2019-06-06 19:31:37.332605 +0000 build-centos: rpmdevtools-8.10-7.fc29.noarch
2019-06-06 19:31:37.332613 +0000 build-centos: wget-1.20.1-1.fc29.x86_64
2019-06-06 19:31:37.334044 +0000 build-centos: Makefile:231: update target 'linux-utils-dom0' due to: check-depend
2019-06-06 19:31:37.334098 +0000 build-centos: if [ -n "linux-utils" -a "0" -ne 0 ]; then BRANCH=master; branch_var="BRANCH_linux_utils"; [ -n "${!branch_var}" ] && BRANCH="${!branch_var}"; pushd qubes-src/linux-utils > /dev/null; CURRENT_BRANCH=`git symbolic-ref --short HEAD 2>/dev/null || git describe --tags --exact-match HEAD`; if [ "$BRANCH" != "$CURRENT_BRANCH" ]; then echo "-> ERROR: Wrong branch $branch_var=$CURRENT_BRANCH (expected $BRANCH)"; exit 1; fi; popd > /dev/null; fi
2019-06-06 19:31:37.335443 +0000 build-centos: Makefile:219: update target 'linux-utils-vm' due to: check-depend
2019-06-06 19:31:37.335497 +0000 build-centos: if [ -n "linux-utils" -a "0" -ne 0 ]; then BRANCH=master; branch_var="BRANCH_linux_utils"; [ -n "${!branch_var}" ] && BRANCH="${!branch_var}"; pushd qubes-src/linux-utils > /dev/null; CURRENT_BRANCH=`git symbolic-ref --short HEAD 2>/dev/null || git describe --tags --exact-match HEAD`; if [ "$BRANCH" != "$CURRENT_BRANCH" ]; then echo "-> ERROR: Wrong branch $branch_var=$CURRENT_BRANCH (expected $BRANCH)"; exit 1; fi; popd > /dev/null; fi
2019-06-06 19:31:37.335512 +0000 build-centos: if [ -r qubes-src/linux-utils/Makefile.builder ]; then \
2019-06-06 19:31:37.335523 +0000 build-centos: .for DIST in centos7; do \
2019-06-06 19:31:37.335537 +0000 build-centos: ..make --no-print-directory DIST=$DIST PACKAGE_SET=vm COMPONENT=linux-utils ENV_COMPONENT= -f Makefile.generic all || exit 1; \
2019-06-06 19:31:37.335546 +0000 build-centos: .done; \
2019-06-06 19:31:37.335557 +0000 build-centos: elif [ -n "`make -n -s -C qubes-src/linux-utils rpms-vm 2> /dev/null`" ]; then \
2019-06-06 19:31:37.335566 +0000 build-centos:     for DIST in centos7; do \
2019-06-06 19:31:37.335576 +0000 build-centos:         MAKE_TARGET="rpms-vm" ./scripts/build $DIST linux-utils || exit 1; \
2019-06-06 19:31:37.335583 +0000 build-centos:     done; \
2019-06-06 19:31:37.335590 +0000 build-centos: fi
2019-06-06 19:31:37.343792 +0000 build-centos: + ERR_OUTPUT=/dev/stderr
2019-06-06 19:31:37.343832 +0000 build-centos: + '[' 2 -lt 2 ']'
2019-06-06 19:31:37.343845 +0000 build-centos: ++ basename qubes-src/linux-utils/rpm_spec/qubes-utils.spec.in
2019-06-06 19:31:37.344258 +0000 build-centos: + [[ xqubes-utils.spec.in == \x\.\i\n ]]
2019-06-06 19:31:37.344494 +0000 build-centos: + '[' -r qubes-src/linux-utils/rpm_spec/qubes-utils.spec.in ']'
2019-06-06 19:31:37.347276 +0000 build-centos: ++ mktemp --tmpdir tmp.XXXXXX.spec
2019-06-06 19:31:37.347315 +0000 build-centos: + tmp_spec=/tmp/tmp.BIyjDP.spec
2019-06-06 19:31:37.347603 +0000 build-centos: ++ dirname /home/user/builder-r4.1/qubes-src/builder-rpm/scripts/query-spec
2019-06-06 19:31:37.348909 +0000 build-centos: + /home/user/builder-r4.1/qubes-src/builder-rpm/scripts/generate-spec qubes-src/linux-utils/rpm_spec/qubes-utils.spec.in /tmp/tmp.BIyjDP.spec
2019-06-06 19:31:37.350221 +0000 build-centos: + '[' 2 -lt 2 ']'
2019-06-06 19:31:37.350254 +0000 build-centos: + '[' -z qubes-src/linux-utils ']'
2019-06-06 19:31:37.350271 +0000 build-centos: + cp qubes-src/linux-utils/rpm_spec/qubes-utils.spec.in qubes-src/linux-utils/rpm_spec/qubes-utils.spec.in.tmp
2019-06-06 19:31:37.351570 +0000 build-centos: + read -r ver
2019-06-06 19:31:37.351849 +0000 build-centos: ++ echo 4.0.24
2019-06-06 19:31:37.353045 +0000 build-centos: ++ sed s/-rc/~rc/
2019-06-06 19:31:37.354310 +0000 build-centos: + ver=4.0.24
2019-06-06 19:31:37.354343 +0000 build-centos: + '[' x = x ']'
2019-06-06 19:31:37.354358 +0000 build-centos: + sed -i 's|@VERSION@|4.0.24|g' qubes-src/linux-utils/rpm_spec/qubes-utils.spec.in.tmp
2019-06-06 19:31:37.356432 +0000 build-centos: + vnum=1
2019-06-06 19:31:37.356468 +0000 build-centos: + read -r ver
2019-06-06 19:31:37.356480 +0000 build-centos: + '[' -e qubes-src/linux-utils/rel ']'
2019-06-06 19:31:37.356493 +0000 build-centos: + grep -q @REL@ qubes-src/linux-utils/rpm_spec/qubes-utils.spec.in.tmp
2019-06-06 19:31:37.356663 +0000 build-centos: + sed -i -e s:@BACKEND_VMM@:xen:g qubes-src/linux-utils/rpm_spec/qubes-utils.spec.in.tmp
2019-06-06 19:31:37.359226 +0000 build-centos: + grep -q @CHANGELOG@ qubes-src/linux-utils/rpm_spec/qubes-utils.spec.in.tmp
2019-06-06 19:31:37.359502 +0000 build-centos: ++ dirname /home/user/builder-r4.1/qubes-src/builder-rpm/scripts/generate-spec
2019-06-06 19:31:37.360950 +0000 build-centos: + /home/user/builder-r4.1/qubes-src/builder-rpm/scripts/generate-changelog qubes-src/linux-utils qubes-src/linux-utils/rpm_spec/qubes-utils.spec.in.tmp
2019-06-06 19:31:37.674177 +0000 build-centos: + cat qubes-src/linux-utils/rpm_spec/qubes-utils.spec.in.tmp
2019-06-06 19:31:37.675688 +0000 build-centos: + rm -rf qubes-src/linux-utils/rpm_spec/qubes-utils.spec.in.tmp
2019-06-06 19:31:37.684433 +0000 build-centos: + '[' '%{SOURCE0}' = '%{SOURCE0}' ']'
2019-06-06 19:31:37.684473 +0000 build-centos: ++ dirname /home/user/builder-r4.1/qubes-src/builder-rpm/scripts/query-spec
2019-06-06 19:31:37.684490 +0000 build-centos: + /home/user/builder-r4.1/qubes-src/builder-rpm/scripts/../tools/spectool --list-files --source 0 /tmp/tmp.BIyjDP.spec
2019-06-06 19:31:37.788376 +0000 build-centos: + rm -f /tmp/tmp.BIyjDP.spec
2019-06-06 19:31:37.788419 +0000 build-centos: Makefile.generic:151: target 'generic-prepare-chroot' does not exist
2019-06-06 19:31:37.788430 +0000 build-centos: if [ "`id -u`" = 0 ]; then \
2019-06-06 19:31:37.788444 +0000 build-centos: .echo "*******************************************************************************"; \
2019-06-06 19:31:37.788455 +0000 build-centos: .echo "***                               ERROR                                      ***"; \
2019-06-06 19:31:37.788466 +0000 build-centos: .echo "*** Start the build as normal user, it will use sudo (only) where necessary! ***"; \
2019-06-06 19:31:37.788477 +0000 build-centos: .echo "***                                                                          ***"; \
2019-06-06 19:31:37.788488 +0000 build-centos: .echo "*******************************************************************************"; \
2019-06-06 19:31:37.788496 +0000 build-centos: .exit 1; \
2019-06-06 19:31:37.788504 +0000 build-centos: fi
2019-06-06 19:31:37.800312 +0000 build-centos: + ERR_OUTPUT=/dev/stderr
2019-06-06 19:31:37.800349 +0000 build-centos: + '[' 2 -lt 2 ']'
2019-06-06 19:31:37.800362 +0000 build-centos: ++ basename qubes-src/linux-utils/rpm_spec/qubes-utils.spec.in
2019-06-06 19:31:37.800373 +0000 build-centos: + [[ xqubes-utils.spec.in == \x\.\i\n ]]
2019-06-06 19:31:37.800383 +0000 build-centos: + '[' -r qubes-src/linux-utils/rpm_spec/qubes-utils.spec.in ']'
2019-06-06 19:31:37.801621 +0000 build-centos: ++ mktemp --tmpdir tmp.XXXXXX.spec
2019-06-06 19:31:37.803385 +0000 build-centos: + tmp_spec=/tmp/tmp.jBiAE6.spec
2019-06-06 19:31:37.803422 +0000 build-centos: ++ dirname /home/user/builder-r4.1/qubes-src/builder-rpm/scripts/query-spec
2019-06-06 19:31:37.803442 +0000 build-centos: + /home/user/builder-r4.1/qubes-src/builder-rpm/scripts/generate-spec qubes-src/linux-utils/rpm_spec/qubes-utils.spec.in /tmp/tmp.jBiAE6.spec
2019-06-06 19:31:37.803453 +0000 build-centos: + '[' 2 -lt 2 ']'
2019-06-06 19:31:37.805209 +0000 build-centos: + '[' -z qubes-src/linux-utils ']'
2019-06-06 19:31:37.805248 +0000 build-centos: + cp qubes-src/linux-utils/rpm_spec/qubes-utils.spec.in qubes-src/linux-utils/rpm_spec/qubes-utils.spec.in.tmp
2019-06-06 19:31:37.808848 +0000 build-centos: + read -r ver
2019-06-06 19:31:37.811761 +0000 build-centos: ++ sed s/-rc/~rc/
2019-06-06 19:31:37.811796 +0000 build-centos: ++ echo 4.0.24
2019-06-06 19:31:37.811819 +0000 build-centos: + ver=4.0.24
2019-06-06 19:31:37.811828 +0000 build-centos: + '[' x = x ']'
2019-06-06 19:31:37.811840 +0000 build-centos: + sed -i 's|@VERSION@|4.0.24|g' qubes-src/linux-utils/rpm_spec/qubes-utils.spec.in.tmp
2019-06-06 19:31:37.816198 +0000 build-centos: + vnum=1
2019-06-06 19:31:37.816232 +0000 build-centos: + read -r ver
2019-06-06 19:31:37.816245 +0000 build-centos: + '[' -e qubes-src/linux-utils/rel ']'
2019-06-06 19:31:37.816257 +0000 build-centos: + grep -q @REL@ qubes-src/linux-utils/rpm_spec/qubes-utils.spec.in.tmp
2019-06-06 19:31:37.816269 +0000 build-centos: + sed -i -e s:@BACKEND_VMM@:xen:g qubes-src/linux-utils/rpm_spec/qubes-utils.spec.in.tmp
2019-06-06 19:31:37.819723 +0000 build-centos: + grep -q @CHANGELOG@ qubes-src/linux-utils/rpm_spec/qubes-utils.spec.in.tmp
2019-06-06 19:31:37.819761 +0000 build-centos: ++ dirname /home/user/builder-r4.1/qubes-src/builder-rpm/scripts/generate-spec
2019-06-06 19:31:37.819779 +0000 build-centos: + /home/user/builder-r4.1/qubes-src/builder-rpm/scripts/generate-changelog qubes-src/linux-utils qubes-src/linux-utils/rpm_spec/qubes-utils.spec.in.tmp
2019-06-06 19:31:38.259120 +0000 build-centos: + cat qubes-src/linux-utils/rpm_spec/qubes-utils.spec.in.tmp
2019-06-06 19:31:38.261130 +0000 build-centos: + rm -rf qubes-src/linux-utils/rpm_spec/qubes-utils.spec.in.tmp
2019-06-06 19:31:38.265335 +0000 build-centos: + '[' '%{SOURCE0}' = '%{SOURCE0}' ']'
2019-06-06 19:31:38.265374 +0000 build-centos: ++ dirname /home/user/builder-r4.1/qubes-src/builder-rpm/scripts/query-spec
2019-06-06 19:31:38.267387 +0000 build-centos: + /home/user/builder-r4.1/qubes-src/builder-rpm/scripts/../tools/spectool --list-files --source 0 /tmp/tmp.jBiAE6.spec
2019-06-06 19:31:38.332682 +0000 build-centos: + rm -f /tmp/tmp.jBiAE6.spec
2019-06-06 19:31:38.339707 +0000 build-centos: mkdir -p "/home/user/builder-r4.1/cache/centos7"
2019-06-06 19:31:38.343561 +0000 build-centos: /home/user/builder-r4.1/qubes-src/builder-rpm/Makefile-mock.rpmbuilder:40: target 'dist-prepare-chroot' does not exist
2019-06-06 19:31:38.343601 +0000 build-centos: mkdir -p /home/user/builder-r4.1/chroot-vm-centos7/home/user/qubes-src
2019-06-06 19:31:38.358151 +0000 build-centos: + ERR_OUTPUT=/dev/stderr
2019-06-06 19:31:38.358187 +0000 build-centos: + '[' 2 -lt 2 ']'
2019-06-06 19:31:38.358201 +0000 build-centos: ++ basename qubes-src/linux-utils/rpm_spec/qubes-utils.spec.in
2019-06-06 19:31:38.358211 +0000 build-centos: + [[ xqubes-utils.spec.in == \x\.\i\n ]]
2019-06-06 19:31:38.358221 +0000 build-centos: + '[' -r qubes-src/linux-utils/rpm_spec/qubes-utils.spec.in ']'
2019-06-06 19:31:38.360919 +0000 build-centos: ++ mktemp --tmpdir tmp.XXXXXX.spec
2019-06-06 19:31:38.363188 +0000 build-centos: + tmp_spec=/tmp/tmp.o53oH3.spec
2019-06-06 19:31:38.367963 +0000 build-centos: ++ dirname /home/user/builder-r4.1/qubes-src/builder-rpm/scripts/query-spec
2019-06-06 19:31:38.375770 +0000 build-centos: + /home/user/builder-r4.1/qubes-src/builder-rpm/scripts/generate-spec qubes-src/linux-utils/rpm_spec/qubes-utils.spec.in /tmp/tmp.o53oH3.spec
2019-06-06 19:31:38.377432 +0000 build-centos: + '[' 2 -lt 2 ']'
2019-06-06 19:31:38.377467 +0000 build-centos: + '[' -z qubes-src/linux-utils ']'
2019-06-06 19:31:38.377565 +0000 build-centos: + cp qubes-src/linux-utils/rpm_spec/qubes-utils.spec.in qubes-src/linux-utils/rpm_spec/qubes-utils.spec.in.tmp
2019-06-06 19:31:38.386813 +0000 build-centos: + read -r ver
2019-06-06 19:31:38.390133 +0000 build-centos: ++ sed s/-rc/~rc/
2019-06-06 19:31:38.392152 +0000 build-centos: ++ echo 4.0.24
2019-06-06 19:31:38.393410 +0000 build-centos: + ver=4.0.24
2019-06-06 19:31:38.393446 +0000 build-centos: + '[' x = x ']'
2019-06-06 19:31:38.393460 +0000 build-centos: + sed -i 's|@VERSION@|4.0.24|g' qubes-src/linux-utils/rpm_spec/qubes-utils.spec.in.tmp
2019-06-06 19:31:38.396213 +0000 build-centos: + vnum=1
2019-06-06 19:31:38.396248 +0000 build-centos: + read -r ver
2019-06-06 19:31:38.396260 +0000 build-centos: + '[' -e qubes-src/linux-utils/rel ']'
2019-06-06 19:31:38.396282 +0000 build-centos: + grep -q @REL@ qubes-src/linux-utils/rpm_spec/qubes-utils.spec.in.tmp
2019-06-06 19:31:38.399135 +0000 build-centos: + sed -i -e s:@BACKEND_VMM@:xen:g qubes-src/linux-utils/rpm_spec/qubes-utils.spec.in.tmp
2019-06-06 19:31:38.400239 +0000 build-centos: + grep -q @CHANGELOG@ qubes-src/linux-utils/rpm_spec/qubes-utils.spec.in.tmp
2019-06-06 19:31:38.402249 +0000 build-centos: ++ dirname /home/user/builder-r4.1/qubes-src/builder-rpm/scripts/generate-spec
2019-06-06 19:31:38.402622 +0000 build-centos: + /home/user/builder-r4.1/qubes-src/builder-rpm/scripts/generate-changelog qubes-src/linux-utils qubes-src/linux-utils/rpm_spec/qubes-utils.spec.in.tmp
2019-06-06 19:31:38.832120 +0000 build-centos: + cat qubes-src/linux-utils/rpm_spec/qubes-utils.spec.in.tmp
2019-06-06 19:31:38.835185 +0000 build-centos: + rm -rf qubes-src/linux-utils/rpm_spec/qubes-utils.spec.in.tmp
2019-06-06 19:31:38.838173 +0000 build-centos: + '[' '%{SOURCE0}' = '%{SOURCE0}' ']'
2019-06-06 19:31:38.838213 +0000 build-centos: ++ dirname /home/user/builder-r4.1/qubes-src/builder-rpm/scripts/query-spec
2019-06-06 19:31:38.843564 +0000 build-centos: + /home/user/builder-r4.1/qubes-src/builder-rpm/scripts/../tools/spectool --list-files --source 0 /tmp/tmp.o53oH3.spec
2019-06-06 19:31:38.914439 +0000 build-centos: + rm -f /tmp/tmp.o53oH3.spec
2019-06-06 19:31:38.919649 +0000 build-centos: Makefile.generic:145: target 'generic-prep' does not exist
2019-06-06 19:31:38.919686 +0000 build-centos: if [ -e ""build-logs/linux-utils-vm-centos7.log"" ]; then\
2019-06-06 19:31:38.919734 +0000 build-centos:    mv -f ""build-logs/linux-utils-vm-centos7.log"" ""build-logs/linux-utils-vm-centos7.log".old";\
2019-06-06 19:31:38.919747 +0000 build-centos: fi
2019-06-06 19:31:38.923565 +0000 build-centos: + ERR_OUTPUT=/dev/stderr
2019-06-06 19:31:38.923600 +0000 build-centos: + '[' 2 -lt 2 ']'
2019-06-06 19:31:38.924917 +0000 build-centos: ++ basename qubes-src/linux-utils/rpm_spec/qubes-utils.spec.in
2019-06-06 19:31:38.927796 +0000 build-centos: + [[ xqubes-utils.spec.in == \x\.\i\n ]]
2019-06-06 19:31:38.927833 +0000 build-centos: + '[' -r qubes-src/linux-utils/rpm_spec/qubes-utils.spec.in ']'
2019-06-06 19:31:38.927845 +0000 build-centos: ++ mktemp --tmpdir tmp.XXXXXX.spec
2019-06-06 19:31:38.930836 +0000 build-centos: + tmp_spec=/tmp/tmp.5Q6URx.spec
2019-06-06 19:31:38.930874 +0000 build-centos: ++ dirname /home/user/builder-r4.1/qubes-src/builder-rpm/scripts/query-spec
2019-06-06 19:31:38.932261 +0000 build-centos: + /home/user/builder-r4.1/qubes-src/builder-rpm/scripts/generate-spec qubes-src/linux-utils/rpm_spec/qubes-utils.spec.in /tmp/tmp.5Q6URx.spec
2019-06-06 19:31:38.936135 +0000 build-centos: + '[' 2 -lt 2 ']'
2019-06-06 19:31:38.936171 +0000 build-centos: + '[' -z qubes-src/linux-utils ']'
2019-06-06 19:31:38.936187 +0000 build-centos: + cp qubes-src/linux-utils/rpm_spec/qubes-utils.spec.in qubes-src/linux-utils/rpm_spec/qubes-utils.spec.in.tmp
2019-06-06 19:31:38.938833 +0000 build-centos: + read -r ver
2019-06-06 19:31:38.941936 +0000 build-centos: ++ echo 4.0.24
2019-06-06 19:31:38.941970 +0000 build-centos: ++ sed s/-rc/~rc/
2019-06-06 19:31:38.946276 +0000 build-centos: + ver=4.0.24
2019-06-06 19:31:38.946313 +0000 build-centos: + '[' x = x ']'
2019-06-06 19:31:38.946328 +0000 build-centos: + sed -i 's|@VERSION@|4.0.24|g' qubes-src/linux-utils/rpm_spec/qubes-utils.spec.in.tmp
2019-06-06 19:31:38.950601 +0000 build-centos: + vnum=1
2019-06-06 19:31:38.950632 +0000 build-centos: + read -r ver
2019-06-06 19:31:38.950645 +0000 build-centos: + '[' -e qubes-src/linux-utils/rel ']'
2019-06-06 19:31:38.950657 +0000 build-centos: + grep -q @REL@ qubes-src/linux-utils/rpm_spec/qubes-utils.spec.in.tmp
2019-06-06 19:31:38.953920 +0000 build-centos: + sed -i -e s:@BACKEND_VMM@:xen:g qubes-src/linux-utils/rpm_spec/qubes-utils.spec.in.tmp
2019-06-06 19:31:38.960242 +0000 build-centos: + grep -q @CHANGELOG@ qubes-src/linux-utils/rpm_spec/qubes-utils.spec.in.tmp
2019-06-06 19:31:38.966628 +0000 build-centos: ++ dirname /home/user/builder-r4.1/qubes-src/builder-rpm/scripts/generate-spec
2019-06-06 19:31:38.966700 +0000 build-centos: + /home/user/builder-r4.1/qubes-src/builder-rpm/scripts/generate-changelog qubes-src/linux-utils qubes-src/linux-utils/rpm_spec/qubes-utils.spec.in.tmp
2019-06-06 19:31:39.403459 +0000 build-centos: + cat qubes-src/linux-utils/rpm_spec/qubes-utils.spec.in.tmp
2019-06-06 19:31:39.403505 +0000 build-centos: + rm -rf qubes-src/linux-utils/rpm_spec/qubes-utils.spec.in.tmp
2019-06-06 19:31:39.404748 +0000 build-centos: + '[' '%{SOURCE0}' = '%{SOURCE0}' ']'
2019-06-06 19:31:39.410741 +0000 build-centos: ++ dirname /home/user/builder-r4.1/qubes-src/builder-rpm/scripts/query-spec
2019-06-06 19:31:39.424990 +0000 build-centos: + /home/user/builder-r4.1/qubes-src/builder-rpm/scripts/../tools/spectool --list-files --source 0 /tmp/tmp.5Q6URx.spec
2019-06-06 19:31:39.501862 +0000 build-centos: + rm -f /tmp/tmp.5Q6URx.spec
2019-06-06 19:31:39.510830 +0000 build-centos: /home/user/builder-r4.1/qubes-src/builder-rpm/Makefile.rpmbuilder:110: target 'dist-prep' does not exist
2019-06-06 19:31:39.510867 +0000 build-centos: true
2019-06-06 19:31:39.518955 +0000 build-centos: + ERR_OUTPUT=/dev/stderr
2019-06-06 19:31:39.518991 +0000 build-centos: + '[' 2 -lt 2 ']'
2019-06-06 19:31:39.521571 +0000 build-centos: ++ basename qubes-src/linux-utils/rpm_spec/qubes-utils.spec.in
2019-06-06 19:31:39.522754 +0000 build-centos: + [[ xqubes-utils.spec.in == \x\.\i\n ]]
2019-06-06 19:31:39.522789 +0000 build-centos: + '[' -r qubes-src/linux-utils/rpm_spec/qubes-utils.spec.in ']'
2019-06-06 19:31:39.522801 +0000 build-centos: ++ mktemp --tmpdir tmp.XXXXXX.spec
2019-06-06 19:31:39.523957 +0000 build-centos: + tmp_spec=/tmp/tmp.khbFus.spec
2019-06-06 19:31:39.523992 +0000 build-centos: ++ dirname /home/user/builder-r4.1/qubes-src/builder-rpm/scripts/query-spec
2019-06-06 19:31:39.525158 +0000 build-centos: + /home/user/builder-r4.1/qubes-src/builder-rpm/scripts/generate-spec qubes-src/linux-utils/rpm_spec/qubes-utils.spec.in /tmp/tmp.khbFus.spec
2019-06-06 19:31:39.526342 +0000 build-centos: + '[' 2 -lt 2 ']'
2019-06-06 19:31:39.526375 +0000 build-centos: + '[' -z qubes-src/linux-utils ']'
2019-06-06 19:31:39.526390 +0000 build-centos: + cp qubes-src/linux-utils/rpm_spec/qubes-utils.spec.in qubes-src/linux-utils/rpm_spec/qubes-utils.spec.in.tmp
2019-06-06 19:31:39.527251 +0000 build-centos: + read -r ver
2019-06-06 19:31:39.527281 +0000 build-centos: ++ sed s/-rc/~rc/
2019-06-06 19:31:39.527405 +0000 build-centos: ++ echo 4.0.24
2019-06-06 19:31:39.529790 +0000 build-centos: + ver=4.0.24
2019-06-06 19:31:39.529823 +0000 build-centos: + '[' x = x ']'
2019-06-06 19:31:39.529838 +0000 build-centos: + sed -i 's|@VERSION@|4.0.24|g' qubes-src/linux-utils/rpm_spec/qubes-utils.spec.in.tmp
2019-06-06 19:31:39.533816 +0000 build-centos: + vnum=1
2019-06-06 19:31:39.533850 +0000 build-centos: + read -r ver
2019-06-06 19:31:39.533863 +0000 build-centos: + '[' -e qubes-src/linux-utils/rel ']'
2019-06-06 19:31:39.533875 +0000 build-centos: + grep -q @REL@ qubes-src/linux-utils/rpm_spec/qubes-utils.spec.in.tmp
