2022-07-25 16:03:56.551557 +0000 > starting log
2022-07-25 16:03:56.552061 +0000 build-centos: > starting build with log
2022-07-25 16:03:56.552074 +0000 build-centos: >> make args: update-repo-current
2022-07-25 16:03:56.552081 +0000 build-centos: >> MAKEFLAGS=
2022-07-25 16:03:56.552088 +0000 build-centos: >> COMPONENTS=desktop-linux-awesome
2022-07-25 16:03:56.552095 +0000 build-centos: >> DISTS_VM=centos-stream8
2022-07-25 16:03:56.552101 +0000 build-centos: >> DIST_DOM0=
2022-07-25 16:03:56.552109 +0000 build-centos: >> qubes-builder 20ad3a0690db5a940dc9c0c7f080d1980cf24c83
2022-07-25 16:03:56.604525 +0000 build-centos: >> qubes-builder/qubes-src/desktop-linux-awesome ba2cea6cca351aa0fdd3790b896a44850c595aaf
2022-07-25 16:03:56.642093 +0000 build-centos: !! awesome-3.5.9.tar.xz
2022-07-25 16:03:56.642135 +0000 build-centos: !! awesome-4.3.tar.xz
2022-07-25 16:03:56.642146 +0000 build-centos: !! pkgs/vm-centos8/awesome-3.5.9-6.centos8.src.rpm
2022-07-25 16:03:56.642156 +0000 build-centos: !! pkgs/vm-centos8/awesome-3.5.9-6.centos8.x86_64.buildinfo
2022-07-25 16:03:56.642164 +0000 build-centos: !! pkgs/vm-centos8/awesome-3.5.9-6.centos8.x86_64.rpm
2022-07-25 16:03:56.642172 +0000 build-centos: !! pkgs/vm-centos8/awesome-debuginfo-3.5.9-6.centos8.x86_64.rpm
2022-07-25 16:03:56.642181 +0000 build-centos: !! pkgs/vm-centos8/awesome-debugsource-3.5.9-6.centos8.x86_64.rpm
2022-07-25 16:03:56.642189 +0000 build-centos: !! pkgs/vm-centos8/awesome-doc-3.5.9-6.centos8.noarch.rpm
2022-07-25 16:03:56.642196 +0000 build-centos: !! pkgs/vm-centos8/awesome.spec.list
2022-07-25 16:03:56.676029 +0000 build-centos: 6a4c679b293e8cd85d1f7e13f6dea704cbb267e42b9260496a54b657a66d6148aae51521d802d61baaeb23df0d4a8ad0b28d9dc922ea5da2a347b4251cce5e25  awesome-3.5.9.tar.xz
2022-07-25 16:03:56.715845 +0000 build-centos: c5ef1e8dc593e7783b895d22143154aea8f211beeda24672a7ee4ed5112b4f4284043f848a151f3d3c4f569e91308670367a4353f705b20511b36495b22fa3f5  awesome-4.3.tar.xz
2022-07-25 16:03:56.725094 +0000 build-centos: 797b8b1597c4e3dfd6fb265aa2b216856768a83d9c4ed3b60ea611f3de426cef4082b909e57ca689fed46cd7d4b2be681680bff211ad7b0bac358c1a5ed721d1  pkgs/vm-centos8/awesome-3.5.9-6.centos8.src.rpm
2022-07-25 16:03:56.725139 +0000 build-centos: 42dcfcd3a07b338146835300f6ba0ce0290c99463119020e6ee32f464964f9bda3a09aa8359148a0424300970543bf9f4941a5888c515f1a4476a22842f5537f  pkgs/vm-centos8/awesome-3.5.9-6.centos8.x86_64.buildinfo
2022-07-25 16:03:56.725157 +0000 build-centos: 838648753975d26f3b1f8511d1acf5f8c91e83bd0196f1ec7f0ab06744728931299351c9f83111fd0d78c1cbc29e87685921c4ab8d1e2bfe8846d994cd567963  pkgs/vm-centos8/awesome-3.5.9-6.centos8.x86_64.rpm
2022-07-25 16:03:56.725173 +0000 build-centos: d8dbd752c1ff834d043002f976f6907f87cfd802b9428ca1a21e5b92f7d7af3a20385f396938ff8cf0c4e02ae66c55de98e213dc8d857a1171da48136189c344  pkgs/vm-centos8/awesome-debuginfo-3.5.9-6.centos8.x86_64.rpm
2022-07-25 16:03:56.725190 +0000 build-centos: f8a93c85e050fa1e295ad41ee402f3b92b8a10d0ba396be9e2620941e58c669b54296af4d13d38f1e631435e1bd0d1e36876cbc434cbd9f5574480fc4ae1820b  pkgs/vm-centos8/awesome-debugsource-3.5.9-6.centos8.x86_64.rpm
2022-07-25 16:03:56.725206 +0000 build-centos: 3fec931ebcebe3732e1b2aa29b043607c5a1cb315f54d2fcb0e3e5ba8e4c53cb5ef6fd7d76f966ddaba6cb6482740bc26819b1836d9a8b6dcdc453226d1cca65  pkgs/vm-centos8/awesome-doc-3.5.9-6.centos8.noarch.rpm
2022-07-25 16:03:56.725220 +0000 build-centos: cff4b937649323eeb722709bf4ca2af71a6b87ce01915fb34f9de1269e6f6d10b6383277a6dd2e1fae9937d8a98a5015d7bb3982ce0705a2a46f28e44333f6dc  pkgs/vm-centos8/awesome.spec.list
2022-07-25 16:03:57.210851 +0000 build-centos: ================================================================================
2022-07-25 16:03:57.210907 +0000 build-centos:                            B U I L D   I N F O                                  
2022-07-25 16:03:57.210924 +0000 build-centos: Items in red indicate it was automatically generated by configuration file(s)
2022-07-25 16:03:57.210935 +0000 build-centos: Items in white indicate it was automatically removed by configuration file(s)
2022-07-25 16:03:57.210944 +0000 build-centos: ================================================================================
2022-07-25 16:03:57.210965 +0000 build-centos: DISTS_VM:
2022-07-25 16:03:57.210973 +0000 build-centos:      centos-stream8,
2022-07-25 16:03:57.210979 +0000 build-centos: DISTS_ALL:
2022-07-25 16:03:57.210985 +0000 build-centos:      vm-centos-stream8,
2022-07-25 16:03:57.210991 +0000 build-centos: DIST_DOM0:
2022-07-25 16:03:57.216416 +0000 build-centos:     
2022-07-25 16:03:57.216453 +0000 build-centos: BUILDER_PLUGINS:
2022-07-25 16:03:57.318683 +0000 build-centos:      builder-rpm, builder-debian, mgmt-salt, linux-yum, release-configs, builder-github,
2022-07-25 16:03:57.318740 +0000 build-centos: COMPONENTS:
2022-07-25 16:03:57.318750 +0000 build-centos:      desktop-linux-awesome,
2022-07-25 16:03:57.318757 +0000 build-centos: GIT_REPOS:
2022-07-25 16:03:57.318765 +0000 build-centos:      qubes-src/desktop-linux-awesome,
2022-07-25 16:03:57.318770 +0000 build-centos: TEMPLATE:
2022-07-25 16:03:57.318775 +0000 build-centos:     
2022-07-25 16:03:57.318781 +0000 build-centos: TEMPLATE_FLAVOR_DIR:
2022-07-25 16:03:57.318786 +0000 build-centos:     
2022-07-25 16:03:57.318792 +0000 build-centos: TEMPLATE_ALIAS:
2022-07-25 16:03:57.318801 +0000 build-centos:      stretch:stretch+standard, stretch+gnome:stretch+gnome+standard,
2022-07-25 16:03:57.318810 +0000 build-centos:      stretch+minimal:stretch+minimal+no-recommends, buster:buster+standard,
2022-07-25 16:03:57.318819 +0000 build-centos:      buster+gnome:buster+gnome+standard, buster+minimal:buster+minimal+no-recommends,
2022-07-25 16:03:57.318829 +0000 build-centos:      bullseye:bullseye+standard+firmware, bullseye+gnome:bullseye+gnome+standard+firmware,
2022-07-25 16:03:57.318839 +0000 build-centos:      bullseye+minimal:bullseye+minimal+no-recommends, bookworm:bookworm+standard,
2022-07-25 16:03:57.318849 +0000 build-centos:      bookworm+gnome:bookworm+gnome+standard, bookworm+minimal:bookworm+minimal+no-recommends,
2022-07-25 16:03:57.318860 +0000 build-centos:      bionic:bionic+standard, focal:focal+standard, whonix-gateway-15:buster+whonix-gateway+minimal+no-recommends,
2022-07-25 16:03:57.318870 +0000 build-centos:      whonix-workstation-15:buster+whonix-workstation+minimal+no-recommends,
2022-07-25 16:03:57.318878 +0000 build-centos:      whonix-gateway-16:bullseye+whonix-gateway+minimal+no-recommends,
2022-07-25 16:03:57.318887 +0000 build-centos:      whonix-workstation-16:bullseye+whonix-workstation+minimal+no-recommends,
2022-07-25 16:03:57.318893 +0000 build-centos: TEMPLATE_LABEL:
2022-07-25 16:03:57.318904 +0000 build-centos:      centos-stream8:centos-stream-8, fc34:fedora-34 fc35:fedora-35 fc36:fedora-36 fc34+minimal:fedora-34-minimal
2022-07-25 16:03:57.318916 +0000 build-centos:      fc35+minimal:fedora-35-minimal fc36+minimal:fedora-36-minimal fc34+xfce:fedora-34-xfce
2022-07-25 16:03:57.318927 +0000 build-centos:      fc35+xfce:fedora-35-xfce fc36+xfce:fedora-36-xfce stretch:debian-9 stretch+standard:debian-9
2022-07-25 16:03:57.318938 +0000 build-centos:      stretch+xfce:debian-9-xfce buster:debian-10 buster+standard:debian-10 buster+xfce:debian-10-xfce
2022-07-25 16:03:57.318948 +0000 build-centos:      bullseye:debian-11 bullseye+standard+firmware:debian-11 bullseye+xfce:debian-11-xfce
2022-07-25 16:03:57.318958 +0000 build-centos:      bookworm:debian-12 bookworm+standard:debian-12 bookworm+xfce:debian-12-xfce bionic+standard:bionic
2022-07-25 16:03:57.318968 +0000 build-centos:      focal+standard:focal buster+whonix-gateway+minimal+no-recommends:whonix-gw-15
2022-07-25 16:03:57.318976 +0000 build-centos:      buster+whonix-workstation+minimal+no-recommends:whonix-ws-15
2022-07-25 16:03:57.318985 +0000 build-centos:      bullseye+whonix-gateway+minimal+no-recommends:whonix-gw-16
2022-07-25 16:03:57.318994 +0000 build-centos:      bullseye+whonix-workstation+minimal+no-recommends:whonix-ws-16 centos7:centos-7
2022-07-25 16:03:57.319005 +0000 build-centos:      centos7+minimal:centos-7-minimal centos7+xfce:centos-7-xfce centos-stream8+minimal:centos-stream-8-minimal
2022-07-25 16:03:57.319025 +0000 build-centos:      centos-stream8+xfce:centos-stream-8-xfce
2022-07-25 16:03:57.487451 +0000 build-centos: > running make
2022-07-25 16:03:57.487497 +0000 build-centos: Makefile:915: target 'internal-update-repo-current.vm.centos-stream8.desktop-linux-awesome' does not exist
2022-07-25 16:03:57.487507 +0000 build-centos: true
2022-07-25 16:03:57.487521 +0000 build-centos: Makefile:832: update target 'internal-update-repo-current.vm.centos-stream8' due to: internal-update-repo-current.vm.centos-stream8.desktop-linux-awesome
2022-07-25 16:03:57.487527 +0000 build-centos: true
2022-07-25 16:03:57.487536 +0000 build-centos: Makefile:923: target 'post-update-repo-current' does not exist
2022-07-25 16:03:57.487543 +0000 build-centos: for dist in  centos-stream8; do \
2022-07-25 16:03:57.487552 +0000 build-centos: .repo_base_var="LINUX_REPO_${dist//-/_}_BASEDIR"; \
2022-07-25 16:03:57.487559 +0000 build-centos: .if [ -n "${!repo_base_var}" ]; then \
2022-07-25 16:03:57.487566 +0000 build-centos: ..repo_basedir="${!repo_base_var}"; \
2022-07-25 16:03:57.487572 +0000 build-centos: .else \
2022-07-25 16:03:57.487579 +0000 build-centos: ..repo_basedir="qubes-src/linux-yum/r4.1"; \
2022-07-25 16:03:57.487584 +0000 build-centos: .fi; \
2022-07-25 16:03:57.487592 +0000 build-centos: .repos_to_update="$repos_to_update $repo_basedir"; \
2022-07-25 16:03:57.487598 +0000 build-centos: done; \
2022-07-25 16:03:57.487604 +0000 build-centos: pkgset_dist= ; \
2022-07-25 16:03:57.487610 +0000 build-centos: for dist in ; do \
2022-07-25 16:03:57.487617 +0000 build-centos: .pkgset_dist="$pkgset_dist dom0/$dist"; \
2022-07-25 16:03:57.487623 +0000 build-centos: done; \
2022-07-25 16:03:57.487629 +0000 build-centos: for dist in centos-stream8; do \
2022-07-25 16:03:57.487637 +0000 build-centos: .pkgset_dist="$pkgset_dist vm/$dist"; \
2022-07-25 16:03:57.487642 +0000 build-centos: done; \
2022-07-25 16:03:57.487651 +0000 build-centos: for repo in `echo $repos_to_update|tr ' ' '\n'|sort|uniq`; do \
2022-07-25 16:03:57.487657 +0000 build-centos: .[ -z "$repo" ] && continue; \
2022-07-25 16:03:57.487668 +0000 build-centos: .[ -x "$repo/../update_repo-current.sh" ] || continue; \
2022-07-25 16:03:57.487677 +0000 build-centos: .(cd $repo/.. && ./update_repo-current.sh r4.1 $pkgset_dist); \
2022-07-25 16:03:57.487682 +0000 build-centos: done
2022-07-25 16:03:57.567638 +0000 build-centos: ~/builder-r4.1/qubes-src/linux-yum ~/builder-r4.1/qubes-src/linux-yum
2022-07-25 16:03:57.567683 +0000 build-centos: --> Processing repo: r4.1/current/vm/centos-stream8...
2022-07-25 16:03:57.614217 +0000 build-centos: warning: Found bdb_ro Packages database while attempting sqlite backend: using bdb_ro backend.
2022-07-25 16:04:51.490248 +0000 build-centos: Done.
2022-07-25 16:04:51.514480 +0000 build-centos: ~/builder-r4.1/qubes-src/linux-yum ~/builder-r4.1/qubes-src/linux-yum
2022-07-25 16:04:51.567082 +0000 build-centos: Syncing r4.1...
2022-07-25 16:04:53.637054 +0000 build-centos: sending incremental file list
2022-07-25 16:04:53.893910 +0000 build-centos: .d..t...... centos-stream8/
2022-07-25 16:04:53.893955 +0000 build-centos: <f..t...... centos-stream8/repodata/repomd.xml.asc
2022-07-25 16:04:53.893970 +0000 build-centos: .            833 100%    0.00kB/s    0:00:00  .            833 100%    0.00kB/s    0:00:00 (xfr#1, to-chk=885/900)
2022-07-25 16:04:55.215370 +0000 build-centos: Makefile:819: update target 'update-repo-current' due to: internal-update-repo-current.vm.centos-stream8 post-update-repo-current
2022-07-25 16:04:55.215416 +0000 build-centos: true
2022-07-25 16:04:55.217908 +0000 build-centos: > done
2022-07-25 16:04:55.217947 +0000 > closing log
