2019-04-21 21:42:15.219905 +0000 > starting log
2019-04-21 21:42:15.220861 +0000 build-centos: > starting build with log
2019-04-21 21:42:15.220910 +0000 build-centos: >> make args: DISTS_VM= centos7 DIST_DOM0= BUILD_LOGS_URL= grubby-dummy-vm-centos7=https://github.com/QubesOS/build-logs/tree/master/build-centos/log_2019-04-21_21-40-49 GIT_URL_grubby_dummy=https://github.com/QubesOS/qubes-grubby-dummy sign-all update-repo-current-testing
2019-04-21 21:42:15.220924 +0000 build-centos: >> MAKEFLAGS=
2019-04-21 21:42:15.220933 +0000 build-centos: >> COMPONENTS=grubby-dummy
2019-04-21 21:42:15.220940 +0000 build-centos: >> DISTS_VM=
2019-04-21 21:42:15.220947 +0000 build-centos: >> DIST_DOM0=
2019-04-21 21:42:15.220956 +0000 build-centos: >> qubes-builder 473be9222e7da03efe2b11de370bd923712fffc1
2019-04-21 21:42:15.220967 +0000 build-centos: >> qubes-builder/qubes-src/grubby-dummy 68dab54e3fc5dbd9a9f2898eb1e157231218888a
2019-04-21 21:42:15.220976 +0000 build-centos: !! pkgs/vm-centos7/grubby-dummy.spec.list
2019-04-21 21:42:15.220985 +0000 build-centos: !! pkgs/vm-centos7/noarch/grubby-dummy-9.0.0-1.noarch.rpm
2019-04-21 21:42:15.220999 +0000 build-centos: 24c96ff56229fff4ba2368989466f536be49f5166e0da831107c9bcb88959955a763457bf91582918b4da498f8e8e0b83f91454df3226d7d55544a7baa7798f7  pkgs/vm-centos7/grubby-dummy.spec.list
2019-04-21 21:42:15.221016 +0000 build-centos: 620ca9299fc43c36a694d0be84a414b75972b4df6b8303255e1c2e7d740fa65afd70762c46816ee4beef7abe60d66b3cb67ec1bcee7f9fe7abc3a1146ad149d6  pkgs/vm-centos7/noarch/grubby-dummy-9.0.0-1.noarch.rpm
2019-04-21 21:42:15.229896 +0000 build-centos: ================================================================================
2019-04-21 21:42:15.229960 +0000 build-centos:                            B U I L D   I N F O                                  
2019-04-21 21:42:15.229976 +0000 build-centos: Items in red indicate it was automatically generated by configuration file(s)
2019-04-21 21:42:15.229988 +0000 build-centos: Items in white indicate it was automatically removed by configuration file(s)
2019-04-21 21:42:15.229999 +0000 build-centos: ================================================================================
2019-04-21 21:42:15.230007 +0000 build-centos: DISTS_VM:
2019-04-21 21:42:15.231163 +0000 build-centos:      centos7,
2019-04-21 21:42:15.231196 +0000 build-centos: DISTS_ALL:
2019-04-21 21:42:15.234715 +0000 build-centos:      vm-centos7,
2019-04-21 21:42:15.234751 +0000 build-centos: DIST_DOM0:
2019-04-21 21:42:15.237122 +0000 build-centos:     
2019-04-21 21:42:15.237158 +0000 build-centos: BUILDER_PLUGINS:
2019-04-21 21:42:15.237172 +0000 build-centos:      builder-rpm, builder-debian, mgmt-salt, linux-yum, builder-github,
2019-04-21 21:42:15.240234 +0000 build-centos: COMPONENTS:
2019-04-21 21:42:15.240270 +0000 build-centos:      grubby-dummy,
2019-04-21 21:42:15.240281 +0000 build-centos: GIT_REPOS:
2019-04-21 21:42:15.242603 +0000 build-centos:      qubes-src/grubby-dummy,
2019-04-21 21:42:15.242637 +0000 build-centos: TEMPLATE:
2019-04-21 21:42:15.246398 +0000 build-centos:     
2019-04-21 21:42:15.246435 +0000 build-centos: TEMPLATE_FLAVOR_DIR:
2019-04-21 21:42:15.246446 +0000 build-centos:     
2019-04-21 21:42:15.246455 +0000 build-centos: TEMPLATE_ALIAS:
2019-04-21 21:42:15.249357 +0000 build-centos:      jessie:jessie+standard, jessie+gnome:jessie+gnome+standard,
2019-04-21 21:42:15.249398 +0000 build-centos:      jessie+minimal:jessie+minimal+no-recommends, stretch:stretch+standard, stretch+gnome:stretch+gnome+standard,
2019-04-21 21:42:15.249414 +0000 build-centos:      stretch+minimal:stretch+minimal+no-recommends, whonix-gateway:jessie+whonix-gateway+minimal+no-recommends,
2019-04-21 21:42:15.249425 +0000 build-centos:      whonix-workstation:jessie+whonix-workstation+minimal+no-recommends,
2019-04-21 21:42:15.249436 +0000 build-centos:      whonix-gateway-14:stretch+whonix-gateway+minimal+no-recommends,
2019-04-21 21:42:15.249446 +0000 build-centos:      whonix-workstation-14:stretch+whonix-workstation+minimal+no-recommends,
2019-04-21 21:42:15.249454 +0000 build-centos: TEMPLATE_LABEL:
2019-04-21 21:42:15.251994 +0000 build-centos:      centos7:centos-7, fc20:fedora-20 fc21:fedora-21 fc22:fedora-22 fc23:fedora-23
2019-04-21 21:42:15.252033 +0000 build-centos:      fc24:fedora-24 fc25:fedora-25 fc26:fedora-26 fc27:fedora-27 fc28:fedora-28 fc29:fedora-29
2019-04-21 21:42:15.252048 +0000 build-centos:      fc20+minimal:fedora-20-minimal fc21+minimal:fedora-21-minimal fc23+minimal:fedora-23-minimal
2019-04-21 21:42:15.252060 +0000 build-centos:      fc24+minimal:fedora-24-minimal fc25+minimal:fedora-25-minimal fc26+minimal:fedora-26-minimal
2019-04-21 21:42:15.252071 +0000 build-centos:      fc27+minimal:fedora-27-minimal fc28+minimal:fedora-28-minimal fc29+minimal:fedora-29-minimal
2019-04-21 21:42:15.252083 +0000 build-centos:      fc25+xfce:fedora-25-xfce fc26+xfce:fedora-26-xfce fc27+xfce:fedora-27-xfce fc28+xfce:fedora-28-xfce
2019-04-21 21:42:15.252094 +0000 build-centos:      fc29+xfce:fedora-29-xfce wheezy:debian-7 wheezy+standard:debian-7 jessie:debian-8
2019-04-21 21:42:15.252106 +0000 build-centos:      jessie+standard:debian-8 stretch:debian-9 stretch+standard:debian-9 centos7+minimal:centos-7-minimal
2019-04-21 21:42:15.252117 +0000 build-centos:      centos7+xfce:centos-7-xfce jessie+whonix-gateway+minimal+no-recommends:whonix-gw
2019-04-21 21:42:15.252127 +0000 build-centos:      jessie+whonix-workstation+minimal+no-recommends:whonix-ws
2019-04-21 21:42:15.252137 +0000 build-centos:      stretch+whonix-gateway+minimal+no-recommends:whonix-gw-14
2019-04-21 21:42:15.252146 +0000 build-centos:      stretch+whonix-workstation+minimal+no-recommends:whonix-ws-14
2019-04-21 21:42:15.266016 +0000 build-centos: > running make
2019-04-21 21:42:15.276918 +0000 build-centos: Makefile:259: target 'sign.vm.centos7.grubby-dummy' does not exist
2019-04-21 21:42:15.276996 +0000 build-centos: if [ -n "grubby-dummy" -a "0" -ne 0 ]; then BRANCH=release4.0; branch_var="BRANCH_grubby_dummy"; [ -n "${!branch_var}" ] && BRANCH="${!branch_var}"; pushd qubes-src/grubby-dummy > /dev/null; CURRENT_BRANCH=`git symbolic-ref --short HEAD 2>/dev/null || git describe --tags --exact-match HEAD`; if [ "$BRANCH" != "$CURRENT_BRANCH" ]; then echo "-> ERROR: Wrong branch $branch_var=$CURRENT_BRANCH (expected $BRANCH)"; exit 1; fi; popd > /dev/null; fi
2019-04-21 21:42:15.277014 +0000 build-centos: SIGN_KEY=EE88DA5FB2B7082919C8826D19205A11FDE3D0AA; \
2019-04-21 21:42:15.277025 +0000 build-centos: sign_key_var="SIGN_KEY_${DIST%%+*}"; \
2019-04-21 21:42:15.277036 +0000 build-centos: [ -n "${!sign_key_var}" ] && SIGN_KEY="${!sign_key_var}"; \
2019-04-21 21:42:15.277045 +0000 build-centos: if [ "grubby-dummy" = linux-template-builder ]; then
2019-04-21 21:42:15.277057 +0000 build-centos: export TEMPLATE_NAME=$(MAKEFLAGS= make -s -C qubes-src/linux-template-builder DIST=centos7 template-name)
2019-04-21 21:42:15.277065 +0000 build-centos: fi
2019-04-21 21:42:15.277074 +0000 build-centos: if [ -r qubes-src/grubby-dummy/Makefile.builder ]; then \
2019-04-21 21:42:15.277084 +0000 build-centos: .make --no-print-directory -f Makefile.generic \
2019-04-21 21:42:15.277092 +0000 build-centos: ..DIST=centos7 \
2019-04-21 21:42:15.277100 +0000 build-centos: ..PACKAGE_SET=vm \
2019-04-21 21:42:15.277108 +0000 build-centos: ..COMPONENT=grubby-dummy \
2019-04-21 21:42:15.277116 +0000 build-centos: ..SIGN_KEY=$SIGN_KEY \
2019-04-21 21:42:15.277124 +0000 build-centos: ..sign || exit 1; \
2019-04-21 21:42:15.277132 +0000 build-centos: elif [ -d qubes-src/grubby-dummy/rpm ]; then \
2019-04-21 21:42:15.277141 +0000 build-centos: .# Old mechanism supported only for RPM
2019-04-21 21:42:15.277151 +0000 build-centos: FILE_LIST=""; for RPM in qubes-src/grubby-dummy/rpm/*/*.rpm; do \
2019-04-21 21:42:15.277161 +0000 build-centos: ..if ! qubes-src/installer-qubes-os/rpm_verify $RPM > /dev/null; then \
2019-04-21 21:42:15.277169 +0000 build-centos: ...FILE_LIST="$FILE_LIST $RPM" ;\
2019-04-21 21:42:15.277177 +0000 build-centos: ..fi ;\
2019-04-21 21:42:15.277185 +0000 build-centos: .done ; \
2019-04-21 21:42:15.277193 +0000 build-centos: .if [ -n "$FILE_LIST" ]; then \
2019-04-21 21:42:15.277212 +0000 build-centos: ..echo "--> Signing..."; \
2019-04-21 21:42:15.277221 +0000 build-centos: ..RPMSIGN_OPTS=--digest-algo=sha256; \
2019-04-21 21:42:15.277229 +0000 build-centos: ..if [ -n "$SIGN_KEY" ]; then \
2019-04-21 21:42:15.277238 +0000 build-centos: ...RPMSIGN_OPTS="--key-id=$SIGN_KEY"; \
2019-04-21 21:42:15.277245 +0000 build-centos: ..fi; \
2019-04-21 21:42:15.277255 +0000 build-centos: ..setsid -w rpmsign "$RPMSIGN_OPTS" --addsign $FILE_LIST </dev/null ;\
2019-04-21 21:42:15.277262 +0000 build-centos: .fi; \
2019-04-21 21:42:15.277269 +0000 build-centos: fi
2019-04-21 21:42:15.284399 +0000 build-centos: + ERR_OUTPUT=/dev/stderr
2019-04-21 21:42:15.284435 +0000 build-centos: + '[' 2 -lt 2 ']'
2019-04-21 21:42:15.284448 +0000 build-centos: ++ basename qubes-src/grubby-dummy/grubby-dummy.spec.in
2019-04-21 21:42:15.284633 +0000 build-centos: + [[ xgrubby-dummy.spec.in == \x\.\i\n ]]
2019-04-21 21:42:15.284734 +0000 build-centos: + '[' -r qubes-src/grubby-dummy/grubby-dummy.spec.in ']'
2019-04-21 21:42:15.285120 +0000 build-centos: ++ mktemp --tmpdir tmp.XXXXXX.spec
2019-04-21 21:42:15.287960 +0000 build-centos: + tmp_spec=/tmp/tmp.Zp8oA3.spec
2019-04-21 21:42:15.287998 +0000 build-centos: ++ dirname /home/user/builder-r4.0/qubes-src/builder-rpm/scripts/query-spec
2019-04-21 21:42:15.289146 +0000 build-centos: + /home/user/builder-r4.0/qubes-src/builder-rpm/scripts/generate-spec qubes-src/grubby-dummy/grubby-dummy.spec.in /tmp/tmp.Zp8oA3.spec
2019-04-21 21:42:15.289283 +0000 build-centos: + '[' 2 -lt 2 ']'
2019-04-21 21:42:15.289302 +0000 build-centos: + '[' -z qubes-src/grubby-dummy ']'
2019-04-21 21:42:15.289315 +0000 build-centos: + cp qubes-src/grubby-dummy/grubby-dummy.spec.in qubes-src/grubby-dummy/grubby-dummy.spec.in.tmp
2019-04-21 21:42:15.290751 +0000 build-centos: + read -r ver
2019-04-21 21:42:15.291915 +0000 build-centos: ++ sed s/-rc/~rc/
2019-04-21 21:42:15.293075 +0000 build-centos: ++ echo 9.0.0
2019-04-21 21:42:15.293106 +0000 build-centos: + ver=9.0.0
2019-04-21 21:42:15.293115 +0000 build-centos: + '[' x = x ']'
2019-04-21 21:42:15.293127 +0000 build-centos: + sed -i 's|@VERSION@|9.0.0|g' qubes-src/grubby-dummy/grubby-dummy.spec.in.tmp
2019-04-21 21:42:15.294379 +0000 build-centos: + vnum=1
2019-04-21 21:42:15.294413 +0000 build-centos: + read -r ver
2019-04-21 21:42:15.294424 +0000 build-centos: + '[' -e qubes-src/grubby-dummy/rel ']'
2019-04-21 21:42:15.294433 +0000 build-centos: + read -r rel
2019-04-21 21:42:15.294440 +0000 build-centos: + '[' x = x ']'
2019-04-21 21:42:15.294451 +0000 build-centos: + sed -i 's|@REL@|1|g' qubes-src/grubby-dummy/grubby-dummy.spec.in.tmp
2019-04-21 21:42:15.297805 +0000 build-centos: + rnum=1
2019-04-21 21:42:15.297839 +0000 build-centos: + read -r rel
2019-04-21 21:42:15.297853 +0000 build-centos: + sed -i -e s:@BACKEND_VMM@:xen:g qubes-src/grubby-dummy/grubby-dummy.spec.in.tmp
2019-04-21 21:42:15.299308 +0000 build-centos: + grep -q @CHANGELOG@ qubes-src/grubby-dummy/grubby-dummy.spec.in.tmp
2019-04-21 21:42:15.300476 +0000 build-centos: ++ dirname /home/user/builder-r4.0/qubes-src/builder-rpm/scripts/generate-spec
2019-04-21 21:42:15.301643 +0000 build-centos: + /home/user/builder-r4.0/qubes-src/builder-rpm/scripts/generate-changelog qubes-src/grubby-dummy qubes-src/grubby-dummy/grubby-dummy.spec.in.tmp
2019-04-21 21:42:15.319035 +0000 build-centos: + cat qubes-src/grubby-dummy/grubby-dummy.spec.in.tmp
2019-04-21 21:42:15.320296 +0000 build-centos: + rm -rf qubes-src/grubby-dummy/grubby-dummy.spec.in.tmp
2019-04-21 21:42:15.321463 +0000 build-centos: + '[' '%{SOURCE0}' = '%{SOURCE0}' ']'
2019-04-21 21:42:15.321500 +0000 build-centos: ++ dirname /home/user/builder-r4.0/qubes-src/builder-rpm/scripts/query-spec
2019-04-21 21:42:15.321595 +0000 build-centos: + /home/user/builder-r4.0/qubes-src/builder-rpm/scripts/../tools/spectool --list-files --source 0 /tmp/tmp.Zp8oA3.spec
2019-04-21 21:42:15.370140 +0000 build-centos: Use of uninitialized value in concatenation (.) or string at /home/user/builder-r4.0/qubes-src/builder-rpm/scripts/../tools/spectool line 188.
2019-04-21 21:42:15.370193 +0000 build-centos: + rm -f /tmp/tmp.Zp8oA3.spec
2019-04-21 21:42:15.377671 +0000 build-centos: /home/user/builder-r4.0/qubes-src/builder-rpm/Makefile.rpmbuilder:181: target 'sign' does not exist
2019-04-21 21:42:15.377712 +0000 build-centos: cd qubes-src/grubby-dummy && for pkg in pkgs/vm-centos7/noarch/grubby-dummy-9.0.0-1.noarch.rpm ; do \
2019-04-21 21:42:15.377725 +0000 build-centos: .if [ "${pkg##*.}" = "buildinfo" ]; then \
2019-04-21 21:42:15.377743 +0000 build-centos: ../home/user/builder-r4.0/qubes-src/builder-rpm/scripts/update-rpmbuildinfo "$pkg" | qubes-gpg-client-wrapper --clearsign --local-user EE88DA5FB2B7082919C8826D19205A11FDE3D0AA > "$pkg".tmp && \
2019-04-21 21:42:15.377753 +0000 build-centos: ..mv -f "$pkg".tmp "$pkg"; \
2019-04-21 21:42:15.377762 +0000 build-centos: .elif ! rpm -K $pkg | grep -qi pgp; then \
2019-04-21 21:42:15.377775 +0000 build-centos: ..setsid -w rpmsign  --digest-algo=sha256 --key-id=EE88DA5FB2B7082919C8826D19205A11FDE3D0AA --addsign $pkg </dev/null || exit 1; \
2019-04-21 21:42:15.377783 +0000 build-centos: .fi; \
2019-04-21 21:42:15.377791 +0000 build-centos: done
2019-04-21 21:42:15.386544 +0000 build-centos: + ERR_OUTPUT=/dev/stderr
2019-04-21 21:42:15.386665 +0000 build-centos: + '[' 2 -lt 2 ']'
2019-04-21 21:42:15.387805 +0000 build-centos: ++ basename qubes-src/grubby-dummy/grubby-dummy.spec.in
2019-04-21 21:42:15.389021 +0000 build-centos: + [[ xgrubby-dummy.spec.in == \x\.\i\n ]]
2019-04-21 21:42:15.389057 +0000 build-centos: + '[' -r qubes-src/grubby-dummy/grubby-dummy.spec.in ']'
2019-04-21 21:42:15.389069 +0000 build-centos: ++ mktemp --tmpdir tmp.XXXXXX.spec
2019-04-21 21:42:15.390607 +0000 build-centos: + tmp_spec=/tmp/tmp.zpeib9.spec
2019-04-21 21:42:15.390646 +0000 build-centos: ++ dirname /home/user/builder-r4.0/qubes-src/builder-rpm/scripts/query-spec
2019-04-21 21:42:15.392768 +0000 build-centos: + /home/user/builder-r4.0/qubes-src/builder-rpm/scripts/generate-spec qubes-src/grubby-dummy/grubby-dummy.spec.in /tmp/tmp.zpeib9.spec
2019-04-21 21:42:15.393958 +0000 build-centos: + '[' 2 -lt 2 ']'
2019-04-21 21:42:15.393990 +0000 build-centos: + '[' -z qubes-src/grubby-dummy ']'
2019-04-21 21:42:15.394006 +0000 build-centos: + cp qubes-src/grubby-dummy/grubby-dummy.spec.in qubes-src/grubby-dummy/grubby-dummy.spec.in.tmp
2019-04-21 21:42:15.396558 +0000 build-centos: + read -r ver
2019-04-21 21:42:15.396594 +0000 build-centos: ++ sed s/-rc/~rc/
2019-04-21 21:42:15.397642 +0000 build-centos: ++ echo 9.0.0
2019-04-21 21:42:15.397677 +0000 build-centos: + ver=9.0.0
2019-04-21 21:42:15.397688 +0000 build-centos: + '[' x = x ']'
2019-04-21 21:42:15.397699 +0000 build-centos: + sed -i 's|@VERSION@|9.0.0|g' qubes-src/grubby-dummy/grubby-dummy.spec.in.tmp
2019-04-21 21:42:15.400062 +0000 build-centos: + vnum=1
2019-04-21 21:42:15.400098 +0000 build-centos: + read -r ver
2019-04-21 21:42:15.400110 +0000 build-centos: + '[' -e qubes-src/grubby-dummy/rel ']'
2019-04-21 21:42:15.400120 +0000 build-centos: + read -r rel
2019-04-21 21:42:15.400127 +0000 build-centos: + '[' x = x ']'
2019-04-21 21:42:15.400138 +0000 build-centos: + sed -i 's|@REL@|1|g' qubes-src/grubby-dummy/grubby-dummy.spec.in.tmp
2019-04-21 21:42:15.402321 +0000 build-centos: + rnum=1
2019-04-21 21:42:15.402356 +0000 build-centos: + read -r rel
2019-04-21 21:42:15.402370 +0000 build-centos: + sed -i -e s:@BACKEND_VMM@:xen:g qubes-src/grubby-dummy/grubby-dummy.spec.in.tmp
2019-04-21 21:42:15.407313 +0000 build-centos: + grep -q @CHANGELOG@ qubes-src/grubby-dummy/grubby-dummy.spec.in.tmp
2019-04-21 21:42:15.409984 +0000 build-centos: ++ dirname /home/user/builder-r4.0/qubes-src/builder-rpm/scripts/generate-spec
2019-04-21 21:42:15.411166 +0000 build-centos: + /home/user/builder-r4.0/qubes-src/builder-rpm/scripts/generate-changelog qubes-src/grubby-dummy qubes-src/grubby-dummy/grubby-dummy.spec.in.tmp
2019-04-21 21:42:15.438859 +0000 build-centos: + cat qubes-src/grubby-dummy/grubby-dummy.spec.in.tmp
2019-04-21 21:42:15.439822 +0000 build-centos: + rm -rf qubes-src/grubby-dummy/grubby-dummy.spec.in.tmp
2019-04-21 21:42:15.441712 +0000 build-centos: + '[' '%{SOURCE0}' = '%{SOURCE0}' ']'
2019-04-21 21:42:15.444880 +0000 build-centos: ++ dirname /home/user/builder-r4.0/qubes-src/builder-rpm/scripts/query-spec
2019-04-21 21:42:15.445223 +0000 build-centos: + /home/user/builder-r4.0/qubes-src/builder-rpm/scripts/../tools/spectool --list-files --source 0 /tmp/tmp.zpeib9.spec
2019-04-21 21:42:15.498809 +0000 build-centos: Use of uninitialized value in concatenation (.) or string at /home/user/builder-r4.0/qubes-src/builder-rpm/scripts/../tools/spectool line 188.
2019-04-21 21:42:15.498854 +0000 build-centos: + rm -f /tmp/tmp.zpeib9.spec
2019-04-21 21:42:15.913245 +0000 build-centos: pkgs/vm-centos7/noarch/grubby-dummy-9.0.0-1.noarch.rpm:
2019-04-21 21:42:15.914459 +0000 build-centos: Makefile:805: target 'internal-update-repo-current-testing.vm.centos7.grubby-dummy' does not exist
2019-04-21 21:42:15.914494 +0000 build-centos: repo_base_var="LINUX_REPO_centos7_BASEDIR"; \
2019-04-21 21:42:15.914510 +0000 build-centos: if [ "grubby-dummy" = linux-template-builder ]; then \
2019-04-21 21:42:15.914522 +0000 build-centos: .# templates belongs to dom0 repository, even though PACKAGE_SET=vm
2019-04-21 21:42:15.914532 +0000 build-centos: repo_base_var="LINUX_REPO__BASEDIR"; \
2019-04-21 21:42:15.914540 +0000 build-centos: fi; \
2019-04-21 21:42:15.914549 +0000 build-centos: if [ -n "${!repo_base_var}" ]; then \
2019-04-21 21:42:15.914558 +0000 build-centos: .repo_basedir="${!repo_base_var}"; \
2019-04-21 21:42:15.914565 +0000 build-centos: else \
2019-04-21 21:42:15.914574 +0000 build-centos: .repo_basedir="qubes-src/linux-yum/r4.0"; \
2019-04-21 21:42:15.914581 +0000 build-centos: fi; \
2019-04-21 21:42:15.914590 +0000 build-centos: if [ -r qubes-src/grubby-dummy/Makefile.builder ]; then \
2019-04-21 21:42:15.914599 +0000 build-centos: .echo -n "Updating qubes-src/grubby-dummy... "; \
2019-04-21 21:42:15.914607 +0000 build-centos: .if [ "0" -eq 1 ]; then \
2019-04-21 21:42:15.914618 +0000 build-centos: ..vtag=`git -C qubes-src/grubby-dummy tag --points-at HEAD --list v*`; \
2019-04-21 21:42:15.914626 +0000 build-centos: ..if [ -z "$vtag" ]; then \
2019-04-21 21:42:15.914635 +0000 build-centos: ...echo "no version tag"; \
2019-04-21 21:42:15.914642 +0000 build-centos: ...exit 0; \
2019-04-21 21:42:15.914649 +0000 build-centos: ..fi; \
2019-04-21 21:42:15.914658 +0000 build-centos: .fi; \
2019-04-21 21:42:15.914667 +0000 build-centos: .if [ "grubby-dummy" = linux-template-builder ]; then
2019-04-21 21:42:15.914679 +0000 build-centos: export TEMPLATE_NAME=$(MAKEFLAGS= make -s -C qubes-src/linux-template-builder DIST=centos7 template-name)
2019-04-21 21:42:15.914686 +0000 build-centos: fi
2019-04-21 21:42:15.914703 +0000 build-centos: component_packages=$(MAKEFLAGS= make -s -f Makefile.generic DIST=centos7 PACKAGE_SET=vm COMPONENT=`basename qubes-src/grubby-dummy` UPDATE_REPO=/home/user/builder-r4.0/$repo_basedir/current-testing/vm/centos7 get-var GET_VAR=PACKAGE_LIST); \
2019-04-21 21:42:15.914714 +0000 build-centos: .if [ -z "$component_packages" ]; then \
2019-04-21 21:42:15.914723 +0000 build-centos: ..echo "no packages."; \
2019-04-21 21:42:15.914730 +0000 build-centos: ..exit 0; \
2019-04-21 21:42:15.914737 +0000 build-centos: .fi; \
2019-04-21 21:42:15.914746 +0000 build-centos: .make -s -f Makefile.generic DIST=centos7 PACKAGE_SET=vm \
2019-04-21 21:42:15.914755 +0000 build-centos: ..COMPONENT=`basename qubes-src/grubby-dummy` \
2019-04-21 21:42:15.914763 +0000 build-centos: ..SNAPSHOT_REPO=current-testing \
2019-04-21 21:42:15.914771 +0000 build-centos: ..TARGET_REPO=current-testing \
2019-04-21 21:42:15.914781 +0000 build-centos: ..UPDATE_REPO=/home/user/builder-r4.0/$repo_basedir/current-testing/vm/centos7 \
2019-04-21 21:42:15.914794 +0000 build-centos: ..SNAPSHOT_FILE=/home/user/builder-r4.0/repo-latest-snapshot/current-testing-vm-centos7-`basename qubes-src/grubby-dummy` \
2019-04-21 21:42:15.914806 +0000 build-centos: ..BUILD_LOG_URL=https://github.com/QubesOS/build-logs/tree/master/build-centos/log_2019-04-21_21-40-49 \
2019-04-21 21:42:15.914826 +0000 build-centos: ..update-repo || exit 1; \
2019-04-21 21:42:15.914837 +0000 build-centos: elif make -C qubes-src/grubby-dummy -n update-repo-current-testing >/dev/null 2>/dev/null; then \
2019-04-21 21:42:15.914846 +0000 build-centos: .echo "Updating qubes-src/grubby-dummy... "; \
2019-04-21 21:42:15.914857 +0000 build-centos: .DIST=centos7 UPDATE_REPO=/home/user/builder-r4.0/$repo_basedir/current-testing/vm/centos7 \
2019-04-21 21:42:15.914867 +0000 build-centos: .make -s -C qubes-src/grubby-dummy update-repo-current-testing || exit 1; \
2019-04-21 21:42:15.914910 +0000 build-centos: else \
2019-04-21 21:42:15.914921 +0000 build-centos: .echo -n "Updating qubes-src/grubby-dummy... skipping."; \
2019-04-21 21:42:15.914928 +0000 build-centos: fi; \
2019-04-21 21:42:15.914935 +0000 build-centos: echo
2019-04-21 21:42:15.923180 +0000 build-centos: Updating qubes-src/grubby-dummy... + ERR_OUTPUT=/dev/stderr
2019-04-21 21:42:15.923516 +0000 build-centos: + '[' 2 -lt 2 ']'
2019-04-21 21:42:15.923736 +0000 build-centos: ++ basename qubes-src/grubby-dummy/grubby-dummy.spec.in
2019-04-21 21:42:15.927992 +0000 build-centos: + [[ xgrubby-dummy.spec.in == \x\.\i\n ]]
2019-04-21 21:42:15.928032 +0000 build-centos: + '[' -r qubes-src/grubby-dummy/grubby-dummy.spec.in ']'
2019-04-21 21:42:15.928044 +0000 build-centos: ++ mktemp --tmpdir tmp.XXXXXX.spec
2019-04-21 21:42:15.928054 +0000 build-centos: + tmp_spec=/tmp/tmp.AhqPef.spec
2019-04-21 21:42:15.928065 +0000 build-centos: ++ dirname /home/user/builder-r4.0/qubes-src/builder-rpm/scripts/query-spec
2019-04-21 21:42:15.928079 +0000 build-centos: + /home/user/builder-r4.0/qubes-src/builder-rpm/scripts/generate-spec qubes-src/grubby-dummy/grubby-dummy.spec.in /tmp/tmp.AhqPef.spec
2019-04-21 21:42:15.930070 +0000 build-centos: + '[' 2 -lt 2 ']'
2019-04-21 21:42:15.930108 +0000 build-centos: + '[' -z qubes-src/grubby-dummy ']'
2019-04-21 21:42:15.930123 +0000 build-centos: + cp qubes-src/grubby-dummy/grubby-dummy.spec.in qubes-src/grubby-dummy/grubby-dummy.spec.in.tmp
2019-04-21 21:42:15.930132 +0000 build-centos: + read -r ver
2019-04-21 21:42:15.931347 +0000 build-centos: ++ echo 9.0.0
2019-04-21 21:42:15.931382 +0000 build-centos: ++ sed s/-rc/~rc/
2019-04-21 21:42:15.933130 +0000 build-centos: + ver=9.0.0
2019-04-21 21:42:15.933166 +0000 build-centos: + '[' x = x ']'
2019-04-21 21:42:15.933180 +0000 build-centos: + sed -i 's|@VERSION@|9.0.0|g' qubes-src/grubby-dummy/grubby-dummy.spec.in.tmp
2019-04-21 21:42:15.933420 +0000 build-centos: + vnum=1
2019-04-21 21:42:15.933440 +0000 build-centos: + read -r ver
2019-04-21 21:42:15.933450 +0000 build-centos: + '[' -e qubes-src/grubby-dummy/rel ']'
2019-04-21 21:42:15.933459 +0000 build-centos: + read -r rel
2019-04-21 21:42:15.933466 +0000 build-centos: + '[' x = x ']'
2019-04-21 21:42:15.933478 +0000 build-centos: + sed -i 's|@REL@|1|g' qubes-src/grubby-dummy/grubby-dummy.spec.in.tmp
2019-04-21 21:42:15.943728 +0000 build-centos: + rnum=1
2019-04-21 21:42:15.943766 +0000 build-centos: + read -r rel
2019-04-21 21:42:15.943781 +0000 build-centos: + sed -i -e s:@BACKEND_VMM@:xen:g qubes-src/grubby-dummy/grubby-dummy.spec.in.tmp
2019-04-21 21:42:15.943793 +0000 build-centos: + grep -q @CHANGELOG@ qubes-src/grubby-dummy/grubby-dummy.spec.in.tmp
2019-04-21 21:42:15.943805 +0000 build-centos: ++ dirname /home/user/builder-r4.0/qubes-src/builder-rpm/scripts/generate-spec
2019-04-21 21:42:15.943819 +0000 build-centos: + /home/user/builder-r4.0/qubes-src/builder-rpm/scripts/generate-changelog qubes-src/grubby-dummy qubes-src/grubby-dummy/grubby-dummy.spec.in.tmp
2019-04-21 21:42:15.959963 +0000 build-centos: + cat qubes-src/grubby-dummy/grubby-dummy.spec.in.tmp
2019-04-21 21:42:15.961729 +0000 build-centos: + rm -rf qubes-src/grubby-dummy/grubby-dummy.spec.in.tmp
2019-04-21 21:42:15.961766 +0000 build-centos: + '[' '%{SOURCE0}' = '%{SOURCE0}' ']'
2019-04-21 21:42:15.961866 +0000 build-centos: ++ dirname /home/user/builder-r4.0/qubes-src/builder-rpm/scripts/query-spec
2019-04-21 21:42:15.963084 +0000 build-centos: + /home/user/builder-r4.0/qubes-src/builder-rpm/scripts/../tools/spectool --list-files --source 0 /tmp/tmp.AhqPef.spec
2019-04-21 21:42:16.047165 +0000 build-centos: Use of uninitialized value in concatenation (.) or string at /home/user/builder-r4.0/qubes-src/builder-rpm/scripts/../tools/spectool line 188.
2019-04-21 21:42:16.050707 +0000 build-centos: + rm -f /tmp/tmp.AhqPef.spec
2019-04-21 21:42:16.056349 +0000 build-centos: + ERR_OUTPUT=/dev/stderr
2019-04-21 21:42:16.056388 +0000 build-centos: + '[' 2 -lt 2 ']'
2019-04-21 21:42:16.059109 +0000 build-centos: ++ basename qubes-src/grubby-dummy/grubby-dummy.spec.in
2019-04-21 21:42:16.059153 +0000 build-centos: + [[ xgrubby-dummy.spec.in == \x\.\i\n ]]
2019-04-21 21:42:16.059167 +0000 build-centos: + '[' -r qubes-src/grubby-dummy/grubby-dummy.spec.in ']'
2019-04-21 21:42:16.060477 +0000 build-centos: ++ mktemp --tmpdir tmp.XXXXXX.spec
2019-04-21 21:42:16.062268 +0000 build-centos: + tmp_spec=/tmp/tmp.nyDU21.spec
2019-04-21 21:42:16.063910 +0000 build-centos: ++ dirname /home/user/builder-r4.0/qubes-src/builder-rpm/scripts/query-spec
2019-04-21 21:42:16.063952 +0000 build-centos: + /home/user/builder-r4.0/qubes-src/builder-rpm/scripts/generate-spec qubes-src/grubby-dummy/grubby-dummy.spec.in /tmp/tmp.nyDU21.spec
2019-04-21 21:42:16.068989 +0000 build-centos: + '[' 2 -lt 2 ']'
2019-04-21 21:42:16.069027 +0000 build-centos: + '[' -z qubes-src/grubby-dummy ']'
2019-04-21 21:42:16.069042 +0000 build-centos: + cp qubes-src/grubby-dummy/grubby-dummy.spec.in qubes-src/grubby-dummy/grubby-dummy.spec.in.tmp
2019-04-21 21:42:16.069051 +0000 build-centos: + read -r ver
2019-04-21 21:42:16.069059 +0000 build-centos: ++ echo 9.0.0
2019-04-21 21:42:16.069066 +0000 build-centos: ++ sed s/-rc/~rc/
2019-04-21 21:42:16.074899 +0000 build-centos: + ver=9.0.0
2019-04-21 21:42:16.074935 +0000 build-centos: + '[' x = x ']'
2019-04-21 21:42:16.074949 +0000 build-centos: + sed -i 's|@VERSION@|9.0.0|g' qubes-src/grubby-dummy/grubby-dummy.spec.in.tmp
2019-04-21 21:42:16.078679 +0000 build-centos: + vnum=1
2019-04-21 21:42:16.078715 +0000 build-centos: + read -r ver
2019-04-21 21:42:16.078728 +0000 build-centos: + '[' -e qubes-src/grubby-dummy/rel ']'
2019-04-21 21:42:16.078737 +0000 build-centos: + read -r rel
2019-04-21 21:42:16.078745 +0000 build-centos: + '[' x = x ']'
2019-04-21 21:42:16.078756 +0000 build-centos: + sed -i 's|@REL@|1|g' qubes-src/grubby-dummy/grubby-dummy.spec.in.tmp
2019-04-21 21:42:16.084936 +0000 build-centos: + rnum=1
2019-04-21 21:42:16.084972 +0000 build-centos: + read -r rel
2019-04-21 21:42:16.084986 +0000 build-centos: + sed -i -e s:@BACKEND_VMM@:xen:g qubes-src/grubby-dummy/grubby-dummy.spec.in.tmp
2019-04-21 21:42:16.086811 +0000 build-centos: + grep -q @CHANGELOG@ qubes-src/grubby-dummy/grubby-dummy.spec.in.tmp
2019-04-21 21:42:16.099404 +0000 build-centos: ++ dirname /home/user/builder-r4.0/qubes-src/builder-rpm/scripts/generate-spec
2019-04-21 21:42:16.099448 +0000 build-centos: + /home/user/builder-r4.0/qubes-src/builder-rpm/scripts/generate-changelog qubes-src/grubby-dummy qubes-src/grubby-dummy/grubby-dummy.spec.in.tmp
2019-04-21 21:42:16.159233 +0000 build-centos: + cat qubes-src/grubby-dummy/grubby-dummy.spec.in.tmp
2019-04-21 21:42:16.164969 +0000 build-centos: + rm -rf qubes-src/grubby-dummy/grubby-dummy.spec.in.tmp
2019-04-21 21:42:16.186697 +0000 build-centos: + '[' '%{SOURCE0}' = '%{SOURCE0}' ']'
2019-04-21 21:42:16.186740 +0000 build-centos: ++ dirname /home/user/builder-r4.0/qubes-src/builder-rpm/scripts/query-spec
2019-04-21 21:42:16.186756 +0000 build-centos: + /home/user/builder-r4.0/qubes-src/builder-rpm/scripts/../tools/spectool --list-files --source 0 /tmp/tmp.nyDU21.spec
2019-04-21 21:42:16.245068 +0000 build-centos: Use of uninitialized value in concatenation (.) or string at /home/user/builder-r4.0/qubes-src/builder-rpm/scripts/../tools/spectool line 188.
2019-04-21 21:42:16.247072 +0000 build-centos: + rm -f /tmp/tmp.nyDU21.spec
2019-04-21 21:42:16.262132 +0000 build-centos: + ERR_OUTPUT=/dev/stderr
2019-04-21 21:42:16.262183 +0000 build-centos: + '[' 2 -lt 2 ']'
2019-04-21 21:42:16.270020 +0000 build-centos: ++ basename qubes-src/grubby-dummy/grubby-dummy.spec.in
2019-04-21 21:42:16.270059 +0000 build-centos: + [[ xgrubby-dummy.spec.in == \x\.\i\n ]]
2019-04-21 21:42:16.272243 +0000 build-centos: + '[' -r qubes-src/grubby-dummy/grubby-dummy.spec.in ']'
2019-04-21 21:42:16.272280 +0000 build-centos: ++ mktemp --tmpdir tmp.XXXXXX.spec
2019-04-21 21:42:16.272292 +0000 build-centos: + tmp_spec=/tmp/tmp.n6wBJV.spec
2019-04-21 21:42:16.278567 +0000 build-centos: ++ dirname /home/user/builder-r4.0/qubes-src/builder-rpm/scripts/query-spec
2019-04-21 21:42:16.278611 +0000 build-centos: + /home/user/builder-r4.0/qubes-src/builder-rpm/scripts/generate-spec qubes-src/grubby-dummy/grubby-dummy.spec.in /tmp/tmp.n6wBJV.spec
2019-04-21 21:42:16.282015 +0000 build-centos: + '[' 2 -lt 2 ']'
2019-04-21 21:42:16.282052 +0000 build-centos: + '[' -z qubes-src/grubby-dummy ']'
2019-04-21 21:42:16.282067 +0000 build-centos: + cp qubes-src/grubby-dummy/grubby-dummy.spec.in qubes-src/grubby-dummy/grubby-dummy.spec.in.tmp
2019-04-21 21:42:16.294057 +0000 build-centos: + read -r ver
2019-04-21 21:42:16.300698 +0000 build-centos: ++ sed s/-rc/~rc/
2019-04-21 21:42:16.301957 +0000 build-centos: ++ echo 9.0.0
2019-04-21 21:42:16.301993 +0000 build-centos: + ver=9.0.0
2019-04-21 21:42:16.302004 +0000 build-centos: + '[' x = x ']'
2019-04-21 21:42:16.302017 +0000 build-centos: + sed -i 's|@VERSION@|9.0.0|g' qubes-src/grubby-dummy/grubby-dummy.spec.in.tmp
2019-04-21 21:42:16.310286 +0000 build-centos: + vnum=1
2019-04-21 21:42:16.310325 +0000 build-centos: + read -r ver
2019-04-21 21:42:16.310338 +0000 build-centos: + '[' -e qubes-src/grubby-dummy/rel ']'
2019-04-21 21:42:16.310348 +0000 build-centos: + read -r rel
2019-04-21 21:42:16.310356 +0000 build-centos: + '[' x = x ']'
2019-04-21 21:42:16.310366 +0000 build-centos: + sed -i 's|@REL@|1|g' qubes-src/grubby-dummy/grubby-dummy.spec.in.tmp
2019-04-21 21:42:16.319942 +0000 build-centos: + rnum=1
2019-04-21 21:42:16.319979 +0000 build-centos: + read -r rel
2019-04-21 21:42:16.319994 +0000 build-centos: + sed -i -e s:@BACKEND_VMM@:xen:g qubes-src/grubby-dummy/grubby-dummy.spec.in.tmp
2019-04-21 21:42:16.332904 +0000 build-centos: + grep -q @CHANGELOG@ qubes-src/grubby-dummy/grubby-dummy.spec.in.tmp
2019-04-21 21:42:16.335122 +0000 build-centos: ++ dirname /home/user/builder-r4.0/qubes-src/builder-rpm/scripts/generate-spec
2019-04-21 21:42:16.341554 +0000 build-centos: + /home/user/builder-r4.0/qubes-src/builder-rpm/scripts/generate-changelog qubes-src/grubby-dummy qubes-src/grubby-dummy/grubby-dummy.spec.in.tmp
2019-04-21 21:42:16.368211 +0000 build-centos: + cat qubes-src/grubby-dummy/grubby-dummy.spec.in.tmp
2019-04-21 21:42:16.376142 +0000 build-centos: + rm -rf qubes-src/grubby-dummy/grubby-dummy.spec.in.tmp
2019-04-21 21:42:16.376181 +0000 build-centos: + '[' '%{SOURCE0}' = '%{SOURCE0}' ']'
2019-04-21 21:42:16.376195 +0000 build-centos: ++ dirname /home/user/builder-r4.0/qubes-src/builder-rpm/scripts/query-spec
2019-04-21 21:42:16.376209 +0000 build-centos: + /home/user/builder-r4.0/qubes-src/builder-rpm/scripts/../tools/spectool --list-files --source 0 /tmp/tmp.n6wBJV.spec
2019-04-21 21:42:16.504237 +0000 build-centos: Use of uninitialized value in concatenation (.) or string at /home/user/builder-r4.0/qubes-src/builder-rpm/scripts/../tools/spectool line 188.
2019-04-21 21:42:16.504284 +0000 build-centos: + rm -f /tmp/tmp.n6wBJV.spec
2019-04-21 21:42:16.542342 +0000 build-centos: /home/user/builder-r4.0/qubes-src/builder-rpm/Makefile.rpmbuilder:150: target 'update-repo-do' does not exist
2019-04-21 21:42:16.542388 +0000 build-centos: mkdir -p /home/user/builder-r4.0/qubes-src/linux-yum/r4.0/current-testing/vm/centos7/rpm
2019-04-21 21:42:16.542401 +0000 build-centos: + ERR_OUTPUT=/dev/stderr
2019-04-21 21:42:16.542410 +0000 build-centos: + '[' 2 -lt 2 ']'
2019-04-21 21:42:16.542421 +0000 build-centos: ++ basename qubes-src/grubby-dummy/grubby-dummy.spec.in
2019-04-21 21:42:16.542441 +0000 build-centos: + [[ xgrubby-dummy.spec.in == \x\.\i\n ]]
2019-04-21 21:42:16.542452 +0000 build-centos: + '[' -r qubes-src/grubby-dummy/grubby-dummy.spec.in ']'
2019-04-21 21:42:16.542460 +0000 build-centos: ++ mktemp --tmpdir tmp.XXXXXX.spec
2019-04-21 21:42:16.542469 +0000 build-centos: + tmp_spec=/tmp/tmp.j1Ijkc.spec
2019-04-21 21:42:16.542479 +0000 build-centos: ++ dirname /home/user/builder-r4.0/qubes-src/builder-rpm/scripts/query-spec
2019-04-21 21:42:16.542492 +0000 build-centos: + /home/user/builder-r4.0/qubes-src/builder-rpm/scripts/generate-spec qubes-src/grubby-dummy/grubby-dummy.spec.in /tmp/tmp.j1Ijkc.spec
2019-04-21 21:42:16.542500 +0000 build-centos: + '[' 2 -lt 2 ']'
2019-04-21 21:42:16.542508 +0000 build-centos: + '[' -z qubes-src/grubby-dummy ']'
2019-04-21 21:42:16.542519 +0000 build-centos: + cp qubes-src/grubby-dummy/grubby-dummy.spec.in qubes-src/grubby-dummy/grubby-dummy.spec.in.tmp
2019-04-21 21:42:16.542527 +0000 build-centos: + read -r ver
2019-04-21 21:42:16.542534 +0000 build-centos: ++ sed s/-rc/~rc/
2019-04-21 21:42:16.542541 +0000 build-centos: ++ echo 9.0.0
2019-04-21 21:42:16.542548 +0000 build-centos: + ver=9.0.0
2019-04-21 21:42:16.542556 +0000 build-centos: + '[' x = x ']'
2019-04-21 21:42:16.542566 +0000 build-centos: + sed -i 's|@VERSION@|9.0.0|g' qubes-src/grubby-dummy/grubby-dummy.spec.in.tmp
2019-04-21 21:42:16.542573 +0000 build-centos: + vnum=1
2019-04-21 21:42:16.542581 +0000 build-centos: + read -r ver
2019-04-21 21:42:16.542589 +0000 build-centos: + '[' -e qubes-src/grubby-dummy/rel ']'
2019-04-21 21:42:16.542597 +0000 build-centos: + read -r rel
2019-04-21 21:42:16.542604 +0000 build-centos: + '[' x = x ']'
2019-04-21 21:42:16.542613 +0000 build-centos: + sed -i 's|@REL@|1|g' qubes-src/grubby-dummy/grubby-dummy.spec.in.tmp
2019-04-21 21:42:16.545176 +0000 build-centos: + rnum=1
2019-04-21 21:42:16.545212 +0000 build-centos: + read -r rel
2019-04-21 21:42:16.545226 +0000 build-centos: + sed -i -e s:@BACKEND_VMM@:xen:g qubes-src/grubby-dummy/grubby-dummy.spec.in.tmp
2019-04-21 21:42:16.546510 +0000 build-centos: + grep -q @CHANGELOG@ qubes-src/grubby-dummy/grubby-dummy.spec.in.tmp
2019-04-21 21:42:16.547711 +0000 build-centos: ++ dirname /home/user/builder-r4.0/qubes-src/builder-rpm/scripts/generate-spec
2019-04-21 21:42:16.547753 +0000 build-centos: + /home/user/builder-r4.0/qubes-src/builder-rpm/scripts/generate-changelog qubes-src/grubby-dummy qubes-src/grubby-dummy/grubby-dummy.spec.in.tmp
2019-04-21 21:42:16.582015 +0000 build-centos: + cat qubes-src/grubby-dummy/grubby-dummy.spec.in.tmp
2019-04-21 21:42:16.585480 +0000 build-centos: + rm -rf qubes-src/grubby-dummy/grubby-dummy.spec.in.tmp
2019-04-21 21:42:16.590017 +0000 build-centos: + '[' '%{SOURCE0}' = '%{SOURCE0}' ']'
2019-04-21 21:42:16.590057 +0000 build-centos: ++ dirname /home/user/builder-r4.0/qubes-src/builder-rpm/scripts/query-spec
2019-04-21 21:42:16.590073 +0000 build-centos: + /home/user/builder-r4.0/qubes-src/builder-rpm/scripts/../tools/spectool --list-files --source 0 /tmp/tmp.j1Ijkc.spec
2019-04-21 21:42:16.662448 +0000 build-centos: Use of uninitialized value in concatenation (.) or string at /home/user/builder-r4.0/qubes-src/builder-rpm/scripts/../tools/spectool line 188.
2019-04-21 21:42:16.663765 +0000 build-centos: + rm -f /tmp/tmp.j1Ijkc.spec
2019-04-21 21:42:16.750310 +0000 build-centos: if [ -n "pkgs/vm-centos7/noarch/grubby-dummy-9.0.0-1.noarch.rpm" ]; then \
2019-04-21 21:42:16.750365 +0000 build-centos: .cd qubes-src/grubby-dummy && ln -f pkgs/vm-centos7/noarch/grubby-dummy-9.0.0-1.noarch.rpm  /home/user/builder-r4.0/qubes-src/linux-yum/r4.0/current-testing/vm/centos7/rpm/; \
2019-04-21 21:42:16.750378 +0000 build-centos: else \
2019-04-21 21:42:16.750392 +0000 build-centos: .echo "`tput bold`No packages defined by grubby-dummy.spec, syntax error?`tput sgr0`"; \
2019-04-21 21:42:16.750401 +0000 build-centos: .exit 1; \
2019-04-21 21:42:16.750409 +0000 build-centos: fi
2019-04-21 21:42:16.750423 +0000 build-centos: cd qubes-src/grubby-dummy && echo pkgs/vm-centos7/noarch/grubby-dummy-9.0.0-1.noarch.rpm  > /home/user/builder-r4.0/repo-latest-snapshot/current-testing-vm-centos7-grubby-dummy
2019-04-21 21:42:16.750449 +0000 build-centos: /home/user/builder-r4.0/qubes-src/builder-github//Makefile.github:18: target 'notify-github' does not exist
2019-04-21 21:42:16.750461 +0000 build-centos: [ -z "grubby-dummy-9.0.0-1" ] || /home/user/builder-r4.0/qubes-src/builder-github//notify-issues \
2019-04-21 21:42:16.750473 +0000 build-centos: .--build-log="https://github.com/QubesOS/build-logs/tree/master/build-centos/log_2019-04-21_21-40-49" \
2019-04-21 21:42:16.750481 +0000 build-centos: .upload \
2019-04-21 21:42:16.750488 +0000 build-centos: ."r4.0" \
2019-04-21 21:42:16.750497 +0000 build-centos: ."qubes-src/grubby-dummy" \
2019-04-21 21:42:16.750505 +0000 build-centos: ."grubby-dummy-9.0.0-1" \
2019-04-21 21:42:16.750512 +0000 build-centos: ."centos7" \
2019-04-21 21:42:16.750523 +0000 build-centos: ."vm" \
2019-04-21 21:42:16.750531 +0000 build-centos: ."current-testing" \
2019-04-21 21:42:16.750542 +0000 build-centos: ."/home/user/github-notify-state/r4.0-grubby-dummy-vm-centos7-current-testing"
2019-04-21 21:42:16.777275 +0000 build-centos: + ERR_OUTPUT=/dev/stderr
2019-04-21 21:42:16.777318 +0000 build-centos: + '[' 2 -lt 2 ']'
2019-04-21 21:42:16.777331 +0000 build-centos: ++ basename qubes-src/grubby-dummy/grubby-dummy.spec.in
2019-04-21 21:42:16.780781 +0000 build-centos: + [[ xgrubby-dummy.spec.in == \x\.\i\n ]]
2019-04-21 21:42:16.780820 +0000 build-centos: + '[' -r qubes-src/grubby-dummy/grubby-dummy.spec.in ']'
2019-04-21 21:42:16.780833 +0000 build-centos: ++ mktemp --tmpdir tmp.XXXXXX.spec
2019-04-21 21:42:16.784249 +0000 build-centos: + tmp_spec=/tmp/tmp.vYab62.spec
2019-04-21 21:42:16.784289 +0000 build-centos: ++ dirname /home/user/builder-r4.0/qubes-src/builder-rpm/scripts/query-spec
2019-04-21 21:42:16.787893 +0000 build-centos: + /home/user/builder-r4.0/qubes-src/builder-rpm/scripts/generate-spec qubes-src/grubby-dummy/grubby-dummy.spec.in /tmp/tmp.vYab62.spec
2019-04-21 21:42:16.791599 +0000 build-centos: + '[' 2 -lt 2 ']'
2019-04-21 21:42:16.791638 +0000 build-centos: + '[' -z qubes-src/grubby-dummy ']'
2019-04-21 21:42:16.791656 +0000 build-centos: + cp qubes-src/grubby-dummy/grubby-dummy.spec.in qubes-src/grubby-dummy/grubby-dummy.spec.in.tmp
2019-04-21 21:42:16.800624 +0000 build-centos: + read -r ver
2019-04-21 21:42:16.800664 +0000 build-centos: ++ echo 9.0.0
2019-04-21 21:42:16.800675 +0000 build-centos: ++ sed s/-rc/~rc/
2019-04-21 21:42:16.800684 +0000 build-centos: + ver=9.0.0
2019-04-21 21:42:16.800692 +0000 build-centos: + '[' x = x ']'
2019-04-21 21:42:16.800703 +0000 build-centos: + sed -i 's|@VERSION@|9.0.0|g' qubes-src/grubby-dummy/grubby-dummy.spec.in.tmp
2019-04-21 21:42:16.800711 +0000 build-centos: + vnum=1
2019-04-21 21:42:16.800718 +0000 build-centos: + read -r ver
2019-04-21 21:42:16.800727 +0000 build-centos: + '[' -e qubes-src/grubby-dummy/rel ']'
2019-04-21 21:42:16.800735 +0000 build-centos: + read -r rel
2019-04-21 21:42:16.800742 +0000 build-centos: + '[' x = x ']'
