2021-09-09 02:32:48.815629 +0000 > starting log
2021-09-09 02:32:48.815961 +0000 build-centos: > starting build with log
2021-09-09 02:32:48.815974 +0000 build-centos: >> make args: update-repo-current
2021-09-09 02:32:48.815982 +0000 build-centos: >> MAKEFLAGS=
2021-09-09 02:32:48.815989 +0000 build-centos: >> COMPONENTS=xdotool
2021-09-09 02:32:48.815995 +0000 build-centos: >> DISTS_VM=centos-stream8
2021-09-09 02:32:48.816001 +0000 build-centos: >> DIST_DOM0=
2021-09-09 02:32:48.816010 +0000 build-centos: >> qubes-builder b9f0322e4f311561d3910b65396e428990b70f6a
2021-09-09 02:32:48.816019 +0000 build-centos: >> qubes-builder/qubes-src/xdotool 33d8154398a11b1b94c3ff8075b6e367ffa5ea2d
2021-09-09 02:32:48.816028 +0000 build-centos: !! pkgs/vm-centos-stream8/libxdo-3.20210804.2-1.el8.x86_64.rpm
2021-09-09 02:32:48.816037 +0000 build-centos: !! pkgs/vm-centos-stream8/libxdo-debuginfo-3.20210804.2-1.el8.x86_64.rpm
2021-09-09 02:32:48.816045 +0000 build-centos: !! pkgs/vm-centos-stream8/libxdo-devel-3.20210804.2-1.el8.x86_64.rpm
2021-09-09 02:32:48.816054 +0000 build-centos: !! pkgs/vm-centos-stream8/xdotool-3.20210804.2-1.el8.src.rpm
2021-09-09 02:32:48.816062 +0000 build-centos: !! pkgs/vm-centos-stream8/xdotool-3.20210804.2-1.el8.x86_64.buildinfo
2021-09-09 02:32:48.816071 +0000 build-centos: !! pkgs/vm-centos-stream8/xdotool-3.20210804.2-1.el8.x86_64.rpm
2021-09-09 02:32:48.816080 +0000 build-centos: !! pkgs/vm-centos-stream8/xdotool-debuginfo-3.20210804.2-1.el8.x86_64.rpm
2021-09-09 02:32:48.816089 +0000 build-centos: !! pkgs/vm-centos-stream8/xdotool-debugsource-3.20210804.2-1.el8.x86_64.rpm
2021-09-09 02:32:48.816097 +0000 build-centos: !! pkgs/vm-centos-stream8/xdotool.spec.list
2021-09-09 02:32:48.816103 +0000 build-centos: !! xdotool-3.20210804.2.tar.gz
2021-09-09 02:32:48.816119 +0000 build-centos: a8964f333ea8911c0a70dd5717f2779f26f5e5d97d10623250430f6709b4ba8b90115a6bf094c1dbab7e447ded5bc96028a316351f95f06a94df1c42899f5c63  pkgs/vm-centos-stream8/libxdo-3.20210804.2-1.el8.x86_64.rpm
2021-09-09 02:32:48.816135 +0000 build-centos: 6b05c11b5cf3da335043826ce6db9da080d93f7655b32727ad00566f69b29d85f0743b068324d8146be6cb4e414a4a99ad48292e8a2260a3f59b69e6845139bf  pkgs/vm-centos-stream8/libxdo-debuginfo-3.20210804.2-1.el8.x86_64.rpm
2021-09-09 02:32:48.816152 +0000 build-centos: 33b320fba30f01aac0a1f7b91ef34c338d630066f463a9672aaba0c09f9847e0d64c24487b7d8182d34dba866b2dc93369b9b322d3c667d49399442e1b829c09  pkgs/vm-centos-stream8/libxdo-devel-3.20210804.2-1.el8.x86_64.rpm
2021-09-09 02:32:48.816167 +0000 build-centos: 1efec927ca909b9da1a3c7cb6a394feddc9201d854e82e6d5b68aba06a23e33dc4e67d7392104abc4d47570441dd6b5fa92002bd8151e58c17e22ba44ed3f90d  pkgs/vm-centos-stream8/xdotool-3.20210804.2-1.el8.src.rpm
2021-09-09 02:32:48.816183 +0000 build-centos: 1b45d3b368ecc91134662bd8d788c96927951844e67ff76afa146044e83d47ccfb7690005dee52dd2d5efae55f673275eda17c3f7ac33218a6fd182647f5a0e3  pkgs/vm-centos-stream8/xdotool-3.20210804.2-1.el8.x86_64.buildinfo
2021-09-09 02:32:48.816199 +0000 build-centos: 34084a5e3be7af4fa7921f060cae09b8abd345419ca1626f625616e05800e356a70629f9d2cb6eb913b531ea42bd54cdc7e27aecc28b0633dd9e6ba4a9102f16  pkgs/vm-centos-stream8/xdotool-3.20210804.2-1.el8.x86_64.rpm
2021-09-09 02:32:48.816216 +0000 build-centos: d1c539c609e97a17580e44b4a60ebd7ef2396b9878affc93a40a972e476910795578c61a9ef4531c7f07b0a7126ed6d4ba99458806f443df40f07e643166ac43  pkgs/vm-centos-stream8/xdotool-debuginfo-3.20210804.2-1.el8.x86_64.rpm
2021-09-09 02:32:48.816249 +0000 build-centos: 5d0b34bf18526b4eea16f74a58b3a18fc44ea88485fa2960b841f4c22c5ee64359ac2132ae59f3c18df7780ca4510ee96894f73f5d193b535818ac6ca9923bb6  pkgs/vm-centos-stream8/xdotool-debugsource-3.20210804.2-1.el8.x86_64.rpm
2021-09-09 02:32:48.816265 +0000 build-centos: 446bddfcfef8547d8629ff228703028f2f396eecee3dceb4b187bdb2857d98768d679e255cfa333a9b7ecd2e0976682a3f375f2ad521da1474d8f07aad550d0b  pkgs/vm-centos-stream8/xdotool.spec.list
2021-09-09 02:32:48.816279 +0000 build-centos: 45eaa0a2bdff0bdbd8bbe1374e72d58beccdc908581d40867dbacb4209a6273b040b332a6b95ddc8e7fa8d018734c016c1687f1d6963395da3f100799ffa079d  xdotool-3.20210804.2.tar.gz
2021-09-09 02:32:48.823821 +0000 build-centos: ================================================================================
2021-09-09 02:32:48.823863 +0000 build-centos:                            B U I L D   I N F O                                  
2021-09-09 02:32:48.823881 +0000 build-centos: Items in red indicate it was automatically generated by configuration file(s)
2021-09-09 02:32:48.823893 +0000 build-centos: Items in white indicate it was automatically removed by configuration file(s)
2021-09-09 02:32:48.823903 +0000 build-centos: ================================================================================
2021-09-09 02:32:48.823909 +0000 build-centos: DISTS_VM:
2021-09-09 02:32:48.823923 +0000 build-centos:      centos-stream8,
2021-09-09 02:32:48.823929 +0000 build-centos: DISTS_ALL:
2021-09-09 02:32:48.832071 +0000 build-centos:      vm-centos-stream8,
2021-09-09 02:32:48.832118 +0000 build-centos: DIST_DOM0:
2021-09-09 02:32:48.837994 +0000 build-centos:     
2021-09-09 02:32:48.838032 +0000 build-centos: BUILDER_PLUGINS:
2021-09-09 02:32:48.845225 +0000 build-centos:      builder-rpm, builder-debian, mgmt-salt, linux-yum, release-configs, builder-github,
2021-09-09 02:32:48.845289 +0000 build-centos: COMPONENTS:
2021-09-09 02:32:48.850307 +0000 build-centos:      xdotool,
2021-09-09 02:32:48.850343 +0000 build-centos: GIT_REPOS:
2021-09-09 02:32:48.860274 +0000 build-centos:      qubes-src/xdotool,
2021-09-09 02:32:48.860311 +0000 build-centos: TEMPLATE:
2021-09-09 02:32:48.865628 +0000 build-centos:     
2021-09-09 02:32:48.865664 +0000 build-centos: TEMPLATE_FLAVOR_DIR:
2021-09-09 02:32:48.884719 +0000 build-centos:     
2021-09-09 02:32:48.884756 +0000 build-centos: TEMPLATE_ALIAS:
2021-09-09 02:32:48.888186 +0000 build-centos:      stretch:stretch+standard, stretch+gnome:stretch+gnome+standard,
2021-09-09 02:32:48.888225 +0000 build-centos:      stretch+minimal:stretch+minimal+no-recommends, buster:buster+standard,
2021-09-09 02:32:48.888237 +0000 build-centos:      buster+gnome:buster+gnome+standard, buster+minimal:buster+minimal+no-recommends,
2021-09-09 02:32:48.888271 +0000 build-centos:      bullseye:bullseye+standard, bullseye+gnome:bullseye+gnome+standard,
2021-09-09 02:32:48.888282 +0000 build-centos:      bullseye+minimal:bullseye+minimal+no-recommends, bionic:bionic+standard,
2021-09-09 02:32:48.888295 +0000 build-centos:      focal:focal+standard, whonix-gateway-14:stretch+whonix-gateway+minimal+no-recommends,
2021-09-09 02:32:48.888304 +0000 build-centos:      whonix-workstation-14:stretch+whonix-workstation+minimal+no-recommends,
2021-09-09 02:32:48.888313 +0000 build-centos:      whonix-gateway-15:buster+whonix-gateway+minimal+no-recommends,
2021-09-09 02:32:48.888322 +0000 build-centos:      whonix-workstation-15:buster+whonix-workstation+minimal+no-recommends,
2021-09-09 02:32:48.888328 +0000 build-centos: TEMPLATE_LABEL:
2021-09-09 02:32:48.897653 +0000 build-centos:      centos-stream8:centos-stream-8, fc32:fedora-32 fc33:fedora-33 fc34:fedora-34 fc35:fedora-35
2021-09-09 02:32:48.897694 +0000 build-centos:      fc32+minimal:fedora-32-minimal fc33+minimal:fedora-33-minimal fc34+minimal:fedora-34-minimal
2021-09-09 02:32:48.897708 +0000 build-centos:      fc35+minimal:fedora-35-minimal fc32+xfce:fedora-32-xfce fc33+xfce:fedora-33-xfce fc34+xfce:fedora-34-xfce
2021-09-09 02:32:48.897719 +0000 build-centos:      fc35+xfce:fedora-35-xfce stretch:debian-9 stretch+standard:debian-9 stretch+xfce:debian-9-xfce
2021-09-09 02:32:48.897730 +0000 build-centos:      buster:debian-10 buster+standard:debian-10 buster+xfce:debian-10-xfce bullseye:debian-11
2021-09-09 02:32:48.897741 +0000 build-centos:      bullseye+standard:debian-11 bullseye+xfce:debian-11-xfce bionic+standard:bionic
2021-09-09 02:32:48.897750 +0000 build-centos:      focal+standard:focal stretch+whonix-gateway+minimal+no-recommends:whonix-gw-14
2021-09-09 02:32:48.897777 +0000 build-centos:      stretch+whonix-workstation+minimal+no-recommends:whonix-ws-14
2021-09-09 02:32:48.897787 +0000 build-centos:      buster+whonix-gateway+minimal+no-recommends:whonix-gw-15
2021-09-09 02:32:48.897797 +0000 build-centos:      buster+whonix-workstation+minimal+no-recommends:whonix-ws-15 centos7:centos-7
2021-09-09 02:32:48.897808 +0000 build-centos:      centos7+minimal:centos-7-minimal centos7+xfce:centos-7-xfce centos-stream8+minimal:centos-stream-8-minimal
2021-09-09 02:32:48.897816 +0000 build-centos:      centos-stream8+xfce:centos-stream-8-xfce
2021-09-09 02:32:48.933884 +0000 build-centos: > running make
2021-09-09 02:32:48.951131 +0000 build-centos: Makefile:857: target 'internal-update-repo-current.vm.centos-stream8.xdotool' does not exist
2021-09-09 02:32:48.951172 +0000 build-centos: repo_base_var="LINUX_REPO_${DIST//-/_}_BASEDIR"; \
2021-09-09 02:32:48.951182 +0000 build-centos: if [ "xdotool" = linux-template-builder ]; then \
2021-09-09 02:32:48.951192 +0000 build-centos: .# templates belongs to dom0 repository, even though PACKAGE_SET=vm
2021-09-09 02:32:48.951200 +0000 build-centos: repo_base_var="LINUX_REPO__BASEDIR"; \
2021-09-09 02:32:48.951206 +0000 build-centos: fi; \
2021-09-09 02:32:48.951213 +0000 build-centos: if [ -n "${!repo_base_var}" ]; then \
2021-09-09 02:32:48.951221 +0000 build-centos: .repo_basedir="${!repo_base_var}"; \
2021-09-09 02:32:48.951246 +0000 build-centos: else \
2021-09-09 02:32:48.951255 +0000 build-centos: .repo_basedir="qubes-src/linux-yum/r4.1"; \
2021-09-09 02:32:48.951261 +0000 build-centos: fi; \
2021-09-09 02:32:48.951269 +0000 build-centos: if [ -r qubes-src/xdotool/Makefile.builder ]; then \
2021-09-09 02:32:48.951277 +0000 build-centos: .echo -n "Updating qubes-src/xdotool... "; \
2021-09-09 02:32:48.951284 +0000 build-centos: .if [ "0" -eq 1 ]; then \
2021-09-09 02:32:48.951293 +0000 build-centos: ..vtag=`git -C qubes-src/xdotool tag --points-at HEAD --list v*`; \
2021-09-09 02:32:48.951302 +0000 build-centos: ..if [ -z "$vtag" ]; then \
2021-09-09 02:32:48.951309 +0000 build-centos: ...echo "no version tag"; \
2021-09-09 02:32:48.951315 +0000 build-centos: ...exit 0; \
2021-09-09 02:32:48.951328 +0000 build-centos: ..fi; \
2021-09-09 02:32:48.951334 +0000 build-centos: .fi; \
2021-09-09 02:32:48.951342 +0000 build-centos: .if [ "xdotool" = linux-template-builder ]; then
2021-09-09 02:32:48.951353 +0000 build-centos: export TEMPLATE_NAME=$(MAKEFLAGS= make -s -C qubes-src/linux-template-builder DIST=centos-stream8 template-name)
2021-09-09 02:32:48.951359 +0000 build-centos: fi
2021-09-09 02:32:48.951379 +0000 build-centos: component_packages=$(MAKEFLAGS= make -s -f Makefile.generic DIST=centos-stream8 PACKAGE_SET=vm COMPONENT=`basename qubes-src/xdotool` UPDATE_REPO=/home/user/builder-r4.1/$repo_basedir/current/vm/centos-stream8 get-var GET_VAR=PACKAGE_LIST); \
2021-09-09 02:32:48.951397 +0000 build-centos: .if [ -z "$component_packages" ]; then \
2021-09-09 02:32:48.951407 +0000 build-centos: ..echo "no packages."; \
2021-09-09 02:32:48.951413 +0000 build-centos: ..exit 0; \
2021-09-09 02:32:48.951419 +0000 build-centos: .fi; \
2021-09-09 02:32:48.951428 +0000 build-centos: .make -s -f Makefile.generic DIST=centos-stream8 PACKAGE_SET=vm \
2021-09-09 02:32:48.951435 +0000 build-centos: ..COMPONENT=`basename qubes-src/xdotool` \
2021-09-09 02:32:48.951442 +0000 build-centos: ..SNAPSHOT_REPO=current-testing \
2021-09-09 02:32:48.951449 +0000 build-centos: ..TARGET_REPO=current \
2021-09-09 02:32:48.951458 +0000 build-centos: ..UPDATE_REPO=/home/user/builder-r4.1/$repo_basedir/current/vm/centos-stream8 \
2021-09-09 02:32:48.951471 +0000 build-centos: ..SNAPSHOT_FILE=/home/user/builder-r4.1/repo-latest-snapshot/current-testing-vm-centos-stream8-`basename qubes-src/xdotool` \
2021-09-09 02:32:48.951477 +0000 build-centos: ..BUILD_LOG_URL= \
2021-09-09 02:32:48.951485 +0000 build-centos: ..update-repo-from-snapshot || exit 1; \
2021-09-09 02:32:48.951510 +0000 build-centos: elif make -C qubes-src/xdotool -n update-repo-current >/dev/null 2>/dev/null; then \
2021-09-09 02:32:48.951519 +0000 build-centos: .echo "Updating qubes-src/xdotool... "; \
2021-09-09 02:32:48.951530 +0000 build-centos: .DIST=centos-stream8 UPDATE_REPO=/home/user/builder-r4.1/$repo_basedir/current/vm/centos-stream8 \
2021-09-09 02:32:48.951539 +0000 build-centos: .make -s -C qubes-src/xdotool update-repo-current || exit 1; \
2021-09-09 02:32:48.951545 +0000 build-centos: else \
2021-09-09 02:32:48.951553 +0000 build-centos: .echo -n "Updating qubes-src/xdotool... skipping."; \
2021-09-09 02:32:48.951558 +0000 build-centos: fi; \
2021-09-09 02:32:48.951563 +0000 build-centos: echo
2021-09-09 02:32:49.083776 +0000 build-centos: Updating qubes-src/xdotool... Makefile.generic:223: target 'update-repo-date-check' does not exist
2021-09-09 02:32:49.083826 +0000 build-centos: if ! [ -r /home/user/builder-r4.1/repo-latest-snapshot/current-testing-vm-centos-stream8-xdotool ]; then \
2021-09-09 02:32:49.083840 +0000 build-centos: .echo "`tput bold`*** Packages weren't uploaded to current-testing! ***`tput sgr0`"; \
2021-09-09 02:32:49.083847 +0000 build-centos: .exit 1; \
2021-09-09 02:32:49.083853 +0000 build-centos: fi
2021-09-09 02:32:49.114499 +0000 build-centos: touch -t `date -d "7 days ago" +%Y%m%d%H%M` /tmp/age-compare-file
2021-09-09 02:32:49.119379 +0000 build-centos: if ! [ /home/user/builder-r4.1/repo-latest-snapshot/current-testing-vm-centos-stream8-xdotool -ot /tmp/age-compare-file ]; then \
2021-09-09 02:32:49.119423 +0000 build-centos: .echo "`tput bold`*** Packages weren't in current-testing for at least 7 days! ***`tput sgr0`"; \
2021-09-09 02:32:49.119433 +0000 build-centos: .exit 1; \
2021-09-09 02:32:49.119440 +0000 build-centos: fi
2021-09-09 02:32:49.124207 +0000 build-centos: rm -f /tmp/age-compare-file
2021-09-09 02:32:49.140163 +0000 build-centos: /home/user/builder-r4.1/qubes-src/builder-rpm/Makefile.rpmbuilder:192: target 'update-repo-from-snapshot-do' does not exist
2021-09-09 02:32:49.140257 +0000 build-centos: for f in pkgs/vm-centos-stream8/libxdo-3.20210804.2-1.el8.x86_64.rpm pkgs/vm-centos-stream8/libxdo-debuginfo-3.20210804.2-1.el8.x86_64.rpm pkgs/vm-centos-stream8/libxdo-devel-3.20210804.2-1.el8.x86_64.rpm pkgs/vm-centos-stream8/xdotool-3.20210804.2-1.el8.src.rpm pkgs/vm-centos-stream8/xdotool-3.20210804.2-1.el8.x86_64.rpm pkgs/vm-centos-stream8/xdotool-debuginfo-3.20210804.2-1.el8.x86_64.rpm pkgs/vm-centos-stream8/xdotool-debugsource-3.20210804.2-1.el8.x86_64.rpm pkgs/vm-centos-stream8/xdotool-3.20210804.2-1.el8.x86_64.buildinfo; do \
2021-09-09 02:32:49.140281 +0000 build-centos: .ln -f /home/user/builder-r4.1/qubes-src/linux-yum/r4.1/current-testing/vm/centos-stream8/rpm/`basename $f` /home/user/builder-r4.1/qubes-src/linux-yum/r4.1/current/vm/centos-stream8/rpm/ || exit 1; \
2021-09-09 02:32:49.140288 +0000 build-centos: done
2021-09-09 02:32:49.291561 +0000 build-centos: /home/user/builder-r4.1/qubes-src/builder-github//Makefile.github:18: target 'notify-github' does not exist
2021-09-09 02:32:49.291610 +0000 build-centos: [ -z "libxdo-3.20210804.2-1.el8" ] || /home/user/builder-r4.1/qubes-src/builder-github//notify-issues \
2021-09-09 02:32:49.291621 +0000 build-centos: .--build-log="" \
2021-09-09 02:32:49.291629 +0000 build-centos: .upload \
2021-09-09 02:32:49.291635 +0000 build-centos: ."r4.1" \
2021-09-09 02:32:49.291642 +0000 build-centos: ."qubes-src/xdotool" \
2021-09-09 02:32:49.291649 +0000 build-centos: ."libxdo-3.20210804.2-1.el8" \
2021-09-09 02:32:49.291656 +0000 build-centos: ."centos-stream8" \
2021-09-09 02:32:49.291661 +0000 build-centos: ."vm" \
2021-09-09 02:32:49.291667 +0000 build-centos: ."current" \
2021-09-09 02:32:49.291677 +0000 build-centos: ."/home/user/github-notify-state/r4.1-xdotool-vm-centos-stream8-current" \
2021-09-09 02:32:49.291686 +0000 build-centos: ."/home/user/github-notify-state/r4.1-xdotool-vm-centos-stream8-current"
2021-09-09 02:32:54.399033 +0000 build-centos: WARNING: /home/user/github-notify-state/r4.1-xdotool-vm-centos-stream8-current does not exist, initializing with the current state
2021-09-09 02:32:54.411648 +0000 build-centos: 
2021-09-09 02:32:54.411700 +0000 build-centos: Makefile:826: update target 'internal-update-repo-current.vm.centos-stream8' due to: internal-update-repo-current.vm.centos-stream8.xdotool
2021-09-09 02:32:54.411710 +0000 build-centos: true
2021-09-09 02:32:54.417630 +0000 build-centos: Makefile:939: target 'post-update-repo-current' does not exist
2021-09-09 02:32:54.417666 +0000 build-centos: true
2021-09-09 02:32:54.551191 +0000 build-centos: Makefile:813: update target 'update-repo-current' due to: internal-update-repo-current.vm.centos-stream8 post-update-repo-current
2021-09-09 02:32:54.551252 +0000 build-centos: true
2021-09-09 02:32:54.579835 +0000 build-centos: > done
2021-09-09 02:32:54.579878 +0000 > closing log
