2022-07-25 16:05:52.271253 +0000 > starting log
2022-07-25 16:05:52.271781 +0000 build-centos: > starting build with log
2022-07-25 16:05:52.271796 +0000 build-centos: >> make args: update-repo-current
2022-07-25 16:05:52.271804 +0000 build-centos: >> MAKEFLAGS=
2022-07-25 16:05:52.271812 +0000 build-centos: >> COMPONENTS=mgmt-salt-dom0-update
2022-07-25 16:05:52.271819 +0000 build-centos: >> DISTS_VM=centos-stream8
2022-07-25 16:05:52.271826 +0000 build-centos: >> DIST_DOM0=
2022-07-25 16:05:52.271835 +0000 build-centos: >> qubes-builder 20ad3a0690db5a940dc9c0c7f080d1980cf24c83
2022-07-25 16:05:52.271845 +0000 build-centos: >> qubes-builder/qubes-src/mgmt-salt-dom0-update eb5d9a523e35619f79cf8581d63603a976990137
2022-07-25 16:05:52.797977 +0000 build-centos: ================================================================================
2022-07-25 16:05:52.798027 +0000 build-centos:                            B U I L D   I N F O                                  
2022-07-25 16:05:52.798043 +0000 build-centos: Items in red indicate it was automatically generated by configuration file(s)
2022-07-25 16:05:52.798058 +0000 build-centos: Items in white indicate it was automatically removed by configuration file(s)
2022-07-25 16:05:52.798070 +0000 build-centos: ================================================================================
2022-07-25 16:05:52.798077 +0000 build-centos: DISTS_VM:
2022-07-25 16:05:52.798084 +0000 build-centos:      centos-stream8,
2022-07-25 16:05:52.798090 +0000 build-centos: DISTS_ALL:
2022-07-25 16:05:52.798098 +0000 build-centos:      vm-centos-stream8,
2022-07-25 16:05:52.798104 +0000 build-centos: DIST_DOM0:
2022-07-25 16:05:52.908458 +0000 build-centos:     
2022-07-25 16:05:52.942007 +0000 build-centos: BUILDER_PLUGINS:
2022-07-25 16:05:52.946866 +0000 build-centos:      builder-rpm, builder-debian, mgmt-salt, linux-yum, release-configs, builder-github,
2022-07-25 16:05:52.950446 +0000 build-centos: COMPONENTS:
2022-07-25 16:05:52.962727 +0000 build-centos:      mgmt-salt-dom0-update,
2022-07-25 16:05:52.962766 +0000 build-centos: GIT_REPOS:
2022-07-25 16:05:52.969438 +0000 build-centos:      qubes-src/mgmt-salt-dom0-update,
2022-07-25 16:05:53.019202 +0000 build-centos: TEMPLATE:
2022-07-25 16:05:53.019246 +0000 build-centos:     
2022-07-25 16:05:53.019257 +0000 build-centos: TEMPLATE_FLAVOR_DIR:
2022-07-25 16:05:53.024061 +0000 build-centos:     
2022-07-25 16:05:53.024099 +0000 build-centos: TEMPLATE_ALIAS:
2022-07-25 16:05:53.088807 +0000 build-centos:      stretch:stretch+standard, stretch+gnome:stretch+gnome+standard,
2022-07-25 16:05:53.088857 +0000 build-centos:      stretch+minimal:stretch+minimal+no-recommends, buster:buster+standard,
2022-07-25 16:05:53.088872 +0000 build-centos:      buster+gnome:buster+gnome+standard, buster+minimal:buster+minimal+no-recommends,
2022-07-25 16:05:53.088885 +0000 build-centos:      bullseye:bullseye+standard+firmware, bullseye+gnome:bullseye+gnome+standard+firmware,
2022-07-25 16:05:53.088896 +0000 build-centos:      bullseye+minimal:bullseye+minimal+no-recommends, bookworm:bookworm+standard,
2022-07-25 16:05:53.088907 +0000 build-centos:      bookworm+gnome:bookworm+gnome+standard, bookworm+minimal:bookworm+minimal+no-recommends,
2022-07-25 16:05:53.088923 +0000 build-centos:      bionic:bionic+standard, focal:focal+standard, whonix-gateway-15:buster+whonix-gateway+minimal+no-recommends,
2022-07-25 16:05:53.088934 +0000 build-centos:      whonix-workstation-15:buster+whonix-workstation+minimal+no-recommends,
2022-07-25 16:05:53.088943 +0000 build-centos:      whonix-gateway-16:bullseye+whonix-gateway+minimal+no-recommends,
2022-07-25 16:05:53.088954 +0000 build-centos:      whonix-workstation-16:bullseye+whonix-workstation+minimal+no-recommends,
2022-07-25 16:05:53.089356 +0000 build-centos: TEMPLATE_LABEL:
2022-07-25 16:05:53.110960 +0000 build-centos:      centos-stream8:centos-stream-8, fc34:fedora-34 fc35:fedora-35 fc36:fedora-36 fc34+minimal:fedora-34-minimal
2022-07-25 16:05:53.111007 +0000 build-centos:      fc35+minimal:fedora-35-minimal fc36+minimal:fedora-36-minimal fc34+xfce:fedora-34-xfce
2022-07-25 16:05:53.111040 +0000 build-centos:      fc35+xfce:fedora-35-xfce fc36+xfce:fedora-36-xfce stretch:debian-9 stretch+standard:debian-9
2022-07-25 16:05:53.111053 +0000 build-centos:      stretch+xfce:debian-9-xfce buster:debian-10 buster+standard:debian-10 buster+xfce:debian-10-xfce
2022-07-25 16:05:53.111065 +0000 build-centos:      bullseye:debian-11 bullseye+standard+firmware:debian-11 bullseye+xfce:debian-11-xfce
2022-07-25 16:05:53.111076 +0000 build-centos:      bookworm:debian-12 bookworm+standard:debian-12 bookworm+xfce:debian-12-xfce bionic+standard:bionic
2022-07-25 16:05:53.111087 +0000 build-centos:      focal+standard:focal buster+whonix-gateway+minimal+no-recommends:whonix-gw-15
2022-07-25 16:05:53.111096 +0000 build-centos:      buster+whonix-workstation+minimal+no-recommends:whonix-ws-15
2022-07-25 16:05:53.111108 +0000 build-centos:      bullseye+whonix-gateway+minimal+no-recommends:whonix-gw-16
2022-07-25 16:05:53.111118 +0000 build-centos:      bullseye+whonix-workstation+minimal+no-recommends:whonix-ws-16 centos7:centos-7
2022-07-25 16:05:53.111130 +0000 build-centos:      centos7+minimal:centos-7-minimal centos7+xfce:centos-7-xfce centos-stream8+minimal:centos-stream-8-minimal
2022-07-25 16:05:53.111138 +0000 build-centos:      centos-stream8+xfce:centos-stream-8-xfce
2022-07-25 16:05:53.241563 +0000 build-centos: > running make
2022-07-25 16:05:53.271307 +0000 build-centos: Makefile:863: target 'internal-update-repo-current.vm.centos-stream8.mgmt-salt-dom0-update' does not exist
2022-07-25 16:05:53.271349 +0000 build-centos: repo_base_var="LINUX_REPO_${DIST//-/_}_BASEDIR"; \
2022-07-25 16:05:53.271361 +0000 build-centos: if [ "mgmt-salt-dom0-update" = linux-template-builder ]; then \
2022-07-25 16:05:53.271372 +0000 build-centos: .# templates belongs to dom0 repository, even though PACKAGE_SET=vm
2022-07-25 16:05:53.271380 +0000 build-centos: repo_base_var="LINUX_REPO__BASEDIR"; \
2022-07-25 16:05:53.271386 +0000 build-centos: fi; \
2022-07-25 16:05:53.271394 +0000 build-centos: if [ -n "${!repo_base_var}" ]; then \
2022-07-25 16:05:53.271401 +0000 build-centos: .repo_basedir="${!repo_base_var}"; \
2022-07-25 16:05:53.271407 +0000 build-centos: else \
2022-07-25 16:05:53.271415 +0000 build-centos: .repo_basedir="qubes-src/linux-yum/r4.1"; \
2022-07-25 16:05:53.271420 +0000 build-centos: fi; \
2022-07-25 16:05:53.271429 +0000 build-centos: if [ -r qubes-src/mgmt-salt-dom0-update/Makefile.builder ]; then \
2022-07-25 16:05:53.271438 +0000 build-centos: .echo -n "Updating qubes-src/mgmt-salt-dom0-update... "; \
2022-07-25 16:05:53.271445 +0000 build-centos: .if [ "0" -eq 1 ]; then \
2022-07-25 16:05:53.271455 +0000 build-centos: ..vtag=`git -C qubes-src/mgmt-salt-dom0-update tag --points-at HEAD --list v*`; \
2022-07-25 16:05:53.271463 +0000 build-centos: ..if [ -z "$vtag" ]; then \
2022-07-25 16:05:53.271470 +0000 build-centos: ...echo "no version tag"; \
2022-07-25 16:05:53.271476 +0000 build-centos: ...exit 0; \
2022-07-25 16:05:53.271482 +0000 build-centos: ..fi; \
2022-07-25 16:05:53.271487 +0000 build-centos: .fi; \
2022-07-25 16:05:53.271496 +0000 build-centos: .if [ "mgmt-salt-dom0-update" = linux-template-builder ]; then
2022-07-25 16:05:53.271508 +0000 build-centos: export TEMPLATE_NAME=$(MAKEFLAGS= make -s -C qubes-src/linux-template-builder DIST=centos-stream8 template-name)
2022-07-25 16:05:53.271514 +0000 build-centos: fi
2022-07-25 16:05:53.271536 +0000 build-centos: component_packages=$(MAKEFLAGS= make -s -f Makefile.generic DIST=centos-stream8 PACKAGE_SET=vm COMPONENT=`basename qubes-src/mgmt-salt-dom0-update` UPDATE_REPO=/home/user/builder-r4.1/$repo_basedir/current/vm/centos-stream8 get-var GET_VAR=PACKAGE_LIST); \
2022-07-25 16:05:53.271544 +0000 build-centos: .if [ -z "$component_packages" ]; then \
2022-07-25 16:05:53.271551 +0000 build-centos: ..echo "no packages."; \
2022-07-25 16:05:53.271557 +0000 build-centos: ..exit 0; \
2022-07-25 16:05:53.271563 +0000 build-centos: .fi; \
2022-07-25 16:05:53.271588 +0000 build-centos: .make -s -f Makefile.generic DIST=centos-stream8 PACKAGE_SET=vm \
2022-07-25 16:05:53.271598 +0000 build-centos: ..COMPONENT=`basename qubes-src/mgmt-salt-dom0-update` \
2022-07-25 16:05:53.271605 +0000 build-centos: ..SNAPSHOT_REPO=current-testing \
2022-07-25 16:05:53.271612 +0000 build-centos: ..TARGET_REPO=current \
2022-07-25 16:05:53.271621 +0000 build-centos: ..UPDATE_REPO=/home/user/builder-r4.1/$repo_basedir/current/vm/centos-stream8 \
2022-07-25 16:05:53.271635 +0000 build-centos: ..SNAPSHOT_FILE=/home/user/builder-r4.1/repo-latest-snapshot/current-testing-vm-centos-stream8-`basename qubes-src/mgmt-salt-dom0-update` \
2022-07-25 16:05:53.271642 +0000 build-centos: ..BUILD_LOG_URL= \
2022-07-25 16:05:53.271650 +0000 build-centos: ..update-repo-from-snapshot || exit 1; \
2022-07-25 16:05:53.271661 +0000 build-centos: elif make -C qubes-src/mgmt-salt-dom0-update -n update-repo-current >/dev/null 2>/dev/null; then \
2022-07-25 16:05:53.271669 +0000 build-centos: .echo "Updating qubes-src/mgmt-salt-dom0-update... "; \
2022-07-25 16:05:53.271680 +0000 build-centos: .DIST=centos-stream8 UPDATE_REPO=/home/user/builder-r4.1/$repo_basedir/current/vm/centos-stream8 \
2022-07-25 16:05:53.271690 +0000 build-centos: .make -s -C qubes-src/mgmt-salt-dom0-update update-repo-current || exit 1; \
2022-07-25 16:05:53.271696 +0000 build-centos: else \
2022-07-25 16:05:53.271705 +0000 build-centos: .echo -n "Updating qubes-src/mgmt-salt-dom0-update... skipping."; \
2022-07-25 16:05:53.271711 +0000 build-centos: fi; \
2022-07-25 16:05:53.271747 +0000 build-centos: echo
2022-07-25 16:05:53.453751 +0000 build-centos: Updating qubes-src/mgmt-salt-dom0-update... no packages.
2022-07-25 16:05:53.484482 +0000 build-centos: Makefile:832: update target 'internal-update-repo-current.vm.centos-stream8' due to: internal-update-repo-current.vm.centos-stream8.mgmt-salt-dom0-update
2022-07-25 16:05:53.484523 +0000 build-centos: true
2022-07-25 16:05:53.486925 +0000 build-centos: Makefile:945: target 'post-update-repo-current' does not exist
2022-07-25 16:05:53.486959 +0000 build-centos: true
2022-07-25 16:05:53.495707 +0000 build-centos: Makefile:819: update target 'update-repo-current' due to: internal-update-repo-current.vm.centos-stream8 post-update-repo-current
2022-07-25 16:05:53.495743 +0000 build-centos: true
2022-07-25 16:05:53.513540 +0000 build-centos: > done
2022-07-25 16:05:53.513590 +0000 > closing log
