2020-10-05 01:38:47.412415 +0000 > starting log
2020-10-05 01:38:47.412775 +0000 build-centos: > starting build with log
2020-10-05 01:38:47.412788 +0000 build-centos: >> make args: update-repo-current
2020-10-05 01:38:47.412796 +0000 build-centos: >> MAKEFLAGS=
2020-10-05 01:38:47.412803 +0000 build-centos: >> COMPONENTS=infrastructure
2020-10-05 01:38:47.412810 +0000 build-centos: >> DISTS_VM=centos7 centos8
2020-10-05 01:38:47.412816 +0000 build-centos: >> DIST_DOM0=
2020-10-05 01:38:47.412824 +0000 build-centos: >> qubes-builder caade35959ee6e68fa87d0aa8be1d0a9a01a9bdf
2020-10-05 01:38:47.412834 +0000 build-centos: >> qubes-builder/qubes-src/infrastructure 09c71b9c7f3d647feb040d3d9cfd567ed878cc89
2020-10-05 01:38:47.412845 +0000 build-centos: >> qubes-builder/qubes-src/infrastructure/build-infra/qubes-builder 4cab123723ffe981d2137d8e0ba421f6db9be103
2020-10-05 01:38:47.438268 +0000 build-centos: >> qubes-builder/qubes-src/infrastructure/build-infra/qubes-builder-github ffe774406b0b98103f0d378acf0b685e59a94f62
2020-10-05 01:38:47.487409 +0000 build-centos: ================================================================================
2020-10-05 01:38:47.487464 +0000 build-centos:                            B U I L D   I N F O                                  
2020-10-05 01:38:47.487786 +0000 build-centos: Items in red indicate it was automatically generated by configuration file(s)
2020-10-05 01:38:47.487808 +0000 build-centos: Items in white indicate it was automatically removed by configuration file(s)
2020-10-05 01:38:47.487819 +0000 build-centos: ================================================================================
2020-10-05 01:38:47.487825 +0000 build-centos: DISTS_VM:
2020-10-05 01:38:47.489572 +0000 build-centos:      centos7, centos8,
2020-10-05 01:38:47.490271 +0000 build-centos: DISTS_ALL:
2020-10-05 01:38:47.491084 +0000 build-centos:      vm-centos7, vm-centos8,
2020-10-05 01:38:47.492258 +0000 build-centos: DIST_DOM0:
2020-10-05 01:38:47.492688 +0000 build-centos:     
2020-10-05 01:38:47.493363 +0000 build-centos: BUILDER_PLUGINS:
2020-10-05 01:38:47.494203 +0000 build-centos:      builder-rpm, builder-debian, mgmt-salt, linux-yum, release-configs, builder-github,
2020-10-05 01:38:47.495265 +0000 build-centos: COMPONENTS:
2020-10-05 01:38:47.495631 +0000 build-centos:      infrastructure,
2020-10-05 01:38:47.496821 +0000 build-centos: GIT_REPOS:
2020-10-05 01:38:47.497034 +0000 build-centos:      qubes-src/infrastructure,
2020-10-05 01:38:47.498230 +0000 build-centos: TEMPLATE:
2020-10-05 01:38:47.498502 +0000 build-centos:     
2020-10-05 01:38:47.499630 +0000 build-centos: TEMPLATE_FLAVOR_DIR:
2020-10-05 01:38:47.499987 +0000 build-centos:     
2020-10-05 01:38:47.501255 +0000 build-centos: TEMPLATE_ALIAS:
2020-10-05 01:38:47.501492 +0000 build-centos:      stretch:stretch+standard, stretch+gnome:stretch+gnome+standard,
2020-10-05 01:38:47.501521 +0000 build-centos:      stretch+minimal:stretch+minimal+no-recommends, buster:buster+standard, buster+gnome:buster+gnome+standard,
2020-10-05 01:38:47.501533 +0000 build-centos:      buster+minimal:buster+minimal+no-recommends, bullseye:bullseye+standard,
2020-10-05 01:38:47.501544 +0000 build-centos:      bullseye+gnome:bullseye+gnome+standard, bullseye+minimal:bullseye+minimal+no-recommends,
2020-10-05 01:38:47.501553 +0000 build-centos:      whonix-gateway-14:stretch+whonix-gateway+minimal+no-recommends,
2020-10-05 01:38:47.501563 +0000 build-centos:      whonix-workstation-14:stretch+whonix-workstation+minimal+no-recommends,
2020-10-05 01:38:47.501571 +0000 build-centos:      whonix-gateway-15:buster+whonix-gateway+minimal+no-recommends,
2020-10-05 01:38:47.501581 +0000 build-centos:      whonix-workstation-15:buster+whonix-workstation+minimal+no-recommends,
2020-10-05 01:38:47.502631 +0000 build-centos: TEMPLATE_LABEL:
2020-10-05 01:38:47.503112 +0000 build-centos:      centos7:centos-7, centos8:centos-8, fc25:fedora-25 fc30:fedora-30 fc31:fedora-31 fc32:fedora-32
2020-10-05 01:38:47.503141 +0000 build-centos:      fc30+minimal:fedora-30-minimal fc31+minimal:fedora-31-minimal fc32+minimal:fedora-32-minimal
2020-10-05 01:38:47.503166 +0000 build-centos:      fc30+xfce:fedora-30-xfce fc31+xfce:fedora-31-xfce fc32+xfce:fedora-32-xfce
2020-10-05 01:38:47.503179 +0000 build-centos:      stretch:debian-9 stretch+standard:debian-9 stretch+xfce:debian-9-xfce buster:debian-10
2020-10-05 01:38:47.503190 +0000 build-centos:      buster+standard:debian-10 buster+xfce:debian-10-xfce bullseye:debian-11 bullseye+standard:debian-11
2020-10-05 01:38:47.503200 +0000 build-centos:      bullseye+xfce:debian-11-xfce stretch+whonix-gateway+minimal+no-recommends:whonix-gw-14
2020-10-05 01:38:47.503209 +0000 build-centos:      stretch+whonix-workstation+minimal+no-recommends:whonix-ws-14
2020-10-05 01:38:47.503218 +0000 build-centos:      buster+whonix-gateway+minimal+no-recommends:whonix-gw-15
2020-10-05 01:38:47.503228 +0000 build-centos:      buster+whonix-workstation+minimal+no-recommends:whonix-ws-15 centos7+minimal:centos-7-minimal
2020-10-05 01:38:47.503238 +0000 build-centos:      centos7+xfce:centos-7-xfce centos8+minimal:centos-8-minimal centos8+xfce:centos-8-xfce
2020-10-05 01:38:47.517296 +0000 build-centos: > running make
2020-10-05 01:38:47.528564 +0000 build-centos: Makefile:818: target 'internal-update-repo-current.vm.centos7.infrastructure' does not exist
2020-10-05 01:38:47.528615 +0000 build-centos: repo_base_var="LINUX_REPO_centos7_BASEDIR"; \
2020-10-05 01:38:47.528626 +0000 build-centos: if [ "infrastructure" = linux-template-builder ]; then \
2020-10-05 01:38:47.528637 +0000 build-centos: .# templates belongs to dom0 repository, even though PACKAGE_SET=vm
2020-10-05 01:38:47.528645 +0000 build-centos: repo_base_var="LINUX_REPO__BASEDIR"; \
2020-10-05 01:38:47.528651 +0000 build-centos: fi; \
2020-10-05 01:38:47.528659 +0000 build-centos: if [ -n "${!repo_base_var}" ]; then \
2020-10-05 01:38:47.528666 +0000 build-centos: .repo_basedir="${!repo_base_var}"; \
2020-10-05 01:38:47.528672 +0000 build-centos: else \
2020-10-05 01:38:47.528680 +0000 build-centos: .repo_basedir="qubes-src/linux-yum/r4.0"; \
2020-10-05 01:38:47.528685 +0000 build-centos: fi; \
2020-10-05 01:38:47.528693 +0000 build-centos: if [ -r qubes-src/infrastructure/Makefile.builder ]; then \
2020-10-05 01:38:47.528701 +0000 build-centos: .echo -n "Updating qubes-src/infrastructure... "; \
2020-10-05 01:38:47.528708 +0000 build-centos: .if [ "0" -eq 1 ]; then \
2020-10-05 01:38:47.528717 +0000 build-centos: ..vtag=`git -C qubes-src/infrastructure tag --points-at HEAD --list v*`; \
2020-10-05 01:38:47.528724 +0000 build-centos: ..if [ -z "$vtag" ]; then \
2020-10-05 01:38:47.528731 +0000 build-centos: ...echo "no version tag"; \
2020-10-05 01:38:47.528737 +0000 build-centos: ...exit 0; \
2020-10-05 01:38:47.528743 +0000 build-centos: ..fi; \
2020-10-05 01:38:47.528748 +0000 build-centos: .fi; \
2020-10-05 01:38:47.528756 +0000 build-centos: .if [ "infrastructure" = linux-template-builder ]; then
2020-10-05 01:38:47.528767 +0000 build-centos: export TEMPLATE_NAME=$(MAKEFLAGS= make -s -C qubes-src/linux-template-builder DIST=centos7 template-name)
2020-10-05 01:38:47.528773 +0000 build-centos: fi
2020-10-05 01:38:47.528792 +0000 build-centos: component_packages=$(MAKEFLAGS= make -s -f Makefile.generic DIST=centos7 PACKAGE_SET=vm COMPONENT=`basename qubes-src/infrastructure` UPDATE_REPO=/home/user/builder-r4.0/$repo_basedir/current/vm/centos7 get-var GET_VAR=PACKAGE_LIST); \
2020-10-05 01:38:47.528800 +0000 build-centos: .if [ -z "$component_packages" ]; then \
2020-10-05 01:38:47.528807 +0000 build-centos: ..echo "no packages."; \
2020-10-05 01:38:47.528813 +0000 build-centos: ..exit 0; \
2020-10-05 01:38:47.528819 +0000 build-centos: .fi; \
2020-10-05 01:38:47.528827 +0000 build-centos: .make -s -f Makefile.generic DIST=centos7 PACKAGE_SET=vm \
2020-10-05 01:38:47.528835 +0000 build-centos: ..COMPONENT=`basename qubes-src/infrastructure` \
2020-10-05 01:38:47.528842 +0000 build-centos: ..SNAPSHOT_REPO=current-testing \
2020-10-05 01:38:47.528848 +0000 build-centos: ..TARGET_REPO=current \
2020-10-05 01:38:47.528875 +0000 build-centos: ..UPDATE_REPO=/home/user/builder-r4.0/$repo_basedir/current/vm/centos7 \
2020-10-05 01:38:47.528888 +0000 build-centos: ..SNAPSHOT_FILE=/home/user/builder-r4.0/repo-latest-snapshot/current-testing-vm-centos7-`basename qubes-src/infrastructure` \
2020-10-05 01:38:47.528895 +0000 build-centos: ..BUILD_LOG_URL= \
2020-10-05 01:38:47.528902 +0000 build-centos: ..update-repo-from-snapshot || exit 1; \
2020-10-05 01:38:47.528912 +0000 build-centos: elif make -C qubes-src/infrastructure -n update-repo-current >/dev/null 2>/dev/null; then \
2020-10-05 01:38:47.528920 +0000 build-centos: .echo "Updating qubes-src/infrastructure... "; \
2020-10-05 01:38:47.528930 +0000 build-centos: .DIST=centos7 UPDATE_REPO=/home/user/builder-r4.0/$repo_basedir/current/vm/centos7 \
2020-10-05 01:38:47.528938 +0000 build-centos: .make -s -C qubes-src/infrastructure update-repo-current || exit 1; \
2020-10-05 01:38:47.528944 +0000 build-centos: else \
2020-10-05 01:38:47.528952 +0000 build-centos: .echo -n "Updating qubes-src/infrastructure... skipping."; \
2020-10-05 01:38:47.528958 +0000 build-centos: fi; \
2020-10-05 01:38:47.528963 +0000 build-centos: echo
2020-10-05 01:38:47.542616 +0000 build-centos: Updating qubes-src/infrastructure... no packages.
2020-10-05 01:38:47.542826 +0000 build-centos: Makefile:791: update target 'internal-update-repo-current.vm.centos7' due to: internal-update-repo-current.vm.centos7.infrastructure
2020-10-05 01:38:47.542849 +0000 build-centos: true
2020-10-05 01:38:47.544163 +0000 build-centos: Makefile:818: target 'internal-update-repo-current.vm.centos8.infrastructure' does not exist
2020-10-05 01:38:47.544195 +0000 build-centos: repo_base_var="LINUX_REPO_centos8_BASEDIR"; \
2020-10-05 01:38:47.544207 +0000 build-centos: if [ "infrastructure" = linux-template-builder ]; then \
2020-10-05 01:38:47.544218 +0000 build-centos: .# templates belongs to dom0 repository, even though PACKAGE_SET=vm
2020-10-05 01:38:47.544227 +0000 build-centos: repo_base_var="LINUX_REPO__BASEDIR"; \
2020-10-05 01:38:47.544234 +0000 build-centos: fi; \
2020-10-05 01:38:47.544243 +0000 build-centos: if [ -n "${!repo_base_var}" ]; then \
2020-10-05 01:38:47.544252 +0000 build-centos: .repo_basedir="${!repo_base_var}"; \
2020-10-05 01:38:47.544258 +0000 build-centos: else \
2020-10-05 01:38:47.544267 +0000 build-centos: .repo_basedir="qubes-src/linux-yum/r4.0"; \
2020-10-05 01:38:47.544273 +0000 build-centos: fi; \
2020-10-05 01:38:47.544282 +0000 build-centos: if [ -r qubes-src/infrastructure/Makefile.builder ]; then \
2020-10-05 01:38:47.544291 +0000 build-centos: .echo -n "Updating qubes-src/infrastructure... "; \
2020-10-05 01:38:47.544299 +0000 build-centos: .if [ "0" -eq 1 ]; then \
2020-10-05 01:38:47.544310 +0000 build-centos: ..vtag=`git -C qubes-src/infrastructure tag --points-at HEAD --list v*`; \
2020-10-05 01:38:47.544318 +0000 build-centos: ..if [ -z "$vtag" ]; then \
2020-10-05 01:38:47.544326 +0000 build-centos: ...echo "no version tag"; \
2020-10-05 01:38:47.544333 +0000 build-centos: ...exit 0; \
2020-10-05 01:38:47.544339 +0000 build-centos: ..fi; \
2020-10-05 01:38:47.544346 +0000 build-centos: .fi; \
2020-10-05 01:38:47.544355 +0000 build-centos: .if [ "infrastructure" = linux-template-builder ]; then
2020-10-05 01:38:47.544367 +0000 build-centos: export TEMPLATE_NAME=$(MAKEFLAGS= make -s -C qubes-src/linux-template-builder DIST=centos8 template-name)
2020-10-05 01:38:47.544375 +0000 build-centos: fi
2020-10-05 01:38:47.544396 +0000 build-centos: component_packages=$(MAKEFLAGS= make -s -f Makefile.generic DIST=centos8 PACKAGE_SET=vm COMPONENT=`basename qubes-src/infrastructure` UPDATE_REPO=/home/user/builder-r4.0/$repo_basedir/current/vm/centos8 get-var GET_VAR=PACKAGE_LIST); \
2020-10-05 01:38:47.544406 +0000 build-centos: .if [ -z "$component_packages" ]; then \
2020-10-05 01:38:47.544414 +0000 build-centos: ..echo "no packages."; \
2020-10-05 01:38:47.544421 +0000 build-centos: ..exit 0; \
2020-10-05 01:38:47.544427 +0000 build-centos: .fi; \
2020-10-05 01:38:47.544453 +0000 build-centos: .make -s -f Makefile.generic DIST=centos8 PACKAGE_SET=vm \
2020-10-05 01:38:47.544463 +0000 build-centos: ..COMPONENT=`basename qubes-src/infrastructure` \
2020-10-05 01:38:47.544471 +0000 build-centos: ..SNAPSHOT_REPO=current-testing \
2020-10-05 01:38:47.544479 +0000 build-centos: ..TARGET_REPO=current \
2020-10-05 01:38:47.544489 +0000 build-centos: ..UPDATE_REPO=/home/user/builder-r4.0/$repo_basedir/current/vm/centos8 \
2020-10-05 01:38:47.544506 +0000 build-centos: ..SNAPSHOT_FILE=/home/user/builder-r4.0/repo-latest-snapshot/current-testing-vm-centos8-`basename qubes-src/infrastructure` \
2020-10-05 01:38:47.544515 +0000 build-centos: ..BUILD_LOG_URL= \
2020-10-05 01:38:47.544523 +0000 build-centos: ..update-repo-from-snapshot || exit 1; \
2020-10-05 01:38:47.544535 +0000 build-centos: elif make -C qubes-src/infrastructure -n update-repo-current >/dev/null 2>/dev/null; then \
2020-10-05 01:38:47.544544 +0000 build-centos: .echo "Updating qubes-src/infrastructure... "; \
2020-10-05 01:38:47.544555 +0000 build-centos: .DIST=centos8 UPDATE_REPO=/home/user/builder-r4.0/$repo_basedir/current/vm/centos8 \
2020-10-05 01:38:47.544565 +0000 build-centos: .make -s -C qubes-src/infrastructure update-repo-current || exit 1; \
2020-10-05 01:38:47.544571 +0000 build-centos: else \
2020-10-05 01:38:47.544581 +0000 build-centos: .echo -n "Updating qubes-src/infrastructure... skipping."; \
2020-10-05 01:38:47.544587 +0000 build-centos: fi; \
2020-10-05 01:38:47.544593 +0000 build-centos: echo
2020-10-05 01:38:47.558653 +0000 build-centos: Updating qubes-src/infrastructure... no packages.
2020-10-05 01:38:47.558806 +0000 build-centos: Makefile:791: update target 'internal-update-repo-current.vm.centos8' due to: internal-update-repo-current.vm.centos8.infrastructure
2020-10-05 01:38:47.558827 +0000 build-centos: true
2020-10-05 01:38:47.560063 +0000 build-centos: Makefile:872: target 'post-update-repo-current' does not exist
2020-10-05 01:38:47.560090 +0000 build-centos: for dist in  centos7 centos8; do \
2020-10-05 01:38:47.560101 +0000 build-centos: .repo_base_var="LINUX_REPO_${dist}_BASEDIR"; \
2020-10-05 01:38:47.560110 +0000 build-centos: .if [ -n "${!repo_base_var}" ]; then \
2020-10-05 01:38:47.560119 +0000 build-centos: ..repo_basedir="${!repo_base_var}"; \
2020-10-05 01:38:47.560126 +0000 build-centos: .else \
2020-10-05 01:38:47.560135 +0000 build-centos: ..repo_basedir="qubes-src/linux-yum/r4.0"; \
2020-10-05 01:38:47.560141 +0000 build-centos: .fi; \
2020-10-05 01:38:47.560151 +0000 build-centos: .repos_to_update="$repos_to_update $repo_basedir"; \
2020-10-05 01:38:47.560157 +0000 build-centos: done; \
2020-10-05 01:38:47.560165 +0000 build-centos: pkgset_dist= ; \
2020-10-05 01:38:47.560172 +0000 build-centos: for dist in ; do \
2020-10-05 01:38:47.560181 +0000 build-centos: .pkgset_dist="$pkgset_dist dom0/$dist"; \
2020-10-05 01:38:47.560187 +0000 build-centos: done; \
2020-10-05 01:38:47.560196 +0000 build-centos: for dist in centos7 centos8; do \
2020-10-05 01:38:47.560204 +0000 build-centos: .pkgset_dist="$pkgset_dist vm/$dist"; \
2020-10-05 01:38:47.560211 +0000 build-centos: done; \
2020-10-05 01:38:47.560220 +0000 build-centos: for repo in `echo $repos_to_update|tr ' ' '\n'|sort|uniq`; do \
2020-10-05 01:38:47.560228 +0000 build-centos: .[ -z "$repo" ] && continue; \
2020-10-05 01:38:47.560238 +0000 build-centos: .[ -x "$repo/../update_repo-current.sh" ] || continue; \
2020-10-05 01:38:47.560248 +0000 build-centos: .(cd $repo/.. && ./update_repo-current.sh r4.0 $pkgset_dist); \
2020-10-05 01:38:47.560254 +0000 build-centos: done
2020-10-05 01:38:47.567888 +0000 build-centos: which: no mkmetalink in (/usr/local/sbin:/usr/local/bin:/usr/sbin:/usr/bin:/home/user/.local/bin:/home/user/bin:/home/user/builder-r4.0/qubes-src/builder-rpm/tools)
2020-10-05 01:38:47.570529 +0000 build-centos: --> Processing repo: r4.0/current/dom0/fc25...
2020-10-05 01:38:47.609767 +0000 build-centos: --> Processing repo: r4.0/current/vm/centos7...
2020-10-05 01:38:55.412457 +0000 build-centos: --> Processing repo: r4.0/current/vm/centos8...
2020-10-05 01:38:56.856246 +0000 build-centos: --> Processing repo: r4.0/current/vm/fc17...
2020-10-05 01:38:56.889813 +0000 build-centos: --> Processing repo: r4.0/current/vm/fc20...
2020-10-05 01:38:56.916316 +0000 build-centos: --> Processing repo: r4.0/current/vm/fc21...
2020-10-05 01:38:56.942304 +0000 build-centos: --> Processing repo: r4.0/current/vm/fc22...
2020-10-05 01:38:56.968432 +0000 build-centos: --> Processing repo: r4.0/current/vm/fc23...
2020-10-05 01:38:56.996504 +0000 build-centos: --> Processing repo: r4.0/current/vm/fc24...
2020-10-05 01:38:57.027515 +0000 build-centos: --> Processing repo: r4.0/current/vm/fc25...
2020-10-05 01:38:57.054469 +0000 build-centos: --> Processing repo: r4.0/current/vm/fc26...
2020-10-05 01:38:57.082738 +0000 build-centos: --> Processing repo: r4.0/current/vm/fc27...
2020-10-05 01:38:57.110300 +0000 build-centos: --> Processing repo: r4.0/current/vm/fc28...
2020-10-05 01:38:57.138760 +0000 build-centos: --> Processing repo: r4.0/current/vm/fc29...
2020-10-05 01:38:57.167714 +0000 build-centos: --> Processing repo: r4.0/current/vm/fc30...
2020-10-05 01:38:57.197019 +0000 build-centos: --> Processing repo: r4.0/current/vm/fc31...
2020-10-05 01:38:57.226204 +0000 build-centos: --> Processing repo: r4.0/current/vm/fc32...
2020-10-05 01:38:57.257279 +0000 build-centos: --> Processing repo: r4.0/current/vm/fc33...
2020-10-05 01:38:57.286591 +0000 build-centos: Done.
2020-10-05 01:38:57.289192 +0000 build-centos: ~/builder-r4.0/qubes-src/linux-yum ~/builder-r4.0/qubes-src/linux-yum
2020-10-05 01:38:57.290278 +0000 build-centos: Syncing r4.0...
2020-10-05 01:38:58.567344 +0000 build-centos: kex_exchange_identification: Connection closed by remote host.
2020-10-05 01:38:58.567390 +0000 build-centos: Connection closed by 147.75.32.69 port 22.
2020-10-05 01:38:58.567783 +0000 build-centos: rsync: connection unexpectedly closed (0 bytes received so far) [sender]
2020-10-05 01:38:58.567811 +0000 build-centos: rsync error: unexplained error (code 255) at io.c(228) [sender=3.2.3]
2020-10-05 01:38:59.832640 +0000 build-centos: kex_exchange_identification: Connection closed by remote host.
2020-10-05 01:38:59.832689 +0000 build-centos: Connection closed by 147.75.32.69 port 22.
2020-10-05 01:38:59.832943 +0000 build-centos: rsync: connection unexpectedly closed (0 bytes received so far) [sender]
2020-10-05 01:38:59.832965 +0000 build-centos: rsync error: unexplained error (code 255) at io.c(228) [sender=3.2.3]
2020-10-05 01:39:01.132869 +0000 build-centos: kex_exchange_identification: Connection closed by remote host.
2020-10-05 01:39:01.132919 +0000 build-centos: Connection closed by 147.75.32.69 port 22.
2020-10-05 01:39:02.397790 +0000 build-centos: kex_exchange_identification: Connection closed by remote host.
2020-10-05 01:39:02.398417 +0000 build-centos: Connection closed by 147.75.32.69 port 22.
2020-10-05 01:39:03.686186 +0000 build-centos: kex_exchange_identification: Connection closed by remote host.
2020-10-05 01:39:03.686232 +0000 build-centos: Connection closed by 147.75.32.69 port 22.
2020-10-05 01:39:03.686666 +0000 build-centos: ~/builder-r4.0/qubes-src/linux-yum
2020-10-05 01:39:03.687288 +0000 build-centos: Makefile:778: update target 'update-repo-current' due to: internal-update-repo-current.vm.centos7 internal-update-repo-current.vm.centos8 post-update-repo-current
2020-10-05 01:39:03.687312 +0000 build-centos: true
2020-10-05 01:39:03.688834 +0000 build-centos: > done
2020-10-05 01:39:03.688869 +0000 > closing log
