2020-04-29 02:20:46.643691 +0000 > starting log
2020-04-29 02:20:46.645305 +0000 build-centos: > starting build with log
2020-04-29 02:20:46.645321 +0000 build-centos: >> make args: update-repo-current
2020-04-29 02:20:46.645330 +0000 build-centos: >> MAKEFLAGS=
2020-04-29 02:20:46.645338 +0000 build-centos: >> COMPONENTS=desktop-linux-i3
2020-04-29 02:20:46.645346 +0000 build-centos: >> DISTS_VM=centos7 centos8
2020-04-29 02:20:46.645353 +0000 build-centos: >> DIST_DOM0=
2020-04-29 02:20:46.645362 +0000 build-centos: >> qubes-builder e8cc4fe35500f23ff341446b93182929fa2e91ee
2020-04-29 02:20:46.645369 +0000 build-centos: ?? rpmdb/Basenames
2020-04-29 02:20:46.645376 +0000 build-centos: ?? rpmdb/Conflictname
2020-04-29 02:20:46.645383 +0000 build-centos: ?? rpmdb/Dirnames
2020-04-29 02:20:46.645390 +0000 build-centos: ?? rpmdb/Enhancename
2020-04-29 02:20:46.645398 +0000 build-centos: ?? rpmdb/Filetriggername
2020-04-29 02:20:46.645404 +0000 build-centos: ?? rpmdb/Group
2020-04-29 02:20:46.645411 +0000 build-centos: ?? rpmdb/Installtid
2020-04-29 02:20:46.645418 +0000 build-centos: ?? rpmdb/Name
2020-04-29 02:20:46.645425 +0000 build-centos: ?? rpmdb/Obsoletename
2020-04-29 02:20:46.645432 +0000 build-centos: ?? rpmdb/Packages
2020-04-29 02:20:46.645439 +0000 build-centos: ?? rpmdb/Providename
2020-04-29 02:20:46.645446 +0000 build-centos: ?? rpmdb/Recommendname
2020-04-29 02:20:46.645453 +0000 build-centos: ?? rpmdb/Requirename
2020-04-29 02:20:46.645460 +0000 build-centos: ?? rpmdb/Sha1header
2020-04-29 02:20:46.645467 +0000 build-centos: ?? rpmdb/Sigmd5
2020-04-29 02:20:46.645474 +0000 build-centos: ?? rpmdb/Suggestname
2020-04-29 02:20:46.645481 +0000 build-centos: ?? rpmdb/Supplementname
2020-04-29 02:20:46.645489 +0000 build-centos: ?? rpmdb/Transfiletriggername
2020-04-29 02:20:46.645496 +0000 build-centos: ?? rpmdb/Triggername
2020-04-29 02:20:46.645503 +0000 build-centos: ?? rpmdb/__db.001
2020-04-29 02:20:46.645509 +0000 build-centos: ?? rpmdb/__db.002
2020-04-29 02:20:46.645516 +0000 build-centos: ?? rpmdb/__db.003
2020-04-29 02:20:46.645530 +0000 build-centos: b3ba65b20ad8397ea48bc02a41a92af8a2808a511a294f9098198efd1272801498dc45bb34b94723bd36f5f7c8d694963aba91d20195c41ac8b324aa3227a8a5  rpmdb/Basenames
2020-04-29 02:20:46.645545 +0000 build-centos: 4d4e1f3216fd38e13009d078a55d43c963fb8111c1b65cdc0b2a42446b0669fef17ec30921d9b6b5d01119fe05403c43a11b4ae825b6f721a4ef5c979f5194a1  rpmdb/Conflictname
2020-04-29 02:20:46.645559 +0000 build-centos: dd351a3536823a32dcf429eba807bd154716f3f622521045fff713c9d427d095c6c4f8c28c165510736c4d0d9c356b908bd60a4cbd2f16e6819c3fe97314b804  rpmdb/Dirnames
2020-04-29 02:20:46.645574 +0000 build-centos: 5795e9a66cc018f12239f3002654287a81c95c96ff480826cf5f63a9ba2adc3fbbbdb96c9c9b0830d2db0c11ae96882cbddf0e0a3608bb035db80ef722b4c67b  rpmdb/Enhancename
2020-04-29 02:20:46.645588 +0000 build-centos: 9f6850dc53fa87911f24d4770878d7e530b5f2841ad726b57096fdd3a8f8d987bce2ef82a4cdc15bbd4f38ff4adb70eee3d75376d0c41ddd8221983d64e21dd8  rpmdb/Filetriggername
2020-04-29 02:20:46.645602 +0000 build-centos: ff6c03da45d0961f661b5f00d0614e3a694795b1e2abe92157f5aa9e5390187461db2d5ee4291c1fe3b860bd40aeaa54a37a1f9526017297400985a2b041b260  rpmdb/Group
2020-04-29 02:20:46.645616 +0000 build-centos: 89a58b3eda5b8fa74e69199b407fe4dd77b2d0ad524dd8e83c31539937a9947c0b0b67446dd2a097f18f543116ebd48b475f48c91401c57ec177bd2831f4e234  rpmdb/Installtid
2020-04-29 02:20:46.645630 +0000 build-centos: 198f54f225bf04d038dc3766d65e021f719524f7557231cfb009efc6d2a0d1ace0a49de1c25df69fdb690d875e76568d2112c34daef86a51cc4417fb65b55869  rpmdb/Name
2020-04-29 02:20:46.645644 +0000 build-centos: 935dc76465607162a78527633505bd3fc681cfe4685ff60920ea0b876be1a7e238b13b0f468c934d2f17c45564ed100e465d61becab15b02113844ca7d8c2a9e  rpmdb/Obsoletename
2020-04-29 02:20:46.645658 +0000 build-centos: 5437bea77c65a61db55daf6419622659fe3b70799c4327b98ea3ddee1904a5a09080a9db022b1986012da41d27e6d616ebe1251c9a531a518bcd6d4d50aa110b  rpmdb/Packages
2020-04-29 02:20:46.645672 +0000 build-centos: 6170127dbe34fa67ac906579ceeaeec0362eaba66da7232e829f5a30e8fcc873845cfecaae5d52de59f456a7367317dbc91861df8970e00767d6b204dad88a8e  rpmdb/Providename
2020-04-29 02:20:46.645698 +0000 build-centos: 5898e0f37dedcb3cbaee55ba2f0735c2ccac50f17fd0aab3a19620cb22e8cca65e5fbc66bf1ced8633c4728485ad773b5c7e53380a15c17227bab05164ddb3f5  rpmdb/Recommendname
2020-04-29 02:20:46.645713 +0000 build-centos: ed2f7f9a168805dff523b5f862ab8499f5887d992ab894b0bea3bcc51d91447da39148d82f30451c699e1ca510c25bdea5c2c9ebe04fa831419135c013efc30c  rpmdb/Requirename
2020-04-29 02:20:46.645727 +0000 build-centos: a4b9a8022662eccf09a3fd0c585b8fcfd0f696c07efc54238506e5e73900fba80d3147f87985ec3c3356c4ee80ac8117b3a77b5a07adad12d6f74bdb42488f39  rpmdb/Sha1header
2020-04-29 02:20:46.645741 +0000 build-centos: b734cc7259e75b320f9796f07c093da3c977fcddfb37a185d5f882f4978c6457c78aacb2844087cd89fa6f83e8c7a2b232f8251f916ed018a6d69d9ef92a8ac6  rpmdb/Sigmd5
2020-04-29 02:20:46.645755 +0000 build-centos: 61acc9f56a6b6aa630e970e9c486a57436b6ec91374c2d366549b87867257161f394e8506b4b4003aa3b174f684a9f3349a3d70acfbaba4c3801ead596274444  rpmdb/Suggestname
2020-04-29 02:20:46.645769 +0000 build-centos: ad0f20f1098996fa85cca05f53b2ab8b0d1992056b91e979c400694ada9aaf6418d73ee3473533e5506107a31e969b47ebb7dee9941cdcb8790ca74ba488c8bb  rpmdb/Supplementname
2020-04-29 02:20:46.645784 +0000 build-centos: 709af9a1a8a19e21e2fcb86679f553878263805888bd8f6d1fe1491de1893cb661d4d3c260104ae74a223906902183fda7cc2c546c6783820e60b276b1e3129f  rpmdb/Transfiletriggername
2020-04-29 02:20:46.645798 +0000 build-centos: 037484bfa482f52747a983c94b2ea6ca8fdb3c1e7a0c6c5a9808e9660780e811933afe7bfb7545f49ee4ad8f846b3ecaf392b0a00bdcee4357848da19f160813  rpmdb/Triggername
2020-04-29 02:20:46.645812 +0000 build-centos: 7b61fc6f990fa4addbae3a99de450ade03eaa8806e851c4c353b93fd23dcdff9a939c95c6463d05cc47edc6f37025ab6e09bcab9d97fa4abfbc4fe611b3a5fc6  rpmdb/__db.001
2020-04-29 02:20:46.645826 +0000 build-centos: 6a658b2547651108a961cfb6a067adf8af54654483427502549e87e1377359376d5fe775312aaeb7131039a19e770583c632632de7cf52c2cb2a0de2d4b8c737  rpmdb/__db.002
2020-04-29 02:20:46.645840 +0000 build-centos: 9144aef7c206b80f66509687166f7edf8e927b666ce92e90134132e3085ced1121f089b7465022a1c6bc4ba2214b4aa35dffc10f9d56cdecf1e079e5f9c0cc95  rpmdb/__db.003
2020-04-29 02:20:46.645850 +0000 build-centos: >> qubes-builder/qubes-src/desktop-linux-i3 eed7a7700c73163b495b5d2517b93c5ba89047b8
2020-04-29 02:20:46.645858 +0000 build-centos: !! i3-4.17.1.tar.bz2
2020-04-29 02:20:46.645865 +0000 build-centos: !! i3-4.18.tar.bz2
2020-04-29 02:20:46.645872 +0000 build-centos: !! i3/i3-4.16.tar.bz2
2020-04-29 02:20:46.645889 +0000 build-centos: af397dc1768ea6530e4b2ce8ef21b20ecff8ab9eebf380df224456173eea4c3bacf28b55c8efcdc70f76f0d66543c163564a94cfd66028221ace481fa3c2913f  i3-4.17.1.tar.bz2
2020-04-29 02:20:46.646381 +0000 build-centos: 0bbfda7f4b20a92a50ffb6abbfc3f6bfe6bb4c987ad4b5b1791192eb23b8c3389cc9949a699901797370c14de1ff8e12447a3b8ce330ab7d300fafdb60a432ec  i3-4.18.tar.bz2
2020-04-29 02:20:46.655040 +0000 build-centos: 99abd15349ee8e61c084b3664ef3a189c92ea07812ac59eb6a5441df7cebea8211be52204e39bddcc33d8c714447fddbbe2c5c8a25b756a96e2dc6732526cbf8  i3/i3-4.16.tar.bz2
2020-04-29 02:20:46.703027 +0000 build-centos: ================================================================================
2020-04-29 02:20:46.703077 +0000 build-centos:                            B U I L D   I N F O                                  
2020-04-29 02:20:46.703091 +0000 build-centos: Items in red indicate it was automatically generated by configuration file(s)
2020-04-29 02:20:46.703103 +0000 build-centos: Items in white indicate it was automatically removed by configuration file(s)
2020-04-29 02:20:46.703114 +0000 build-centos: ================================================================================
2020-04-29 02:20:46.703122 +0000 build-centos: DISTS_VM:
2020-04-29 02:20:46.703130 +0000 build-centos:      centos7, centos8,
2020-04-29 02:20:46.703137 +0000 build-centos: DISTS_ALL:
2020-04-29 02:20:46.713764 +0000 build-centos:      vm-centos7, vm-centos8,
2020-04-29 02:20:46.713818 +0000 build-centos: DIST_DOM0:
2020-04-29 02:20:46.713830 +0000 build-centos:     
2020-04-29 02:20:46.713838 +0000 build-centos: BUILDER_PLUGINS:
2020-04-29 02:20:46.713850 +0000 build-centos:      builder-rpm, builder-debian, mgmt-salt, linux-yum, release-configs, builder-github,
2020-04-29 02:20:46.713857 +0000 build-centos: COMPONENTS:
2020-04-29 02:20:46.713865 +0000 build-centos:      desktop-linux-i3,
2020-04-29 02:20:46.713872 +0000 build-centos: GIT_REPOS:
2020-04-29 02:20:46.717574 +0000 build-centos:      qubes-src/desktop-linux-i3,
2020-04-29 02:20:46.717610 +0000 build-centos: TEMPLATE:
2020-04-29 02:20:46.717619 +0000 build-centos:     
2020-04-29 02:20:46.717628 +0000 build-centos: TEMPLATE_FLAVOR_DIR:
2020-04-29 02:20:46.719239 +0000 build-centos:     
2020-04-29 02:20:46.719271 +0000 build-centos: TEMPLATE_ALIAS:
2020-04-29 02:20:46.719284 +0000 build-centos:      stretch:stretch+standard, stretch+gnome:stretch+gnome+standard,
2020-04-29 02:20:46.719297 +0000 build-centos:      stretch+minimal:stretch+minimal+no-recommends, buster:buster+standard, buster+gnome:buster+gnome+standard,
2020-04-29 02:20:46.719308 +0000 build-centos:      buster+minimal:buster+minimal+no-recommends, bullseye:bullseye+standard,
2020-04-29 02:20:46.719320 +0000 build-centos:      bullseye+gnome:bullseye+gnome+standard, bullseye+minimal:bullseye+minimal+no-recommends,
2020-04-29 02:20:46.719333 +0000 build-centos:      whonix-gateway-14:stretch+whonix-gateway+minimal+no-recommends,
2020-04-29 02:20:46.719343 +0000 build-centos:      whonix-workstation-14:stretch+whonix-workstation+minimal+no-recommends,
2020-04-29 02:20:46.719353 +0000 build-centos:      whonix-gateway-15:buster+whonix-gateway+minimal+no-recommends,
2020-04-29 02:20:46.719363 +0000 build-centos:      whonix-workstation-15:buster+whonix-workstation+minimal+no-recommends,
2020-04-29 02:20:46.719370 +0000 build-centos: TEMPLATE_LABEL:
2020-04-29 02:20:46.723914 +0000 build-centos:      centos7:centos-7, centos8:centos-8, fc29:fedora-29 fc30:fedora-30 fc31:fedora-31
2020-04-29 02:20:46.723953 +0000 build-centos:      fc32:fedora-32 fc29+minimal:fedora-29-minimal fc30+minimal:fedora-30-minimal
2020-04-29 02:20:46.723966 +0000 build-centos:      fc31+minimal:fedora-31-minimal fc32+minimal:fedora-32-minimal fc29+xfce:fedora-29-xfce
2020-04-29 02:20:46.723979 +0000 build-centos:      fc30+xfce:fedora-30-xfce fc31+xfce:fedora-31-xfce fc32+xfce:fedora-32-xfce stretch:debian-9
2020-04-29 02:20:46.723991 +0000 build-centos:      stretch+standard:debian-9 buster:debian-10 buster+standard:debian-10 bullseye:debian-11
2020-04-29 02:20:46.724003 +0000 build-centos:      bullseye+standard:bullseye-11 stretch+whonix-gateway+minimal+no-recommends:whonix-gw-14
2020-04-29 02:20:46.724012 +0000 build-centos:      stretch+whonix-workstation+minimal+no-recommends:whonix-ws-14
2020-04-29 02:20:46.724022 +0000 build-centos:      buster+whonix-gateway+minimal+no-recommends:whonix-gw-15
2020-04-29 02:20:46.724033 +0000 build-centos:      buster+whonix-workstation+minimal+no-recommends:whonix-ws-15 centos7+minimal:centos-7-minimal
2020-04-29 02:20:46.724045 +0000 build-centos:      centos7+xfce:centos-7-xfce centos8+minimal:centos-7-minimal centos8+xfce:centos-8-xfce
2020-04-29 02:20:46.746847 +0000 build-centos: > running make
2020-04-29 02:20:46.756667 +0000 build-centos: Makefile:817: target 'internal-update-repo-current.vm.centos7.desktop-linux-i3' does not exist
2020-04-29 02:20:46.756706 +0000 build-centos: repo_base_var="LINUX_REPO_centos7_BASEDIR"; \
2020-04-29 02:20:46.756720 +0000 build-centos: if [ "desktop-linux-i3" = linux-template-builder ]; then \
2020-04-29 02:20:46.756735 +0000 build-centos: .# templates belongs to dom0 repository, even though PACKAGE_SET=vm
2020-04-29 02:20:46.756744 +0000 build-centos: repo_base_var="LINUX_REPO__BASEDIR"; \
2020-04-29 02:20:46.756751 +0000 build-centos: fi; \
2020-04-29 02:20:46.756759 +0000 build-centos: if [ -n "${!repo_base_var}" ]; then \
2020-04-29 02:20:46.756781 +0000 build-centos: .repo_basedir="${!repo_base_var}"; \
2020-04-29 02:20:46.756789 +0000 build-centos: else \
2020-04-29 02:20:46.756797 +0000 build-centos: .repo_basedir="qubes-src/linux-yum/r4.1"; \
2020-04-29 02:20:46.756804 +0000 build-centos: fi; \
2020-04-29 02:20:46.756813 +0000 build-centos: if [ -r qubes-src/desktop-linux-i3/Makefile.builder ]; then \
2020-04-29 02:20:46.756823 +0000 build-centos: .echo -n "Updating qubes-src/desktop-linux-i3... "; \
2020-04-29 02:20:46.756830 +0000 build-centos: .if [ "0" -eq 1 ]; then \
2020-04-29 02:20:46.756841 +0000 build-centos: ..vtag=`git -C qubes-src/desktop-linux-i3 tag --points-at HEAD --list v*`; \
2020-04-29 02:20:46.756848 +0000 build-centos: ..if [ -z "$vtag" ]; then \
2020-04-29 02:20:46.756856 +0000 build-centos: ...echo "no version tag"; \
2020-04-29 02:20:46.756863 +0000 build-centos: ...exit 0; \
2020-04-29 02:20:46.756869 +0000 build-centos: ..fi; \
2020-04-29 02:20:46.756876 +0000 build-centos: .fi; \
2020-04-29 02:20:46.756885 +0000 build-centos: .if [ "desktop-linux-i3" = linux-template-builder ]; then
2020-04-29 02:20:46.756897 +0000 build-centos: export TEMPLATE_NAME=$(MAKEFLAGS= make -s -C qubes-src/linux-template-builder DIST=centos7 template-name)
2020-04-29 02:20:46.756903 +0000 build-centos: fi
2020-04-29 02:20:46.756923 +0000 build-centos: component_packages=$(MAKEFLAGS= make -s -f Makefile.generic DIST=centos7 PACKAGE_SET=vm COMPONENT=`basename qubes-src/desktop-linux-i3` UPDATE_REPO=/home/user/builder-r4.1/$repo_basedir/current/vm/centos7 get-var GET_VAR=PACKAGE_LIST); \
2020-04-29 02:20:46.756933 +0000 build-centos: .if [ -z "$component_packages" ]; then \
2020-04-29 02:20:46.756940 +0000 build-centos: ..echo "no packages."; \
2020-04-29 02:20:46.756947 +0000 build-centos: ..exit 0; \
2020-04-29 02:20:46.756954 +0000 build-centos: .fi; \
2020-04-29 02:20:46.756963 +0000 build-centos: .make -s -f Makefile.generic DIST=centos7 PACKAGE_SET=vm \
2020-04-29 02:20:46.756972 +0000 build-centos: ..COMPONENT=`basename qubes-src/desktop-linux-i3` \
2020-04-29 02:20:46.756980 +0000 build-centos: ..SNAPSHOT_REPO=current-testing \
2020-04-29 02:20:46.756987 +0000 build-centos: ..TARGET_REPO=current \
2020-04-29 02:20:46.756997 +0000 build-centos: ..UPDATE_REPO=/home/user/builder-r4.1/$repo_basedir/current/vm/centos7 \
2020-04-29 02:20:46.757010 +0000 build-centos: ..SNAPSHOT_FILE=/home/user/builder-r4.1/repo-latest-snapshot/current-testing-vm-centos7-`basename qubes-src/desktop-linux-i3` \
2020-04-29 02:20:46.757018 +0000 build-centos: ..BUILD_LOG_URL= \
2020-04-29 02:20:46.757026 +0000 build-centos: ..update-repo-from-snapshot || exit 1; \
2020-04-29 02:20:46.757037 +0000 build-centos: elif make -C qubes-src/desktop-linux-i3 -n update-repo-current >/dev/null 2>/dev/null; then \
2020-04-29 02:20:46.757046 +0000 build-centos: .echo "Updating qubes-src/desktop-linux-i3... "; \
2020-04-29 02:20:46.757057 +0000 build-centos: .DIST=centos7 UPDATE_REPO=/home/user/builder-r4.1/$repo_basedir/current/vm/centos7 \
2020-04-29 02:20:46.757067 +0000 build-centos: .make -s -C qubes-src/desktop-linux-i3 update-repo-current || exit 1; \
2020-04-29 02:20:46.757074 +0000 build-centos: else \
2020-04-29 02:20:46.757083 +0000 build-centos: .echo -n "Updating qubes-src/desktop-linux-i3... skipping."; \
2020-04-29 02:20:46.757089 +0000 build-centos: fi; \
2020-04-29 02:20:46.757096 +0000 build-centos: echo
2020-04-29 02:20:46.833630 +0000 build-centos: Updating qubes-src/desktop-linux-i3... Makefile.generic:223: target 'update-repo-date-check' does not exist
2020-04-29 02:20:46.833686 +0000 build-centos: if ! [ -r /home/user/builder-r4.1/repo-latest-snapshot/current-testing-vm-centos7-desktop-linux-i3 ]; then \
2020-04-29 02:20:46.833702 +0000 build-centos: .echo "`tput bold`*** Packages weren't uploaded to current-testing! ***`tput sgr0`"; \
2020-04-29 02:20:46.833711 +0000 build-centos: .exit 1; \
2020-04-29 02:20:46.833718 +0000 build-centos: fi
2020-04-29 02:20:46.833727 +0000 build-centos: tput: No value for $TERM and no -T specified
2020-04-29 02:20:46.833750 +0000 build-centos: tput: No value for $TERM and no -T specified
2020-04-29 02:20:46.833760 +0000 build-centos: *** Packages weren't uploaded to current-testing! ***
2020-04-29 02:20:46.833770 +0000 build-centos: make[1]: *** [Makefile.generic:223: update-repo-date-check] Error 1
2020-04-29 02:20:46.837934 +0000 build-centos: make: *** [Makefile:817: internal-update-repo-current.vm.centos7.desktop-linux-i3] Error 1
2020-04-29 02:20:46.837974 +0000 > closing log
