2021-10-26 00:37:28.182532 +0000 > starting log
2021-10-26 00:37:28.182974 +0000 build-centos: > starting build with log
2021-10-26 00:37:28.182999 +0000 build-centos: >> make args: update-repo-current
2021-10-26 00:37:28.183008 +0000 build-centos: >> MAKEFLAGS=
2021-10-26 00:37:28.183016 +0000 build-centos: >> COMPONENTS=mgmt-salt-dom0-update
2021-10-26 00:37:28.183023 +0000 build-centos: >> DISTS_VM=centos-stream8
2021-10-26 00:37:28.183029 +0000 build-centos: >> DIST_DOM0=
2021-10-26 00:37:28.183037 +0000 build-centos: >> qubes-builder 61b94b1f0930c8b4324f606541784afc252e7d6e
2021-10-26 00:37:28.183047 +0000 build-centos: >> qubes-builder/qubes-src/mgmt-salt-dom0-update 55bde4b21888cd72de886d5943359813baf0f6f8
2021-10-26 00:37:28.183057 +0000 build-centos: ================================================================================
2021-10-26 00:37:28.183067 +0000 build-centos:                            B U I L D   I N F O                                  
2021-10-26 00:37:28.183076 +0000 build-centos: Items in red indicate it was automatically generated by configuration file(s)
2021-10-26 00:37:28.183086 +0000 build-centos: Items in white indicate it was automatically removed by configuration file(s)
2021-10-26 00:37:28.183095 +0000 build-centos: ================================================================================
2021-10-26 00:37:28.183101 +0000 build-centos: DISTS_VM:
2021-10-26 00:37:28.183107 +0000 build-centos:      centos-stream8,
2021-10-26 00:37:28.183113 +0000 build-centos: DISTS_ALL:
2021-10-26 00:37:28.183119 +0000 build-centos:      vm-centos-stream8,
2021-10-26 00:37:28.183124 +0000 build-centos: DIST_DOM0:
2021-10-26 00:37:28.183130 +0000 build-centos:     
2021-10-26 00:37:28.183135 +0000 build-centos: BUILDER_PLUGINS:
2021-10-26 00:37:28.183145 +0000 build-centos:      builder-rpm, builder-debian, mgmt-salt, linux-yum, release-configs, builder-github,
2021-10-26 00:37:28.183151 +0000 build-centos: COMPONENTS:
2021-10-26 00:37:28.183158 +0000 build-centos:      mgmt-salt-dom0-update,
2021-10-26 00:37:28.183163 +0000 build-centos: GIT_REPOS:
2021-10-26 00:37:28.183170 +0000 build-centos:      qubes-src/mgmt-salt-dom0-update,
2021-10-26 00:37:28.183176 +0000 build-centos: TEMPLATE:
2021-10-26 00:37:28.183181 +0000 build-centos:     
2021-10-26 00:37:28.183187 +0000 build-centos: TEMPLATE_FLAVOR_DIR:
2021-10-26 00:37:28.183192 +0000 build-centos:     
2021-10-26 00:37:28.183198 +0000 build-centos: TEMPLATE_ALIAS:
2021-10-26 00:37:28.183207 +0000 build-centos:      stretch:stretch+standard, stretch+gnome:stretch+gnome+standard,
2021-10-26 00:37:28.183218 +0000 build-centos:      stretch+minimal:stretch+minimal+no-recommends, buster:buster+standard, buster+gnome:buster+gnome+standard,
2021-10-26 00:37:28.183228 +0000 build-centos:      buster+minimal:buster+minimal+no-recommends, bullseye:bullseye+standard,
2021-10-26 00:37:28.183238 +0000 build-centos:      bullseye+gnome:bullseye+gnome+standard, bullseye+minimal:bullseye+minimal+no-recommends,
2021-10-26 00:37:28.183250 +0000 build-centos:      bionic:bionic+standard, focal:focal+standard, whonix-gateway-15:buster+whonix-gateway+minimal+no-recommends,
2021-10-26 00:37:28.183259 +0000 build-centos:      whonix-workstation-15:buster+whonix-workstation+minimal+no-recommends,
2021-10-26 00:37:28.183268 +0000 build-centos:      whonix-gateway-16:bullseye+whonix-gateway+minimal+no-recommends,
2021-10-26 00:37:28.183297 +0000 build-centos:      whonix-workstation-16:bullseye+whonix-workstation+minimal+no-recommends,
2021-10-26 00:37:28.183305 +0000 build-centos: TEMPLATE_LABEL:
2021-10-26 00:37:28.183316 +0000 build-centos:      centos-stream8:centos-stream-8, fc32:fedora-32 fc33:fedora-33 fc34:fedora-34 fc35:fedora-35
2021-10-26 00:37:28.183327 +0000 build-centos:      fc32+minimal:fedora-32-minimal fc33+minimal:fedora-33-minimal fc34+minimal:fedora-34-minimal
2021-10-26 00:37:28.183338 +0000 build-centos:      fc35+minimal:fedora-35-minimal fc32+xfce:fedora-32-xfce fc33+xfce:fedora-33-xfce fc34+xfce:fedora-34-xfce
2021-10-26 00:37:28.183349 +0000 build-centos:      fc35+xfce:fedora-35-xfce stretch:debian-9 stretch+standard:debian-9 stretch+xfce:debian-9-xfce
2021-10-26 00:37:28.183369 +0000 build-centos:      buster:debian-10 buster+standard:debian-10 buster+xfce:debian-10-xfce bullseye:debian-11
2021-10-26 00:37:28.183380 +0000 build-centos:      bullseye+standard:debian-11 bullseye+xfce:debian-11-xfce bionic+standard:bionic
2021-10-26 00:37:28.183390 +0000 build-centos:      focal+standard:focal buster+whonix-gateway+minimal+no-recommends:whonix-gw-15
2021-10-26 00:37:28.183398 +0000 build-centos:      buster+whonix-workstation+minimal+no-recommends:whonix-ws-15
2021-10-26 00:37:28.183407 +0000 build-centos:      bullseye+whonix-gateway+minimal+no-recommends:whonix-gw-16
2021-10-26 00:37:28.183417 +0000 build-centos:      bullseye+whonix-workstation+minimal+no-recommends:whonix-ws-16 centos7:centos-7
2021-10-26 00:37:28.183428 +0000 build-centos:      centos7+minimal:centos-7-minimal centos7+xfce:centos-7-xfce centos-stream8+minimal:centos-stream-8-minimal
2021-10-26 00:37:28.183435 +0000 build-centos:      centos-stream8+xfce:centos-stream-8-xfce
2021-10-26 00:37:28.183441 +0000 build-centos: > running make
2021-10-26 00:37:28.183452 +0000 build-centos: Makefile:863: target 'internal-update-repo-current.vm.centos-stream8.mgmt-salt-dom0-update' does not exist
2021-10-26 00:37:28.183460 +0000 build-centos: repo_base_var="LINUX_REPO_${DIST//-/_}_BASEDIR"; \
2021-10-26 00:37:28.183469 +0000 build-centos: if [ "mgmt-salt-dom0-update" = linux-template-builder ]; then \
2021-10-26 00:37:28.183478 +0000 build-centos: .# templates belongs to dom0 repository, even though PACKAGE_SET=vm
2021-10-26 00:37:28.183485 +0000 build-centos: repo_base_var="LINUX_REPO__BASEDIR"; \
2021-10-26 00:37:28.183491 +0000 build-centos: fi; \
2021-10-26 00:37:28.183498 +0000 build-centos: if [ -n "${!repo_base_var}" ]; then \
2021-10-26 00:37:28.183505 +0000 build-centos: .repo_basedir="${!repo_base_var}"; \
2021-10-26 00:37:28.183510 +0000 build-centos: else \
2021-10-26 00:37:28.183518 +0000 build-centos: .repo_basedir="qubes-src/linux-yum/r4.1"; \
2021-10-26 00:37:28.183523 +0000 build-centos: fi; \
2021-10-26 00:37:28.183532 +0000 build-centos: if [ -r qubes-src/mgmt-salt-dom0-update/Makefile.builder ]; then \
2021-10-26 00:37:28.183540 +0000 build-centos: .echo -n "Updating qubes-src/mgmt-salt-dom0-update... "; \
2021-10-26 00:37:28.183546 +0000 build-centos: .if [ "0" -eq 1 ]; then \
2021-10-26 00:37:28.183556 +0000 build-centos: ..vtag=`git -C qubes-src/mgmt-salt-dom0-update tag --points-at HEAD --list v*`; \
2021-10-26 00:37:28.183563 +0000 build-centos: ..if [ -z "$vtag" ]; then \
2021-10-26 00:37:28.183569 +0000 build-centos: ...echo "no version tag"; \
2021-10-26 00:37:28.183575 +0000 build-centos: ...exit 0; \
2021-10-26 00:37:28.183581 +0000 build-centos: ..fi; \
2021-10-26 00:37:28.183586 +0000 build-centos: .fi; \
2021-10-26 00:37:28.183594 +0000 build-centos: .if [ "mgmt-salt-dom0-update" = linux-template-builder ]; then
2021-10-26 00:37:28.183606 +0000 build-centos: export TEMPLATE_NAME=$(MAKEFLAGS= make -s -C qubes-src/linux-template-builder DIST=centos-stream8 template-name)
2021-10-26 00:37:28.183611 +0000 build-centos: fi
2021-10-26 00:37:28.183632 +0000 build-centos: component_packages=$(MAKEFLAGS= make -s -f Makefile.generic DIST=centos-stream8 PACKAGE_SET=vm COMPONENT=`basename qubes-src/mgmt-salt-dom0-update` UPDATE_REPO=/home/user/builder-r4.1/$repo_basedir/current/vm/centos-stream8 get-var GET_VAR=PACKAGE_LIST); \
2021-10-26 00:37:28.183643 +0000 build-centos: .if [ -z "$component_packages" ]; then \
2021-10-26 00:37:28.183650 +0000 build-centos: ..echo "no packages."; \
2021-10-26 00:37:28.183656 +0000 build-centos: ..exit 0; \
2021-10-26 00:37:28.183669 +0000 build-centos: .fi; \
2021-10-26 00:37:28.183678 +0000 build-centos: .make -s -f Makefile.generic DIST=centos-stream8 PACKAGE_SET=vm \
2021-10-26 00:37:28.183687 +0000 build-centos: ..COMPONENT=`basename qubes-src/mgmt-salt-dom0-update` \
2021-10-26 00:37:28.183694 +0000 build-centos: ..SNAPSHOT_REPO=current-testing \
2021-10-26 00:37:28.183706 +0000 build-centos: ..TARGET_REPO=current \
2021-10-26 00:37:28.183716 +0000 build-centos: ..UPDATE_REPO=/home/user/builder-r4.1/$repo_basedir/current/vm/centos-stream8 \
2021-10-26 00:37:28.183729 +0000 build-centos: ..SNAPSHOT_FILE=/home/user/builder-r4.1/repo-latest-snapshot/current-testing-vm-centos-stream8-`basename qubes-src/mgmt-salt-dom0-update` \
2021-10-26 00:37:28.183735 +0000 build-centos: ..BUILD_LOG_URL= \
2021-10-26 00:37:28.183743 +0000 build-centos: ..update-repo-from-snapshot || exit 1; \
2021-10-26 00:37:28.183753 +0000 build-centos: elif make -C qubes-src/mgmt-salt-dom0-update -n update-repo-current >/dev/null 2>/dev/null; then \
2021-10-26 00:37:28.183762 +0000 build-centos: .echo "Updating qubes-src/mgmt-salt-dom0-update... "; \
2021-10-26 00:37:28.183772 +0000 build-centos: .DIST=centos-stream8 UPDATE_REPO=/home/user/builder-r4.1/$repo_basedir/current/vm/centos-stream8 \
2021-10-26 00:37:28.183782 +0000 build-centos: .make -s -C qubes-src/mgmt-salt-dom0-update update-repo-current || exit 1; \
2021-10-26 00:37:28.183788 +0000 build-centos: else \
2021-10-26 00:37:28.183797 +0000 build-centos: .echo -n "Updating qubes-src/mgmt-salt-dom0-update... skipping."; \
2021-10-26 00:37:28.183802 +0000 build-centos: fi; \
2021-10-26 00:37:28.183807 +0000 build-centos: echo
2021-10-26 00:37:28.209744 +0000 build-centos: Updating qubes-src/mgmt-salt-dom0-update... no packages.
2021-10-26 00:37:28.209795 +0000 build-centos: Makefile:832: update target 'internal-update-repo-current.vm.centos-stream8' due to: internal-update-repo-current.vm.centos-stream8.mgmt-salt-dom0-update
2021-10-26 00:37:28.209805 +0000 build-centos: true
2021-10-26 00:37:28.210180 +0000 build-centos: Makefile:945: target 'post-update-repo-current' does not exist
2021-10-26 00:37:28.210214 +0000 build-centos: true
2021-10-26 00:37:28.221573 +0000 build-centos: Makefile:819: update target 'update-repo-current' due to: internal-update-repo-current.vm.centos-stream8 post-update-repo-current
2021-10-26 00:37:28.221613 +0000 build-centos: true
2021-10-26 00:37:28.223141 +0000 build-centos: > done
2021-10-26 00:37:28.223179 +0000 > closing log
