2022-03-15 02:42:41.872071 +0000 > starting log
2022-03-15 02:42:41.872621 +0000 build-centos: > starting build with log
2022-03-15 02:42:41.872635 +0000 build-centos: >> make args: update-repo-current
2022-03-15 02:42:41.872642 +0000 build-centos: >> MAKEFLAGS=
2022-03-15 02:42:41.872650 +0000 build-centos: >> COMPONENTS=core-admin
2022-03-15 02:42:41.872657 +0000 build-centos: >> DISTS_VM=centos-stream8
2022-03-15 02:42:41.872663 +0000 build-centos: >> DIST_DOM0=
2022-03-15 02:42:41.872671 +0000 build-centos: >> qubes-builder 1fb9d931e2644a4e8819f486db9c08140bd8e1c7
2022-03-15 02:42:41.872681 +0000 build-centos: >> qubes-builder/qubes-src/core-admin d51061989d72ca758876666475b9819872c60ae1
2022-03-15 02:42:42.012955 +0000 build-centos: ================================================================================
2022-03-15 02:42:42.013003 +0000 build-centos:                            B U I L D   I N F O                                  
2022-03-15 02:42:42.013016 +0000 build-centos: Items in red indicate it was automatically generated by configuration file(s)
2022-03-15 02:42:42.013054 +0000 build-centos: Items in white indicate it was automatically removed by configuration file(s)
2022-03-15 02:42:42.013066 +0000 build-centos: ================================================================================
2022-03-15 02:42:42.013072 +0000 build-centos: DISTS_VM:
2022-03-15 02:42:42.013079 +0000 build-centos:      centos-stream8,
2022-03-15 02:42:42.073956 +0000 build-centos: DISTS_ALL:
2022-03-15 02:42:42.087128 +0000 build-centos:      vm-centos-stream8,
2022-03-15 02:42:42.088895 +0000 build-centos: DIST_DOM0:
2022-03-15 02:42:42.110405 +0000 build-centos:     
2022-03-15 02:42:42.110445 +0000 build-centos: BUILDER_PLUGINS:
2022-03-15 02:42:42.117792 +0000 build-centos:      builder-rpm, builder-debian, mgmt-salt, linux-yum, release-configs, builder-github,
2022-03-15 02:42:42.127943 +0000 build-centos: COMPONENTS:
2022-03-15 02:42:42.146410 +0000 build-centos:      core-admin,
2022-03-15 02:42:42.146440 +0000 build-centos: GIT_REPOS:
2022-03-15 02:42:42.163700 +0000 build-centos:      qubes-src/core-admin,
2022-03-15 02:42:42.166471 +0000 build-centos: TEMPLATE:
2022-03-15 02:42:42.173634 +0000 build-centos:     
2022-03-15 02:42:42.176022 +0000 build-centos: TEMPLATE_FLAVOR_DIR:
2022-03-15 02:42:42.198766 +0000 build-centos:     
2022-03-15 02:42:42.199959 +0000 build-centos: TEMPLATE_ALIAS:
2022-03-15 02:42:42.227546 +0000 build-centos:      stretch:stretch+standard, stretch+gnome:stretch+gnome+standard,
2022-03-15 02:42:42.227588 +0000 build-centos:      stretch+minimal:stretch+minimal+no-recommends, buster:buster+standard,
2022-03-15 02:42:42.227601 +0000 build-centos:      buster+gnome:buster+gnome+standard, buster+minimal:buster+minimal+no-recommends,
2022-03-15 02:42:42.227613 +0000 build-centos:      bullseye:bullseye+standard+firmware, bullseye+gnome:bullseye+gnome+standard+firmware,
2022-03-15 02:42:42.227623 +0000 build-centos:      bullseye+minimal:bullseye+minimal+no-recommends, bookworm:bookworm+standard,
2022-03-15 02:42:42.227633 +0000 build-centos:      bookworm+gnome:bookworm+gnome+standard, bookworm+minimal:bookworm+minimal+no-recommends,
2022-03-15 02:42:42.227652 +0000 build-centos:      bionic:bionic+standard, focal:focal+standard, whonix-gateway-15:buster+whonix-gateway+minimal+no-recommends,
2022-03-15 02:42:42.227663 +0000 build-centos:      whonix-workstation-15:buster+whonix-workstation+minimal+no-recommends,
2022-03-15 02:42:42.227672 +0000 build-centos:      whonix-gateway-16:bullseye+whonix-gateway+minimal+no-recommends,
2022-03-15 02:42:42.227681 +0000 build-centos:      whonix-workstation-16:bullseye+whonix-workstation+minimal+no-recommends,
2022-03-15 02:42:42.227688 +0000 build-centos: TEMPLATE_LABEL:
2022-03-15 02:42:42.245140 +0000 build-centos:      centos-stream8:centos-stream-8, fc34:fedora-34 fc35:fedora-35 fc36:fedora-36 fc34+minimal:fedora-34-minimal
2022-03-15 02:42:42.245185 +0000 build-centos:      fc35+minimal:fedora-35-minimal fc36+minimal:fedora-36-minimal fc34+xfce:fedora-34-xfce
2022-03-15 02:42:42.245219 +0000 build-centos:      fc35+xfce:fedora-35-xfce fc36+xfce:fedora-36-xfce stretch:debian-9 stretch+standard:debian-9
2022-03-15 02:42:42.245232 +0000 build-centos:      stretch+xfce:debian-9-xfce buster:debian-10 buster+standard:debian-10 buster+xfce:debian-10-xfce
2022-03-15 02:42:42.245243 +0000 build-centos:      bullseye:debian-11 bullseye+standard+firmware:debian-11 bullseye+xfce:debian-11-xfce
2022-03-15 02:42:42.245254 +0000 build-centos:      bookworm:debian-12 bookworm+standard:debian-12 bookworm+xfce:debian-12-xfce bionic+standard:bionic
2022-03-15 02:42:42.245264 +0000 build-centos:      focal+standard:focal buster+whonix-gateway+minimal+no-recommends:whonix-gw-15
2022-03-15 02:42:42.245273 +0000 build-centos:      buster+whonix-workstation+minimal+no-recommends:whonix-ws-15
2022-03-15 02:42:42.245282 +0000 build-centos:      bullseye+whonix-gateway+minimal+no-recommends:whonix-gw-16
2022-03-15 02:42:42.245292 +0000 build-centos:      bullseye+whonix-workstation+minimal+no-recommends:whonix-ws-16 centos7:centos-7
2022-03-15 02:42:42.245303 +0000 build-centos:      centos7+minimal:centos-7-minimal centos7+xfce:centos-7-xfce centos-stream8+minimal:centos-stream-8-minimal
2022-03-15 02:42:42.245311 +0000 build-centos:      centos-stream8+xfce:centos-stream-8-xfce
2022-03-15 02:42:42.261387 +0000 build-centos: > running make
2022-03-15 02:42:42.447812 +0000 build-centos: Makefile:915: target 'internal-update-repo-current.vm.centos-stream8.core-admin' does not exist
2022-03-15 02:42:42.447856 +0000 build-centos: true
2022-03-15 02:42:42.463411 +0000 build-centos: Makefile:832: update target 'internal-update-repo-current.vm.centos-stream8' due to: internal-update-repo-current.vm.centos-stream8.core-admin
2022-03-15 02:42:42.463447 +0000 build-centos: true
2022-03-15 02:42:42.464316 +0000 build-centos: Makefile:923: target 'post-update-repo-current' does not exist
2022-03-15 02:42:42.464344 +0000 build-centos: for dist in  centos-stream8; do \
2022-03-15 02:42:42.464355 +0000 build-centos: .repo_base_var="LINUX_REPO_${dist//-/_}_BASEDIR"; \
2022-03-15 02:42:42.464363 +0000 build-centos: .if [ -n "${!repo_base_var}" ]; then \
2022-03-15 02:42:42.464370 +0000 build-centos: ..repo_basedir="${!repo_base_var}"; \
2022-03-15 02:42:42.464376 +0000 build-centos: .else \
2022-03-15 02:42:42.464384 +0000 build-centos: ..repo_basedir="qubes-src/linux-yum/r4.1"; \
2022-03-15 02:42:42.464389 +0000 build-centos: .fi; \
2022-03-15 02:42:42.464397 +0000 build-centos: .repos_to_update="$repos_to_update $repo_basedir"; \
2022-03-15 02:42:42.464403 +0000 build-centos: done; \
2022-03-15 02:42:42.464409 +0000 build-centos: pkgset_dist= ; \
2022-03-15 02:42:42.464415 +0000 build-centos: for dist in ; do \
2022-03-15 02:42:42.464423 +0000 build-centos: .pkgset_dist="$pkgset_dist dom0/$dist"; \
2022-03-15 02:42:42.464428 +0000 build-centos: done; \
2022-03-15 02:42:42.464435 +0000 build-centos: for dist in centos-stream8; do \
2022-03-15 02:42:42.464442 +0000 build-centos: .pkgset_dist="$pkgset_dist vm/$dist"; \
2022-03-15 02:42:42.464447 +0000 build-centos: done; \
2022-03-15 02:42:42.464456 +0000 build-centos: for repo in `echo $repos_to_update|tr ' ' '\n'|sort|uniq`; do \
2022-03-15 02:42:42.464462 +0000 build-centos: .[ -z "$repo" ] && continue; \
2022-03-15 02:42:42.464471 +0000 build-centos: .[ -x "$repo/../update_repo-current.sh" ] || continue; \
2022-03-15 02:42:42.464479 +0000 build-centos: .(cd $repo/.. && ./update_repo-current.sh r4.1 $pkgset_dist); \
2022-03-15 02:42:42.464485 +0000 build-centos: done
2022-03-15 02:42:42.535644 +0000 build-centos: ~/builder-r4.1/qubes-src/linux-yum ~/builder-r4.1/qubes-src/linux-yum
2022-03-15 02:42:42.559132 +0000 build-centos: --> Processing repo: r4.1/current/vm/centos-stream8...
2022-03-15 02:42:42.855610 +0000 build-centos: warning: Found bdb_ro Packages database while attempting sqlite backend: using bdb_ro backend.
2022-03-15 02:42:52.482310 +0000 build-centos: Done.
2022-03-15 02:42:52.488562 +0000 build-centos: ~/builder-r4.1/qubes-src/linux-yum ~/builder-r4.1/qubes-src/linux-yum
2022-03-15 02:42:52.490930 +0000 build-centos: Syncing r4.1...
2022-03-15 02:42:52.717285 +0000 build-centos: sending incremental file list
2022-03-15 02:42:52.787305 +0000 build-centos: .d..t...... centos-stream8/
2022-03-15 02:42:52.787347 +0000 build-centos: .d..t...... centos-stream8/repodata/
2022-03-15 02:42:52.787363 +0000 build-centos: <f..t...... centos-stream8/repodata/0a4d9ec5911f793f87955cf8bbc866b0c930c8f9aa2384ec29cc1f360a31da93-comps.xml.gz
2022-03-15 02:42:52.787379 +0000 build-centos: .            700   8%    0.00kB/s    0:00:00  .          8,416 100%    7.36MB/s    0:00:00 (xfr#1, to-chk=664/670)
2022-03-15 02:42:52.787393 +0000 build-centos: <f..t...... centos-stream8/repodata/0abeeef5a380317b53f9135c1c4f74ce2bf7a1d0a60332fcc567000395a3719c-primary.sqlite.bz2
2022-03-15 02:42:52.787406 +0000 build-centos: .            700   0%  683.59kB/s    0:00:00  .        265,584 100%  253.28MB/s    0:00:00 (xfr#2, to-chk=663/670)
2022-03-15 02:42:52.787418 +0000 build-centos: <f..t...... centos-stream8/repodata/397e43a81ad38941589caaed70c4fabc438fb360cee27a55821a1db270bacaa3-comps.xml
2022-03-15 02:42:52.787430 +0000 build-centos: .            700   2%  683.59kB/s    0:00:00  .         25,819 100%   24.62MB/s    0:00:00 (xfr#3, to-chk=662/670)
2022-03-15 02:42:52.787443 +0000 build-centos: <f..t...... centos-stream8/repodata/41da519dd7d7229eaa48ad460c5949f86e4e0016075963a4815b8ad259c3f807-filelists.xml.gz
2022-03-15 02:42:52.787455 +0000 build-centos: .            700   0%  683.59kB/s    0:00:00  .        179,389 100%   85.54MB/s    0:00:00 (xfr#4, to-chk=661/670)
2022-03-15 02:42:52.787468 +0000 build-centos: <f..t...... centos-stream8/repodata/924865c87c8157a7425fdb04590fa4e9b591e88064b69adb9aaa24e0caed7df1-other.sqlite.bz2
2022-03-15 02:42:52.787764 +0000 build-centos: .            700   0%  341.80kB/s    0:00:00  .        130,216 100%   62.09MB/s    0:00:00 (xfr#5, to-chk=660/670)
2022-03-15 02:42:52.787786 +0000 build-centos: <f..t...... centos-stream8/repodata/9fa8da45dc45c0191e608be3f4a74946935709202b5353339905aae7d9ba0210-primary.xml.gz
2022-03-15 02:42:52.787799 +0000 build-centos: .            700   0%  341.80kB/s    0:00:00  .        103,631 100%   32.94MB/s    0:00:00 (xfr#6, to-chk=659/670)
2022-03-15 02:42:52.787812 +0000 build-centos: <f..t...... centos-stream8/repodata/bbbd87d8bd4c7b5cf90632d808b95f8122715b87b77532458cde2c5087fab450-filelists.sqlite.bz2
2022-03-15 02:42:52.787824 +0000 build-centos: .            700   0%  227.86kB/s    0:00:01  .        250,463 100%   59.72MB/s    0:00:00 (xfr#7, to-chk=658/670)
2022-03-15 02:42:52.787835 +0000 build-centos: <f..t...... centos-stream8/repodata/ed3948e2c3c42903a252c7739514ea81181c557cd37cfb2b0b6d8e1cdaebeeb6-other.xml.gz
2022-03-15 02:42:52.787847 +0000 build-centos: .            700   1%  170.90kB/s    0:00:00  .         61,658 100%   14.70MB/s    0:00:00 (xfr#8, to-chk=657/670)
2022-03-15 02:42:52.787855 +0000 build-centos: <f..t...... centos-stream8/repodata/repomd.xml
2022-03-15 02:42:52.787866 +0000 build-centos: .          3,860 100%  942.38kB/s    0:00:00  .          3,860 100%  942.38kB/s    0:00:00 (xfr#9, to-chk=656/670)
2022-03-15 02:42:52.787875 +0000 build-centos: <f..t...... centos-stream8/repodata/repomd.xml.asc
2022-03-15 02:42:52.788043 +0000 build-centos: .            833 100%  203.37kB/s    0:00:00  .            833 100%  203.37kB/s    0:00:00 (xfr#10, to-chk=655/670)
2022-03-15 02:42:53.285459 +0000 build-centos: Makefile:819: update target 'update-repo-current' due to: internal-update-repo-current.vm.centos-stream8 post-update-repo-current
2022-03-15 02:42:53.285504 +0000 build-centos: true
2022-03-15 02:42:53.288535 +0000 build-centos: > done
2022-03-15 02:42:53.288569 +0000 > closing log
