2021-12-31 13:12:44.539102 +0000 > starting log
2021-12-31 13:12:44.539463 +0000 build-fedora4: > starting build with log
2021-12-31 13:12:44.539477 +0000 build-fedora4: >> make args: update-repo-current
2021-12-31 13:12:44.539484 +0000 build-fedora4: >> MAKEFLAGS=
2021-12-31 13:12:44.539492 +0000 build-fedora4: >> COMPONENTS=python-objgraph
2021-12-31 13:12:44.539497 +0000 build-fedora4: >> DISTS_VM=
2021-12-31 13:12:44.539503 +0000 build-fedora4: >> DIST_DOM0=
2021-12-31 13:12:44.539511 +0000 build-fedora4: >> qubes-builder c209be5e4a3cafae882bea4e438e48552805ee52
2021-12-31 13:12:44.539521 +0000 build-fedora4: >> qubes-builder/qubes-src/python-objgraph 3f879688b3ca3c7ee5a735885c54c565beb10420
2021-12-31 13:12:44.539528 +0000 build-fedora4: ?? objgraph-3.5.0.tar.gz
2021-12-31 13:12:44.539536 +0000 build-fedora4: !! pkgs/dom0-fc25/python-objgraph-3.5.0-2.fc25.x86_64.buildinfo
2021-12-31 13:12:44.539544 +0000 build-fedora4: !! pkgs/dom0-fc25/python-objgraph-3.5.0-3.fc25.src.rpm
2021-12-31 13:12:44.539553 +0000 build-fedora4: !! pkgs/dom0-fc25/python-objgraph-3.5.0-3.fc25.x86_64.buildinfo
2021-12-31 13:12:44.539561 +0000 build-fedora4: !! pkgs/dom0-fc25/python-objgraph-doc-3.5.0-3.fc25.noarch.rpm
2021-12-31 13:12:44.539569 +0000 build-fedora4: !! pkgs/dom0-fc25/python-objgraph.spec.list
2021-12-31 13:12:44.539577 +0000 build-fedora4: !! pkgs/dom0-fc25/python3-objgraph-3.5.0-3.fc25.noarch.rpm
2021-12-31 13:12:44.539591 +0000 build-fedora4: da29202871bad06f2caa9cc297e7bf9a15af4c89e23baf9c271764e0ce93ff9557cd5c21d0bf39b425713460dbe2dbc8468d70c6bfcc1c3ff8b1b4d4a7923858  objgraph-3.5.0.tar.gz
2021-12-31 13:12:44.539607 +0000 build-fedora4: fcbc67d8725abe6a62682259b2b21148d7f58f296b307cc7956d7b8a10eb7338b8caa1d62be2fbd03f0310fd8c02ba77f2bbf57064cd30ea37817652bd46708e  pkgs/dom0-fc25/python-objgraph-3.5.0-2.fc25.x86_64.buildinfo
2021-12-31 13:12:44.539623 +0000 build-fedora4: dacfe431bbbbb2bcdbe554523d3e9f3a08e39d8a78eec644267d563f9ce0093a63cde560b240a806fe179621de9ad2323a6b907c68dd07c9a5220ebf2c484e77  pkgs/dom0-fc25/python-objgraph-3.5.0-3.fc25.src.rpm
2021-12-31 13:12:44.539639 +0000 build-fedora4: e1cf16ac87b51415f993dbbadd6029b767b5099ad34afd63ff9fea870d7c56b57d0ad5bec2f1f93ca12117994aef2d25533f104b71630f09976c3dc5731599da  pkgs/dom0-fc25/python-objgraph-3.5.0-3.fc25.x86_64.buildinfo
2021-12-31 13:12:44.539655 +0000 build-fedora4: 71221cac0d5a30777096e45c1678a0c1b59b6e276498143be8a9a875aa949bf11bc6a2d8bf0d4f7d82108feb513368d50021135e73fb0e673892cc0cdae9fe03  pkgs/dom0-fc25/python-objgraph-doc-3.5.0-3.fc25.noarch.rpm
2021-12-31 13:12:44.539670 +0000 build-fedora4: fcb68dc46492ce722b07c16dd52cf2f451e65fac9952a4383715fe62caff8155a66fc316090e96ddb1882dccc4b34c1b7dd57ae9cc9b239e8f433fb8e32a7a16  pkgs/dom0-fc25/python-objgraph.spec.list
2021-12-31 13:12:44.539686 +0000 build-fedora4: a447453cff030af5ef5efdad4151af5a7941a63998f2d5d28a4700022ccc90841f126ed5bffe95d85485badc2ce42acc66b9403c7144f4882f3a6363de965080  pkgs/dom0-fc25/python3-objgraph-3.5.0-3.fc25.noarch.rpm
2021-12-31 13:12:44.539696 +0000 build-fedora4: ================================================================================
2021-12-31 13:12:44.539705 +0000 build-fedora4:                            B U I L D   I N F O                                  
2021-12-31 13:12:44.539715 +0000 build-fedora4: Items in red indicate it was automatically generated by configuration file(s)
2021-12-31 13:12:44.539724 +0000 build-fedora4: Items in white indicate it was automatically removed by configuration file(s)
2021-12-31 13:12:44.539734 +0000 build-fedora4: ================================================================================
2021-12-31 13:12:44.539739 +0000 build-fedora4: DISTS_VM:
2021-12-31 13:12:44.539744 +0000 build-fedora4:     
2021-12-31 13:12:44.539750 +0000 build-fedora4: DISTS_ALL:
2021-12-31 13:12:44.539755 +0000 build-fedora4:      dom0-fc25,
2021-12-31 13:12:44.539761 +0000 build-fedora4: DIST_DOM0:
2021-12-31 13:12:44.539766 +0000 build-fedora4:      fc25,
2021-12-31 13:12:44.539772 +0000 build-fedora4: BUILDER_PLUGINS:
2021-12-31 13:12:44.539782 +0000 build-fedora4:      builder-rpm, builder-debian, mgmt-salt, linux-yum, release-configs, builder-github,
2021-12-31 13:12:44.539793 +0000 build-fedora4: COMPONENTS:
2021-12-31 13:12:44.539800 +0000 build-fedora4:      python-objgraph,
2021-12-31 13:12:44.539805 +0000 build-fedora4: GIT_REPOS:
2021-12-31 13:12:44.539812 +0000 build-fedora4:      qubes-src/python-objgraph,
2021-12-31 13:12:44.539818 +0000 build-fedora4: TEMPLATE:
2021-12-31 13:12:44.539823 +0000 build-fedora4:     
2021-12-31 13:12:44.539829 +0000 build-fedora4: TEMPLATE_FLAVOR_DIR:
2021-12-31 13:12:44.539834 +0000 build-fedora4:     
2021-12-31 13:12:44.539839 +0000 build-fedora4: TEMPLATE_ALIAS:
2021-12-31 13:12:44.539848 +0000 build-fedora4:      stretch:stretch+standard, stretch+gnome:stretch+gnome+standard,
2021-12-31 13:12:44.539860 +0000 build-fedora4:      stretch+minimal:stretch+minimal+no-recommends, buster:buster+standard, buster+gnome:buster+gnome+standard,
2021-12-31 13:12:44.539870 +0000 build-fedora4:      buster+minimal:buster+minimal+no-recommends, bullseye:bullseye+standard,
2021-12-31 13:12:44.539880 +0000 build-fedora4:      bullseye+gnome:bullseye+gnome+standard, bullseye+minimal:bullseye+minimal+no-recommends,
2021-12-31 13:12:44.539891 +0000 build-fedora4:      bionic:bionic+standard, focal:focal+standard, whonix-gateway-15:buster+whonix-gateway+minimal+no-recommends,
2021-12-31 13:12:44.539901 +0000 build-fedora4:      whonix-workstation-15:buster+whonix-workstation+minimal+no-recommends,
2021-12-31 13:12:44.539910 +0000 build-fedora4:      whonix-gateway-16:bullseye+whonix-gateway+minimal+no-recommends,
2021-12-31 13:12:44.539919 +0000 build-fedora4:      whonix-workstation-16:bullseye+whonix-workstation+minimal+no-recommends,
2021-12-31 13:12:44.539928 +0000 build-fedora4:      whonix-gateway:jessie+whonix-gateway+minimal+no-recommends,
2021-12-31 13:12:44.539937 +0000 build-fedora4:      whonix-workstation:jessie+whonix-workstation+minimal+no-recommends,
2021-12-31 13:12:44.539943 +0000 build-fedora4: TEMPLATE_LABEL:
2021-12-31 13:12:44.539952 +0000 build-fedora4:      fc25:fedora-25 fc32:fedora-32 fc33:fedora-33 fc34:fedora-34 fc35:fedora-35
2021-12-31 13:12:44.539963 +0000 build-fedora4:      fc32+minimal:fedora-32-minimal fc33+minimal:fedora-33-minimal fc34+minimal:fedora-34-minimal
2021-12-31 13:12:44.539975 +0000 build-fedora4:      fc35+minimal:fedora-35-minimal fc32+xfce:fedora-32-xfce fc33+xfce:fedora-33-xfce fc34+xfce:fedora-34-xfce
2021-12-31 13:12:44.539985 +0000 build-fedora4:      fc35+xfce:fedora-35-xfce stretch:debian-9 stretch+standard:debian-9 stretch+xfce:debian-9-xfce
2021-12-31 13:12:44.539996 +0000 build-fedora4:      buster:debian-10 buster+standard:debian-10 buster+xfce:debian-10-xfce bullseye:debian-11
2021-12-31 13:12:44.540006 +0000 build-fedora4:      bullseye+standard:debian-11 bullseye+xfce:debian-11-xfce bionic+standard:bionic
2021-12-31 13:12:44.540020 +0000 build-fedora4:      focal+standard:focal buster+whonix-gateway+minimal+no-recommends:whonix-gw-15
2021-12-31 13:12:44.540029 +0000 build-fedora4:      buster+whonix-workstation+minimal+no-recommends:whonix-ws-15
2021-12-31 13:12:44.540038 +0000 build-fedora4:      bullseye+whonix-gateway+minimal+no-recommends:whonix-gw-16
2021-12-31 13:12:44.540046 +0000 build-fedora4:      bullseye+whonix-workstation+minimal+no-recommends:whonix-ws-16
2021-12-31 13:12:44.540056 +0000 build-fedora4:      centos7:centos-7 centos7+minimal:centos-7-minimal centos7+xfce:centos-7-xfce
2021-12-31 13:12:44.540066 +0000 build-fedora4:      centos-stream8:centos-stream-8 centos-stream8+minimal:centos-stream-8-minimal
2021-12-31 13:12:44.540077 +0000 build-fedora4:      centos-stream8+xfce:centos-stream-8-xfce jessie+whonix-gateway+minimal+no-recommends:whonix-gw
2021-12-31 13:12:44.540085 +0000 build-fedora4:      jessie+whonix-workstation+minimal+no-recommends:whonix-ws
2021-12-31 13:12:44.540091 +0000 build-fedora4: > running make
2021-12-31 13:12:44.540101 +0000 build-fedora4: Makefile:863: target 'internal-update-repo-current.dom0.fc25.python-objgraph' does not exist
2021-12-31 13:12:44.540113 +0000 build-fedora4: repo_base_var="LINUX_REPO_${DIST//-/_}_BASEDIR"; \
2021-12-31 13:12:44.540122 +0000 build-fedora4: if [ "python-objgraph" = linux-template-builder ]; then \
2021-12-31 13:12:44.540132 +0000 build-fedora4: .# templates belongs to dom0 repository, even though PACKAGE_SET=vm
2021-12-31 13:12:44.540139 +0000 build-fedora4: repo_base_var="LINUX_REPO_fc25_BASEDIR"; \
2021-12-31 13:12:44.540144 +0000 build-fedora4: fi; \
2021-12-31 13:12:44.540176 +0000 build-fedora4: if [ -n "${!repo_base_var}" ]; then \
2021-12-31 13:12:44.540185 +0000 build-fedora4: .repo_basedir="${!repo_base_var}"; \
2021-12-31 13:12:44.540190 +0000 build-fedora4: else \
2021-12-31 13:12:44.540198 +0000 build-fedora4: .repo_basedir="qubes-src/linux-yum/r4.0"; \
2021-12-31 13:12:44.540203 +0000 build-fedora4: fi; \
2021-12-31 13:12:44.540211 +0000 build-fedora4: if [ -r qubes-src/python-objgraph/Makefile.builder ]; then \
2021-12-31 13:12:44.540219 +0000 build-fedora4: .echo -n "Updating qubes-src/python-objgraph... "; \
2021-12-31 13:12:44.540226 +0000 build-fedora4: .if [ "0" -eq 1 ]; then \
2021-12-31 13:12:44.540235 +0000 build-fedora4: ..vtag=`git -C qubes-src/python-objgraph tag --points-at HEAD --list v*`; \
2021-12-31 13:12:44.540242 +0000 build-fedora4: ..if [ -z "$vtag" ]; then \
2021-12-31 13:12:44.540249 +0000 build-fedora4: ...echo "no version tag"; \
2021-12-31 13:12:44.540254 +0000 build-fedora4: ...exit 0; \
2021-12-31 13:12:44.540260 +0000 build-fedora4: ..fi; \
2021-12-31 13:12:44.540265 +0000 build-fedora4: .fi; \
2021-12-31 13:12:44.540273 +0000 build-fedora4: .if [ "python-objgraph" = linux-template-builder ]; then
2021-12-31 13:12:44.540284 +0000 build-fedora4: export TEMPLATE_NAME=$(MAKEFLAGS= make -s -C qubes-src/linux-template-builder DIST=fc25 template-name)
2021-12-31 13:12:44.540289 +0000 build-fedora4: fi
2021-12-31 13:12:44.540308 +0000 build-fedora4: component_packages=$(MAKEFLAGS= make -s -f Makefile.generic DIST=fc25 PACKAGE_SET=dom0 COMPONENT=`basename qubes-src/python-objgraph` UPDATE_REPO=/home/user/builder-r4.0-dom0/$repo_basedir/current/dom0/fc25 get-var GET_VAR=PACKAGE_LIST); \
2021-12-31 13:12:44.540316 +0000 build-fedora4: .if [ -z "$component_packages" ]; then \
2021-12-31 13:12:44.540323 +0000 build-fedora4: ..echo "no packages."; \
2021-12-31 13:12:44.540329 +0000 build-fedora4: ..exit 0; \
2021-12-31 13:12:44.540334 +0000 build-fedora4: .fi; \
2021-12-31 13:12:44.540342 +0000 build-fedora4: .make -s -f Makefile.generic DIST=fc25 PACKAGE_SET=dom0 \
2021-12-31 13:12:44.540350 +0000 build-fedora4: ..COMPONENT=`basename qubes-src/python-objgraph` \
2021-12-31 13:12:44.540357 +0000 build-fedora4: ..SNAPSHOT_REPO=current-testing \
2021-12-31 13:12:44.540363 +0000 build-fedora4: ..TARGET_REPO=current \
2021-12-31 13:12:44.540373 +0000 build-fedora4: ..UPDATE_REPO=/home/user/builder-r4.0-dom0/$repo_basedir/current/dom0/fc25 \
2021-12-31 13:12:44.540386 +0000 build-fedora4: ..SNAPSHOT_FILE=/home/user/builder-r4.0-dom0/repo-latest-snapshot/current-testing-dom0-fc25-`basename qubes-src/python-objgraph` \
2021-12-31 13:12:44.540392 +0000 build-fedora4: ..BUILD_LOG_URL= \
2021-12-31 13:12:44.540399 +0000 build-fedora4: ..update-repo-from-snapshot || exit 1; \
2021-12-31 13:12:44.540410 +0000 build-fedora4: elif make -C qubes-src/python-objgraph -n update-repo-current >/dev/null 2>/dev/null; then \
2021-12-31 13:12:44.540417 +0000 build-fedora4: .echo "Updating qubes-src/python-objgraph... "; \
2021-12-31 13:12:44.540427 +0000 build-fedora4: .DIST=fc25 UPDATE_REPO=/home/user/builder-r4.0-dom0/$repo_basedir/current/dom0/fc25 \
2021-12-31 13:12:44.540436 +0000 build-fedora4: .make -s -C qubes-src/python-objgraph update-repo-current || exit 1; \
2021-12-31 13:12:44.540442 +0000 build-fedora4: else \
2021-12-31 13:12:44.540450 +0000 build-fedora4: .echo -n "Updating qubes-src/python-objgraph... skipping."; \
2021-12-31 13:12:44.540455 +0000 build-fedora4: fi; \
2021-12-31 13:12:44.540465 +0000 build-fedora4: echo
2021-12-31 13:12:44.570602 +0000 build-fedora4: Updating qubes-src/python-objgraph... Makefile.generic:229: target 'update-repo-date-check' does not exist
2021-12-31 13:12:44.570643 +0000 build-fedora4: if ! [ -r /home/user/builder-r4.0-dom0/repo-latest-snapshot/current-testing-dom0-fc25-python-objgraph ]; then \
2021-12-31 13:12:44.570657 +0000 build-fedora4: .echo "`tput bold`*** Packages weren't uploaded to current-testing! ***`tput sgr0`"; \
2021-12-31 13:12:44.570664 +0000 build-fedora4: .exit 1; \
2021-12-31 13:12:44.570670 +0000 build-fedora4: fi
2021-12-31 13:12:44.584610 +0000 build-fedora4: touch -t `date -d "5 days ago" +%Y%m%d%H%M` /tmp/age-compare-file
2021-12-31 13:12:44.587852 +0000 build-fedora4: if ! [ /home/user/builder-r4.0-dom0/repo-latest-snapshot/current-testing-dom0-fc25-python-objgraph -ot /tmp/age-compare-file ]; then \
2021-12-31 13:12:44.587895 +0000 build-fedora4: .echo "`tput bold`*** Packages weren't in current-testing for at least 5 days! ***`tput sgr0`"; \
2021-12-31 13:12:44.587904 +0000 build-fedora4: .exit 1; \
2021-12-31 13:12:44.587911 +0000 build-fedora4: fi
2021-12-31 13:12:44.589029 +0000 build-fedora4: rm -f /tmp/age-compare-file
2021-12-31 13:12:44.593018 +0000 build-fedora4: /home/user/builder-r4.0-dom0/qubes-src/builder-rpm/Makefile.rpmbuilder:195: target 'update-repo-from-snapshot-do' does not exist
2021-12-31 13:12:44.593066 +0000 build-fedora4: for f in pkgs/dom0-fc25/python-objgraph-3.5.0-3.fc25.src.rpm pkgs/dom0-fc25/python-objgraph-doc-3.5.0-3.fc25.noarch.rpm pkgs/dom0-fc25/python3-objgraph-3.5.0-3.fc25.noarch.rpm pkgs/dom0-fc25/python-objgraph-3.5.0-3.fc25.x86_64.buildinfo; do \
2021-12-31 13:12:44.593087 +0000 build-fedora4: .ln -f /home/user/builder-r4.0-dom0/qubes-src/linux-yum/r4.0/current-testing/dom0/fc25/rpm/`basename $f` /home/user/builder-r4.0-dom0/qubes-src/linux-yum/r4.0/current/dom0/fc25/rpm/ || exit 1; \
2021-12-31 13:12:44.593094 +0000 build-fedora4: done
2021-12-31 13:12:44.617419 +0000 build-fedora4: /home/user/builder-r4.0-dom0/qubes-src/builder-github//Makefile.github:18: target 'notify-github' does not exist
2021-12-31 13:12:44.617460 +0000 build-fedora4: [ -z "python-objgraph-3.5.0-3.fc25" ] || /home/user/builder-r4.0-dom0/qubes-src/builder-github//notify-issues \
2021-12-31 13:12:44.617469 +0000 build-fedora4: .--build-log="" \
2021-12-31 13:12:44.617476 +0000 build-fedora4: .upload \
2021-12-31 13:12:44.617483 +0000 build-fedora4: ."r4.0" \
2021-12-31 13:12:44.617489 +0000 build-fedora4: ."qubes-src/python-objgraph" \
2021-12-31 13:12:44.617496 +0000 build-fedora4: ."python-objgraph-3.5.0-3.fc25" \
2021-12-31 13:12:44.617502 +0000 build-fedora4: ."fc25" \
2021-12-31 13:12:44.617507 +0000 build-fedora4: ."dom0" \
2021-12-31 13:12:44.617513 +0000 build-fedora4: ."current" \
2021-12-31 13:12:44.617522 +0000 build-fedora4: ."/home/user/github-notify-state/r4.0-python-objgraph-dom0-fc25-current" \
2021-12-31 13:12:44.617531 +0000 build-fedora4: ."/home/user/github-notify-state/r4.0-python-objgraph-dom0-fc25-current"
2021-12-31 13:12:50.246970 +0000 build-fedora4: 
2021-12-31 13:12:50.247023 +0000 build-fedora4: Makefile:945: target 'post-update-repo-current' does not exist
2021-12-31 13:12:50.247033 +0000 build-fedora4: true
2021-12-31 13:12:50.247049 +0000 build-fedora4: Makefile:819: update target 'update-repo-current' due to: internal-update-repo-current.dom0.fc25.python-objgraph post-update-repo-current
2021-12-31 13:12:50.247057 +0000 build-fedora4: true
2021-12-31 13:12:50.247498 +0000 build-fedora4: > done
2021-12-31 13:12:50.247528 +0000 > closing log
