2019-10-28 03:36:22.174894 +0000 > starting log
2019-10-28 03:36:22.175798 +0000 build-fedora4: > starting build with log
2019-10-28 03:36:22.175818 +0000 build-fedora4: >> make args: DISTS_VM= DIST_DOM0=fc25 qubes
2019-10-28 03:36:22.175828 +0000 build-fedora4: >> MAKEFLAGS=
2019-10-28 03:36:22.175837 +0000 build-fedora4: >> COMPONENTS=app-u2f
2019-10-28 03:36:22.175844 +0000 build-fedora4: >> DISTS_VM=
2019-10-28 03:36:22.175851 +0000 build-fedora4: >> DIST_DOM0=
2019-10-28 03:36:22.175859 +0000 build-fedora4: >> qubes-builder 826ee2f102b70aa01bba229083d13a499faeb8da
2019-10-28 03:36:22.175866 +0000 build-fedora4: ?? rpmdb/Basenames
2019-10-28 03:36:22.175873 +0000 build-fedora4: ?? rpmdb/Conflictname
2019-10-28 03:36:22.175880 +0000 build-fedora4: ?? rpmdb/Dirnames
2019-10-28 03:36:22.175887 +0000 build-fedora4: ?? rpmdb/Enhancename
2019-10-28 03:36:22.175894 +0000 build-fedora4: ?? rpmdb/Filetriggername
2019-10-28 03:36:22.175901 +0000 build-fedora4: ?? rpmdb/Group
2019-10-28 03:36:22.175908 +0000 build-fedora4: ?? rpmdb/Installtid
2019-10-28 03:36:22.175914 +0000 build-fedora4: ?? rpmdb/Name
2019-10-28 03:36:22.175921 +0000 build-fedora4: ?? rpmdb/Obsoletename
2019-10-28 03:36:22.175928 +0000 build-fedora4: ?? rpmdb/Packages
2019-10-28 03:36:22.175935 +0000 build-fedora4: ?? rpmdb/Providename
2019-10-28 03:36:22.175942 +0000 build-fedora4: ?? rpmdb/Recommendname
2019-10-28 03:36:22.175948 +0000 build-fedora4: ?? rpmdb/Requirename
2019-10-28 03:36:22.175955 +0000 build-fedora4: ?? rpmdb/Sha1header
2019-10-28 03:36:22.175962 +0000 build-fedora4: ?? rpmdb/Sigmd5
2019-10-28 03:36:22.175969 +0000 build-fedora4: ?? rpmdb/Suggestname
2019-10-28 03:36:22.175976 +0000 build-fedora4: ?? rpmdb/Supplementname
2019-10-28 03:36:22.175983 +0000 build-fedora4: ?? rpmdb/Transfiletriggername
2019-10-28 03:36:22.175990 +0000 build-fedora4: ?? rpmdb/Triggername
2019-10-28 03:36:22.175997 +0000 build-fedora4: ?? rpmdb/__db.001
2019-10-28 03:36:22.176003 +0000 build-fedora4: ?? rpmdb/__db.002
2019-10-28 03:36:22.176010 +0000 build-fedora4: ?? rpmdb/__db.003
2019-10-28 03:36:22.227274 +0000 build-fedora4: 0e0dc29702af2c4512d9e8223c1660373fa7a3f1996369d90d430aefd1b7ec279724abcd60c3e59ed7f0d30e8ca2ddef6eee71d11427f3ed404c32f307e24bee  rpmdb/Basenames
2019-10-28 03:36:22.239083 +0000 build-fedora4: eaa9eea3d46df9d5801c6e804c2fac47102cc9cf7bc623d9f9b6b9963785cf32a5113749f20b5cff508f6d1bddecbe21f39012bab93745d0316cce6204caf6b9  rpmdb/Conflictname
2019-10-28 03:36:22.244534 +0000 build-fedora4: d5c585d72887699083560a700609746a9baffb0f3578added9d42e058dfe76533b5b2c9e66f2d60d907b1844fdb41c03325f9288eb2b6b473ac731869d35abba  rpmdb/Dirnames
2019-10-28 03:36:22.247620 +0000 build-fedora4: 8890b7ed9eef9e578d4fc4a02626c3ff9eaf558aaaf9fd4a2781202512038ac96deedc95671793801cb84865cf4b1826bcbc81359d0b18ecb4abecb68ca38af4  rpmdb/Enhancename
2019-10-28 03:36:22.250447 +0000 build-fedora4: 1949ebc2d95acbf94f8974e84876feff55e61aa127a9ca1fc76a04a0bdc5a75dbc49e391a6a9836fa1bc37753d250ad669d6c53cc7c4a8bf8ae4a76ded7c4381  rpmdb/Filetriggername
2019-10-28 03:36:22.256684 +0000 build-fedora4: bbb8222d139e1d7134ecb9882c2bec2fc60f0407a1fc51f67830fe67ecf32479feed34830454d370f6f76e5d47260bb07eefaa29988188b88c95e9b116efecc3  rpmdb/Group
2019-10-28 03:36:22.261031 +0000 build-fedora4: fe0375a49617d7ba19a3cd0874b5b297f8908429340796a6d6ec0a095a02b91bfac415a5bcd0649333f8cf501caa59a52f86185c44b50b4563e06f768a561e37  rpmdb/Installtid
2019-10-28 03:36:22.262325 +0000 build-fedora4: 9490dbeb98191d45b3b950a3dd3b161091f26b3855544bf27a090e72ae6bf626ccb7e220be66d1b3eaaaef1dccfe585c1ca68e29fda543454bd3d6dffbdac3fd  rpmdb/Name
2019-10-28 03:36:22.264700 +0000 build-fedora4: 9b319e0a5a9c16262763e28545413467cea9103e59364d7389736262c1c2453f0816036f6ed1589f2833dc607d6acdcd0fede7582443711dfee64ea5bbd10cfb  rpmdb/Obsoletename
2019-10-28 03:36:22.269807 +0000 build-fedora4: a0a952ef7147f9d64e785f43e6004d36d6f6eea681998235266d5925293a44a719d536ec077d734c707afaaefe71d4dafa5ecd7d4f8fb4ebdcf957921f7cc562  rpmdb/Packages
2019-10-28 03:36:22.272624 +0000 build-fedora4: 4ec5d460a3bbfe8a93502581d2bc0156f2ad56536bb54845aa25d44dd92f6712a22057250ee97c7787d609279f7f4c83dcf3bb50b63e87184411963ce8611fbf  rpmdb/Providename
2019-10-28 03:36:22.275309 +0000 build-fedora4: 249e9e056f6ee64823df0652e9d880494d511230c8122c8be0257a4b81e99a5a582bf1205c68c7b8816cfd10648b1813dc2cecb4ad0ec41e6b42c2a476d3de1f  rpmdb/Recommendname
2019-10-28 03:36:22.277312 +0000 build-fedora4: a9dd2321719f0266d275a377b922b7147278ce81168d920bdc4d506f94198879fc06ba8cd8324f333652e66069eda3b85d5e1c41b8b382f5ca813386d83f395e  rpmdb/Requirename
2019-10-28 03:36:22.281314 +0000 build-fedora4: 8ca7278d2bc8b3d9d827cdd996302d865832528ff87d71d12b3721cda38b7ef72fa327936e818a5d13748b1841395da4aa3ed4ccd827734dd07c4972f5d05792  rpmdb/Sha1header
2019-10-28 03:36:22.283752 +0000 build-fedora4: 7bb4c320a15a4c7cd34fd0ac674b95243686b37521ae0e7ad3b174eb9fc63737a0acdded1cea7a8a78b17b80699cb489184423f57f0f24a338f47a51c1ed3ae5  rpmdb/Sigmd5
2019-10-28 03:36:22.287338 +0000 build-fedora4: 0b2a8db3091c70f84fbe68a95a4d3b31a8005e56991afd957e694518c97e99ae58a0bcbbc79033d7a6998e6f0efd30ce99ae65d4dc10afb291211474c9515655  rpmdb/Suggestname
2019-10-28 03:36:22.288825 +0000 build-fedora4: e5a38c874b93378f1f6c66bbc27cae49f533634153e64289a2646da0510406893d75524bacbf6c2fa22199f239e8d0ff185fe3771a6401a1fd32996d6cfe2649  rpmdb/Supplementname
2019-10-28 03:36:22.294152 +0000 build-fedora4: a93ce0dc832e4d85f676e9419c744c29f303b51376268d0dcdc778509f9ddf8b499d0212ccaaa53b0f206f0b6f14fea9aa3e190ee71fd99a3b2472d282340603  rpmdb/Transfiletriggername
2019-10-28 03:36:22.299854 +0000 build-fedora4: acac296dcd741667a82e243377080149561c65a0f6e55b19c6bc8804521c563db14c18a1605f6fd6efe4a6ceed438fccc683b580a71900514767b65e4e1f836c  rpmdb/Triggername
2019-10-28 03:36:22.313086 +0000 build-fedora4: f65cf5270640293e2863559a2ea19108762a310e3c3291324c1612ad82e6949b7a53309731585ecb724a49e07d839fd4f5c9756d52c61bee9f209be79bfb3a78  rpmdb/__db.001
2019-10-28 03:36:22.321327 +0000 build-fedora4: b97e711c2b1789f22ac36cd75c0cf364cd418275e0acc3b67a9d7a3dbc14e0c4607ca13aabda185736b015d0f6adf1e44a4248ad9eee96db3a0d3d80562d3be5  rpmdb/__db.002
2019-10-28 03:36:22.330273 +0000 build-fedora4: 22e6e13e4ba76289e0c7159470dc4b9bedd0267d650f8f566dba591a54c58d04e4a97bca91bbd99cd9e02c1a0eef99756b6513c3afdb154b38914f6dae4bb8f9  rpmdb/__db.003
2019-10-28 03:36:22.366939 +0000 build-fedora4: >> qubes-builder/qubes-src/app-u2f 4a3f9c3eb257be1e0001ac0135eb6f8248e3c2e8
2019-10-28 03:36:22.371834 +0000 build-fedora4: !! pkgs/dom0-fc25/noarch/qubes-u2f-dom0-1.2.3-1.fc25.noarch.rpm
2019-10-28 03:36:22.371867 +0000 build-fedora4: !! pkgs/dom0-fc25/qubes-u2f-dom0.spec.list
2019-10-28 03:36:22.400411 +0000 build-fedora4: 545e77197dba23c7b7212fcda2070bd8d6cd1ce4bc8841c150c51bc15b75d202ebd8c30dda886f68686d39f136eb74174e19bd69daacc54fab42bbc380edeaf4  pkgs/dom0-fc25/noarch/qubes-u2f-dom0-1.2.3-1.fc25.noarch.rpm
2019-10-28 03:36:22.400457 +0000 build-fedora4: ba03e3f99b04257ae678fd6eaa6d48f7f024812c7654b6f0493c71cb29c3ad84f61fad9169c437b3a8a9b803c5c76ed7ed6e14b0e86469099f68767f0ea84df7  pkgs/dom0-fc25/qubes-u2f-dom0.spec.list
2019-10-28 03:36:22.621776 +0000 build-fedora4: ================================================================================
2019-10-28 03:36:22.621824 +0000 build-fedora4:                            B U I L D   I N F O                                  
2019-10-28 03:36:22.621838 +0000 build-fedora4: Items in red indicate it was automatically generated by configuration file(s)
2019-10-28 03:36:22.621849 +0000 build-fedora4: Items in white indicate it was automatically removed by configuration file(s)
2019-10-28 03:36:22.621860 +0000 build-fedora4: ================================================================================
2019-10-28 03:36:22.621867 +0000 build-fedora4: DISTS_VM:
2019-10-28 03:36:22.625670 +0000 build-fedora4:     
2019-10-28 03:36:22.627315 +0000 build-fedora4: DISTS_ALL:
2019-10-28 03:36:22.641713 +0000 build-fedora4:      dom0-fc25,
2019-10-28 03:36:22.641747 +0000 build-fedora4: DIST_DOM0:
2019-10-28 03:36:22.641758 +0000 build-fedora4:      fc25,
2019-10-28 03:36:22.641766 +0000 build-fedora4: BUILDER_PLUGINS:
2019-10-28 03:36:22.641800 +0000 build-fedora4:      builder-rpm, builder-debian, mgmt-salt, linux-yum, release-configs, builder-github,
2019-10-28 03:36:22.656356 +0000 build-fedora4: COMPONENTS:
2019-10-28 03:36:22.662034 +0000 build-fedora4:      app-u2f,
2019-10-28 03:36:22.662067 +0000 build-fedora4: GIT_REPOS:
2019-10-28 03:36:22.692022 +0000 build-fedora4:      qubes-src/app-u2f,
2019-10-28 03:36:22.692057 +0000 build-fedora4: TEMPLATE:
2019-10-28 03:36:22.720502 +0000 build-fedora4:     
2019-10-28 03:36:22.723436 +0000 build-fedora4: TEMPLATE_FLAVOR_DIR:
2019-10-28 03:36:22.740438 +0000 build-fedora4:     
2019-10-28 03:36:22.740473 +0000 build-fedora4: TEMPLATE_ALIAS:
2019-10-28 03:36:22.752207 +0000 build-fedora4:      jessie:jessie+standard, jessie+gnome:jessie+gnome+standard,
2019-10-28 03:36:22.752245 +0000 build-fedora4:      jessie+minimal:jessie+minimal+no-recommends, stretch:stretch+standard, stretch+gnome:stretch+gnome+standard,
2019-10-28 03:36:22.752261 +0000 build-fedora4:      stretch+minimal:stretch+minimal+no-recommends, buster:buster+standard, buster+gnome:buster+gnome+standard,
2019-10-28 03:36:22.752274 +0000 build-fedora4:      buster+minimal:buster+minimal+no-recommends, bullseye:bullseye+standard,
2019-10-28 03:36:22.752285 +0000 build-fedora4:      bullseye+gnome:bullseye+gnome+standard, bullseye+minimal:bullseye+minimal+no-recommends,
2019-10-28 03:36:22.752296 +0000 build-fedora4:      whonix-gateway:jessie+whonix-gateway+minimal+no-recommends,
2019-10-28 03:36:22.752305 +0000 build-fedora4:      whonix-workstation:jessie+whonix-workstation+minimal+no-recommends,
2019-10-28 03:36:22.752315 +0000 build-fedora4:      whonix-gateway-14:stretch+whonix-gateway+minimal+no-recommends,
2019-10-28 03:36:22.752325 +0000 build-fedora4:      whonix-workstation-14:stretch+whonix-workstation+minimal+no-recommends,
2019-10-28 03:36:22.752335 +0000 build-fedora4:      whonix-gateway-15:buster+whonix-gateway+minimal+no-recommends,
2019-10-28 03:36:22.752344 +0000 build-fedora4:      whonix-workstation-15:buster+whonix-workstation+minimal+no-recommends,
2019-10-28 03:36:22.752353 +0000 build-fedora4:      whonix-gateway:jessie+whonix-gateway+minimal+no-recommends,
2019-10-28 03:36:22.752362 +0000 build-fedora4:      whonix-workstation:jessie+whonix-workstation+minimal+no-recommends,
2019-10-28 03:36:22.752369 +0000 build-fedora4: TEMPLATE_LABEL:
2019-10-28 03:36:22.760724 +0000 build-fedora4:      fc25:fedora-25 fc29:fedora-29 fc30:fedora-30 fc31:fedora-31 fc29+minimal:fedora-29-minimal
2019-10-28 03:36:22.760761 +0000 build-fedora4:      fc30+minimal:fedora-30-minimal fc31+minimal:fedora-31-minimal fc29+xfce:fedora-29-xfce
2019-10-28 03:36:22.760775 +0000 build-fedora4:      fc30+xfce:fedora-30-xfce fc31+xfce:fedora-31-xfce wheezy:debian-7
2019-10-28 03:36:22.760788 +0000 build-fedora4:      wheezy+standard:debian-7 jessie:debian-8 jessie+standard:debian-8 stretch:debian-9
2019-10-28 03:36:22.760803 +0000 build-fedora4:      stretch+standard:debian-9 buster:debian-10 buster+standard:debian-10 bullseye:debian-11
2019-10-28 03:36:22.760814 +0000 build-fedora4:      bullseye+standard:bullseye-11 jessie+whonix-gateway+minimal+no-recommends:whonix-gw
2019-10-28 03:36:22.760824 +0000 build-fedora4:      jessie+whonix-workstation+minimal+no-recommends:whonix-ws
2019-10-28 03:36:22.760833 +0000 build-fedora4:      stretch+whonix-gateway+minimal+no-recommends:whonix-gw-14
2019-10-28 03:36:22.760843 +0000 build-fedora4:      stretch+whonix-workstation+minimal+no-recommends:whonix-ws-14
2019-10-28 03:36:22.760852 +0000 build-fedora4:      buster+whonix-gateway+minimal+no-recommends:whonix-gw-15
2019-10-28 03:36:22.760862 +0000 build-fedora4:      buster+whonix-workstation+minimal+no-recommends:whonix-ws-15 centos7:centos-7
2019-10-28 03:36:22.760872 +0000 build-fedora4:      centos7+minimal:centos-7-minimal centos7+xfce:centos-7-xfce
2019-10-28 03:36:22.760881 +0000 build-fedora4:      jessie+whonix-gateway+minimal+no-recommends:whonix-gw
2019-10-28 03:36:22.760890 +0000 build-fedora4:      jessie+whonix-workstation+minimal+no-recommends:whonix-ws
2019-10-28 03:36:22.849612 +0000 build-fedora4: > running make
2019-10-28 03:36:22.903490 +0000 build-fedora4: Makefile:1005: target 'build-info' does not exist
2019-10-28 03:36:22.903554 +0000 build-fedora4: echo "================================================================================"
2019-10-28 03:36:22.903571 +0000 build-fedora4: echo "                           B U I L D   I N F O                                  "
2019-10-28 03:36:22.903582 +0000 build-fedora4: echo -e "Items in red indicate it was automatically generated by configuration file(s)"
2019-10-28 03:36:22.903593 +0000 build-fedora4: echo -e "Items in white indicate it was automatically removed by configuration file(s)"
2019-10-28 03:36:22.903603 +0000 build-fedora4: echo "================================================================================"
2019-10-28 03:36:22.903613 +0000 build-fedora4: # (1): Item Color, (2): Label, (3): Item, (4): Original item used to compare if changed
2019-10-28 03:36:22.903623 +0000 build-fedora4: echo -e "DISTS_VM:"; echo -e " " | fmt -w110  | sed -e 's/^/    /'
2019-10-28 03:36:22.903634 +0000 build-fedora4: echo -e "DISTS_ALL:"; echo -e " dom0-fc25," | fmt -w110  | sed -e 's/^/    /'
2019-10-28 03:36:22.903644 +0000 build-fedora4: echo -e "DIST_DOM0:"; echo -e " fc25," | fmt -w110  | sed -e 's/^/    /'
2019-10-28 03:36:22.903658 +0000 build-fedora4: echo -e "BUILDER_PLUGINS:"; echo -e " builder-rpm, builder-debian, mgmt-salt, linux-yum, release-configs, builder-github," | fmt -w110  | sed -e 's/^/    /'
2019-10-28 03:36:22.903668 +0000 build-fedora4: echo -e "COMPONENTS:"; echo -e " app-u2f," | fmt -w110  | sed -e 's/^/    /'
2019-10-28 03:36:22.903679 +0000 build-fedora4: echo -e "GIT_REPOS:"; echo -e " qubes-src/app-u2f," | fmt -w110  | sed -e 's/^/    /'
2019-10-28 03:36:22.903688 +0000 build-fedora4: echo -e "TEMPLATE:"; echo -e " " | fmt -w110  | sed -e 's/^/    /'
2019-10-28 03:36:22.903698 +0000 build-fedora4: echo -e "TEMPLATE_FLAVOR_DIR:"; echo -e " " | fmt -w110  | sed -e 's/^/    /'
2019-10-28 03:36:22.903750 +0000 build-fedora4: echo -e "TEMPLATE_ALIAS:"; echo -e " jessie:jessie+standard, jessie+gnome:jessie+gnome+standard, jessie+minimal:jessie+minimal+no-recommends, stretch:stretch+standard, stretch+gnome:stretch+gnome+standard, stretch+minimal:stretch+minimal+no-recommends, buster:buster+standard, buster+gnome:buster+gnome+standard, buster+minimal:buster+minimal+no-recommends, bullseye:bullseye+standard, bullseye+gnome:bullseye+gnome+standard, bullseye+minimal:bullseye+minimal+no-recommends, whonix-gateway:jessie+whonix-gateway+minimal+no-recommends, whonix-workstation:jessie+whonix-workstation+minimal+no-recommends, whonix-gateway-14:stretch+whonix-gateway+minimal+no-recommends, whonix-workstation-14:stretch+whonix-workstation+minimal+no-recommends, whonix-gateway-15:buster+whonix-gateway+minimal+no-recommends, whonix-workstation-15:buster+whonix-workstation+minimal+no-recommends, whonix-gateway:jessie+whonix-gateway+minimal+no-recommends, whonix-workstation:jessie+whonix-workstation+minimal+no-recommends," | fmt -w110  | sed -e 's/^/    /'
2019-10-28 03:36:22.903807 +0000 build-fedora4: echo -e "TEMPLATE_LABEL:"; echo -e " fc25:fedora-25 fc29:fedora-29 fc30:fedora-30 fc31:fedora-31 fc29+minimal:fedora-29-minimal fc30+minimal:fedora-30-minimal fc31+minimal:fedora-31-minimal fc29+xfce:fedora-29-xfce fc30+xfce:fedora-30-xfce fc31+xfce:fedora-31-xfce wheezy:debian-7 wheezy+standard:debian-7 jessie:debian-8 jessie+standard:debian-8 stretch:debian-9 stretch+standard:debian-9 buster:debian-10 buster+standard:debian-10 bullseye:debian-11 bullseye+standard:bullseye-11 jessie+whonix-gateway+minimal+no-recommends:whonix-gw jessie+whonix-workstation+minimal+no-recommends:whonix-ws stretch+whonix-gateway+minimal+no-recommends:whonix-gw-14 stretch+whonix-workstation+minimal+no-recommends:whonix-ws-14 buster+whonix-gateway+minimal+no-recommends:whonix-gw-15 buster+whonix-workstation+minimal+no-recommends:whonix-ws-15 centos7:centos-7 centos7+minimal:centos-7-minimal centos7+xfce:centos-7-xfce jessie+whonix-gateway+minimal+no-recommends:whonix-gw jessie+whonix-workstation+minimal+no-recommends:whonix-ws" | fmt -w110  | sed -e 's/^/    /'
2019-10-28 03:36:22.903831 +0000 build-fedora4: for component in app-u2f; do \
2019-10-28 03:36:22.903842 +0000 build-fedora4: .component_env_var=`make -s get-var GET_VAR=ENV_${component//-/_}`; \
2019-10-28 03:36:22.903855 +0000 build-fedora4: .if [ ! -z "$component_env_var" ]; then echo -e "ENV_${component//-/_}:"; echo -e " ${component_env_var}, """ | fmt -w110  | sed -e 's/^/    /'; fi; \
2019-10-28 03:36:22.903864 +0000 build-fedora4: done
2019-10-28 03:36:22.955357 +0000 build-fedora4: ================================================================================
2019-10-28 03:36:22.955397 +0000 build-fedora4:                            B U I L D   I N F O                                  
2019-10-28 03:36:22.955411 +0000 build-fedora4: Items in red indicate it was automatically generated by configuration file(s)
2019-10-28 03:36:22.955422 +0000 build-fedora4: Items in white indicate it was automatically removed by configuration file(s)
2019-10-28 03:36:22.955433 +0000 build-fedora4: ================================================================================
2019-10-28 03:36:22.955440 +0000 build-fedora4: DISTS_VM:
2019-10-28 03:36:22.955447 +0000 build-fedora4:     
2019-10-28 03:36:22.955455 +0000 build-fedora4: DISTS_ALL:
2019-10-28 03:36:22.955462 +0000 build-fedora4:      dom0-fc25,
2019-10-28 03:36:22.955469 +0000 build-fedora4: DIST_DOM0:
2019-10-28 03:36:22.955476 +0000 build-fedora4:      fc25,
2019-10-28 03:36:22.955483 +0000 build-fedora4: BUILDER_PLUGINS:
2019-10-28 03:36:22.955494 +0000 build-fedora4:      builder-rpm, builder-debian, mgmt-salt, linux-yum, release-configs, builder-github,
2019-10-28 03:36:22.955526 +0000 build-fedora4: COMPONENTS:
2019-10-28 03:36:22.955534 +0000 build-fedora4:      app-u2f,
2019-10-28 03:36:22.955541 +0000 build-fedora4: GIT_REPOS:
2019-10-28 03:36:22.970418 +0000 build-fedora4:      qubes-src/app-u2f,
2019-10-28 03:36:22.972937 +0000 build-fedora4: TEMPLATE:
2019-10-28 03:36:22.974949 +0000 build-fedora4:     
2019-10-28 03:36:22.979580 +0000 build-fedora4: TEMPLATE_FLAVOR_DIR:
2019-10-28 03:36:23.005452 +0000 build-fedora4:     
2019-10-28 03:36:23.005489 +0000 build-fedora4: TEMPLATE_ALIAS:
2019-10-28 03:36:23.005531 +0000 build-fedora4:      jessie:jessie+standard, jessie+gnome:jessie+gnome+standard,
2019-10-28 03:36:23.005546 +0000 build-fedora4:      jessie+minimal:jessie+minimal+no-recommends, stretch:stretch+standard, stretch+gnome:stretch+gnome+standard,
2019-10-28 03:36:23.005560 +0000 build-fedora4:      stretch+minimal:stretch+minimal+no-recommends, buster:buster+standard, buster+gnome:buster+gnome+standard,
2019-10-28 03:36:23.005571 +0000 build-fedora4:      buster+minimal:buster+minimal+no-recommends, bullseye:bullseye+standard,
2019-10-28 03:36:23.005583 +0000 build-fedora4:      bullseye+gnome:bullseye+gnome+standard, bullseye+minimal:bullseye+minimal+no-recommends,
2019-10-28 03:36:23.005593 +0000 build-fedora4:      whonix-gateway:jessie+whonix-gateway+minimal+no-recommends,
2019-10-28 03:36:23.005603 +0000 build-fedora4:      whonix-workstation:jessie+whonix-workstation+minimal+no-recommends,
2019-10-28 03:36:23.005612 +0000 build-fedora4:      whonix-gateway-14:stretch+whonix-gateway+minimal+no-recommends,
2019-10-28 03:36:23.005622 +0000 build-fedora4:      whonix-workstation-14:stretch+whonix-workstation+minimal+no-recommends,
2019-10-28 03:36:23.005632 +0000 build-fedora4:      whonix-gateway-15:buster+whonix-gateway+minimal+no-recommends,
2019-10-28 03:36:23.005641 +0000 build-fedora4:      whonix-workstation-15:buster+whonix-workstation+minimal+no-recommends,
2019-10-28 03:36:23.005650 +0000 build-fedora4:      whonix-gateway:jessie+whonix-gateway+minimal+no-recommends,
2019-10-28 03:36:23.005660 +0000 build-fedora4:      whonix-workstation:jessie+whonix-workstation+minimal+no-recommends,
2019-10-28 03:36:23.005667 +0000 build-fedora4: TEMPLATE_LABEL:
2019-10-28 03:36:23.005691 +0000 build-fedora4:      fc25:fedora-25 fc29:fedora-29 fc30:fedora-30 fc31:fedora-31 fc29+minimal:fedora-29-minimal
2019-10-28 03:36:23.005703 +0000 build-fedora4:      fc30+minimal:fedora-30-minimal fc31+minimal:fedora-31-minimal fc29+xfce:fedora-29-xfce
2019-10-28 03:36:23.005713 +0000 build-fedora4:      fc30+xfce:fedora-30-xfce fc31+xfce:fedora-31-xfce wheezy:debian-7
2019-10-28 03:36:23.005723 +0000 build-fedora4:      wheezy+standard:debian-7 jessie:debian-8 jessie+standard:debian-8 stretch:debian-9
2019-10-28 03:36:23.005734 +0000 build-fedora4:      stretch+standard:debian-9 buster:debian-10 buster+standard:debian-10 bullseye:debian-11
2019-10-28 03:36:23.005745 +0000 build-fedora4:      bullseye+standard:bullseye-11 jessie+whonix-gateway+minimal+no-recommends:whonix-gw
2019-10-28 03:36:23.005754 +0000 build-fedora4:      jessie+whonix-workstation+minimal+no-recommends:whonix-ws
2019-10-28 03:36:23.005763 +0000 build-fedora4:      stretch+whonix-gateway+minimal+no-recommends:whonix-gw-14
2019-10-28 03:36:23.005772 +0000 build-fedora4:      stretch+whonix-workstation+minimal+no-recommends:whonix-ws-14
2019-10-28 03:36:23.005781 +0000 build-fedora4:      buster+whonix-gateway+minimal+no-recommends:whonix-gw-15
2019-10-28 03:36:23.005791 +0000 build-fedora4:      buster+whonix-workstation+minimal+no-recommends:whonix-ws-15 centos7:centos-7
2019-10-28 03:36:23.005803 +0000 build-fedora4:      centos7+minimal:centos-7-minimal centos7+xfce:centos-7-xfce
2019-10-28 03:36:23.005813 +0000 build-fedora4:      jessie+whonix-gateway+minimal+no-recommends:whonix-gw
2019-10-28 03:36:23.005822 +0000 build-fedora4:      jessie+whonix-workstation+minimal+no-recommends:whonix-ws
2019-10-28 03:36:23.090673 +0000 build-fedora4: ENV_app_u2f:
2019-10-28 03:36:23.090713 +0000 build-fedora4:      Makefile:1063: target 'get-var' does not exist
2019-10-28 03:36:23.090727 +0000 build-fedora4:     GET_VAR=${!GET_VAR}; \ echo "${GET_VAR}",
2019-10-28 03:36:23.097183 +0000 build-fedora4: Makefile:216: target 'check-depend.rpm' does not exist
2019-10-28 03:36:23.097229 +0000 build-fedora4: echo "Currently installed dependencies:" && rpm -q --whatprovides PyYAML createrepo_c debootstrap devscripts dpkg-dev git perl-Digest-MD5 perl-Digest-SHA python2-sh rpm-build rpm-sign rpmdevtools wget || \
2019-10-28 03:36:23.097246 +0000 build-fedora4: .{ echo "ERROR: call 'make install-deps' to install missing dependencies"; exit 1; }
2019-10-28 03:36:23.100914 +0000 build-fedora4: Currently installed dependencies:
2019-10-28 03:36:23.122281 +0000 build-fedora4: python2-pyyaml-5.1-1.fc30.x86_64
2019-10-28 03:36:23.122317 +0000 build-fedora4: createrepo_c-0.15.1-1.fc30.x86_64
2019-10-28 03:36:23.124692 +0000 build-fedora4: debootstrap-1.0.116-1.fc30.noarch
2019-10-28 03:36:23.124723 +0000 build-fedora4: devscripts-2.19.3-1.fc30.x86_64
2019-10-28 03:36:23.127649 +0000 build-fedora4: dpkg-dev-1.18.25-8.fc30.noarch
2019-10-28 03:36:23.127679 +0000 build-fedora4: git-2.21.0-1.fc30.x86_64
2019-10-28 03:36:23.127690 +0000 build-fedora4: perl-Digest-MD5-2.55-418.fc30.x86_64
2019-10-28 03:36:23.135170 +0000 build-fedora4: perl-Digest-SHA-6.02-5.fc30.x86_64
2019-10-28 03:36:23.135207 +0000 build-fedora4: python2-sh-1.12.14-10.fc30.noarch
2019-10-28 03:36:23.135218 +0000 build-fedora4: rpm-build-4.14.2.1-5.fc30.x86_64
2019-10-28 03:36:23.135227 +0000 build-fedora4: rpm-sign-4.14.2.1-5.fc30.x86_64
2019-10-28 03:36:23.137532 +0000 build-fedora4: rpmdevtools-8.10-8.fc30.noarch
2019-10-28 03:36:23.137561 +0000 build-fedora4: wget-1.20.3-1.fc30.x86_64
2019-10-28 03:36:23.142078 +0000 build-fedora4: Makefile:238: update target 'app-u2f-dom0' due to: check-depend
2019-10-28 03:36:23.142131 +0000 build-fedora4: if [ -n "app-u2f" -a "0" -ne 0 ]; then BRANCH=release4.0; branch_var="BRANCH_app_u2f"; [ -n "${!branch_var}" ] && BRANCH="${!branch_var}"; pushd qubes-src/app-u2f > /dev/null; CURRENT_BRANCH=`git symbolic-ref --short HEAD 2>/dev/null || git describe --tags --exact-match HEAD`; if [ "$BRANCH" != "$CURRENT_BRANCH" ]; then echo "-> ERROR: Wrong branch $branch_var=$CURRENT_BRANCH (expected $BRANCH)"; exit 1; fi; popd > /dev/null; fi
2019-10-28 03:36:23.142157 +0000 build-fedora4: if [ -r qubes-src/app-u2f/Makefile.builder ]; then \
2019-10-28 03:36:23.142171 +0000 build-fedora4: .make -f Makefile.generic DIST=fc25 PACKAGE_SET=dom0 COMPONENT=app-u2f ENV_COMPONENT= all || exit 1; \
2019-10-28 03:36:23.142182 +0000 build-fedora4: elif [ -n "`make -n -s -C qubes-src/app-u2f rpms-dom0 2> /dev/null`" ]; then \
2019-10-28 03:36:23.142194 +0000 build-fedora4:     MAKE_TARGET="rpms-dom0" ./scripts/build fc25 app-u2f || exit 1; \
2019-10-28 03:36:23.142204 +0000 build-fedora4: fi
2019-10-28 03:36:23.158183 +0000 build-fedora4: make[1]: Entering directory '/home/user/builder-r4.0-dom0'
2019-10-28 03:36:23.165611 +0000 build-fedora4: + ERR_OUTPUT=/dev/stderr
2019-10-28 03:36:23.165642 +0000 build-fedora4: + '[' 2 -lt 2 ']'
2019-10-28 03:36:23.170684 +0000 build-fedora4: ++ basename qubes-src/app-u2f/rpm_spec/qubes-u2f-dom0.spec.in
2019-10-28 03:36:23.171823 +0000 build-fedora4: + [[ xqubes-u2f-dom0.spec.in == \x\.\i\n ]]
2019-10-28 03:36:23.171848 +0000 build-fedora4: + '[' -r qubes-src/app-u2f/rpm_spec/qubes-u2f-dom0.spec.in ']'
2019-10-28 03:36:23.173541 +0000 build-fedora4: ++ mktemp --tmpdir tmp.XXXXXX.spec
2019-10-28 03:36:23.175781 +0000 build-fedora4: + tmp_spec=/tmp/tmp.RUbTZH.spec
2019-10-28 03:36:23.188129 +0000 build-fedora4: ++ dirname /home/user/builder-r4.0-dom0/qubes-src/builder-rpm/scripts/query-spec
2019-10-28 03:36:23.189267 +0000 build-fedora4: + /home/user/builder-r4.0-dom0/qubes-src/builder-rpm/scripts/generate-spec qubes-src/app-u2f/rpm_spec/qubes-u2f-dom0.spec.in /tmp/tmp.RUbTZH.spec
2019-10-28 03:36:23.239334 +0000 build-fedora4: + '[' 2 -lt 2 ']'
2019-10-28 03:36:23.239372 +0000 build-fedora4: + '[' -z qubes-src/app-u2f ']'
2019-10-28 03:36:23.239388 +0000 build-fedora4: + cp qubes-src/app-u2f/rpm_spec/qubes-u2f-dom0.spec.in qubes-src/app-u2f/rpm_spec/qubes-u2f-dom0.spec.in.tmp
2019-10-28 03:36:23.239397 +0000 build-fedora4: + read -r ver
2019-10-28 03:36:23.239404 +0000 build-fedora4: ++ sed s/-rc/~rc/
2019-10-28 03:36:23.239411 +0000 build-fedora4: ++ echo 1.2.4
2019-10-28 03:36:23.239418 +0000 build-fedora4: + ver=1.2.4
2019-10-28 03:36:23.239425 +0000 build-fedora4: + '[' x = x ']'
2019-10-28 03:36:23.239436 +0000 build-fedora4: + sed -i 's|@VERSION@|1.2.4|g' qubes-src/app-u2f/rpm_spec/qubes-u2f-dom0.spec.in.tmp
2019-10-28 03:36:23.239444 +0000 build-fedora4: + vnum=1
2019-10-28 03:36:23.239452 +0000 build-fedora4: + read -r ver
2019-10-28 03:36:23.239460 +0000 build-fedora4: + '[' -e qubes-src/app-u2f/rel ']'
2019-10-28 03:36:23.239470 +0000 build-fedora4: + grep -q @REL@ qubes-src/app-u2f/rpm_spec/qubes-u2f-dom0.spec.in.tmp
2019-10-28 03:36:23.239483 +0000 build-fedora4: + sed -i -e s:@BACKEND_VMM@:xen:g qubes-src/app-u2f/rpm_spec/qubes-u2f-dom0.spec.in.tmp
2019-10-28 03:36:23.256558 +0000 build-fedora4: + grep -q @CHANGELOG@ qubes-src/app-u2f/rpm_spec/qubes-u2f-dom0.spec.in.tmp
2019-10-28 03:36:23.256594 +0000 build-fedora4: + cat qubes-src/app-u2f/rpm_spec/qubes-u2f-dom0.spec.in.tmp
2019-10-28 03:36:23.256606 +0000 build-fedora4: + rm -rf qubes-src/app-u2f/rpm_spec/qubes-u2f-dom0.spec.in.tmp
2019-10-28 03:36:23.267967 +0000 build-fedora4: + '[' '%{SOURCE0}' = '%{SOURCE0}' ']'
2019-10-28 03:36:23.293058 +0000 build-fedora4: ++ dirname /home/user/builder-r4.0-dom0/qubes-src/builder-rpm/scripts/query-spec
2019-10-28 03:36:23.293099 +0000 build-fedora4: + /home/user/builder-r4.0-dom0/qubes-src/builder-rpm/scripts/../tools/spectool --list-files --source 0 /tmp/tmp.RUbTZH.spec
2019-10-28 03:36:23.540421 +0000 build-fedora4: + rm -f /tmp/tmp.RUbTZH.spec
2019-10-28 03:36:23.566955 +0000 build-fedora4: Makefile.generic:151: target 'generic-prepare-chroot' does not exist
2019-10-28 03:36:23.566992 +0000 build-fedora4: if [ "`id -u`" = 0 ]; then \
2019-10-28 03:36:23.567007 +0000 build-fedora4: .echo "*******************************************************************************"; \
2019-10-28 03:36:23.567019 +0000 build-fedora4: .echo "***                               ERROR                                      ***"; \
2019-10-28 03:36:23.567043 +0000 build-fedora4: .echo "*** Start the build as normal user, it will use sudo (only) where necessary! ***"; \
2019-10-28 03:36:23.567055 +0000 build-fedora4: .echo "***                                                                          ***"; \
2019-10-28 03:36:23.567065 +0000 build-fedora4: .echo "*******************************************************************************"; \
2019-10-28 03:36:23.567073 +0000 build-fedora4: .exit 1; \
2019-10-28 03:36:23.567080 +0000 build-fedora4: fi
2019-10-28 03:36:23.595840 +0000 build-fedora4: + ERR_OUTPUT=/dev/stderr
2019-10-28 03:36:23.598227 +0000 build-fedora4: + '[' 2 -lt 2 ']'
2019-10-28 03:36:23.604295 +0000 build-fedora4: ++ basename qubes-src/app-u2f/rpm_spec/qubes-u2f-dom0.spec.in
2019-10-28 03:36:23.606961 +0000 build-fedora4: + [[ xqubes-u2f-dom0.spec.in == \x\.\i\n ]]
2019-10-28 03:36:23.607076 +0000 build-fedora4: + '[' -r qubes-src/app-u2f/rpm_spec/qubes-u2f-dom0.spec.in ']'
2019-10-28 03:36:23.615779 +0000 build-fedora4: ++ mktemp --tmpdir tmp.XXXXXX.spec
2019-10-28 03:36:23.621964 +0000 build-fedora4: + tmp_spec=/tmp/tmp.STE26n.spec
2019-10-28 03:36:23.637827 +0000 build-fedora4: ++ dirname /home/user/builder-r4.0-dom0/qubes-src/builder-rpm/scripts/query-spec
2019-10-28 03:36:23.639850 +0000 build-fedora4: + /home/user/builder-r4.0-dom0/qubes-src/builder-rpm/scripts/generate-spec qubes-src/app-u2f/rpm_spec/qubes-u2f-dom0.spec.in /tmp/tmp.STE26n.spec
2019-10-28 03:36:23.645903 +0000 build-fedora4: + '[' 2 -lt 2 ']'
2019-10-28 03:36:23.645934 +0000 build-fedora4: + '[' -z qubes-src/app-u2f ']'
2019-10-28 03:36:23.646027 +0000 build-fedora4: + cp qubes-src/app-u2f/rpm_spec/qubes-u2f-dom0.spec.in qubes-src/app-u2f/rpm_spec/qubes-u2f-dom0.spec.in.tmp
2019-10-28 03:36:23.666890 +0000 build-fedora4: + read -r ver
2019-10-28 03:36:23.688691 +0000 build-fedora4: ++ echo 1.2.4
2019-10-28 03:36:23.688726 +0000 build-fedora4: ++ sed s/-rc/~rc/
2019-10-28 03:36:23.712612 +0000 build-fedora4: + ver=1.2.4
2019-10-28 03:36:23.712646 +0000 build-fedora4: + '[' x = x ']'
2019-10-28 03:36:23.712661 +0000 build-fedora4: + sed -i 's|@VERSION@|1.2.4|g' qubes-src/app-u2f/rpm_spec/qubes-u2f-dom0.spec.in.tmp
2019-10-28 03:36:23.732186 +0000 build-fedora4: + vnum=1
2019-10-28 03:36:23.732222 +0000 build-fedora4: + read -r ver
2019-10-28 03:36:23.732234 +0000 build-fedora4: + '[' -e qubes-src/app-u2f/rel ']'
2019-10-28 03:36:23.732246 +0000 build-fedora4: + grep -q @REL@ qubes-src/app-u2f/rpm_spec/qubes-u2f-dom0.spec.in.tmp
2019-10-28 03:36:23.741745 +0000 build-fedora4: + sed -i -e s:@BACKEND_VMM@:xen:g qubes-src/app-u2f/rpm_spec/qubes-u2f-dom0.spec.in.tmp
2019-10-28 03:36:23.757298 +0000 build-fedora4: + grep -q @CHANGELOG@ qubes-src/app-u2f/rpm_spec/qubes-u2f-dom0.spec.in.tmp
2019-10-28 03:36:23.771446 +0000 build-fedora4: + cat qubes-src/app-u2f/rpm_spec/qubes-u2f-dom0.spec.in.tmp
2019-10-28 03:36:23.780871 +0000 build-fedora4: + rm -rf qubes-src/app-u2f/rpm_spec/qubes-u2f-dom0.spec.in.tmp
2019-10-28 03:36:23.788232 +0000 build-fedora4: + '[' '%{SOURCE0}' = '%{SOURCE0}' ']'
2019-10-28 03:36:23.792469 +0000 build-fedora4: ++ dirname /home/user/builder-r4.0-dom0/qubes-src/builder-rpm/scripts/query-spec
2019-10-28 03:36:23.796377 +0000 build-fedora4: + /home/user/builder-r4.0-dom0/qubes-src/builder-rpm/scripts/../tools/spectool --list-files --source 0 /tmp/tmp.STE26n.spec
2019-10-28 03:36:23.873537 +0000 build-fedora4: + rm -f /tmp/tmp.STE26n.spec
2019-10-28 03:36:23.891656 +0000 build-fedora4: mkdir -p "/home/user/builder-r4.0-dom0/cache/fc25"
2019-10-28 03:36:23.907147 +0000 build-fedora4: /home/user/builder-r4.0-dom0/qubes-src/builder-rpm/Makefile-legacy.rpmbuilder:30: update target 'dist-prepare-chroot' due to: /home/user/builder-r4.0-dom0/chroot-dom0-fc25/home/user/.prepared_base
2019-10-28 03:36:23.907187 +0000 build-fedora4: if [ ! -r /home/user/builder-r4.0-dom0/chroot-dom0-fc25/proc/cpuinfo ]; then\
2019-10-28 03:36:23.907205 +0000 build-fedora4: .sudo mount -t proc proc /home/user/builder-r4.0-dom0/chroot-dom0-fc25/proc;\
2019-10-28 03:36:23.907225 +0000 build-fedora4: fi
2019-10-28 03:36:23.925075 +0000 build-fedora4: + ERR_OUTPUT=/dev/stderr
2019-10-28 03:36:23.925110 +0000 build-fedora4: + '[' 2 -lt 2 ']'
2019-10-28 03:36:23.936410 +0000 build-fedora4: ++ basename qubes-src/app-u2f/rpm_spec/qubes-u2f-dom0.spec.in
2019-10-28 03:36:23.939971 +0000 build-fedora4: + [[ xqubes-u2f-dom0.spec.in == \x\.\i\n ]]
2019-10-28 03:36:23.940006 +0000 build-fedora4: + '[' -r qubes-src/app-u2f/rpm_spec/qubes-u2f-dom0.spec.in ']'
2019-10-28 03:36:23.940017 +0000 build-fedora4: ++ mktemp --tmpdir tmp.XXXXXX.spec
2019-10-28 03:36:23.945591 +0000 build-fedora4: + tmp_spec=/tmp/tmp.QwoNmD.spec
2019-10-28 03:36:23.959586 +0000 build-fedora4: ++ dirname /home/user/builder-r4.0-dom0/qubes-src/builder-rpm/scripts/query-spec
2019-10-28 03:36:23.978236 +0000 build-fedora4: + /home/user/builder-r4.0-dom0/qubes-src/builder-rpm/scripts/generate-spec qubes-src/app-u2f/rpm_spec/qubes-u2f-dom0.spec.in /tmp/tmp.QwoNmD.spec
2019-10-28 03:36:23.980023 +0000 build-fedora4: + '[' 2 -lt 2 ']'
2019-10-28 03:36:23.980054 +0000 build-fedora4: + '[' -z qubes-src/app-u2f ']'
2019-10-28 03:36:23.980069 +0000 build-fedora4: + cp qubes-src/app-u2f/rpm_spec/qubes-u2f-dom0.spec.in qubes-src/app-u2f/rpm_spec/qubes-u2f-dom0.spec.in.tmp
2019-10-28 03:36:23.981536 +0000 build-fedora4: + read -r ver
2019-10-28 03:36:23.981569 +0000 build-fedora4: ++ sed s/-rc/~rc/
2019-10-28 03:36:23.986042 +0000 build-fedora4: ++ echo 1.2.4
2019-10-28 03:36:23.986072 +0000 build-fedora4: + ver=1.2.4
2019-10-28 03:36:23.986083 +0000 build-fedora4: + '[' x = x ']'
2019-10-28 03:36:23.986095 +0000 build-fedora4: + sed -i 's|@VERSION@|1.2.4|g' qubes-src/app-u2f/rpm_spec/qubes-u2f-dom0.spec.in.tmp
2019-10-28 03:36:23.986103 +0000 build-fedora4: + vnum=1
2019-10-28 03:36:23.986111 +0000 build-fedora4: + read -r ver
2019-10-28 03:36:23.986120 +0000 build-fedora4: + '[' -e qubes-src/app-u2f/rel ']'
2019-10-28 03:36:23.986130 +0000 build-fedora4: + grep -q @REL@ qubes-src/app-u2f/rpm_spec/qubes-u2f-dom0.spec.in.tmp
2019-10-28 03:36:23.986141 +0000 build-fedora4: + sed -i -e s:@BACKEND_VMM@:xen:g qubes-src/app-u2f/rpm_spec/qubes-u2f-dom0.spec.in.tmp
2019-10-28 03:36:23.987505 +0000 build-fedora4: + grep -q @CHANGELOG@ qubes-src/app-u2f/rpm_spec/qubes-u2f-dom0.spec.in.tmp
2019-10-28 03:36:23.988511 +0000 build-fedora4: + cat qubes-src/app-u2f/rpm_spec/qubes-u2f-dom0.spec.in.tmp
2019-10-28 03:36:23.990320 +0000 build-fedora4: + rm -rf qubes-src/app-u2f/rpm_spec/qubes-u2f-dom0.spec.in.tmp
2019-10-28 03:36:23.990352 +0000 build-fedora4: + '[' '%{SOURCE0}' = '%{SOURCE0}' ']'
2019-10-28 03:36:23.990365 +0000 build-fedora4: ++ dirname /home/user/builder-r4.0-dom0/qubes-src/builder-rpm/scripts/query-spec
2019-10-28 03:36:23.992667 +0000 build-fedora4: + /home/user/builder-r4.0-dom0/qubes-src/builder-rpm/scripts/../tools/spectool --list-files --source 0 /tmp/tmp.QwoNmD.spec
2019-10-28 03:36:24.086352 +0000 build-fedora4: + rm -f /tmp/tmp.QwoNmD.spec
2019-10-28 03:36:24.110411 +0000 build-fedora4: if ! [ -d /home/user/builder-r4.0-dom0/chroot-dom0-fc25/tmp/qubes-packages-mirror-repo/rpm ]; then\
2019-10-28 03:36:24.110453 +0000 build-fedora4: .mkdir -p /home/user/builder-r4.0-dom0/chroot-dom0-fc25/tmp/qubes-packages-mirror-repo;\
2019-10-28 03:36:24.110472 +0000 build-fedora4: .sudo mount --bind /home/user/builder-r4.0-dom0/qubes-packages-mirror-repo/dom0-fc25 /home/user/builder-r4.0-dom0/chroot-dom0-fc25/tmp/qubes-packages-mirror-repo;\
2019-10-28 03:36:24.110481 +0000 build-fedora4: fi
2019-10-28 03:36:24.121647 +0000 build-fedora4: sudo cp /home/user/builder-r4.0-dom0/qubes-src/builder-rpm/yum.conf /home/user/builder-r4.0-dom0/chroot-dom0-fc25/etc/yum.conf
2019-10-28 03:36:24.189182 +0000 build-fedora4: Makefile.generic:145: target 'generic-prep' does not exist
2019-10-28 03:36:24.189220 +0000 build-fedora4: if [ -e ""build-logs/app-u2f-dom0-fc25.log"" ]; then\
2019-10-28 03:36:24.189235 +0000 build-fedora4:    mv -f ""build-logs/app-u2f-dom0-fc25.log"" ""build-logs/app-u2f-dom0-fc25.log".old";\
2019-10-28 03:36:24.189257 +0000 build-fedora4: fi
2019-10-28 03:36:24.196777 +0000 build-fedora4: + ERR_OUTPUT=/dev/stderr
2019-10-28 03:36:24.198209 +0000 build-fedora4: + '[' 2 -lt 2 ']'
2019-10-28 03:36:24.201451 +0000 build-fedora4: ++ basename qubes-src/app-u2f/rpm_spec/qubes-u2f-dom0.spec.in
2019-10-28 03:36:24.202598 +0000 build-fedora4: + [[ xqubes-u2f-dom0.spec.in == \x\.\i\n ]]
2019-10-28 03:36:24.202624 +0000 build-fedora4: + '[' -r qubes-src/app-u2f/rpm_spec/qubes-u2f-dom0.spec.in ']'
2019-10-28 03:36:24.204004 +0000 build-fedora4: ++ mktemp --tmpdir tmp.XXXXXX.spec
2019-10-28 03:36:24.204033 +0000 build-fedora4: + tmp_spec=/tmp/tmp.NdK3J9.spec
2019-10-28 03:36:24.205207 +0000 build-fedora4: ++ dirname /home/user/builder-r4.0-dom0/qubes-src/builder-rpm/scripts/query-spec
2019-10-28 03:36:24.205725 +0000 build-fedora4: + /home/user/builder-r4.0-dom0/qubes-src/builder-rpm/scripts/generate-spec qubes-src/app-u2f/rpm_spec/qubes-u2f-dom0.spec.in /tmp/tmp.NdK3J9.spec
2019-10-28 03:36:24.208349 +0000 build-fedora4: + '[' 2 -lt 2 ']'
2019-10-28 03:36:24.208385 +0000 build-fedora4: + '[' -z qubes-src/app-u2f ']'
2019-10-28 03:36:24.208401 +0000 build-fedora4: + cp qubes-src/app-u2f/rpm_spec/qubes-u2f-dom0.spec.in qubes-src/app-u2f/rpm_spec/qubes-u2f-dom0.spec.in.tmp
2019-10-28 03:36:24.211118 +0000 build-fedora4: + read -r ver
2019-10-28 03:36:24.212714 +0000 build-fedora4: ++ sed s/-rc/~rc/
2019-10-28 03:36:24.213951 +0000 build-fedora4: ++ echo 1.2.4
2019-10-28 03:36:24.216652 +0000 build-fedora4: + ver=1.2.4
2019-10-28 03:36:24.216683 +0000 build-fedora4: + '[' x = x ']'
2019-10-28 03:36:24.216697 +0000 build-fedora4: + sed -i 's|@VERSION@|1.2.4|g' qubes-src/app-u2f/rpm_spec/qubes-u2f-dom0.spec.in.tmp
2019-10-28 03:36:24.237132 +0000 build-fedora4: + vnum=1
2019-10-28 03:36:24.237167 +0000 build-fedora4: + read -r ver
2019-10-28 03:36:24.237179 +0000 build-fedora4: + '[' -e qubes-src/app-u2f/rel ']'
2019-10-28 03:36:24.237191 +0000 build-fedora4: + grep -q @REL@ qubes-src/app-u2f/rpm_spec/qubes-u2f-dom0.spec.in.tmp
2019-10-28 03:36:24.237203 +0000 build-fedora4: + sed -i -e s:@BACKEND_VMM@:xen:g qubes-src/app-u2f/rpm_spec/qubes-u2f-dom0.spec.in.tmp
2019-10-28 03:36:24.240009 +0000 build-fedora4: + grep -q @CHANGELOG@ qubes-src/app-u2f/rpm_spec/qubes-u2f-dom0.spec.in.tmp
2019-10-28 03:36:24.252028 +0000 build-fedora4: + cat qubes-src/app-u2f/rpm_spec/qubes-u2f-dom0.spec.in.tmp
2019-10-28 03:36:24.253234 +0000 build-fedora4: + rm -rf qubes-src/app-u2f/rpm_spec/qubes-u2f-dom0.spec.in.tmp
2019-10-28 03:36:24.255554 +0000 build-fedora4: + '[' '%{SOURCE0}' = '%{SOURCE0}' ']'
2019-10-28 03:36:24.256840 +0000 build-fedora4: ++ dirname /home/user/builder-r4.0-dom0/qubes-src/builder-rpm/scripts/query-spec
2019-10-28 03:36:24.258032 +0000 build-fedora4: + /home/user/builder-r4.0-dom0/qubes-src/builder-rpm/scripts/../tools/spectool --list-files --source 0 /tmp/tmp.NdK3J9.spec
2019-10-28 03:36:24.366979 +0000 build-fedora4: + rm -f /tmp/tmp.NdK3J9.spec
