2022-08-25 21:00:47.629586 +0000 > starting log
2022-08-25 21:00:47.630042 +0000 build-fedora4: > starting build with log
2022-08-25 21:00:47.630054 +0000 build-fedora4: >> make args: update-repo-current
2022-08-25 21:00:47.630061 +0000 build-fedora4: >> MAKEFLAGS=
2022-08-25 21:00:47.630068 +0000 build-fedora4: >> COMPONENTS=tpm-extra
2022-08-25 21:00:47.630074 +0000 build-fedora4: >> DISTS_VM=fc34 fc35 fc36
2022-08-25 21:00:47.630080 +0000 build-fedora4: >> DIST_DOM0=
2022-08-25 21:00:47.630088 +0000 build-fedora4: >> qubes-builder 0eff8af4156b2992b6d343d478caff19e0c14ca3
2022-08-25 21:00:47.630097 +0000 build-fedora4: >> qubes-builder/qubes-src/tpm-extra 31aa6fc8889372db4d091da1ebe423569a7649fb
2022-08-25 21:00:47.658606 +0000 build-fedora4: ================================================================================
2022-08-25 21:00:47.658645 +0000 build-fedora4:                            B U I L D   I N F O                                  
2022-08-25 21:00:47.658674 +0000 build-fedora4: Items in red indicate it was automatically generated by configuration file(s)
2022-08-25 21:00:47.658685 +0000 build-fedora4: Items in white indicate it was automatically removed by configuration file(s)
2022-08-25 21:00:47.658694 +0000 build-fedora4: ================================================================================
2022-08-25 21:00:47.658700 +0000 build-fedora4: DISTS_VM:
2022-08-25 21:00:47.668730 +0000 build-fedora4:      fc34, fc35, fc36,
2022-08-25 21:00:47.668765 +0000 build-fedora4: DISTS_ALL:
2022-08-25 21:00:47.678088 +0000 build-fedora4:      vm-fc34, vm-fc35, vm-fc36,
2022-08-25 21:00:47.678990 +0000 build-fedora4: DIST_DOM0:
2022-08-25 21:00:47.682238 +0000 build-fedora4:     
2022-08-25 21:00:47.682272 +0000 build-fedora4: BUILDER_PLUGINS:
2022-08-25 21:00:47.685118 +0000 build-fedora4:      builder-rpm, builder-debian, mgmt-salt, linux-yum, release-configs, builder-github,
2022-08-25 21:00:47.685153 +0000 build-fedora4: COMPONENTS:
2022-08-25 21:00:47.688001 +0000 build-fedora4:      tpm-extra,
2022-08-25 21:00:47.688036 +0000 build-fedora4: GIT_REPOS:
2022-08-25 21:00:47.692726 +0000 build-fedora4:      qubes-src/tpm-extra,
2022-08-25 21:00:47.692761 +0000 build-fedora4: TEMPLATE:
2022-08-25 21:00:47.701016 +0000 build-fedora4:     
2022-08-25 21:00:47.701780 +0000 build-fedora4: TEMPLATE_FLAVOR_DIR:
2022-08-25 21:00:47.704416 +0000 build-fedora4:     
2022-08-25 21:00:47.705280 +0000 build-fedora4: TEMPLATE_ALIAS:
2022-08-25 21:00:47.707695 +0000 build-fedora4:      stretch:stretch+standard, stretch+gnome:stretch+gnome+standard,
2022-08-25 21:00:47.707733 +0000 build-fedora4:      stretch+minimal:stretch+minimal+no-recommends, buster:buster+standard,
2022-08-25 21:00:47.707745 +0000 build-fedora4:      buster+gnome:buster+gnome+standard, buster+minimal:buster+minimal+no-recommends,
2022-08-25 21:00:47.707756 +0000 build-fedora4:      bullseye:bullseye+standard+firmware, bullseye+gnome:bullseye+gnome+standard+firmware,
2022-08-25 21:00:47.707765 +0000 build-fedora4:      bullseye+minimal:bullseye+minimal+no-recommends, bookworm:bookworm+standard,
2022-08-25 21:00:47.707775 +0000 build-fedora4:      bookworm+gnome:bookworm+gnome+standard, bookworm+minimal:bookworm+minimal+no-recommends,
2022-08-25 21:00:47.707787 +0000 build-fedora4:      bionic:bionic+standard, focal:focal+standard, whonix-gateway-15:buster+whonix-gateway+minimal+no-recommends,
2022-08-25 21:00:47.707796 +0000 build-fedora4:      whonix-workstation-15:buster+whonix-workstation+minimal+no-recommends,
2022-08-25 21:00:47.707805 +0000 build-fedora4:      whonix-gateway-16:bullseye+whonix-gateway+minimal+no-recommends,
2022-08-25 21:00:47.707814 +0000 build-fedora4:      whonix-workstation-16:bullseye+whonix-workstation+minimal+no-recommends,
2022-08-25 21:00:47.709064 +0000 build-fedora4: TEMPLATE_LABEL:
2022-08-25 21:00:47.712313 +0000 build-fedora4:      fc34:fedora-34, fc35:fedora-35, fc36:fedora-36, fc34+minimal:fedora-34-minimal
2022-08-25 21:00:47.712353 +0000 build-fedora4:      fc35+minimal:fedora-35-minimal fc36+minimal:fedora-36-minimal fc34+xfce:fedora-34-xfce
2022-08-25 21:00:47.712380 +0000 build-fedora4:      fc35+xfce:fedora-35-xfce fc36+xfce:fedora-36-xfce stretch:debian-9 stretch+standard:debian-9
2022-08-25 21:00:47.712394 +0000 build-fedora4:      stretch+xfce:debian-9-xfce buster:debian-10 buster+standard:debian-10 buster+xfce:debian-10-xfce
2022-08-25 21:00:47.712404 +0000 build-fedora4:      bullseye:debian-11 bullseye+standard+firmware:debian-11 bullseye+xfce:debian-11-xfce
2022-08-25 21:00:47.712415 +0000 build-fedora4:      bookworm:debian-12 bookworm+standard:debian-12 bookworm+xfce:debian-12-xfce bionic+standard:bionic
2022-08-25 21:00:47.712424 +0000 build-fedora4:      focal+standard:focal buster+whonix-gateway+minimal+no-recommends:whonix-gw-15
2022-08-25 21:00:47.712433 +0000 build-fedora4:      buster+whonix-workstation+minimal+no-recommends:whonix-ws-15
2022-08-25 21:00:47.712442 +0000 build-fedora4:      bullseye+whonix-gateway+minimal+no-recommends:whonix-gw-16
2022-08-25 21:00:47.712451 +0000 build-fedora4:      bullseye+whonix-workstation+minimal+no-recommends:whonix-ws-16 centos7:centos-7
2022-08-25 21:00:47.712462 +0000 build-fedora4:      centos7+minimal:centos-7-minimal centos7+xfce:centos-7-xfce centos-stream8:centos-stream-8
2022-08-25 21:00:47.712472 +0000 build-fedora4:      centos-stream8+minimal:centos-stream-8-minimal centos-stream8+xfce:centos-stream-8-xfce
2022-08-25 21:00:47.726836 +0000 build-fedora4: > running make
2022-08-25 21:00:47.740117 +0000 build-fedora4: Makefile:915: target 'internal-update-repo-current.vm.fc34.tpm-extra' does not exist
2022-08-25 21:00:47.740152 +0000 build-fedora4: true
2022-08-25 21:00:47.744424 +0000 build-fedora4: Makefile:832: update target 'internal-update-repo-current.vm.fc34' due to: internal-update-repo-current.vm.fc34.tpm-extra
2022-08-25 21:00:47.744457 +0000 build-fedora4: true
2022-08-25 21:00:47.746801 +0000 build-fedora4: Makefile:915: target 'internal-update-repo-current.vm.fc35.tpm-extra' does not exist
2022-08-25 21:00:47.746833 +0000 build-fedora4: true
2022-08-25 21:00:47.747754 +0000 build-fedora4: Makefile:832: update target 'internal-update-repo-current.vm.fc35' due to: internal-update-repo-current.vm.fc35.tpm-extra
2022-08-25 21:00:47.747783 +0000 build-fedora4: true
2022-08-25 21:00:47.749550 +0000 build-fedora4: Makefile:915: target 'internal-update-repo-current.vm.fc36.tpm-extra' does not exist
2022-08-25 21:00:47.749586 +0000 build-fedora4: true
2022-08-25 21:00:47.751384 +0000 build-fedora4: Makefile:832: update target 'internal-update-repo-current.vm.fc36' due to: internal-update-repo-current.vm.fc36.tpm-extra
2022-08-25 21:00:47.751416 +0000 build-fedora4: true
2022-08-25 21:00:47.753124 +0000 build-fedora4: Makefile:923: target 'post-update-repo-current' does not exist
2022-08-25 21:00:47.753158 +0000 build-fedora4: for dist in  fc34 fc35 fc36; do \
2022-08-25 21:00:47.753169 +0000 build-fedora4: .repo_base_var="LINUX_REPO_${dist//-/_}_BASEDIR"; \
2022-08-25 21:00:47.753177 +0000 build-fedora4: .if [ -n "${!repo_base_var}" ]; then \
2022-08-25 21:00:47.753184 +0000 build-fedora4: ..repo_basedir="${!repo_base_var}"; \
2022-08-25 21:00:47.753210 +0000 build-fedora4: .else \
2022-08-25 21:00:47.753221 +0000 build-fedora4: ..repo_basedir="qubes-src/linux-yum/r4.1"; \
2022-08-25 21:00:47.753226 +0000 build-fedora4: .fi; \
2022-08-25 21:00:47.753234 +0000 build-fedora4: .repos_to_update="$repos_to_update $repo_basedir"; \
2022-08-25 21:00:47.753239 +0000 build-fedora4: done; \
2022-08-25 21:00:47.753245 +0000 build-fedora4: pkgset_dist= ; \
2022-08-25 21:00:47.753251 +0000 build-fedora4: for dist in ; do \
2022-08-25 21:00:47.753258 +0000 build-fedora4: .pkgset_dist="$pkgset_dist dom0/$dist"; \
2022-08-25 21:00:47.753263 +0000 build-fedora4: done; \
2022-08-25 21:00:47.753270 +0000 build-fedora4: for dist in fc34 fc35 fc36; do \
2022-08-25 21:00:47.753277 +0000 build-fedora4: .pkgset_dist="$pkgset_dist vm/$dist"; \
2022-08-25 21:00:47.753282 +0000 build-fedora4: done; \
2022-08-25 21:00:47.753305 +0000 build-fedora4: for repo in `echo $repos_to_update|tr ' ' '\n'|sort|uniq`; do \
2022-08-25 21:00:47.753312 +0000 build-fedora4: .[ -z "$repo" ] && continue; \
2022-08-25 21:00:47.753320 +0000 build-fedora4: .[ -x "$repo/../update_repo-current.sh" ] || continue; \
2022-08-25 21:00:47.753329 +0000 build-fedora4: .(cd $repo/.. && ./update_repo-current.sh r4.1 $pkgset_dist); \
2022-08-25 21:00:47.753334 +0000 build-fedora4: done
2022-08-25 21:00:47.771605 +0000 build-fedora4: ~/builder-r4.1/qubes-src/linux-yum ~/builder-r4.1/qubes-src/linux-yum
2022-08-25 21:00:47.778650 +0000 build-fedora4: --> Processing repo: r4.1/current/vm/fc34...
2022-08-25 21:00:47.813907 +0000 build-fedora4: warning: Found bdb_ro Packages database while attempting sqlite backend: using bdb_ro backend.
2022-08-25 21:00:52.257475 +0000 build-fedora4: --> Processing repo: r4.1/current/vm/fc35...
2022-08-25 21:00:52.280871 +0000 build-fedora4: warning: Found bdb_ro Packages database while attempting sqlite backend: using bdb_ro backend.
2022-08-25 21:00:54.693097 +0000 build-fedora4: --> Processing repo: r4.1/current/vm/fc36...
2022-08-25 21:00:54.717709 +0000 build-fedora4: warning: Found bdb_ro Packages database while attempting sqlite backend: using bdb_ro backend.
2022-08-25 21:00:56.940246 +0000 build-fedora4: Done.
2022-08-25 21:00:56.942319 +0000 build-fedora4: ~/builder-r4.1/qubes-src/linux-yum ~/builder-r4.1/qubes-src/linux-yum
2022-08-25 21:00:56.943995 +0000 build-fedora4: Syncing r4.1...
2022-08-25 21:00:57.151354 +0000 build-fedora4: sending incremental file list
2022-08-25 21:00:57.238850 +0000 build-fedora4: .d..t...... fc34/
2022-08-25 21:00:57.238898 +0000 build-fedora4: <f..t...... fc34/repodata/repomd.xml.asc
2022-08-25 21:00:57.238913 +0000 build-fedora4: .            833 100%    0.00kB/s    0:00:00  .            833 100%    0.00kB/s    0:00:00 (xfr#1, to-chk=844/859)
2022-08-25 21:00:57.457994 +0000 build-fedora4: sending incremental file list
2022-08-25 21:00:57.522876 +0000 build-fedora4: .d..t...... fc35/
2022-08-25 21:00:57.522920 +0000 build-fedora4: <f..t...... fc35/repodata/repomd.xml.asc
2022-08-25 21:00:57.522936 +0000 build-fedora4: .            833 100%    0.00kB/s    0:00:00  .            833 100%    0.00kB/s    0:00:00 (xfr#1, to-chk=534/549)
2022-08-25 21:00:57.740628 +0000 build-fedora4: sending incremental file list
2022-08-25 21:00:57.793446 +0000 build-fedora4: .d..t...... fc36/
2022-08-25 21:00:57.793489 +0000 build-fedora4: <f..t...... fc36/repodata/repomd.xml.asc
2022-08-25 21:00:57.793505 +0000 build-fedora4: .            833 100%    0.00kB/s    0:00:00  .            833 100%    0.00kB/s    0:00:00 (xfr#1, to-chk=391/406)
2022-08-25 21:00:58.531921 +0000 build-fedora4: Makefile:819: update target 'update-repo-current' due to: internal-update-repo-current.vm.fc34 internal-update-repo-current.vm.fc35 internal-update-repo-current.vm.fc36 post-update-repo-current
2022-08-25 21:00:58.531964 +0000 build-fedora4: true
2022-08-25 21:00:58.533598 +0000 build-fedora4: > done
2022-08-25 21:00:58.533636 +0000 > closing log
