2021-02-23 20:19:37.331489 +0000 > starting log
2021-02-23 20:19:37.332131 +0000 build-fedora4: > starting build with log
2021-02-23 20:19:37.332159 +0000 build-fedora4: >> make args: update-repo-current
2021-02-23 20:19:37.332174 +0000 build-fedora4: >> MAKEFLAGS=
2021-02-23 20:19:37.332189 +0000 build-fedora4: >> COMPONENTS=xscreensaver
2021-02-23 20:19:37.332206 +0000 build-fedora4: >> DISTS_VM=fc31 fc32 fc33
2021-02-23 20:19:37.332219 +0000 build-fedora4: >> DIST_DOM0=
2021-02-23 20:19:37.332235 +0000 build-fedora4: >> qubes-builder fd65c4d82c3560d53f59c7c02fbadf806b9a7f4a
2021-02-23 20:19:37.332288 +0000 build-fedora4: >> qubes-builder/qubes-src/xscreensaver 921abc431f85faa987957ef14b358437440b65ae
2021-02-23 20:19:37.332303 +0000 build-fedora4: !! xscreensaver-5.42.tar.gz
2021-02-23 20:19:37.332316 +0000 build-fedora4: !! xscreensaver-5.43.tar.gz
2021-02-23 20:19:37.332328 +0000 build-fedora4: !! xscreensaver-5.45.tar.gz
2021-02-23 20:19:37.529743 +0000 build-fedora4: 84cde9364c933de720acd51a0bf75eb4d0642d60f62b92de89d932233eb5abb51e1edb53cd413b2dc4801a02cb68652a28d7d1f83cdaa8d8cdd1fee7d651eefd  xscreensaver-5.42.tar.gz
2021-02-23 20:19:37.703458 +0000 build-fedora4: 7ccaf30fb05ae2110f742f1a5c99f83cd4c8e6749124066b5a418cf3e0ba1b8ff09858eeec29c11b0c8ea428b95b2916481c50cee6a5d952ec941b3ad1b6adcd  xscreensaver-5.43.tar.gz
2021-02-23 20:19:37.870892 +0000 build-fedora4: 1b21418c591fd99f3caaea9d31ca49abdb94b8e89f33e661c464299bc81bf4ff13fd99a187070fce19b3843c28a1f2a2a7b94bd6949d2b3b06bba730cae59f14  xscreensaver-5.45.tar.gz
2021-02-23 20:19:37.996116 +0000 build-fedora4: ================================================================================
2021-02-23 20:19:37.996305 +0000 build-fedora4:                            B U I L D   I N F O                                  
2021-02-23 20:19:37.996356 +0000 build-fedora4: Items in red indicate it was automatically generated by configuration file(s)
2021-02-23 20:19:37.996378 +0000 build-fedora4: Items in white indicate it was automatically removed by configuration file(s)
2021-02-23 20:19:37.996398 +0000 build-fedora4: ================================================================================
2021-02-23 20:19:37.996415 +0000 build-fedora4: DISTS_VM:
2021-02-23 20:19:38.001311 +0000 build-fedora4:      fc31, fc32, fc33,
2021-02-23 20:19:38.002298 +0000 build-fedora4: DISTS_ALL:
2021-02-23 20:19:38.004656 +0000 build-fedora4:      vm-fc31, vm-fc32, vm-fc33,
2021-02-23 20:19:38.005719 +0000 build-fedora4: DIST_DOM0:
2021-02-23 20:19:38.007767 +0000 build-fedora4:     
2021-02-23 20:19:38.009086 +0000 build-fedora4: BUILDER_PLUGINS:
2021-02-23 20:19:38.012219 +0000 build-fedora4:      builder-rpm, builder-debian, mgmt-salt, linux-yum, release-configs, builder-github,
2021-02-23 20:19:38.012635 +0000 build-fedora4: COMPONENTS:
2021-02-23 20:19:38.015387 +0000 build-fedora4:      xscreensaver,
2021-02-23 20:19:38.016656 +0000 build-fedora4: GIT_REPOS:
2021-02-23 20:19:38.018489 +0000 build-fedora4:      qubes-src/xscreensaver,
2021-02-23 20:19:38.019903 +0000 build-fedora4: TEMPLATE:
2021-02-23 20:19:38.022001 +0000 build-fedora4:     
2021-02-23 20:19:38.023166 +0000 build-fedora4: TEMPLATE_FLAVOR_DIR:
2021-02-23 20:19:38.025221 +0000 build-fedora4:     
2021-02-23 20:19:38.025627 +0000 build-fedora4: TEMPLATE_ALIAS:
2021-02-23 20:19:38.028535 +0000 build-fedora4:      stretch:stretch+standard, stretch+gnome:stretch+gnome+standard,
2021-02-23 20:19:38.028606 +0000 build-fedora4:      stretch+minimal:stretch+minimal+no-recommends, buster:buster+standard, buster+gnome:buster+gnome+standard,
2021-02-23 20:19:38.028630 +0000 build-fedora4:      buster+minimal:buster+minimal+no-recommends, bullseye:bullseye+standard,
2021-02-23 20:19:38.028651 +0000 build-fedora4:      bullseye+gnome:bullseye+gnome+standard, bullseye+minimal:bullseye+minimal+no-recommends,
2021-02-23 20:19:38.028669 +0000 build-fedora4:      whonix-gateway-14:stretch+whonix-gateway+minimal+no-recommends,
2021-02-23 20:19:38.028687 +0000 build-fedora4:      whonix-workstation-14:stretch+whonix-workstation+minimal+no-recommends,
2021-02-23 20:19:38.028728 +0000 build-fedora4:      whonix-gateway-15:buster+whonix-gateway+minimal+no-recommends,
2021-02-23 20:19:38.028748 +0000 build-fedora4:      whonix-workstation-15:buster+whonix-workstation+minimal+no-recommends,
2021-02-23 20:19:38.030016 +0000 build-fedora4: TEMPLATE_LABEL:
2021-02-23 20:19:38.032012 +0000 build-fedora4:      fc31:fedora-31, fc32:fedora-32, fc25:fedora-25 fc30:fedora-30 fc30+minimal:fedora-30-minimal
2021-02-23 20:19:38.032087 +0000 build-fedora4:      fc31+minimal:fedora-31-minimal fc32+minimal:fedora-32-minimal fc30+xfce:fedora-30-xfce
2021-02-23 20:19:38.032121 +0000 build-fedora4:      fc31+xfce:fedora-31-xfce fc32+xfce:fedora-32-xfce stretch:debian-9 stretch+standard:debian-9
2021-02-23 20:19:38.032161 +0000 build-fedora4:      stretch+xfce:debian-9-xfce buster:debian-10 buster+standard:debian-10
2021-02-23 20:19:38.032181 +0000 build-fedora4:      buster+xfce:debian-10-xfce bullseye:debian-11 bullseye+standard:debian-11
2021-02-23 20:19:38.032202 +0000 build-fedora4:      bullseye+xfce:debian-11-xfce stretch+whonix-gateway+minimal+no-recommends:whonix-gw-14
2021-02-23 20:19:38.032219 +0000 build-fedora4:      stretch+whonix-workstation+minimal+no-recommends:whonix-ws-14
2021-02-23 20:19:38.032236 +0000 build-fedora4:      buster+whonix-gateway+minimal+no-recommends:whonix-gw-15
2021-02-23 20:19:38.032294 +0000 build-fedora4:      buster+whonix-workstation+minimal+no-recommends:whonix-ws-15 centos7:centos-7
2021-02-23 20:19:38.032313 +0000 build-fedora4:      centos7+minimal:centos-7-minimal centos7+xfce:centos-7-xfce centos8:centos-8
2021-02-23 20:19:38.032330 +0000 build-fedora4:      centos8+minimal:centos-8-minimal centos8+xfce:centos-8-xfce
2021-02-23 20:19:38.060553 +0000 build-fedora4: > running make
2021-02-23 20:19:38.084135 +0000 build-fedora4: Makefile:847: target 'internal-update-repo-current.vm.fc31.xscreensaver' does not exist
2021-02-23 20:19:38.084202 +0000 build-fedora4: repo_base_var="LINUX_REPO_fc31_BASEDIR"; \
2021-02-23 20:19:38.084227 +0000 build-fedora4: if [ "xscreensaver" = linux-template-builder ]; then \
2021-02-23 20:19:38.084303 +0000 build-fedora4: .# templates belongs to dom0 repository, even though PACKAGE_SET=vm
2021-02-23 20:19:38.084321 +0000 build-fedora4: repo_base_var="LINUX_REPO__BASEDIR"; \
2021-02-23 20:19:38.084331 +0000 build-fedora4: fi; \
2021-02-23 20:19:38.084344 +0000 build-fedora4: if [ -n "${!repo_base_var}" ]; then \
2021-02-23 20:19:38.084356 +0000 build-fedora4: .repo_basedir="${!repo_base_var}"; \
2021-02-23 20:19:38.084370 +0000 build-fedora4: else \
2021-02-23 20:19:38.084383 +0000 build-fedora4: .repo_basedir="qubes-src/linux-yum/r4.0"; \
2021-02-23 20:19:38.084392 +0000 build-fedora4: fi; \
2021-02-23 20:19:38.084406 +0000 build-fedora4: if [ -r qubes-src/xscreensaver/Makefile.builder ]; then \
2021-02-23 20:19:38.084425 +0000 build-fedora4: .echo -n "Updating qubes-src/xscreensaver... "; \
2021-02-23 20:19:38.084437 +0000 build-fedora4: .if [ "0" -eq 1 ]; then \
2021-02-23 20:19:38.084453 +0000 build-fedora4: ..vtag=`git -C qubes-src/xscreensaver tag --points-at HEAD --list v*`; \
2021-02-23 20:19:38.084465 +0000 build-fedora4: ..if [ -z "$vtag" ]; then \
2021-02-23 20:19:38.084477 +0000 build-fedora4: ...echo "no version tag"; \
2021-02-23 20:19:38.084488 +0000 build-fedora4: ...exit 0; \
2021-02-23 20:19:38.084498 +0000 build-fedora4: ..fi; \
2021-02-23 20:19:38.084507 +0000 build-fedora4: .fi; \
2021-02-23 20:19:38.084520 +0000 build-fedora4: .if [ "xscreensaver" = linux-template-builder ]; then
2021-02-23 20:19:38.084538 +0000 build-fedora4: export TEMPLATE_NAME=$(MAKEFLAGS= make -s -C qubes-src/linux-template-builder DIST=fc31 template-name)
2021-02-23 20:19:38.084549 +0000 build-fedora4: fi
2021-02-23 20:19:38.084580 +0000 build-fedora4: component_packages=$(MAKEFLAGS= make -s -f Makefile.generic DIST=fc31 PACKAGE_SET=vm COMPONENT=`basename qubes-src/xscreensaver` UPDATE_REPO=/home/user/builder-r4.0/$repo_basedir/current/vm/fc31 get-var GET_VAR=PACKAGE_LIST); \
2021-02-23 20:19:38.084616 +0000 build-fedora4: .if [ -z "$component_packages" ]; then \
2021-02-23 20:19:38.084629 +0000 build-fedora4: ..echo "no packages."; \
2021-02-23 20:19:38.084639 +0000 build-fedora4: ..exit 0; \
2021-02-23 20:19:38.084649 +0000 build-fedora4: .fi; \
2021-02-23 20:19:38.084662 +0000 build-fedora4: .make -s -f Makefile.generic DIST=fc31 PACKAGE_SET=vm \
2021-02-23 20:19:38.084675 +0000 build-fedora4: ..COMPONENT=`basename qubes-src/xscreensaver` \
2021-02-23 20:19:38.084687 +0000 build-fedora4: ..SNAPSHOT_REPO=current-testing \
2021-02-23 20:19:38.084698 +0000 build-fedora4: ..TARGET_REPO=current \
2021-02-23 20:19:38.084714 +0000 build-fedora4: ..UPDATE_REPO=/home/user/builder-r4.0/$repo_basedir/current/vm/fc31 \
2021-02-23 20:19:38.084733 +0000 build-fedora4: ..SNAPSHOT_FILE=/home/user/builder-r4.0/repo-latest-snapshot/current-testing-vm-fc31-`basename qubes-src/xscreensaver` \
2021-02-23 20:19:38.084745 +0000 build-fedora4: ..BUILD_LOG_URL= \
2021-02-23 20:19:38.084757 +0000 build-fedora4: ..update-repo-from-snapshot || exit 1; \
2021-02-23 20:19:38.084774 +0000 build-fedora4: elif make -C qubes-src/xscreensaver -n update-repo-current >/dev/null 2>/dev/null; then \
2021-02-23 20:19:38.084787 +0000 build-fedora4: .echo "Updating qubes-src/xscreensaver... "; \
2021-02-23 20:19:38.084803 +0000 build-fedora4: .DIST=fc31 UPDATE_REPO=/home/user/builder-r4.0/$repo_basedir/current/vm/fc31 \
2021-02-23 20:19:38.084818 +0000 build-fedora4: .make -s -C qubes-src/xscreensaver update-repo-current || exit 1; \
2021-02-23 20:19:38.084827 +0000 build-fedora4: else \
2021-02-23 20:19:38.084841 +0000 build-fedora4: .echo -n "Updating qubes-src/xscreensaver... skipping."; \
2021-02-23 20:19:38.084851 +0000 build-fedora4: fi; \
2021-02-23 20:19:38.084860 +0000 build-fedora4: echo
2021-02-23 20:19:38.121679 +0000 build-fedora4: Updating qubes-src/xscreensaver... no packages.
2021-02-23 20:19:38.122153 +0000 build-fedora4: Makefile:816: update target 'internal-update-repo-current.vm.fc31' due to: internal-update-repo-current.vm.fc31.xscreensaver
2021-02-23 20:19:38.122199 +0000 build-fedora4: true
2021-02-23 20:19:38.124744 +0000 build-fedora4: Makefile:847: target 'internal-update-repo-current.vm.fc32.xscreensaver' does not exist
2021-02-23 20:19:38.124800 +0000 build-fedora4: repo_base_var="LINUX_REPO_fc32_BASEDIR"; \
2021-02-23 20:19:38.124820 +0000 build-fedora4: if [ "xscreensaver" = linux-template-builder ]; then \
2021-02-23 20:19:38.124839 +0000 build-fedora4: .# templates belongs to dom0 repository, even though PACKAGE_SET=vm
2021-02-23 20:19:38.124853 +0000 build-fedora4: repo_base_var="LINUX_REPO__BASEDIR"; \
2021-02-23 20:19:38.124863 +0000 build-fedora4: fi; \
2021-02-23 20:19:38.124877 +0000 build-fedora4: if [ -n "${!repo_base_var}" ]; then \
2021-02-23 20:19:38.124891 +0000 build-fedora4: .repo_basedir="${!repo_base_var}"; \
2021-02-23 20:19:38.124901 +0000 build-fedora4: else \
2021-02-23 20:19:38.124915 +0000 build-fedora4: .repo_basedir="qubes-src/linux-yum/r4.0"; \
2021-02-23 20:19:38.124925 +0000 build-fedora4: fi; \
2021-02-23 20:19:38.124940 +0000 build-fedora4: if [ -r qubes-src/xscreensaver/Makefile.builder ]; then \
2021-02-23 20:19:38.124954 +0000 build-fedora4: .echo -n "Updating qubes-src/xscreensaver... "; \
2021-02-23 20:19:38.124967 +0000 build-fedora4: .if [ "0" -eq 1 ]; then \
2021-02-23 20:19:38.124984 +0000 build-fedora4: ..vtag=`git -C qubes-src/xscreensaver tag --points-at HEAD --list v*`; \
2021-02-23 20:19:38.124997 +0000 build-fedora4: ..if [ -z "$vtag" ]; then \
2021-02-23 20:19:38.125009 +0000 build-fedora4: ...echo "no version tag"; \
2021-02-23 20:19:38.125020 +0000 build-fedora4: ...exit 0; \
2021-02-23 20:19:38.125031 +0000 build-fedora4: ..fi; \
2021-02-23 20:19:38.125041 +0000 build-fedora4: .fi; \
2021-02-23 20:19:38.125077 +0000 build-fedora4: .if [ "xscreensaver" = linux-template-builder ]; then
2021-02-23 20:19:38.125099 +0000 build-fedora4: export TEMPLATE_NAME=$(MAKEFLAGS= make -s -C qubes-src/linux-template-builder DIST=fc32 template-name)
2021-02-23 20:19:38.125110 +0000 build-fedora4: fi
2021-02-23 20:19:38.125143 +0000 build-fedora4: component_packages=$(MAKEFLAGS= make -s -f Makefile.generic DIST=fc32 PACKAGE_SET=vm COMPONENT=`basename qubes-src/xscreensaver` UPDATE_REPO=/home/user/builder-r4.0/$repo_basedir/current/vm/fc32 get-var GET_VAR=PACKAGE_LIST); \
2021-02-23 20:19:38.125158 +0000 build-fedora4: .if [ -z "$component_packages" ]; then \
2021-02-23 20:19:38.125171 +0000 build-fedora4: ..echo "no packages."; \
2021-02-23 20:19:38.125182 +0000 build-fedora4: ..exit 0; \
2021-02-23 20:19:38.125192 +0000 build-fedora4: .fi; \
2021-02-23 20:19:38.125207 +0000 build-fedora4: .make -s -f Makefile.generic DIST=fc32 PACKAGE_SET=vm \
2021-02-23 20:19:38.125221 +0000 build-fedora4: ..COMPONENT=`basename qubes-src/xscreensaver` \
2021-02-23 20:19:38.125234 +0000 build-fedora4: ..SNAPSHOT_REPO=current-testing \
2021-02-23 20:19:38.125282 +0000 build-fedora4: ..TARGET_REPO=current \
2021-02-23 20:19:38.125301 +0000 build-fedora4: ..UPDATE_REPO=/home/user/builder-r4.0/$repo_basedir/current/vm/fc32 \
2021-02-23 20:19:38.125322 +0000 build-fedora4: ..SNAPSHOT_FILE=/home/user/builder-r4.0/repo-latest-snapshot/current-testing-vm-fc32-`basename qubes-src/xscreensaver` \
2021-02-23 20:19:38.125335 +0000 build-fedora4: ..BUILD_LOG_URL= \
2021-02-23 20:19:38.125348 +0000 build-fedora4: ..update-repo-from-snapshot || exit 1; \
2021-02-23 20:19:38.125366 +0000 build-fedora4: elif make -C qubes-src/xscreensaver -n update-repo-current >/dev/null 2>/dev/null; then \
2021-02-23 20:19:38.125380 +0000 build-fedora4: .echo "Updating qubes-src/xscreensaver... "; \
2021-02-23 20:19:38.125398 +0000 build-fedora4: .DIST=fc32 UPDATE_REPO=/home/user/builder-r4.0/$repo_basedir/current/vm/fc32 \
2021-02-23 20:19:38.125419 +0000 build-fedora4: .make -s -C qubes-src/xscreensaver update-repo-current || exit 1; \
2021-02-23 20:19:38.125430 +0000 build-fedora4: else \
2021-02-23 20:19:38.125445 +0000 build-fedora4: .echo -n "Updating qubes-src/xscreensaver... skipping."; \
2021-02-23 20:19:38.125455 +0000 build-fedora4: fi; \
2021-02-23 20:19:38.125465 +0000 build-fedora4: echo
2021-02-23 20:19:38.160103 +0000 build-fedora4: Updating qubes-src/xscreensaver... no packages.
2021-02-23 20:19:38.160311 +0000 build-fedora4: Makefile:816: update target 'internal-update-repo-current.vm.fc32' due to: internal-update-repo-current.vm.fc32.xscreensaver
2021-02-23 20:19:38.160334 +0000 build-fedora4: true
2021-02-23 20:19:38.163948 +0000 build-fedora4: Makefile:847: target 'internal-update-repo-current.vm.fc33.xscreensaver' does not exist
2021-02-23 20:19:38.164011 +0000 build-fedora4: repo_base_var="LINUX_REPO_fc33_BASEDIR"; \
2021-02-23 20:19:38.164031 +0000 build-fedora4: if [ "xscreensaver" = linux-template-builder ]; then \
2021-02-23 20:19:38.164049 +0000 build-fedora4: .# templates belongs to dom0 repository, even though PACKAGE_SET=vm
2021-02-23 20:19:38.164063 +0000 build-fedora4: repo_base_var="LINUX_REPO__BASEDIR"; \
2021-02-23 20:19:38.164073 +0000 build-fedora4: fi; \
2021-02-23 20:19:38.164086 +0000 build-fedora4: if [ -n "${!repo_base_var}" ]; then \
2021-02-23 20:19:38.164099 +0000 build-fedora4: .repo_basedir="${!repo_base_var}"; \
2021-02-23 20:19:38.164109 +0000 build-fedora4: else \
2021-02-23 20:19:38.164122 +0000 build-fedora4: .repo_basedir="qubes-src/linux-yum/r4.0"; \
2021-02-23 20:19:38.164136 +0000 build-fedora4: fi; \
2021-02-23 20:19:38.164150 +0000 build-fedora4: if [ -r qubes-src/xscreensaver/Makefile.builder ]; then \
2021-02-23 20:19:38.164164 +0000 build-fedora4: .echo -n "Updating qubes-src/xscreensaver... "; \
2021-02-23 20:19:38.164176 +0000 build-fedora4: .if [ "0" -eq 1 ]; then \
2021-02-23 20:19:38.164193 +0000 build-fedora4: ..vtag=`git -C qubes-src/xscreensaver tag --points-at HEAD --list v*`; \
2021-02-23 20:19:38.164271 +0000 build-fedora4: ..if [ -z "$vtag" ]; then \
2021-02-23 20:19:38.164288 +0000 build-fedora4: ...echo "no version tag"; \
2021-02-23 20:19:38.164303 +0000 build-fedora4: ...exit 0; \
2021-02-23 20:19:38.164313 +0000 build-fedora4: ..fi; \
2021-02-23 20:19:38.164322 +0000 build-fedora4: .fi; \
2021-02-23 20:19:38.164335 +0000 build-fedora4: .if [ "xscreensaver" = linux-template-builder ]; then
2021-02-23 20:19:38.164353 +0000 build-fedora4: export TEMPLATE_NAME=$(MAKEFLAGS= make -s -C qubes-src/linux-template-builder DIST=fc33 template-name)
2021-02-23 20:19:38.164364 +0000 build-fedora4: fi
2021-02-23 20:19:38.164394 +0000 build-fedora4: component_packages=$(MAKEFLAGS= make -s -f Makefile.generic DIST=fc33 PACKAGE_SET=vm COMPONENT=`basename qubes-src/xscreensaver` UPDATE_REPO=/home/user/builder-r4.0/$repo_basedir/current/vm/fc33 get-var GET_VAR=PACKAGE_LIST); \
2021-02-23 20:19:38.164408 +0000 build-fedora4: .if [ -z "$component_packages" ]; then \
2021-02-23 20:19:38.164424 +0000 build-fedora4: ..echo "no packages."; \
2021-02-23 20:19:38.164434 +0000 build-fedora4: ..exit 0; \
2021-02-23 20:19:38.164444 +0000 build-fedora4: .fi; \
2021-02-23 20:19:38.164457 +0000 build-fedora4: .make -s -f Makefile.generic DIST=fc33 PACKAGE_SET=vm \
2021-02-23 20:19:38.164470 +0000 build-fedora4: ..COMPONENT=`basename qubes-src/xscreensaver` \
2021-02-23 20:19:38.164482 +0000 build-fedora4: ..SNAPSHOT_REPO=current-testing \
2021-02-23 20:19:38.164493 +0000 build-fedora4: ..TARGET_REPO=current \
2021-02-23 20:19:38.164508 +0000 build-fedora4: ..UPDATE_REPO=/home/user/builder-r4.0/$repo_basedir/current/vm/fc33 \
2021-02-23 20:19:38.164528 +0000 build-fedora4: ..SNAPSHOT_FILE=/home/user/builder-r4.0/repo-latest-snapshot/current-testing-vm-fc33-`basename qubes-src/xscreensaver` \
2021-02-23 20:19:38.164539 +0000 build-fedora4: ..BUILD_LOG_URL= \
2021-02-23 20:19:38.164551 +0000 build-fedora4: ..update-repo-from-snapshot || exit 1; \
2021-02-23 20:19:38.164567 +0000 build-fedora4: elif make -C qubes-src/xscreensaver -n update-repo-current >/dev/null 2>/dev/null; then \
2021-02-23 20:19:38.164580 +0000 build-fedora4: .echo "Updating qubes-src/xscreensaver... "; \
2021-02-23 20:19:38.164596 +0000 build-fedora4: .DIST=fc33 UPDATE_REPO=/home/user/builder-r4.0/$repo_basedir/current/vm/fc33 \
2021-02-23 20:19:38.164611 +0000 build-fedora4: .make -s -C qubes-src/xscreensaver update-repo-current || exit 1; \
2021-02-23 20:19:38.164620 +0000 build-fedora4: else \
2021-02-23 20:19:38.164634 +0000 build-fedora4: .echo -n "Updating qubes-src/xscreensaver... skipping."; \
2021-02-23 20:19:38.164643 +0000 build-fedora4: fi; \
2021-02-23 20:19:38.164652 +0000 build-fedora4: echo
2021-02-23 20:19:38.196949 +0000 build-fedora4: Updating qubes-src/xscreensaver... no packages.
2021-02-23 20:19:38.197398 +0000 build-fedora4: Makefile:816: update target 'internal-update-repo-current.vm.fc33' due to: internal-update-repo-current.vm.fc33.xscreensaver
2021-02-23 20:19:38.197447 +0000 build-fedora4: true
2021-02-23 20:19:38.199713 +0000 build-fedora4: Makefile:929: target 'post-update-repo-current' does not exist
2021-02-23 20:19:38.199766 +0000 build-fedora4: true
2021-02-23 20:19:38.201683 +0000 build-fedora4: Makefile:803: update target 'update-repo-current' due to: internal-update-repo-current.vm.fc31 internal-update-repo-current.vm.fc32 internal-update-repo-current.vm.fc33 post-update-repo-current
2021-02-23 20:19:38.201735 +0000 build-fedora4: true
2021-02-23 20:19:38.204401 +0000 build-fedora4: > done
2021-02-23 20:19:38.204466 +0000 > closing log
