2017-08-10 13:47:20.869369 +0000 > starting log
2017-08-10 13:47:20.871747 +0000 build-fedora4: > starting build with log
2017-08-10 13:47:20.871774 +0000 build-fedora4: >> make args: DISTS_VM= DIST_DOM0=fc25 qubes
2017-08-10 13:47:20.871789 +0000 build-fedora4: >> MAKEFLAGS=
2017-08-10 13:47:20.871802 +0000 build-fedora4: >> COMPONENTS=core-admin
2017-08-10 13:47:20.871812 +0000 build-fedora4: >> DISTS_VM=
2017-08-10 13:47:20.871822 +0000 build-fedora4: >> DIST_DOM0=
2017-08-10 13:47:20.871834 +0000 build-fedora4: >> qubes-builder 52d4bd655db23aeda8c10395893a34ead452009d
2017-08-10 13:47:20.871844 +0000 build-fedora4: ?? .builder.conf.swp
2017-08-10 13:47:20.871862 +0000 build-fedora4: b9678ef014c818904d3389a31824c592a1638e32771a7ecc6a0401b81f044987b7e12153389cab24283d26e3578b2a8627eec14a47cfca422232bce3c2eb1d6e  .builder.conf.swp
2017-08-10 13:47:20.871876 +0000 build-fedora4: >> qubes-builder/qubes-src/core-admin 670e84c8351181fcf9f1e6a30006dbf1a1e563b7
2017-08-10 13:47:20.871888 +0000 build-fedora4: !! pkgs/fc25/core-dom0.spec.list
2017-08-10 13:47:20.871900 +0000 build-fedora4: !! pkgs/fc25/x86_64/qubes-core-dom0-4.0.0-1.fc25.x86_64.rpm
2017-08-10 13:47:20.871912 +0000 build-fedora4: !! pkgs/fc25/x86_64/qubes-core-dom0-4.0.1-1.fc25.x86_64.rpm
2017-08-10 13:47:20.871924 +0000 build-fedora4: !! pkgs/fc25/x86_64/qubes-core-dom0-4.0.2-1.fc25.x86_64.rpm
2017-08-10 13:47:20.871936 +0000 build-fedora4: !! pkgs/fc25/x86_64/qubes-core-dom0-4.0.3-1.fc25.x86_64.rpm
2017-08-10 13:47:20.871947 +0000 build-fedora4: !! pkgs/fc25/x86_64/qubes-core-dom0-4.0.4-1.fc25.x86_64.rpm
2017-08-10 13:47:20.871965 +0000 build-fedora4: 50cb9c6adb7c8b48675155a62092b84827f127451554820f5fab56f182b587a8e5e55b768405da3fff0a6d6d8e43e7731af7f8ea768c324bc587c41043bf2b65  pkgs/fc25/core-dom0.spec.list
2017-08-10 13:47:20.872000 +0000 build-fedora4: a811797e7d87ed3d98a7aa8471ef6b80b05a89b569bf163853808056bb10399ded94991c0fce6302097bf36b1d88a06e4c2809d7f3c18b3ae93def79d74a3cf6  pkgs/fc25/x86_64/qubes-core-dom0-4.0.0-1.fc25.x86_64.rpm
2017-08-10 13:47:20.872036 +0000 build-fedora4: 10481fc7bfd7c1bbf0dd5e0c682e8e8b9137ba0cbd579c0b2bc28ff5d6655163c90bdd17e9e6dd5e513f0977301ee2512d975a15601514140f4e77d34117cd51  pkgs/fc25/x86_64/qubes-core-dom0-4.0.1-1.fc25.x86_64.rpm
2017-08-10 13:47:20.872073 +0000 build-fedora4: 5747724f33db15cc9ae3ead5c56ba523c03657e55067e153cfb000caebda013abedd735dd9c023c95496d634fc19ce082e82054359b55f384ff7b67b92162a7e  pkgs/fc25/x86_64/qubes-core-dom0-4.0.2-1.fc25.x86_64.rpm
2017-08-10 13:47:20.872107 +0000 build-fedora4: d6f931bdda13e6bf0d6b246e1bc2c21eed4fe80618b44c2f124740d056df6a31912a324c71dab5b524d3f0a261d38e7af9487e487c2e12a23f31fa597220dd07  pkgs/fc25/x86_64/qubes-core-dom0-4.0.3-1.fc25.x86_64.rpm
2017-08-10 13:47:20.872141 +0000 build-fedora4: 3ee370c49366cd4171d6ac4b7be2d097a45a24c61a20d137d67a962f9feb3a56122918ce865a36fc2004ad2ba577a0e6bbf8ba2765371c6c6a1c213c2ce9a212  pkgs/fc25/x86_64/qubes-core-dom0-4.0.4-1.fc25.x86_64.rpm
2017-08-10 13:47:20.872169 +0000 build-fedora4: ================================================================================
2017-08-10 13:47:20.872186 +0000 build-fedora4:                            B U I L D   I N F O                                  
2017-08-10 13:47:20.872207 +0000 build-fedora4: Items in red indicate it was automatically generated by configuration file(s)
2017-08-10 13:47:20.872221 +0000 build-fedora4: Items in white indicate it was automatically removed by configuration file(s)
2017-08-10 13:47:20.872237 +0000 build-fedora4: ================================================================================
2017-08-10 13:47:20.872247 +0000 build-fedora4: DISTS_VM:
2017-08-10 13:47:20.872258 +0000 build-fedora4:     
2017-08-10 13:47:20.872273 +0000 build-fedora4: DISTS_ALL:
2017-08-10 13:47:20.872283 +0000 build-fedora4:      fc25,
2017-08-10 13:47:20.872293 +0000 build-fedora4: DIST_DOM0:
2017-08-10 13:47:20.872304 +0000 build-fedora4:      fc25,
2017-08-10 13:47:20.872314 +0000 build-fedora4: BUILDER_PLUGINS:
2017-08-10 13:47:20.872325 +0000 build-fedora4:      builder-fedora, mgmt-salt, builder-github,
2017-08-10 13:47:20.872345 +0000 build-fedora4: COMPONENTS:
2017-08-10 13:47:20.872356 +0000 build-fedora4:      core-admin,
2017-08-10 13:47:20.872365 +0000 build-fedora4: GIT_REPOS:
2017-08-10 13:47:20.872376 +0000 build-fedora4:      qubes-src/core-admin,
2017-08-10 13:47:20.872385 +0000 build-fedora4: TEMPLATE:
2017-08-10 13:47:20.872394 +0000 build-fedora4:     
2017-08-10 13:47:20.872404 +0000 build-fedora4: TEMPLATE_FLAVOR_DIR:
2017-08-10 13:47:20.872416 +0000 build-fedora4:      +gnome:/gnome, +flash:/flash, +desktop:/desktop,
2017-08-10 13:47:20.872426 +0000 build-fedora4: TEMPLATE_ALIAS:
2017-08-10 13:47:20.872440 +0000 build-fedora4:      jessie:jessie+standard, jessie+gnome:jessie+gnome+standard, jessie+minimal:jessie+minimal+no-recommends,
2017-08-10 13:47:20.872454 +0000 build-fedora4:      stretch:stretch+standard, stretch+gnome:stretch+gnome+standard,
2017-08-10 13:47:20.872466 +0000 build-fedora4:      stretch+minimal:stretch+minimal+no-recommends,
2017-08-10 13:47:20.872475 +0000 build-fedora4: TEMPLATE_LABEL:
2017-08-10 13:47:20.872488 +0000 build-fedora4:      fc20:fedora-20 fc21:fedora-21 fc22:fedora-22 fc23:fedora-23 fc24:fedora-24
2017-08-10 13:47:20.872530 +0000 build-fedora4:      fc25:fedora-25 fc25+minimal:fedora-25-minimal jessie:debian-8 jessie+standard:debian-8
2017-08-10 13:47:20.872556 +0000 build-fedora4:      jessie+minimal+no-recommends:debian-8-minimal stretch:debian-9 stretch+standard:debian-9
2017-08-10 13:47:20.872576 +0000 build-fedora4:      stretch+minimal+no-recommends:debian-9-minimal
2017-08-10 13:47:20.894985 +0000 build-fedora4: > running make
2017-08-10 13:47:20.922955 +0000 build-fedora4: Makefile:827: target 'build-info' does not exist
2017-08-10 13:47:20.923028 +0000 build-fedora4: echo "================================================================================"
2017-08-10 13:47:20.923069 +0000 build-fedora4: echo "                           B U I L D   I N F O                                  "
2017-08-10 13:47:20.923103 +0000 build-fedora4: echo -e "Items in red indicate it was automatically generated by configuration file(s)"
2017-08-10 13:47:20.923134 +0000 build-fedora4: echo -e "Items in white indicate it was automatically removed by configuration file(s)"
2017-08-10 13:47:20.923162 +0000 build-fedora4: echo "================================================================================"
2017-08-10 13:47:20.923188 +0000 build-fedora4: # (1): Item Color, (2): Label, (3): Item, (4): Original item used to compare if changed
2017-08-10 13:47:20.923215 +0000 build-fedora4: echo -e "DISTS_VM:"; echo -e " " | fmt -w110  | sed -e 's/^/    /'
2017-08-10 13:47:20.923240 +0000 build-fedora4: echo -e "DISTS_ALL:"; echo -e " fc25," | fmt -w110  | sed -e 's/^/    /'
2017-08-10 13:47:20.923265 +0000 build-fedora4: echo -e "DIST_DOM0:"; echo -e " fc25," | fmt -w110  | sed -e 's/^/    /'
2017-08-10 13:47:20.923295 +0000 build-fedora4: echo -e "BUILDER_PLUGINS:"; echo -e " builder-fedora, mgmt-salt, builder-github," | fmt -w110  | sed -e 's/^/    /'
2017-08-10 13:47:20.923322 +0000 build-fedora4: echo -e "COMPONENTS:"; echo -e " core-admin," | fmt -w110  | sed -e 's/^/    /'
2017-08-10 13:47:20.923349 +0000 build-fedora4: echo -e "GIT_REPOS:"; echo -e " qubes-src/core-admin," | fmt -w110  | sed -e 's/^/    /'
2017-08-10 13:47:20.923372 +0000 build-fedora4: echo -e "TEMPLATE:"; echo -e " " | fmt -w110  | sed -e 's/^/    /'
2017-08-10 13:47:20.923406 +0000 build-fedora4: echo -e "TEMPLATE_FLAVOR_DIR:"; echo -e " +gnome:$SCRIPTSDIR/gnome, +flash:$SCRIPTSDIR/flash, +desktop:$SCRIPTSDIR/desktop," | fmt -w110  | sed -e 's/^/    /'
2017-08-10 13:47:20.923456 +0000 build-fedora4: echo -e "TEMPLATE_ALIAS:"; echo -e " jessie:jessie+standard, jessie+gnome:jessie+gnome+standard, jessie+minimal:jessie+minimal+no-recommends, stretch:stretch+standard, stretch+gnome:stretch+gnome+standard, stretch+minimal:stretch+minimal+no-recommends," | fmt -w110  | sed -e 's/^/    /'
2017-08-10 13:47:20.923534 +0000 build-fedora4: echo -e "TEMPLATE_LABEL:"; echo -e " fc20:fedora-20 fc21:fedora-21 fc22:fedora-22 fc23:fedora-23 fc24:fedora-24 fc25:fedora-25 fc25+minimal:fedora-25-minimal jessie:debian-8 jessie+standard:debian-8 jessie+minimal+no-recommends:debian-8-minimal stretch:debian-9 stretch+standard:debian-9 stretch+minimal+no-recommends:debian-9-minimal" | fmt -w110  | sed -e 's/^/    /'
2017-08-10 13:47:20.923577 +0000 build-fedora4: for component in core-admin; do \
2017-08-10 13:47:20.923604 +0000 build-fedora4: .component_env_var=`make -s get-var GET_VAR=ENV_${component//-/_}`; \
2017-08-10 13:47:20.923635 +0000 build-fedora4: .if [ ! -z "$component_env_var" ]; then echo -e "ENV_${component//-/_}:"; echo -e " ${component_env_var}, """ | fmt -w110  | sed -e 's/^/    /'; fi; \
2017-08-10 13:47:20.923654 +0000 build-fedora4: done
2017-08-10 13:47:20.926444 +0000 build-fedora4: ================================================================================
2017-08-10 13:47:20.926537 +0000 build-fedora4:                            B U I L D   I N F O                                  
2017-08-10 13:47:20.926582 +0000 build-fedora4: Items in red indicate it was automatically generated by configuration file(s)
2017-08-10 13:47:20.926616 +0000 build-fedora4: Items in white indicate it was automatically removed by configuration file(s)
2017-08-10 13:47:20.926647 +0000 build-fedora4: ================================================================================
2017-08-10 13:47:20.926671 +0000 build-fedora4: DISTS_VM:
2017-08-10 13:47:20.930237 +0000 build-fedora4:     
2017-08-10 13:47:20.930650 +0000 build-fedora4: DISTS_ALL:
2017-08-10 13:47:20.933894 +0000 build-fedora4:      fc25,
2017-08-10 13:47:20.934334 +0000 build-fedora4: DIST_DOM0:
2017-08-10 13:47:20.938381 +0000 build-fedora4:      fc25,
2017-08-10 13:47:20.938841 +0000 build-fedora4: BUILDER_PLUGINS:
2017-08-10 13:47:20.942448 +0000 build-fedora4:      builder-fedora, mgmt-salt, builder-github,
2017-08-10 13:47:20.942907 +0000 build-fedora4: COMPONENTS:
2017-08-10 13:47:20.947320 +0000 build-fedora4:      core-admin,
2017-08-10 13:47:20.947698 +0000 build-fedora4: GIT_REPOS:
2017-08-10 13:47:20.951275 +0000 build-fedora4:      qubes-src/core-admin,
2017-08-10 13:47:20.952612 +0000 build-fedora4: TEMPLATE:
2017-08-10 13:47:20.956292 +0000 build-fedora4:     
2017-08-10 13:47:20.957008 +0000 build-fedora4: TEMPLATE_FLAVOR_DIR:
2017-08-10 13:47:20.961988 +0000 build-fedora4:      +gnome:/gnome, +flash:/flash, +desktop:/desktop,
2017-08-10 13:47:20.962589 +0000 build-fedora4: TEMPLATE_ALIAS:
2017-08-10 13:47:20.966765 +0000 build-fedora4:      jessie:jessie+standard, jessie+gnome:jessie+gnome+standard, jessie+minimal:jessie+minimal+no-recommends,
2017-08-10 13:47:20.966842 +0000 build-fedora4:      stretch:stretch+standard, stretch+gnome:stretch+gnome+standard,
2017-08-10 13:47:20.966880 +0000 build-fedora4:      stretch+minimal:stretch+minimal+no-recommends,
2017-08-10 13:47:20.967177 +0000 build-fedora4: TEMPLATE_LABEL:
2017-08-10 13:47:20.970751 +0000 build-fedora4:      fc20:fedora-20 fc21:fedora-21 fc22:fedora-22 fc23:fedora-23 fc24:fedora-24
2017-08-10 13:47:20.970824 +0000 build-fedora4:      fc25:fedora-25 fc25+minimal:fedora-25-minimal jessie:debian-8 jessie+standard:debian-8
2017-08-10 13:47:20.970870 +0000 build-fedora4:      jessie+minimal+no-recommends:debian-8-minimal stretch:debian-9 stretch+standard:debian-9
2017-08-10 13:47:20.970900 +0000 build-fedora4:      stretch+minimal+no-recommends:debian-9-minimal
2017-08-10 13:47:21.014806 +0000 build-fedora4: ENV_core_admin:
2017-08-10 13:47:21.019609 +0000 build-fedora4:      Makefile:885: target 'get-var' does not exist
2017-08-10 13:47:21.019679 +0000 build-fedora4:     GET_VAR=${!GET_VAR}; \ echo "${GET_VAR}",
2017-08-10 13:47:21.022465 +0000 build-fedora4: Makefile:202: target 'check-depend.rpm' does not exist
2017-08-10 13:47:21.022560 +0000 build-fedora4: echo "Currently installed dependencies:" && rpm -q git rpmdevtools rpm-build createrepo python2-sh wget rpm-sign PyYAML || \
2017-08-10 13:47:21.022605 +0000 build-fedora4: .{ echo "ERROR: call 'make install-deps' to install missing dependencies"; exit 1; }
2017-08-10 13:47:21.025736 +0000 build-fedora4: Currently installed dependencies:
2017-08-10 13:47:21.038056 +0000 build-fedora4: git-2.7.4-3.fc24.x86_64
2017-08-10 13:47:21.038750 +0000 build-fedora4: rpmdevtools-8.9-1.fc24.noarch
2017-08-10 13:47:21.039784 +0000 build-fedora4: rpm-build-4.13.0.1-1.fc24.x86_64
2017-08-10 13:47:21.040306 +0000 build-fedora4: createrepo-0.10.3-3.fc21.noarch
2017-08-10 13:47:21.040352 +0000 build-fedora4: package python2-sh is not installed
2017-08-10 13:47:21.040914 +0000 build-fedora4: wget-1.18-1.fc24.x86_64
2017-08-10 13:47:21.041814 +0000 build-fedora4: rpm-sign-4.13.0.1-1.fc24.x86_64
2017-08-10 13:47:21.042333 +0000 build-fedora4: PyYAML-3.11-12.fc24.x86_64
2017-08-10 13:47:21.044528 +0000 build-fedora4: ERROR: call 'make install-deps' to install missing dependencies
2017-08-10 13:47:21.045016 +0000 build-fedora4: Makefile:202: recipe for target 'check-depend.rpm' failed
2017-08-10 13:47:21.045065 +0000 build-fedora4: make: *** [check-depend.rpm] Error 1
2017-08-10 13:47:21.046600 +0000 > closing log
