2021-01-18 11:45:25.316238 +0000 > starting log
2021-01-18 11:45:25.316764 +0000 build-fedora4: > starting build with log
2021-01-18 11:45:25.316781 +0000 build-fedora4: >> make args: update-repo-current
2021-01-18 11:45:25.316790 +0000 build-fedora4: >> MAKEFLAGS=
2021-01-18 11:45:25.316800 +0000 build-fedora4: >> COMPONENTS=gui-agent-linux
2021-01-18 11:45:25.316808 +0000 build-fedora4: >> DISTS_VM=
2021-01-18 11:45:25.316815 +0000 build-fedora4: >> DIST_DOM0=
2021-01-18 11:45:25.316825 +0000 build-fedora4: >> qubes-builder bedbf0c294adf081fc575c4901d9f713f5c79abd
2021-01-18 11:45:25.469911 +0000 build-fedora4: >> qubes-builder/qubes-src/gui-agent-linux 375e8cd14d41b1010ed4d5a0905d650720cf6a26
2021-01-18 11:45:26.100114 +0000 build-fedora4: ================================================================================
2021-01-18 11:45:26.100172 +0000 build-fedora4:                            B U I L D   I N F O                                  
2021-01-18 11:45:26.100189 +0000 build-fedora4: Items in red indicate it was automatically generated by configuration file(s)
2021-01-18 11:45:26.100201 +0000 build-fedora4: Items in white indicate it was automatically removed by configuration file(s)
2021-01-18 11:45:26.100212 +0000 build-fedora4: ================================================================================
2021-01-18 11:45:26.100219 +0000 build-fedora4: DISTS_VM:
2021-01-18 11:45:26.110395 +0000 build-fedora4:     
2021-01-18 11:45:26.128719 +0000 build-fedora4: DISTS_ALL:
2021-01-18 11:45:26.148885 +0000 build-fedora4:      dom0-fc25,
2021-01-18 11:45:26.148927 +0000 build-fedora4: DIST_DOM0:
2021-01-18 11:45:26.176404 +0000 build-fedora4:      fc25,
2021-01-18 11:45:26.176450 +0000 build-fedora4: BUILDER_PLUGINS:
2021-01-18 11:45:26.197009 +0000 build-fedora4:      builder-rpm, builder-debian, mgmt-salt, linux-yum, release-configs, builder-github,
2021-01-18 11:45:26.219372 +0000 build-fedora4: COMPONENTS:
2021-01-18 11:45:26.239028 +0000 build-fedora4:      gui-agent-linux,
2021-01-18 11:45:26.240333 +0000 build-fedora4: GIT_REPOS:
2021-01-18 11:45:26.243783 +0000 build-fedora4:      qubes-src/gui-agent-linux,
2021-01-18 11:45:26.243826 +0000 build-fedora4: TEMPLATE:
2021-01-18 11:45:26.251540 +0000 build-fedora4:     
2021-01-18 11:45:26.252778 +0000 build-fedora4: TEMPLATE_FLAVOR_DIR:
2021-01-18 11:45:26.266049 +0000 build-fedora4:     
2021-01-18 11:45:26.312433 +0000 build-fedora4: TEMPLATE_ALIAS:
2021-01-18 11:45:26.326535 +0000 build-fedora4:      stretch:stretch+standard, stretch+gnome:stretch+gnome+standard,
2021-01-18 11:45:26.326587 +0000 build-fedora4:      stretch+minimal:stretch+minimal+no-recommends, buster:buster+standard, buster+gnome:buster+gnome+standard,
2021-01-18 11:45:26.326602 +0000 build-fedora4:      buster+minimal:buster+minimal+no-recommends, bullseye:bullseye+standard,
2021-01-18 11:45:26.326616 +0000 build-fedora4:      bullseye+gnome:bullseye+gnome+standard, bullseye+minimal:bullseye+minimal+no-recommends,
2021-01-18 11:45:26.326628 +0000 build-fedora4:      whonix-gateway-14:stretch+whonix-gateway+minimal+no-recommends,
2021-01-18 11:45:26.326669 +0000 build-fedora4:      whonix-workstation-14:stretch+whonix-workstation+minimal+no-recommends,
2021-01-18 11:45:26.326682 +0000 build-fedora4:      whonix-gateway-15:buster+whonix-gateway+minimal+no-recommends,
2021-01-18 11:45:26.326693 +0000 build-fedora4:      whonix-workstation-15:buster+whonix-workstation+minimal+no-recommends,
2021-01-18 11:45:26.326703 +0000 build-fedora4:      whonix-gateway:jessie+whonix-gateway+minimal+no-recommends,
2021-01-18 11:45:26.326714 +0000 build-fedora4:      whonix-workstation:jessie+whonix-workstation+minimal+no-recommends,
2021-01-18 11:45:26.354852 +0000 build-fedora4: TEMPLATE_LABEL:
2021-01-18 11:45:26.376153 +0000 build-fedora4:      fc25:fedora-25 fc30:fedora-30 fc31:fedora-31 fc32:fedora-32 fc30+minimal:fedora-30-minimal
2021-01-18 11:45:26.376203 +0000 build-fedora4:      fc31+minimal:fedora-31-minimal fc32+minimal:fedora-32-minimal fc30+xfce:fedora-30-xfce
2021-01-18 11:45:26.376220 +0000 build-fedora4:      fc31+xfce:fedora-31-xfce fc32+xfce:fedora-32-xfce stretch:debian-9 stretch+standard:debian-9
2021-01-18 11:45:26.376249 +0000 build-fedora4:      stretch+xfce:debian-9-xfce buster:debian-10 buster+standard:debian-10
2021-01-18 11:45:26.376262 +0000 build-fedora4:      buster+xfce:debian-10-xfce bullseye:debian-11 bullseye+standard:debian-11
2021-01-18 11:45:26.376275 +0000 build-fedora4:      bullseye+xfce:debian-11-xfce stretch+whonix-gateway+minimal+no-recommends:whonix-gw-14
2021-01-18 11:45:26.376286 +0000 build-fedora4:      stretch+whonix-workstation+minimal+no-recommends:whonix-ws-14
2021-01-18 11:45:26.376296 +0000 build-fedora4:      buster+whonix-gateway+minimal+no-recommends:whonix-gw-15
2021-01-18 11:45:26.376308 +0000 build-fedora4:      buster+whonix-workstation+minimal+no-recommends:whonix-ws-15 centos7:centos-7
2021-01-18 11:45:26.376319 +0000 build-fedora4:      centos7+minimal:centos-7-minimal centos7+xfce:centos-7-xfce centos8:centos-8
2021-01-18 11:45:26.376330 +0000 build-fedora4:      centos8+minimal:centos-8-minimal centos8+xfce:centos-8-xfce
2021-01-18 11:45:26.376340 +0000 build-fedora4:      jessie+whonix-gateway+minimal+no-recommends:whonix-gw
2021-01-18 11:45:26.376350 +0000 build-fedora4:      jessie+whonix-workstation+minimal+no-recommends:whonix-ws
2021-01-18 11:45:26.643683 +0000 build-fedora4: > running make
2021-01-18 11:45:26.764089 +0000 build-fedora4: Makefile:899: target 'internal-update-repo-current.dom0.fc25.gui-agent-linux' does not exist
2021-01-18 11:45:26.764140 +0000 build-fedora4: true
2021-01-18 11:45:26.767519 +0000 build-fedora4: Makefile:907: target 'post-update-repo-current' does not exist
2021-01-18 11:45:26.767559 +0000 build-fedora4: for dist in fc25 ; do \
2021-01-18 11:45:26.767573 +0000 build-fedora4: .repo_base_var="LINUX_REPO_${dist}_BASEDIR"; \
2021-01-18 11:45:26.767582 +0000 build-fedora4: .if [ -n "${!repo_base_var}" ]; then \
2021-01-18 11:45:26.767591 +0000 build-fedora4: ..repo_basedir="${!repo_base_var}"; \
2021-01-18 11:45:26.767599 +0000 build-fedora4: .else \
2021-01-18 11:45:26.767609 +0000 build-fedora4: ..repo_basedir="qubes-src/linux-yum/r4.0"; \
2021-01-18 11:45:26.767616 +0000 build-fedora4: .fi; \
2021-01-18 11:45:26.767626 +0000 build-fedora4: .repos_to_update="$repos_to_update $repo_basedir"; \
2021-01-18 11:45:26.767633 +0000 build-fedora4: done; \
2021-01-18 11:45:26.767640 +0000 build-fedora4: pkgset_dist= ; \
2021-01-18 11:45:26.767648 +0000 build-fedora4: for dist in fc25; do \
2021-01-18 11:45:26.767681 +0000 build-fedora4: .pkgset_dist="$pkgset_dist dom0/$dist"; \
2021-01-18 11:45:26.767689 +0000 build-fedora4: done; \
2021-01-18 11:45:26.767697 +0000 build-fedora4: for dist in ; do \
2021-01-18 11:45:26.767705 +0000 build-fedora4: .pkgset_dist="$pkgset_dist vm/$dist"; \
2021-01-18 11:45:26.767712 +0000 build-fedora4: done; \
2021-01-18 11:45:26.767723 +0000 build-fedora4: for repo in `echo $repos_to_update|tr ' ' '\n'|sort|uniq`; do \
2021-01-18 11:45:26.767731 +0000 build-fedora4: .[ -z "$repo" ] && continue; \
2021-01-18 11:45:26.767742 +0000 build-fedora4: .[ -x "$repo/../update_repo-current.sh" ] || continue; \
2021-01-18 11:45:26.767752 +0000 build-fedora4: .(cd $repo/.. && ./update_repo-current.sh r4.0 $pkgset_dist); \
2021-01-18 11:45:26.767759 +0000 build-fedora4: done
2021-01-18 11:45:26.838181 +0000 build-fedora4: ~/builder-r4.0-dom0/qubes-src/linux-yum ~/builder-r4.0-dom0/qubes-src/linux-yum
2021-01-18 11:45:26.844601 +0000 build-fedora4: --> Processing repo: r4.0/current/dom0/fc25...
2021-01-18 11:45:51.626859 +0000 build-fedora4: Done.
2021-01-18 11:45:51.633985 +0000 build-fedora4: ~/builder-r4.0-dom0/qubes-src/linux-yum ~/builder-r4.0-dom0/qubes-src/linux-yum
2021-01-18 11:45:51.637635 +0000 build-fedora4: Syncing r4.0...
2021-01-18 11:46:09.222633 +0000 build-fedora4: sending incremental file list
2021-01-18 11:46:10.276859 +0000 build-fedora4: .d..t...... fc25/
2021-01-18 11:46:10.276905 +0000 build-fedora4: .d..t...... fc25/repodata/
2021-01-18 11:46:10.276922 +0000 build-fedora4: <f..t...... fc25/repodata/1cc09785252caecd653bd4d2a2be7b0c9af4a7f2bbeb4ad3ea62ebaf6c8421be-other.sqlite.bz2
2021-01-18 11:46:10.276956 +0000 build-fedora4: .            700   0%    0.00kB/s    0:00:00  .        104,119 100%   98.63MB/s    0:00:00 (xfr#1, to-chk=290/296)
2021-01-18 11:46:10.276971 +0000 build-fedora4: <f..t...... fc25/repodata/247d433e3d7b5191f1ac044a228b50252602980fa41ffca4bed1dc7113a968a8-filelists.xml.gz
2021-01-18 11:46:10.276985 +0000 build-fedora4: .            912   0%  890.62kB/s    0:00:00  .        840,535 100%  200.40MB/s    0:00:00 (xfr#2, to-chk=289/296)
2021-01-18 11:46:10.276997 +0000 build-fedora4: <f..t...... fc25/repodata/8b2550c1db7af42ce99997bb7954c361f51375531b72eda530907e96d474a24c-comps.xml.gz
2021-01-18 11:46:10.277010 +0000 build-fedora4: .            700   2%  170.90kB/s    0:00:00  .         25,031 100%    5.97MB/s    0:00:00 (xfr#3, to-chk=288/296)
2021-01-18 11:46:10.277022 +0000 build-fedora4: <f..t...... fc25/repodata/a04140beffff6e416670f290d489e9a0d5ff562143411f963efe9d2633b43ba9-other.xml.gz
2021-01-18 11:46:10.277172 +0000 build-fedora4: .            700   1%  170.90kB/s    0:00:00  .         62,069 100%   14.80MB/s    0:00:00 (xfr#4, to-chk=287/296)
2021-01-18 11:46:10.277311 +0000 build-fedora4: <f..t...... fc25/repodata/b17107bc3eb16ebb8799c73750248d988e41db88b2cceff635d802685a1dadcf-primary.xml.gz
2021-01-18 11:46:10.281439 +0000 build-fedora4: .            700   0%  136.72kB/s    0:00:00  .        135,581 100%   25.86MB/s    0:00:00 (xfr#5, to-chk=286/296)
2021-01-18 11:46:10.281486 +0000 build-fedora4: <f..t...... fc25/repodata/bce79b373283f77cd0502232ba1100839fe2bb7777ea130c08f3fa7d65a9dd75-filelists.sqlite.bz2
2021-01-18 11:46:10.283250 +0000 build-fedora4: .          1,080   0%  210.94kB/s    0:00:05  .      1,174,799 100%  112.04MB/s    0:00:00 (xfr#6, to-chk=285/296)
2021-01-18 11:46:10.283295 +0000 build-fedora4: <f..t...... fc25/repodata/f15fa1ccf8fdbf0b8c36ad359aae7b9d471f8a1ce2549fed9c473a13b7dfe65d-comps.xml
2021-01-18 11:46:10.283476 +0000 build-fedora4: .            700   0%   68.36kB/s    0:00:01  .        106,001 100%    9.19MB/s    0:00:00 (xfr#7, to-chk=284/296)
2021-01-18 11:46:10.284098 +0000 build-fedora4: <f..t...... fc25/repodata/fb8596d9252e2c6a119212f78bd251404a405b9c1b50094fc63104f4fa434489-primary.sqlite.bz2
2021-01-18 11:46:10.285278 +0000 build-fedora4: .            700   0%   62.14kB/s    0:00:05  .        364,403 100%   28.96MB/s    0:00:00 (xfr#8, to-chk=283/296)
2021-01-18 11:46:10.285310 +0000 build-fedora4: <f..t...... fc25/repodata/repomd.xml
2021-01-18 11:46:10.285324 +0000 build-fedora4: .          3,866 100%  290.41kB/s    0:00:00  .          3,866 100%  290.41kB/s    0:00:00 (xfr#9, to-chk=282/296)
2021-01-18 11:46:10.285474 +0000 build-fedora4: <f..t...... fc25/repodata/repomd.xml.asc
2021-01-18 11:46:10.285498 +0000 build-fedora4: .            833 100%   62.58kB/s    0:00:00  .            833 100%   62.58kB/s    0:00:00 (xfr#10, to-chk=281/296)
2021-01-18 11:46:20.232021 +0000 build-fedora4: Makefile:803: update target 'update-repo-current' due to: internal-update-repo-current.dom0.fc25.gui-agent-linux post-update-repo-current
2021-01-18 11:46:20.232067 +0000 build-fedora4: true
2021-01-18 11:46:20.233720 +0000 build-fedora4: > done
2021-01-18 11:46:20.233785 +0000 > closing log
