2023-08-29 14:07:41.033543 +0000 > starting log
2023-08-29 14:07:41.033812 +0000 build-fedora4: > starting build with log
2023-08-29 14:07:41.033826 +0000 build-fedora4: >> make args: update-repo-current
2023-08-29 14:07:41.033834 +0000 build-fedora4: >> MAKEFLAGS=
2023-08-29 14:07:41.033841 +0000 build-fedora4: >> COMPONENTS=core-agent-linux
2023-08-29 14:07:41.033848 +0000 build-fedora4: >> DISTS_VM=
2023-08-29 14:07:41.033854 +0000 build-fedora4: >> DIST_DOM0=
2023-08-29 14:07:41.033862 +0000 build-fedora4: >> qubes-builder 5407d687d1b542537e873f3b69f4985eaec360ba
2023-08-29 14:07:41.033876 +0000 build-fedora4: >> qubes-builder/qubes-src/core-agent-linux 89a2a48b656fd0d03dc1cf0c93bb4b06e7adfca7
2023-08-29 14:07:41.033886 +0000 build-fedora4: ================================================================================
2023-08-29 14:07:41.033895 +0000 build-fedora4:                            B U I L D   I N F O                                  
2023-08-29 14:07:41.033903 +0000 build-fedora4: Items in red indicate it was automatically generated by configuration file(s)
2023-08-29 14:07:41.033911 +0000 build-fedora4: Items in white indicate it was automatically removed by configuration file(s)
2023-08-29 14:07:41.033920 +0000 build-fedora4: ================================================================================
2023-08-29 14:07:41.033925 +0000 build-fedora4: DISTS_VM:
2023-08-29 14:07:41.033931 +0000 build-fedora4:     
2023-08-29 14:07:41.033937 +0000 build-fedora4: DISTS_ALL:
2023-08-29 14:07:41.033943 +0000 build-fedora4:      dom0-fc32,
2023-08-29 14:07:41.033949 +0000 build-fedora4: DIST_DOM0:
2023-08-29 14:07:41.033954 +0000 build-fedora4:      fc32,
2023-08-29 14:07:41.033960 +0000 build-fedora4: BUILDER_PLUGINS:
2023-08-29 14:07:41.033969 +0000 build-fedora4:      builder-rpm, builder-debian, mgmt-salt, linux-yum, release-configs, builder-github,
2023-08-29 14:07:41.033975 +0000 build-fedora4: COMPONENTS:
2023-08-29 14:07:41.033981 +0000 build-fedora4:      core-agent-linux,
2023-08-29 14:07:41.033987 +0000 build-fedora4: GIT_REPOS:
2023-08-29 14:07:41.033993 +0000 build-fedora4:      qubes-src/core-agent-linux,
2023-08-29 14:07:41.033999 +0000 build-fedora4: TEMPLATE:
2023-08-29 14:07:41.034004 +0000 build-fedora4:     
2023-08-29 14:07:41.034010 +0000 build-fedora4: TEMPLATE_FLAVOR_DIR:
2023-08-29 14:07:41.034016 +0000 build-fedora4:     
2023-08-29 14:07:41.034022 +0000 build-fedora4: TEMPLATE_ALIAS:
2023-08-29 14:07:41.034029 +0000 build-fedora4:      stretch:stretch+standard, stretch+gnome:stretch+gnome+standard,
2023-08-29 14:07:41.034037 +0000 build-fedora4:      stretch+minimal:stretch+minimal+no-recommends, buster:buster+gnome,
2023-08-29 14:07:41.034046 +0000 build-fedora4:      buster+minimal:buster+minimal+no-recommends, bullseye:bullseye+gnome+firmware,
2023-08-29 14:07:41.034054 +0000 build-fedora4:      bullseye+minimal:bullseye+minimal+no-recommends, bookworm:bookworm+gnome+firmware,
2023-08-29 14:07:41.034062 +0000 build-fedora4:      bookworm+minimal:bookworm+minimal+no-recommends, bionic:bionic+standard,
2023-08-29 14:07:41.034071 +0000 build-fedora4:      focal:focal+standard, whonix-gateway-15:buster+whonix-gateway+minimal+no-recommends,
2023-08-29 14:07:41.034079 +0000 build-fedora4:      whonix-workstation-15:buster+whonix-workstation+minimal+no-recommends,
2023-08-29 14:07:41.034087 +0000 build-fedora4:      whonix-gateway-16:bullseye+whonix-gateway+minimal+no-recommends,
2023-08-29 14:07:41.034095 +0000 build-fedora4:      whonix-workstation-16:bullseye+whonix-workstation+minimal+no-recommends,
2023-08-29 14:07:41.034101 +0000 build-fedora4: TEMPLATE_LABEL:
2023-08-29 14:07:41.034110 +0000 build-fedora4:      fc34:fedora-34 fc35:fedora-35 fc36:fedora-36 fc37:fedora-37 fc38:fedora-38 fc34+minimal:fedora-34-minimal
2023-08-29 14:07:41.034119 +0000 build-fedora4:      fc35+minimal:fedora-35-minimal fc36+minimal:fedora-36-minimal fc37+minimal:fedora-37-minimal
2023-08-29 14:07:41.034128 +0000 build-fedora4:      fc38+minimal:fedora-38-minimal fc34+xfce:fedora-34-xfce fc35+xfce:fedora-35-xfce fc36+xfce:fedora-36-xfce
2023-08-29 14:07:41.034145 +0000 build-fedora4:      fc37+xfce:fedora-37-xfce fc38+xfce:fedora-38-xfce stretch:debian-9 stretch+standard:debian-9
2023-08-29 14:07:41.034155 +0000 build-fedora4:      stretch+xfce:debian-9-xfce buster+gnome:debian-10 buster+xfce:debian-10-xfce bullseye:debian-11
2023-08-29 14:07:41.034163 +0000 build-fedora4:      bullseye+standard+firmware:debian-11 bullseye+xfce:debian-11-xfce bookworm:debian-12
2023-08-29 14:07:41.034172 +0000 build-fedora4:      bookworm+standard:debian-12 bookworm+xfce:debian-12-xfce bionic+standard:bionic
2023-08-29 14:07:41.034180 +0000 build-fedora4:      focal+standard:focal buster+whonix-gateway+minimal+no-recommends:whonix-gw-15
2023-08-29 14:07:41.034188 +0000 build-fedora4:      buster+whonix-workstation+minimal+no-recommends:whonix-ws-15
2023-08-29 14:07:41.034195 +0000 build-fedora4:      bullseye+whonix-gateway+minimal+no-recommends:whonix-gw-16
2023-08-29 14:07:41.034209 +0000 build-fedora4:      bullseye+whonix-workstation+minimal+no-recommends:whonix-ws-16 centos7:centos-7
2023-08-29 14:07:41.034217 +0000 build-fedora4:      centos7+minimal:centos-7-minimal centos7+xfce:centos-7-xfce centos-stream8:centos-stream-8
2023-08-29 14:07:41.034226 +0000 build-fedora4:      centos-stream8+minimal:centos-stream-8-minimal centos-stream8+xfce:centos-stream-8-xfce
2023-08-29 14:07:41.034232 +0000 build-fedora4: > running make
2023-08-29 14:07:41.034242 +0000 build-fedora4: Makefile:915: update target 'internal-update-repo-current.dom0.fc32.core-agent-linux' due to: target does not exist
2023-08-29 14:07:41.034247 +0000 build-fedora4: true
2023-08-29 14:07:41.034279 +0000 build-fedora4: Makefile:923: update target 'post-update-repo-current' due to: target does not exist
2023-08-29 14:07:41.034286 +0000 build-fedora4: for dist in fc32 ; do \
2023-08-29 14:07:41.034293 +0000 build-fedora4: .repo_base_var="LINUX_REPO_${dist//-/_}_BASEDIR"; \
2023-08-29 14:07:41.034300 +0000 build-fedora4: .if [ -n "${!repo_base_var}" ]; then \
2023-08-29 14:07:41.034307 +0000 build-fedora4: ..repo_basedir="${!repo_base_var}"; \
2023-08-29 14:07:41.034313 +0000 build-fedora4: .else \
2023-08-29 14:07:41.034319 +0000 build-fedora4: ..repo_basedir="qubes-src/linux-yum/r4.1"; \
2023-08-29 14:07:41.034325 +0000 build-fedora4: .fi; \
2023-08-29 14:07:41.034333 +0000 build-fedora4: .repos_to_update="$repos_to_update $repo_basedir"; \
2023-08-29 14:07:41.034338 +0000 build-fedora4: done; \
2023-08-29 14:07:41.034344 +0000 build-fedora4: pkgset_dist= ; \
2023-08-29 14:07:41.034350 +0000 build-fedora4: for dist in fc32; do \
2023-08-29 14:07:41.034357 +0000 build-fedora4: .pkgset_dist="$pkgset_dist dom0/$dist"; \
2023-08-29 14:07:41.034362 +0000 build-fedora4: done; \
2023-08-29 14:07:41.034368 +0000 build-fedora4: for dist in ; do \
2023-08-29 14:07:41.034375 +0000 build-fedora4: .pkgset_dist="$pkgset_dist vm/$dist"; \
2023-08-29 14:07:41.034381 +0000 build-fedora4: done; \
2023-08-29 14:07:41.034388 +0000 build-fedora4: for repo in `echo $repos_to_update|tr ' ' '\n'|sort|uniq`; do \
2023-08-29 14:07:41.034395 +0000 build-fedora4: .[ -z "$repo" ] && continue; \
2023-08-29 14:07:41.034402 +0000 build-fedora4: .[ -x "$repo/../update_repo-current.sh" ] || continue; \
2023-08-29 14:07:41.034409 +0000 build-fedora4: .(cd $repo/.. && ./update_repo-current.sh r4.1 $pkgset_dist); \
2023-08-29 14:07:41.034415 +0000 build-fedora4: done
2023-08-29 14:07:41.036887 +0000 build-fedora4: ~/builder-r4.1-dom0/qubes-src/linux-yum ~/builder-r4.1-dom0/qubes-src/linux-yum
2023-08-29 14:07:41.051178 +0000 build-fedora4: --> Processing repo: r4.1/current/dom0/fc32...
2023-08-29 14:07:41.111386 +0000 build-fedora4: warning: Found bdb_ro Packages database while attempting sqlite backend: using bdb_ro backend.
2023-08-29 14:10:29.883763 +0000 build-fedora4: Done.
2023-08-29 14:10:29.901033 +0000 build-fedora4: ~/builder-r4.1-dom0/qubes-src/linux-yum ~/builder-r4.1-dom0/qubes-src/linux-yum
2023-08-29 14:10:29.902623 +0000 build-fedora4: Syncing r4.1...
2023-08-29 14:10:30.916429 +0000 build-fedora4: sending incremental file list
2023-08-29 14:10:31.082915 +0000 build-fedora4: .d..t...... fc32/
2023-08-29 14:10:31.082965 +0000 build-fedora4: <f..t...... fc32/repodata/repomd.xml.asc
2023-08-29 14:10:31.083167 +0000 build-fedora4: .            833 100%    0.00kB/s    0:00:00  .            833 100%    0.00kB/s    0:00:00 (xfr#1, to-chk=3055/3070)
2023-08-29 14:10:31.666111 +0000 build-fedora4: Makefile:819: update target 'update-repo-current' due to: internal-update-repo-current.dom0.fc32.core-agent-linux post-update-repo-current
2023-08-29 14:10:31.666152 +0000 build-fedora4: true
2023-08-29 14:10:31.669105 +0000 build-fedora4: > done
2023-08-29 14:10:31.669148 +0000 > closing log
