2020-12-15 13:53:17.755803 +0000 > starting log
2020-12-15 13:53:17.756341 +0000 build-fedora4: > starting build with log
2020-12-15 13:53:17.756363 +0000 build-fedora4: >> make args: update-repo-current
2020-12-15 13:53:17.756375 +0000 build-fedora4: >> MAKEFLAGS=
2020-12-15 13:53:17.756386 +0000 build-fedora4: >> COMPONENTS=libdnf
2020-12-15 13:53:17.756396 +0000 build-fedora4: >> DISTS_VM=
2020-12-15 13:53:17.756405 +0000 build-fedora4: >> DIST_DOM0=
2020-12-15 13:53:17.756418 +0000 build-fedora4: >> qubes-builder 707dc398103f6863d22049ceb4e99a7d9457495b
2020-12-15 13:53:17.847148 +0000 build-fedora4: >> qubes-builder/qubes-src/libdnf fb3cfbe258b31c67bb15eff91248272083952e83
2020-12-15 13:53:17.877717 +0000 build-fedora4: !! libdnf-0.48.0.tar.gz
2020-12-15 13:53:17.877774 +0000 build-fedora4: !! libdnf-0.55.0.tar.gz
2020-12-15 13:53:17.899717 +0000 build-fedora4: fc1ce2612fb93fd6cfb134dc1348501c6f91b257d5c708c2aa84715c486af12cdd65eb150dec7346ba402c7c5da518f725353d4f9b4b42627abf97ffca2bf40b  libdnf-0.48.0.tar.gz
2020-12-15 13:53:17.909674 +0000 build-fedora4: 79508f0f223140e73cd908af0f410c8a0da1e46433a2da1e6c5e1df574090fae62f40513bbcf11442a37ab747b98a4c1e0bc56dad992a1c412acdfc3eb9e822d  libdnf-0.55.0.tar.gz
2020-12-15 13:53:18.087535 +0000 build-fedora4: ================================================================================
2020-12-15 13:53:18.089005 +0000 build-fedora4:                            B U I L D   I N F O                                  
2020-12-15 13:53:18.089063 +0000 build-fedora4: Items in red indicate it was automatically generated by configuration file(s)
2020-12-15 13:53:18.089082 +0000 build-fedora4: Items in white indicate it was automatically removed by configuration file(s)
2020-12-15 13:53:18.089097 +0000 build-fedora4: ================================================================================
2020-12-15 13:53:18.089107 +0000 build-fedora4: DISTS_VM:
2020-12-15 13:53:18.102632 +0000 build-fedora4:     
2020-12-15 13:53:18.103874 +0000 build-fedora4: DISTS_ALL:
2020-12-15 13:53:18.109238 +0000 build-fedora4:      dom0-fc25,
2020-12-15 13:53:18.110544 +0000 build-fedora4: DIST_DOM0:
2020-12-15 13:53:18.118269 +0000 build-fedora4:      fc25,
2020-12-15 13:53:18.118349 +0000 build-fedora4: BUILDER_PLUGINS:
2020-12-15 13:53:18.124741 +0000 build-fedora4:      builder-rpm, builder-debian, mgmt-salt, linux-yum, release-configs, builder-github,
2020-12-15 13:53:18.126075 +0000 build-fedora4: COMPONENTS:
2020-12-15 13:53:18.132632 +0000 build-fedora4:      libdnf,
2020-12-15 13:53:18.135503 +0000 build-fedora4: GIT_REPOS:
2020-12-15 13:53:18.142316 +0000 build-fedora4:      qubes-src/libdnf,
2020-12-15 13:53:18.144696 +0000 build-fedora4: TEMPLATE:
2020-12-15 13:53:18.155376 +0000 build-fedora4:     
2020-12-15 13:53:18.156305 +0000 build-fedora4: TEMPLATE_FLAVOR_DIR:
2020-12-15 13:53:18.163163 +0000 build-fedora4:     
2020-12-15 13:53:18.163222 +0000 build-fedora4: TEMPLATE_ALIAS:
2020-12-15 13:53:18.170886 +0000 build-fedora4:      stretch:stretch+standard, stretch+gnome:stretch+gnome+standard,
2020-12-15 13:53:18.170951 +0000 build-fedora4:      stretch+minimal:stretch+minimal+no-recommends, buster:buster+standard, buster+gnome:buster+gnome+standard,
2020-12-15 13:53:18.170971 +0000 build-fedora4:      buster+minimal:buster+minimal+no-recommends, bullseye:bullseye+standard,
2020-12-15 13:53:18.170988 +0000 build-fedora4:      bullseye+gnome:bullseye+gnome+standard, bullseye+minimal:bullseye+minimal+no-recommends,
2020-12-15 13:53:18.171003 +0000 build-fedora4:      whonix-gateway-14:stretch+whonix-gateway+minimal+no-recommends,
2020-12-15 13:53:18.171018 +0000 build-fedora4:      whonix-workstation-14:stretch+whonix-workstation+minimal+no-recommends,
2020-12-15 13:53:18.171031 +0000 build-fedora4:      whonix-gateway-15:buster+whonix-gateway+minimal+no-recommends,
2020-12-15 13:53:18.171045 +0000 build-fedora4:      whonix-workstation-15:buster+whonix-workstation+minimal+no-recommends,
2020-12-15 13:53:18.171058 +0000 build-fedora4:      whonix-gateway:jessie+whonix-gateway+minimal+no-recommends,
2020-12-15 13:53:18.171091 +0000 build-fedora4:      whonix-workstation:jessie+whonix-workstation+minimal+no-recommends,
2020-12-15 13:53:18.172266 +0000 build-fedora4: TEMPLATE_LABEL:
2020-12-15 13:53:18.176305 +0000 build-fedora4:      fc25:fedora-25 fc30:fedora-30 fc31:fedora-31 fc32:fedora-32 fc30+minimal:fedora-30-minimal
2020-12-15 13:53:18.176369 +0000 build-fedora4:      fc31+minimal:fedora-31-minimal fc32+minimal:fedora-32-minimal fc30+xfce:fedora-30-xfce
2020-12-15 13:53:18.176391 +0000 build-fedora4:      fc31+xfce:fedora-31-xfce fc32+xfce:fedora-32-xfce stretch:debian-9 stretch+standard:debian-9
2020-12-15 13:53:18.176406 +0000 build-fedora4:      stretch+xfce:debian-9-xfce buster:debian-10 buster+standard:debian-10
2020-12-15 13:53:18.176422 +0000 build-fedora4:      buster+xfce:debian-10-xfce bullseye:debian-11 bullseye+standard:debian-11
2020-12-15 13:53:18.176437 +0000 build-fedora4:      bullseye+xfce:debian-11-xfce stretch+whonix-gateway+minimal+no-recommends:whonix-gw-14
2020-12-15 13:53:18.176455 +0000 build-fedora4:      stretch+whonix-workstation+minimal+no-recommends:whonix-ws-14
2020-12-15 13:53:18.176468 +0000 build-fedora4:      buster+whonix-gateway+minimal+no-recommends:whonix-gw-15
2020-12-15 13:53:18.176483 +0000 build-fedora4:      buster+whonix-workstation+minimal+no-recommends:whonix-ws-15 centos7:centos-7
2020-12-15 13:53:18.176498 +0000 build-fedora4:      centos7+minimal:centos-7-minimal centos7+xfce:centos-7-xfce centos8:centos-8
2020-12-15 13:53:18.176511 +0000 build-fedora4:      centos8+minimal:centos-8-minimal centos8+xfce:centos-8-xfce
2020-12-15 13:53:18.176524 +0000 build-fedora4:      jessie+whonix-gateway+minimal+no-recommends:whonix-gw
2020-12-15 13:53:18.176537 +0000 build-fedora4:      jessie+whonix-workstation+minimal+no-recommends:whonix-ws
2020-12-15 13:53:18.239093 +0000 build-fedora4: > running make
2020-12-15 13:53:18.284154 +0000 build-fedora4: Makefile:846: target 'internal-update-repo-current.dom0.fc25.libdnf' does not exist
2020-12-15 13:53:18.284216 +0000 build-fedora4: repo_base_var="LINUX_REPO_fc25_BASEDIR"; \
2020-12-15 13:53:18.284235 +0000 build-fedora4: if [ "libdnf" = linux-template-builder ]; then \
2020-12-15 13:53:18.284251 +0000 build-fedora4: .# templates belongs to dom0 repository, even though PACKAGE_SET=vm
2020-12-15 13:53:18.284263 +0000 build-fedora4: repo_base_var="LINUX_REPO_fc25_BASEDIR"; \
2020-12-15 13:53:18.284272 +0000 build-fedora4: fi; \
2020-12-15 13:53:18.284326 +0000 build-fedora4: if [ -n "${!repo_base_var}" ]; then \
2020-12-15 13:53:18.284337 +0000 build-fedora4: .repo_basedir="${!repo_base_var}"; \
2020-12-15 13:53:18.284346 +0000 build-fedora4: else \
2020-12-15 13:53:18.284357 +0000 build-fedora4: .repo_basedir="qubes-src/linux-yum/r4.0"; \
2020-12-15 13:53:18.284366 +0000 build-fedora4: fi; \
2020-12-15 13:53:18.284378 +0000 build-fedora4: if [ -r qubes-src/libdnf/Makefile.builder ]; then \
2020-12-15 13:53:18.284389 +0000 build-fedora4: .echo -n "Updating qubes-src/libdnf... "; \
2020-12-15 13:53:18.284399 +0000 build-fedora4: .if [ "0" -eq 1 ]; then \
2020-12-15 13:53:18.284413 +0000 build-fedora4: ..vtag=`git -C qubes-src/libdnf tag --points-at HEAD --list v*`; \
2020-12-15 13:53:18.284424 +0000 build-fedora4: ..if [ -z "$vtag" ]; then \
2020-12-15 13:53:18.284435 +0000 build-fedora4: ...echo "no version tag"; \
2020-12-15 13:53:18.284448 +0000 build-fedora4: ...exit 0; \
2020-12-15 13:53:18.284457 +0000 build-fedora4: ..fi; \
2020-12-15 13:53:18.284466 +0000 build-fedora4: .fi; \
2020-12-15 13:53:18.284478 +0000 build-fedora4: .if [ "libdnf" = linux-template-builder ]; then
2020-12-15 13:53:18.284494 +0000 build-fedora4: export TEMPLATE_NAME=$(MAKEFLAGS= make -s -C qubes-src/linux-template-builder DIST=fc25 template-name)
2020-12-15 13:53:18.284503 +0000 build-fedora4: fi
2020-12-15 13:53:18.284531 +0000 build-fedora4: component_packages=$(MAKEFLAGS= make -s -f Makefile.generic DIST=fc25 PACKAGE_SET=dom0 COMPONENT=`basename qubes-src/libdnf` UPDATE_REPO=/home/user/builder-r4.0-dom0/$repo_basedir/current/dom0/fc25 get-var GET_VAR=PACKAGE_LIST); \
2020-12-15 13:53:18.284564 +0000 build-fedora4: .if [ -z "$component_packages" ]; then \
2020-12-15 13:53:18.284576 +0000 build-fedora4: ..echo "no packages."; \
2020-12-15 13:53:18.284585 +0000 build-fedora4: ..exit 0; \
2020-12-15 13:53:18.284594 +0000 build-fedora4: .fi; \
2020-12-15 13:53:18.284607 +0000 build-fedora4: .make -s -f Makefile.generic DIST=fc25 PACKAGE_SET=dom0 \
2020-12-15 13:53:18.284618 +0000 build-fedora4: ..COMPONENT=`basename qubes-src/libdnf` \
2020-12-15 13:53:18.284629 +0000 build-fedora4: ..SNAPSHOT_REPO=current-testing \
2020-12-15 13:53:18.284639 +0000 build-fedora4: ..TARGET_REPO=current \
2020-12-15 13:53:18.284653 +0000 build-fedora4: ..UPDATE_REPO=/home/user/builder-r4.0-dom0/$repo_basedir/current/dom0/fc25 \
2020-12-15 13:53:18.284671 +0000 build-fedora4: ..SNAPSHOT_FILE=/home/user/builder-r4.0-dom0/repo-latest-snapshot/current-testing-dom0-fc25-`basename qubes-src/libdnf` \
2020-12-15 13:53:18.284681 +0000 build-fedora4: ..BUILD_LOG_URL= \
2020-12-15 13:53:18.284693 +0000 build-fedora4: ..update-repo-from-snapshot || exit 1; \
2020-12-15 13:53:18.284707 +0000 build-fedora4: elif make -C qubes-src/libdnf -n update-repo-current >/dev/null 2>/dev/null; then \
2020-12-15 13:53:18.284719 +0000 build-fedora4: .echo "Updating qubes-src/libdnf... "; \
2020-12-15 13:53:18.284733 +0000 build-fedora4: .DIST=fc25 UPDATE_REPO=/home/user/builder-r4.0-dom0/$repo_basedir/current/dom0/fc25 \
2020-12-15 13:53:18.284747 +0000 build-fedora4: .make -s -C qubes-src/libdnf update-repo-current || exit 1; \
2020-12-15 13:53:18.284755 +0000 build-fedora4: else \
2020-12-15 13:53:18.284767 +0000 build-fedora4: .echo -n "Updating qubes-src/libdnf... skipping."; \
2020-12-15 13:53:18.284775 +0000 build-fedora4: fi; \
2020-12-15 13:53:18.284784 +0000 build-fedora4: echo
2020-12-15 13:53:18.339893 +0000 build-fedora4: Updating qubes-src/libdnf... no packages.
2020-12-15 13:53:18.339956 +0000 build-fedora4: Makefile:928: target 'post-update-repo-current' does not exist
2020-12-15 13:53:18.339970 +0000 build-fedora4: true
2020-12-15 13:53:18.343776 +0000 build-fedora4: Makefile:802: update target 'update-repo-current' due to: internal-update-repo-current.dom0.fc25.libdnf post-update-repo-current
2020-12-15 13:53:18.343830 +0000 build-fedora4: true
2020-12-15 13:53:18.349331 +0000 build-fedora4: > done
2020-12-15 13:53:18.349395 +0000 > closing log
