2021-01-18 11:46:26.121838 +0000 > starting log
2021-01-18 11:46:26.122301 +0000 build-fedora4: > starting build with log
2021-01-18 11:46:26.122316 +0000 build-fedora4: >> make args: update-repo-current
2021-01-18 11:46:26.122325 +0000 build-fedora4: >> MAKEFLAGS=
2021-01-18 11:46:26.122333 +0000 build-fedora4: >> COMPONENTS=core-agent-linux
2021-01-18 11:46:26.122340 +0000 build-fedora4: >> DISTS_VM=
2021-01-18 11:46:26.122346 +0000 build-fedora4: >> DIST_DOM0=
2021-01-18 11:46:26.122355 +0000 build-fedora4: >> qubes-builder bedbf0c294adf081fc575c4901d9f713f5c79abd
2021-01-18 11:46:26.122365 +0000 build-fedora4: >> qubes-builder/qubes-src/core-agent-linux d427d21d84948a519c302728d4ab893bfa4c2ed0
2021-01-18 11:46:26.122376 +0000 build-fedora4: ================================================================================
2021-01-18 11:46:26.122386 +0000 build-fedora4:                            B U I L D   I N F O                                  
2021-01-18 11:46:26.122396 +0000 build-fedora4: Items in red indicate it was automatically generated by configuration file(s)
2021-01-18 11:46:26.122406 +0000 build-fedora4: Items in white indicate it was automatically removed by configuration file(s)
2021-01-18 11:46:26.122416 +0000 build-fedora4: ================================================================================
2021-01-18 11:46:26.122422 +0000 build-fedora4: DISTS_VM:
2021-01-18 11:46:26.122971 +0000 build-fedora4:     
2021-01-18 11:46:26.124275 +0000 build-fedora4: DISTS_ALL:
2021-01-18 11:46:26.124589 +0000 build-fedora4:      dom0-fc25,
2021-01-18 11:46:26.126554 +0000 build-fedora4: DIST_DOM0:
2021-01-18 11:46:26.128879 +0000 build-fedora4:      fc25,
2021-01-18 11:46:26.128916 +0000 build-fedora4: BUILDER_PLUGINS:
2021-01-18 11:46:26.129304 +0000 build-fedora4:      builder-rpm, builder-debian, mgmt-salt, linux-yum, release-configs, builder-github,
2021-01-18 11:46:26.130134 +0000 build-fedora4: COMPONENTS:
2021-01-18 11:46:26.130990 +0000 build-fedora4:      core-agent-linux,
2021-01-18 11:46:26.132338 +0000 build-fedora4: GIT_REPOS:
2021-01-18 11:46:26.132659 +0000 build-fedora4:      qubes-src/core-agent-linux,
2021-01-18 11:46:26.133140 +0000 build-fedora4: TEMPLATE:
2021-01-18 11:46:26.134375 +0000 build-fedora4:     
2021-01-18 11:46:26.135699 +0000 build-fedora4: TEMPLATE_FLAVOR_DIR:
2021-01-18 11:46:26.136146 +0000 build-fedora4:     
2021-01-18 11:46:26.137198 +0000 build-fedora4: TEMPLATE_ALIAS:
2021-01-18 11:46:26.137826 +0000 build-fedora4:      stretch:stretch+standard, stretch+gnome:stretch+gnome+standard,
2021-01-18 11:46:26.137857 +0000 build-fedora4:      stretch+minimal:stretch+minimal+no-recommends, buster:buster+standard, buster+gnome:buster+gnome+standard,
2021-01-18 11:46:26.137871 +0000 build-fedora4:      buster+minimal:buster+minimal+no-recommends, bullseye:bullseye+standard,
2021-01-18 11:46:26.137885 +0000 build-fedora4:      bullseye+gnome:bullseye+gnome+standard, bullseye+minimal:bullseye+minimal+no-recommends,
2021-01-18 11:46:26.137896 +0000 build-fedora4:      whonix-gateway-14:stretch+whonix-gateway+minimal+no-recommends,
2021-01-18 11:46:26.137906 +0000 build-fedora4:      whonix-workstation-14:stretch+whonix-workstation+minimal+no-recommends,
2021-01-18 11:46:26.137915 +0000 build-fedora4:      whonix-gateway-15:buster+whonix-gateway+minimal+no-recommends,
2021-01-18 11:46:26.137925 +0000 build-fedora4:      whonix-workstation-15:buster+whonix-workstation+minimal+no-recommends,
2021-01-18 11:46:26.137935 +0000 build-fedora4:      whonix-gateway:jessie+whonix-gateway+minimal+no-recommends,
2021-01-18 11:46:26.137944 +0000 build-fedora4:      whonix-workstation:jessie+whonix-workstation+minimal+no-recommends,
2021-01-18 11:46:26.139275 +0000 build-fedora4: TEMPLATE_LABEL:
2021-01-18 11:46:26.139661 +0000 build-fedora4:      fc25:fedora-25 fc30:fedora-30 fc31:fedora-31 fc32:fedora-32 fc30+minimal:fedora-30-minimal
2021-01-18 11:46:26.139688 +0000 build-fedora4:      fc31+minimal:fedora-31-minimal fc32+minimal:fedora-32-minimal fc30+xfce:fedora-30-xfce
2021-01-18 11:46:26.139702 +0000 build-fedora4:      fc31+xfce:fedora-31-xfce fc32+xfce:fedora-32-xfce stretch:debian-9 stretch+standard:debian-9
2021-01-18 11:46:26.139744 +0000 build-fedora4:      stretch+xfce:debian-9-xfce buster:debian-10 buster+standard:debian-10
2021-01-18 11:46:26.139757 +0000 build-fedora4:      buster+xfce:debian-10-xfce bullseye:debian-11 bullseye+standard:debian-11
2021-01-18 11:46:26.139768 +0000 build-fedora4:      bullseye+xfce:debian-11-xfce stretch+whonix-gateway+minimal+no-recommends:whonix-gw-14
2021-01-18 11:46:26.139777 +0000 build-fedora4:      stretch+whonix-workstation+minimal+no-recommends:whonix-ws-14
2021-01-18 11:46:26.139786 +0000 build-fedora4:      buster+whonix-gateway+minimal+no-recommends:whonix-gw-15
2021-01-18 11:46:26.139796 +0000 build-fedora4:      buster+whonix-workstation+minimal+no-recommends:whonix-ws-15 centos7:centos-7
2021-01-18 11:46:26.139806 +0000 build-fedora4:      centos7+minimal:centos-7-minimal centos7+xfce:centos-7-xfce centos8:centos-8
2021-01-18 11:46:26.139815 +0000 build-fedora4:      centos8+minimal:centos-8-minimal centos8+xfce:centos-8-xfce
2021-01-18 11:46:26.139827 +0000 build-fedora4:      jessie+whonix-gateway+minimal+no-recommends:whonix-gw
2021-01-18 11:46:26.139837 +0000 build-fedora4:      jessie+whonix-workstation+minimal+no-recommends:whonix-ws
2021-01-18 11:46:26.154894 +0000 build-fedora4: > running make
2021-01-18 11:46:26.167470 +0000 build-fedora4: Makefile:847: target 'internal-update-repo-current.dom0.fc25.core-agent-linux' does not exist
2021-01-18 11:46:26.167520 +0000 build-fedora4: repo_base_var="LINUX_REPO_fc25_BASEDIR"; \
2021-01-18 11:46:26.167533 +0000 build-fedora4: if [ "core-agent-linux" = linux-template-builder ]; then \
2021-01-18 11:46:26.167545 +0000 build-fedora4: .# templates belongs to dom0 repository, even though PACKAGE_SET=vm
2021-01-18 11:46:26.167554 +0000 build-fedora4: repo_base_var="LINUX_REPO_fc25_BASEDIR"; \
2021-01-18 11:46:26.167561 +0000 build-fedora4: fi; \
2021-01-18 11:46:26.167570 +0000 build-fedora4: if [ -n "${!repo_base_var}" ]; then \
2021-01-18 11:46:26.167578 +0000 build-fedora4: .repo_basedir="${!repo_base_var}"; \
2021-01-18 11:46:26.167585 +0000 build-fedora4: else \
2021-01-18 11:46:26.167594 +0000 build-fedora4: .repo_basedir="qubes-src/linux-yum/r4.0"; \
2021-01-18 11:46:26.167600 +0000 build-fedora4: fi; \
2021-01-18 11:46:26.167610 +0000 build-fedora4: if [ -r qubes-src/core-agent-linux/Makefile.builder ]; then \
2021-01-18 11:46:26.167619 +0000 build-fedora4: .echo -n "Updating qubes-src/core-agent-linux... "; \
2021-01-18 11:46:26.167627 +0000 build-fedora4: .if [ "0" -eq 1 ]; then \
2021-01-18 11:46:26.167638 +0000 build-fedora4: ..vtag=`git -C qubes-src/core-agent-linux tag --points-at HEAD --list v*`; \
2021-01-18 11:46:26.167646 +0000 build-fedora4: ..if [ -z "$vtag" ]; then \
2021-01-18 11:46:26.167678 +0000 build-fedora4: ...echo "no version tag"; \
2021-01-18 11:46:26.167687 +0000 build-fedora4: ...exit 0; \
2021-01-18 11:46:26.167693 +0000 build-fedora4: ..fi; \
2021-01-18 11:46:26.167700 +0000 build-fedora4: .fi; \
2021-01-18 11:46:26.167709 +0000 build-fedora4: .if [ "core-agent-linux" = linux-template-builder ]; then
2021-01-18 11:46:26.167722 +0000 build-fedora4: export TEMPLATE_NAME=$(MAKEFLAGS= make -s -C qubes-src/linux-template-builder DIST=fc25 template-name)
2021-01-18 11:46:26.167728 +0000 build-fedora4: fi
2021-01-18 11:46:26.167750 +0000 build-fedora4: component_packages=$(MAKEFLAGS= make -s -f Makefile.generic DIST=fc25 PACKAGE_SET=dom0 COMPONENT=`basename qubes-src/core-agent-linux` UPDATE_REPO=/home/user/builder-r4.0-dom0/$repo_basedir/current/dom0/fc25 get-var GET_VAR=PACKAGE_LIST); \
2021-01-18 11:46:26.167759 +0000 build-fedora4: .if [ -z "$component_packages" ]; then \
2021-01-18 11:46:26.167767 +0000 build-fedora4: ..echo "no packages."; \
2021-01-18 11:46:26.167774 +0000 build-fedora4: ..exit 0; \
2021-01-18 11:46:26.167781 +0000 build-fedora4: .fi; \
2021-01-18 11:46:26.167790 +0000 build-fedora4: .make -s -f Makefile.generic DIST=fc25 PACKAGE_SET=dom0 \
2021-01-18 11:46:26.167814 +0000 build-fedora4: ..COMPONENT=`basename qubes-src/core-agent-linux` \
2021-01-18 11:46:26.167826 +0000 build-fedora4: ..SNAPSHOT_REPO=current-testing \
2021-01-18 11:46:26.167835 +0000 build-fedora4: ..TARGET_REPO=current \
2021-01-18 11:46:26.167846 +0000 build-fedora4: ..UPDATE_REPO=/home/user/builder-r4.0-dom0/$repo_basedir/current/dom0/fc25 \
2021-01-18 11:46:26.167860 +0000 build-fedora4: ..SNAPSHOT_FILE=/home/user/builder-r4.0-dom0/repo-latest-snapshot/current-testing-dom0-fc25-`basename qubes-src/core-agent-linux` \
2021-01-18 11:46:26.167867 +0000 build-fedora4: ..BUILD_LOG_URL= \
2021-01-18 11:46:26.167876 +0000 build-fedora4: ..update-repo-from-snapshot || exit 1; \
2021-01-18 11:46:26.167888 +0000 build-fedora4: elif make -C qubes-src/core-agent-linux -n update-repo-current >/dev/null 2>/dev/null; then \
2021-01-18 11:46:26.167897 +0000 build-fedora4: .echo "Updating qubes-src/core-agent-linux... "; \
2021-01-18 11:46:26.167908 +0000 build-fedora4: .DIST=fc25 UPDATE_REPO=/home/user/builder-r4.0-dom0/$repo_basedir/current/dom0/fc25 \
2021-01-18 11:46:26.167919 +0000 build-fedora4: .make -s -C qubes-src/core-agent-linux update-repo-current || exit 1; \
2021-01-18 11:46:26.167925 +0000 build-fedora4: else \
2021-01-18 11:46:26.167935 +0000 build-fedora4: .echo -n "Updating qubes-src/core-agent-linux... skipping."; \
2021-01-18 11:46:26.167941 +0000 build-fedora4: fi; \
2021-01-18 11:46:26.167948 +0000 build-fedora4: echo
2021-01-18 11:46:26.183854 +0000 build-fedora4: Updating qubes-src/core-agent-linux... no packages.
2021-01-18 11:46:26.184020 +0000 build-fedora4: Makefile:929: target 'post-update-repo-current' does not exist
2021-01-18 11:46:26.184039 +0000 build-fedora4: true
2021-01-18 11:46:26.185326 +0000 build-fedora4: Makefile:803: update target 'update-repo-current' due to: internal-update-repo-current.dom0.fc25.core-agent-linux post-update-repo-current
2021-01-18 11:46:26.185355 +0000 build-fedora4: true
2021-01-18 11:46:26.186818 +0000 build-fedora4: > done
2021-01-18 11:46:26.186859 +0000 > closing log
