2023-08-08 02:22:59.239526 +0000 > starting log
2023-08-08 02:22:59.239814 +0000 build-fedora4: > starting build with log
2023-08-08 02:22:59.239828 +0000 build-fedora4: >> make args: update-repo-current
2023-08-08 02:22:59.239836 +0000 build-fedora4: >> MAKEFLAGS=
2023-08-08 02:22:59.239843 +0000 build-fedora4: >> COMPONENTS=core-agent-linux
2023-08-08 02:22:59.239849 +0000 build-fedora4: >> DISTS_VM=
2023-08-08 02:22:59.239855 +0000 build-fedora4: >> DIST_DOM0=
2023-08-08 02:22:59.239863 +0000 build-fedora4: >> qubes-builder 19e2b0ab5e44b2383f9f76446c14f6f52d52a76b
2023-08-08 02:22:59.239877 +0000 build-fedora4: >> qubes-builder/qubes-src/core-agent-linux 7e5bf1a92f49f78d73298860fcc34ce39cbc9f4a
2023-08-08 02:22:59.239887 +0000 build-fedora4: ================================================================================
2023-08-08 02:22:59.239895 +0000 build-fedora4:                            B U I L D   I N F O                                  
2023-08-08 02:22:59.239903 +0000 build-fedora4: Items in red indicate it was automatically generated by configuration file(s)
2023-08-08 02:22:59.239912 +0000 build-fedora4: Items in white indicate it was automatically removed by configuration file(s)
2023-08-08 02:22:59.239920 +0000 build-fedora4: ================================================================================
2023-08-08 02:22:59.239926 +0000 build-fedora4: DISTS_VM:
2023-08-08 02:22:59.239931 +0000 build-fedora4:     
2023-08-08 02:22:59.239937 +0000 build-fedora4: DISTS_ALL:
2023-08-08 02:22:59.239943 +0000 build-fedora4:      dom0-fc32,
2023-08-08 02:22:59.239948 +0000 build-fedora4: DIST_DOM0:
2023-08-08 02:22:59.239954 +0000 build-fedora4:      fc32,
2023-08-08 02:22:59.239960 +0000 build-fedora4: BUILDER_PLUGINS:
2023-08-08 02:22:59.239968 +0000 build-fedora4:      builder-rpm, builder-debian, mgmt-salt, linux-yum, release-configs, builder-github,
2023-08-08 02:22:59.239974 +0000 build-fedora4: COMPONENTS:
2023-08-08 02:22:59.239980 +0000 build-fedora4:      core-agent-linux,
2023-08-08 02:22:59.239986 +0000 build-fedora4: GIT_REPOS:
2023-08-08 02:22:59.239992 +0000 build-fedora4:      qubes-src/core-agent-linux,
2023-08-08 02:22:59.239997 +0000 build-fedora4: TEMPLATE:
2023-08-08 02:22:59.240003 +0000 build-fedora4:     
2023-08-08 02:22:59.240009 +0000 build-fedora4: TEMPLATE_FLAVOR_DIR:
2023-08-08 02:22:59.240014 +0000 build-fedora4:     
2023-08-08 02:22:59.240020 +0000 build-fedora4: TEMPLATE_ALIAS:
2023-08-08 02:22:59.240691 +0000 build-fedora4:      stretch:stretch+standard, stretch+gnome:stretch+gnome+standard,
2023-08-08 02:22:59.240715 +0000 build-fedora4:      stretch+minimal:stretch+minimal+no-recommends, buster:buster+gnome,
2023-08-08 02:22:59.240724 +0000 build-fedora4:      buster+minimal:buster+minimal+no-recommends, bullseye:bullseye+gnome+firmware,
2023-08-08 02:22:59.240734 +0000 build-fedora4:      bullseye+minimal:bullseye+minimal+no-recommends, bookworm:bookworm+gnome+firmware,
2023-08-08 02:22:59.240742 +0000 build-fedora4:      bookworm+minimal:bookworm+minimal+no-recommends, bionic:bionic+standard,
2023-08-08 02:22:59.240751 +0000 build-fedora4:      focal:focal+standard, whonix-gateway-15:buster+whonix-gateway+minimal+no-recommends,
2023-08-08 02:22:59.240759 +0000 build-fedora4:      whonix-workstation-15:buster+whonix-workstation+minimal+no-recommends,
2023-08-08 02:22:59.240767 +0000 build-fedora4:      whonix-gateway-16:bullseye+whonix-gateway+minimal+no-recommends,
2023-08-08 02:22:59.240775 +0000 build-fedora4:      whonix-workstation-16:bullseye+whonix-workstation+minimal+no-recommends,
2023-08-08 02:22:59.242613 +0000 build-fedora4: TEMPLATE_LABEL:
2023-08-08 02:22:59.242891 +0000 build-fedora4:      fc34:fedora-34 fc35:fedora-35 fc36:fedora-36 fc37:fedora-37 fc38:fedora-38 fc34+minimal:fedora-34-minimal
2023-08-08 02:22:59.242917 +0000 build-fedora4:      fc35+minimal:fedora-35-minimal fc36+minimal:fedora-36-minimal fc37+minimal:fedora-37-minimal
2023-08-08 02:22:59.242928 +0000 build-fedora4:      fc38+minimal:fedora-38-minimal fc34+xfce:fedora-34-xfce fc35+xfce:fedora-35-xfce fc36+xfce:fedora-36-xfce
2023-08-08 02:22:59.242953 +0000 build-fedora4:      fc37+xfce:fedora-37-xfce fc38+xfce:fedora-38-xfce stretch:debian-9 stretch+standard:debian-9
2023-08-08 02:22:59.242963 +0000 build-fedora4:      stretch+xfce:debian-9-xfce buster+gnome:debian-10 buster+xfce:debian-10-xfce bullseye:debian-11
2023-08-08 02:22:59.242972 +0000 build-fedora4:      bullseye+standard+firmware:debian-11 bullseye+xfce:debian-11-xfce bookworm:debian-12
2023-08-08 02:22:59.242981 +0000 build-fedora4:      bookworm+standard:debian-12 bookworm+xfce:debian-12-xfce bionic+standard:bionic
2023-08-08 02:22:59.242990 +0000 build-fedora4:      focal+standard:focal buster+whonix-gateway+minimal+no-recommends:whonix-gw-15
2023-08-08 02:22:59.242997 +0000 build-fedora4:      buster+whonix-workstation+minimal+no-recommends:whonix-ws-15
2023-08-08 02:22:59.243005 +0000 build-fedora4:      bullseye+whonix-gateway+minimal+no-recommends:whonix-gw-16
2023-08-08 02:22:59.243013 +0000 build-fedora4:      bullseye+whonix-workstation+minimal+no-recommends:whonix-ws-16 centos7:centos-7
2023-08-08 02:22:59.243022 +0000 build-fedora4:      centos7+minimal:centos-7-minimal centos7+xfce:centos-7-xfce centos-stream8:centos-stream-8
2023-08-08 02:22:59.243031 +0000 build-fedora4:      centos-stream8+minimal:centos-stream-8-minimal centos-stream8+xfce:centos-stream-8-xfce
2023-08-08 02:22:59.260609 +0000 build-fedora4: > running make
2023-08-08 02:22:59.273117 +0000 build-fedora4: Makefile:863: update target 'internal-update-repo-current.dom0.fc32.core-agent-linux' due to: target does not exist
2023-08-08 02:22:59.273163 +0000 build-fedora4: repo_base_var="LINUX_REPO_${DIST//-/_}_BASEDIR"; \
2023-08-08 02:22:59.273173 +0000 build-fedora4: if [ "core-agent-linux" = linux-template-builder ]; then \
2023-08-08 02:22:59.273183 +0000 build-fedora4: .# templates belongs to dom0 repository, even though PACKAGE_SET=vm
2023-08-08 02:22:59.273190 +0000 build-fedora4: repo_base_var="LINUX_REPO_fc32_BASEDIR"; \
2023-08-08 02:22:59.273196 +0000 build-fedora4: fi; \
2023-08-08 02:22:59.273204 +0000 build-fedora4: if [ -n "${!repo_base_var}" ]; then \
2023-08-08 02:22:59.273210 +0000 build-fedora4: .repo_basedir="${!repo_base_var}"; \
2023-08-08 02:22:59.273216 +0000 build-fedora4: else \
2023-08-08 02:22:59.273223 +0000 build-fedora4: .repo_basedir="qubes-src/linux-yum/r4.1"; \
2023-08-08 02:22:59.273229 +0000 build-fedora4: fi; \
2023-08-08 02:22:59.273237 +0000 build-fedora4: if [ -r qubes-src/core-agent-linux/Makefile.builder ]; then \
2023-08-08 02:22:59.273244 +0000 build-fedora4: .echo -n "Updating qubes-src/core-agent-linux... "; \
2023-08-08 02:22:59.273251 +0000 build-fedora4: .if [ "0" -eq 1 ]; then \
2023-08-08 02:22:59.273259 +0000 build-fedora4: ..vtag=`git -C qubes-src/core-agent-linux tag --points-at HEAD --list v*`; \
2023-08-08 02:22:59.273266 +0000 build-fedora4: ..if [ -z "$vtag" ]; then \
2023-08-08 02:22:59.273272 +0000 build-fedora4: ...echo "no version tag"; \
2023-08-08 02:22:59.273278 +0000 build-fedora4: ...exit 0; \
2023-08-08 02:22:59.273284 +0000 build-fedora4: ..fi; \
2023-08-08 02:22:59.273289 +0000 build-fedora4: .fi; \
2023-08-08 02:22:59.273297 +0000 build-fedora4: .if [ "core-agent-linux" = linux-template-builder ]; then
2023-08-08 02:22:59.273306 +0000 build-fedora4: export TEMPLATE_NAME=$(MAKEFLAGS= make -s -C qubes-src/linux-template-builder DIST=fc32 template-name)
2023-08-08 02:22:59.273312 +0000 build-fedora4: fi
2023-08-08 02:22:59.273326 +0000 build-fedora4: component_packages=$(MAKEFLAGS= make -s -f Makefile.generic DIST=fc32 PACKAGE_SET=dom0 COMPONENT=`basename qubes-src/core-agent-linux` UPDATE_REPO=/home/user/builder-r4.1-dom0/$repo_basedir/current/dom0/fc32 get-var GET_VAR=PACKAGE_LIST); \
2023-08-08 02:22:59.273334 +0000 build-fedora4: .if [ -z "$component_packages" ]; then \
2023-08-08 02:22:59.273341 +0000 build-fedora4: ..echo "no packages."; \
2023-08-08 02:22:59.273346 +0000 build-fedora4: ..exit 0; \
2023-08-08 02:22:59.273369 +0000 build-fedora4: .fi; \
2023-08-08 02:22:59.273378 +0000 build-fedora4: .make -s -f Makefile.generic DIST=fc32 PACKAGE_SET=dom0 \
2023-08-08 02:22:59.273385 +0000 build-fedora4: ..COMPONENT=`basename qubes-src/core-agent-linux` \
2023-08-08 02:22:59.273392 +0000 build-fedora4: ..SNAPSHOT_REPO=current-testing \
2023-08-08 02:22:59.273398 +0000 build-fedora4: ..TARGET_REPO=current \
2023-08-08 02:22:59.273406 +0000 build-fedora4: ..UPDATE_REPO=/home/user/builder-r4.1-dom0/$repo_basedir/current/dom0/fc32 \
2023-08-08 02:22:59.273416 +0000 build-fedora4: ..SNAPSHOT_FILE=/home/user/builder-r4.1-dom0/repo-latest-snapshot/current-testing-dom0-fc32-`basename qubes-src/core-agent-linux` \
2023-08-08 02:22:59.273423 +0000 build-fedora4: ..BUILD_LOG_URL= \
2023-08-08 02:22:59.273429 +0000 build-fedora4: ..update-repo-from-snapshot || exit 1; \
2023-08-08 02:22:59.273438 +0000 build-fedora4: elif make -C qubes-src/core-agent-linux -n update-repo-current >/dev/null 2>/dev/null; then \
2023-08-08 02:22:59.273445 +0000 build-fedora4: .echo "Updating qubes-src/core-agent-linux... "; \
2023-08-08 02:22:59.273453 +0000 build-fedora4: .DIST=fc32 UPDATE_REPO=/home/user/builder-r4.1-dom0/$repo_basedir/current/dom0/fc32 \
2023-08-08 02:22:59.273461 +0000 build-fedora4: .make -s -C qubes-src/core-agent-linux update-repo-current || exit 1; \
2023-08-08 02:22:59.273467 +0000 build-fedora4: else \
2023-08-08 02:22:59.273474 +0000 build-fedora4: .echo -n "Updating qubes-src/core-agent-linux... skipping."; \
2023-08-08 02:22:59.273480 +0000 build-fedora4: fi; \
2023-08-08 02:22:59.273485 +0000 build-fedora4: echo
2023-08-08 02:22:59.323876 +0000 build-fedora4: Updating qubes-src/core-agent-linux... no packages.
2023-08-08 02:22:59.324147 +0000 build-fedora4: Makefile:945: update target 'post-update-repo-current' due to: target does not exist
2023-08-08 02:22:59.324166 +0000 build-fedora4: true
2023-08-08 02:22:59.325696 +0000 build-fedora4: Makefile:819: update target 'update-repo-current' due to: internal-update-repo-current.dom0.fc32.core-agent-linux post-update-repo-current
2023-08-08 02:22:59.325724 +0000 build-fedora4: true
2023-08-08 02:22:59.327899 +0000 build-fedora4: > done
2023-08-08 02:22:59.328245 +0000 > closing log
