2023-07-10 02:55:31.536582 +0000 > starting log
2023-07-10 02:55:31.538107 +0000 build-fedora4: > starting build with log
2023-07-10 02:55:31.538123 +0000 build-fedora4: >> make args: update-repo-current
2023-07-10 02:55:31.538131 +0000 build-fedora4: >> MAKEFLAGS=
2023-07-10 02:55:31.538138 +0000 build-fedora4: >> COMPONENTS=python-looseversion
2023-07-10 02:55:31.538144 +0000 build-fedora4: >> DISTS_VM=
2023-07-10 02:55:31.538150 +0000 build-fedora4: >> DIST_DOM0=
2023-07-10 02:55:31.538158 +0000 build-fedora4: >> qubes-builder 19e2b0ab5e44b2383f9f76446c14f6f52d52a76b
2023-07-10 02:55:31.538168 +0000 build-fedora4: >> qubes-builder/qubes-src/python-looseversion 411986173df3e6dd0cc42a562274b8784a98330d
2023-07-10 02:55:31.538175 +0000 build-fedora4: !! looseversion-1.2.0.tar.gz
2023-07-10 02:55:31.538189 +0000 build-fedora4: f0c991af7f972d9b50fabceceba47477d2b4eec937267c0100e73d55559a3d8d304fd873f1e7050dfdba2dd8c0c92db83d3ef440cf7842cda902dd87bc6a5adb  looseversion-1.2.0.tar.gz
2023-07-10 02:55:31.538199 +0000 build-fedora4: ================================================================================
2023-07-10 02:55:31.538208 +0000 build-fedora4:                            B U I L D   I N F O                                  
2023-07-10 02:55:31.538217 +0000 build-fedora4: Items in red indicate it was automatically generated by configuration file(s)
2023-07-10 02:55:31.538226 +0000 build-fedora4: Items in white indicate it was automatically removed by configuration file(s)
2023-07-10 02:55:31.538235 +0000 build-fedora4: ================================================================================
2023-07-10 02:55:31.538241 +0000 build-fedora4: DISTS_VM:
2023-07-10 02:55:31.538246 +0000 build-fedora4:     
2023-07-10 02:55:31.538252 +0000 build-fedora4: DISTS_ALL:
2023-07-10 02:55:31.538258 +0000 build-fedora4:      dom0-fc32,
2023-07-10 02:55:31.538263 +0000 build-fedora4: DIST_DOM0:
2023-07-10 02:55:31.538268 +0000 build-fedora4:      fc32,
2023-07-10 02:55:31.538274 +0000 build-fedora4: BUILDER_PLUGINS:
2023-07-10 02:55:31.538284 +0000 build-fedora4:      builder-rpm, builder-debian, mgmt-salt, linux-yum, release-configs, builder-github,
2023-07-10 02:55:31.538289 +0000 build-fedora4: COMPONENTS:
2023-07-10 02:55:31.538296 +0000 build-fedora4:      python-looseversion,
2023-07-10 02:55:31.538301 +0000 build-fedora4: GIT_REPOS:
2023-07-10 02:55:31.538308 +0000 build-fedora4:      qubes-src/python-looseversion,
2023-07-10 02:55:31.538314 +0000 build-fedora4: TEMPLATE:
2023-07-10 02:55:31.538319 +0000 build-fedora4:     
2023-07-10 02:55:31.538325 +0000 build-fedora4: TEMPLATE_FLAVOR_DIR:
2023-07-10 02:55:31.538330 +0000 build-fedora4:     
2023-07-10 02:55:31.538336 +0000 build-fedora4: TEMPLATE_ALIAS:
2023-07-10 02:55:31.538344 +0000 build-fedora4:      stretch:stretch+standard, stretch+gnome:stretch+gnome+standard,
2023-07-10 02:55:31.538353 +0000 build-fedora4:      stretch+minimal:stretch+minimal+no-recommends, buster:buster+gnome,
2023-07-10 02:55:31.538362 +0000 build-fedora4:      buster+minimal:buster+minimal+no-recommends, bullseye:bullseye+gnome+firmware,
2023-07-10 02:55:31.538372 +0000 build-fedora4:      bullseye+minimal:bullseye+minimal+no-recommends, bookworm:bookworm+gnome+firmware,
2023-07-10 02:55:31.538381 +0000 build-fedora4:      bookworm+minimal:bookworm+minimal+no-recommends, bionic:bionic+standard,
2023-07-10 02:55:31.538391 +0000 build-fedora4:      focal:focal+standard, whonix-gateway-15:buster+whonix-gateway+minimal+no-recommends,
2023-07-10 02:55:31.538400 +0000 build-fedora4:      whonix-workstation-15:buster+whonix-workstation+minimal+no-recommends,
2023-07-10 02:55:31.538409 +0000 build-fedora4:      whonix-gateway-16:bullseye+whonix-gateway+minimal+no-recommends,
2023-07-10 02:55:31.538418 +0000 build-fedora4:      whonix-workstation-16:bullseye+whonix-workstation+minimal+no-recommends,
2023-07-10 02:55:31.538423 +0000 build-fedora4: TEMPLATE_LABEL:
2023-07-10 02:55:31.538434 +0000 build-fedora4:      fc34:fedora-34 fc35:fedora-35 fc36:fedora-36 fc37:fedora-37 fc38:fedora-38 fc34+minimal:fedora-34-minimal
2023-07-10 02:55:31.538451 +0000 build-fedora4:      fc35+minimal:fedora-35-minimal fc36+minimal:fedora-36-minimal fc37+minimal:fedora-37-minimal
2023-07-10 02:55:31.538466 +0000 build-fedora4:      fc38+minimal:fedora-38-minimal fc34+xfce:fedora-34-xfce fc35+xfce:fedora-35-xfce fc36+xfce:fedora-36-xfce
2023-07-10 02:55:31.538477 +0000 build-fedora4:      fc37+xfce:fedora-37-xfce fc38+xfce:fedora-38-xfce stretch:debian-9 stretch+standard:debian-9
2023-07-10 02:55:31.538487 +0000 build-fedora4:      stretch+xfce:debian-9-xfce buster+gnome:debian-10 buster+xfce:debian-10-xfce bullseye:debian-11
2023-07-10 02:55:31.538497 +0000 build-fedora4:      bullseye+standard+firmware:debian-11 bullseye+xfce:debian-11-xfce bookworm:debian-12
2023-07-10 02:55:31.538506 +0000 build-fedora4:      bookworm+standard:debian-12 bookworm+xfce:debian-12-xfce bionic+standard:bionic
2023-07-10 02:55:31.538516 +0000 build-fedora4:      focal+standard:focal buster+whonix-gateway+minimal+no-recommends:whonix-gw-15
2023-07-10 02:55:31.538524 +0000 build-fedora4:      buster+whonix-workstation+minimal+no-recommends:whonix-ws-15
2023-07-10 02:55:31.538532 +0000 build-fedora4:      bullseye+whonix-gateway+minimal+no-recommends:whonix-gw-16
2023-07-10 02:55:31.538542 +0000 build-fedora4:      bullseye+whonix-workstation+minimal+no-recommends:whonix-ws-16 centos7:centos-7
2023-07-10 02:55:31.538552 +0000 build-fedora4:      centos7+minimal:centos-7-minimal centos7+xfce:centos-7-xfce centos-stream8:centos-stream-8
2023-07-10 02:55:31.538562 +0000 build-fedora4:      centos-stream8+minimal:centos-stream-8-minimal centos-stream8+xfce:centos-stream-8-xfce
2023-07-10 02:55:31.538568 +0000 build-fedora4: > running make
2023-07-10 02:55:31.538578 +0000 build-fedora4: Makefile:915: target 'internal-update-repo-current.dom0.fc32.python-looseversion' does not exist
2023-07-10 02:55:31.538584 +0000 build-fedora4: true
2023-07-10 02:55:31.538592 +0000 build-fedora4: Makefile:923: target 'post-update-repo-current' does not exist
2023-07-10 02:55:31.538598 +0000 build-fedora4: for dist in fc32 ; do \
2023-07-10 02:55:31.538606 +0000 build-fedora4: .repo_base_var="LINUX_REPO_${dist//-/_}_BASEDIR"; \
2023-07-10 02:55:31.538614 +0000 build-fedora4: .if [ -n "${!repo_base_var}" ]; then \
2023-07-10 02:55:31.538621 +0000 build-fedora4: ..repo_basedir="${!repo_base_var}"; \
2023-07-10 02:55:31.538626 +0000 build-fedora4: .else \
2023-07-10 02:55:31.538633 +0000 build-fedora4: ..repo_basedir="qubes-src/linux-yum/r4.1"; \
2023-07-10 02:55:31.538639 +0000 build-fedora4: .fi; \
2023-07-10 02:55:31.538647 +0000 build-fedora4: .repos_to_update="$repos_to_update $repo_basedir"; \
2023-07-10 02:55:31.538652 +0000 build-fedora4: done; \
2023-07-10 02:55:31.538658 +0000 build-fedora4: pkgset_dist= ; \
2023-07-10 02:55:31.538664 +0000 build-fedora4: for dist in fc32; do \
2023-07-10 02:55:31.538671 +0000 build-fedora4: .pkgset_dist="$pkgset_dist dom0/$dist"; \
2023-07-10 02:55:31.538677 +0000 build-fedora4: done; \
2023-07-10 02:55:31.538683 +0000 build-fedora4: for dist in ; do \
2023-07-10 02:55:31.538690 +0000 build-fedora4: .pkgset_dist="$pkgset_dist vm/$dist"; \
2023-07-10 02:55:31.538695 +0000 build-fedora4: done; \
2023-07-10 02:55:31.538703 +0000 build-fedora4: for repo in `echo $repos_to_update|tr ' ' '\n'|sort|uniq`; do \
2023-07-10 02:55:31.538710 +0000 build-fedora4: .[ -z "$repo" ] && continue; \
2023-07-10 02:55:31.538718 +0000 build-fedora4: .[ -x "$repo/../update_repo-current.sh" ] || continue; \
2023-07-10 02:55:31.538727 +0000 build-fedora4: .(cd $repo/.. && ./update_repo-current.sh r4.1 $pkgset_dist); \
2023-07-10 02:55:31.538732 +0000 build-fedora4: done
2023-07-10 02:55:31.538741 +0000 build-fedora4: ~/builder-r4.1-dom0/qubes-src/linux-yum ~/builder-r4.1-dom0/qubes-src/linux-yum
2023-07-10 02:55:31.538749 +0000 build-fedora4: --> Processing repo: r4.1/current/dom0/fc32...
2023-07-10 02:55:31.620922 +0000 build-fedora4: warning: Found bdb_ro Packages database while attempting sqlite backend: using bdb_ro backend.
2023-07-10 03:03:30.215534 +0000 build-fedora4: Done.
2023-07-10 03:03:30.232162 +0000 build-fedora4: ~/builder-r4.1-dom0/qubes-src/linux-yum ~/builder-r4.1-dom0/qubes-src/linux-yum
2023-07-10 03:03:30.233525 +0000 build-fedora4: Syncing r4.1...
2023-07-10 03:03:30.455918 +0000 build-fedora4: sending incremental file list
2023-07-10 03:03:30.582811 +0000 build-fedora4: .d..t...... fc32/
2023-07-10 03:03:30.583149 +0000 build-fedora4: <f..t...... fc32/repodata/repomd.xml.asc
2023-07-10 03:03:30.583176 +0000 build-fedora4: .            833 100%    0.00kB/s    0:00:00  .            833 100%    0.00kB/s    0:00:00 (xfr#1, to-chk=2895/2910)
2023-07-10 03:03:31.373494 +0000 build-fedora4: Makefile:819: update target 'update-repo-current' due to: internal-update-repo-current.dom0.fc32.python-looseversion post-update-repo-current
2023-07-10 03:03:31.373538 +0000 build-fedora4: true
2023-07-10 03:03:31.375537 +0000 build-fedora4: > done
2023-07-10 03:03:31.375578 +0000 > closing log
