2023-03-20 15:36:27.606563 +0000 > starting log
2023-03-20 15:36:27.606851 +0000 build-fedora4: > starting build with log
2023-03-20 15:36:27.606865 +0000 build-fedora4: >> make args: update-repo-current
2023-03-20 15:36:27.606873 +0000 build-fedora4: >> MAKEFLAGS=
2023-03-20 15:36:27.606879 +0000 build-fedora4: >> COMPONENTS=salt
2023-03-20 15:36:27.606885 +0000 build-fedora4: >> DISTS_VM=
2023-03-20 15:36:27.606891 +0000 build-fedora4: >> DIST_DOM0=
2023-03-20 15:36:27.606900 +0000 build-fedora4: >> qubes-builder 82251c14d19d8585f1977b7c1fb190573af4be68
2023-03-20 15:36:27.606909 +0000 build-fedora4: >> qubes-builder/qubes-src/salt 04099e4e092162a74034b87f29dcb50396c0fc49
2023-03-20 15:36:27.606917 +0000 build-fedora4: !! pkgs/dom0-fc32/salt-3000.3-2.fc32.noarch.rpm
2023-03-20 15:36:27.606924 +0000 build-fedora4: !! pkgs/dom0-fc32/salt-3000.3-2.fc32.src.rpm
2023-03-20 15:36:27.606932 +0000 build-fedora4: !! pkgs/dom0-fc32/salt-3000.3-2.fc32.x86_64.buildinfo
2023-03-20 15:36:27.606940 +0000 build-fedora4: !! pkgs/dom0-fc32/salt-api-3000.3-2.fc32.noarch.rpm
2023-03-20 15:36:27.606948 +0000 build-fedora4: !! pkgs/dom0-fc32/salt-cloud-3000.3-2.fc32.noarch.rpm
2023-03-20 15:36:27.606956 +0000 build-fedora4: !! pkgs/dom0-fc32/salt-master-3000.3-2.fc32.noarch.rpm
2023-03-20 15:36:27.606964 +0000 build-fedora4: !! pkgs/dom0-fc32/salt-minion-3000.3-2.fc32.noarch.rpm
2023-03-20 15:36:27.606972 +0000 build-fedora4: !! pkgs/dom0-fc32/salt-ssh-3000.3-2.fc32.noarch.rpm
2023-03-20 15:36:27.606980 +0000 build-fedora4: !! pkgs/dom0-fc32/salt-syndic-3000.3-2.fc32.noarch.rpm
2023-03-20 15:36:27.606987 +0000 build-fedora4: !! pkgs/dom0-fc32/salt.spec.list
2023-03-20 15:36:27.606993 +0000 build-fedora4: !! salt-2019.2.2.tar.gz
2023-03-20 15:36:27.607000 +0000 build-fedora4: !! salt-3000.3.tar.gz
2023-03-20 15:36:27.607006 +0000 build-fedora4: !! salt-3005.1.tar.gz
2023-03-20 15:36:27.607021 +0000 build-fedora4: fa9c8c7af389f7707e59fbab8a90b4f28eaf4522ddb88ec05206651c844d3f4c3f0cbbc072f9fbf3531a7597d52cdc0163d4165534dc4772d623806e77b7654c  pkgs/dom0-fc32/salt-3000.3-2.fc32.noarch.rpm
2023-03-20 15:36:27.607036 +0000 build-fedora4: 34c49d4ad876fcaa3cfe6e0ef72869c85f4905caa1dad30a8ad58fb83b3669011913df7d0b8dce48cb7530f28e92f63b8a4d1e4aa3b3e9458e3aa0f96ce8672a  pkgs/dom0-fc32/salt-3000.3-2.fc32.src.rpm
2023-03-20 15:36:27.607051 +0000 build-fedora4: 83667de7fdd353dd6c539dd8f478abcf22ca2679a46d66df49e340a3327b8a894bc407df646457be58472cafe41125d522a2f35b986eb445f6f0a6d20cb28ba7  pkgs/dom0-fc32/salt-3000.3-2.fc32.x86_64.buildinfo
2023-03-20 15:36:27.607066 +0000 build-fedora4: 3579ea4d2a4f82d70496180e6cbad274fafa5abc3a1fb736716a83b7bf51be5663092747acdc0e631f8ced670e5f47e3a53a282d00eca3dd6db14928f4b8c704  pkgs/dom0-fc32/salt-api-3000.3-2.fc32.noarch.rpm
2023-03-20 15:36:27.607081 +0000 build-fedora4: 4f1824dd8df7b80df4466e48d93cff783cfaf293e7ac66b2f2eec210c40be5a961a7465ffe3168b2e0f7e9cc65be008caba3741b4375a7a138bbe69efadcabcf  pkgs/dom0-fc32/salt-cloud-3000.3-2.fc32.noarch.rpm
2023-03-20 15:36:27.607096 +0000 build-fedora4: d556e25da77889179b07f4417183b219b5d329cadbe46aa91e1ae203a03ea0e98e2f35ae6253347a076514921529fa018ec577ce2d5469538a5a0b045c5b1822  pkgs/dom0-fc32/salt-master-3000.3-2.fc32.noarch.rpm
2023-03-20 15:36:27.607111 +0000 build-fedora4: f82b63f95fbeeb65a68fb64d1df74b9f0ddefc52af993eb9609f595bd18b131d4e99f46d53698d6253993ee9d158e2a0f2387986e72fad75e23e5c1ca6beab4c  pkgs/dom0-fc32/salt-minion-3000.3-2.fc32.noarch.rpm
2023-03-20 15:36:27.607126 +0000 build-fedora4: b7f0c21814bf9006c1d4872cfa61a04b55074d7e4c98e499cf601acbfce31a9d94099640327fe47e0c9171383fa114d6545631b3237a1d165c68a4556d59a780  pkgs/dom0-fc32/salt-ssh-3000.3-2.fc32.noarch.rpm
2023-03-20 15:36:27.607141 +0000 build-fedora4: a78d3825a12baa40487d38e725224ba631880bdee4e18f0149e6f3d8c46ccfde3269dad1e6347565ec073afd73309a2d7599017d0305f70358b8adee08997c86  pkgs/dom0-fc32/salt-syndic-3000.3-2.fc32.noarch.rpm
2023-03-20 15:36:27.607154 +0000 build-fedora4: 868605740dd4bd10890483c20081abb8ae3fc9bf90fa61920a8e88c0d07ec7e12c13152bd5436571d691ca0b5d952b7e2a8351d4a28e48fc25da7e5979138c44  pkgs/dom0-fc32/salt.spec.list
2023-03-20 15:36:27.607173 +0000 build-fedora4: 2bbf9765384f1f6c2336a3f421298c8900cf459e6d1ebc7fb89284014ef8db9f5215a68de2bb06dfa3404983160a0c4c589ffa3dc046611dd5409bd502938677  salt-2019.2.2.tar.gz
2023-03-20 15:36:27.607188 +0000 build-fedora4: a4697da9a2f7d484b72145e8b83f6d9032369f87e2e7119a9d51f59b989488285406543f79142fc686c41c144f5878eefba37927137581c892c88f03fc3a8208  salt-3000.3.tar.gz
2023-03-20 15:36:27.607201 +0000 build-fedora4: 391f995f0129f3d7104a0eea4fd83b18aa6ecae0fd7a2c77c1154e24b0bcd52cef4b63db12597c85737bb33ddf605e0c23370cef3bf47f9ea85af5b77d74dc50  salt-3005.1.tar.gz
2023-03-20 15:36:27.607211 +0000 build-fedora4: ================================================================================
2023-03-20 15:36:27.607221 +0000 build-fedora4:                            B U I L D   I N F O                                  
2023-03-20 15:36:27.607230 +0000 build-fedora4: Items in red indicate it was automatically generated by configuration file(s)
2023-03-20 15:36:27.607239 +0000 build-fedora4: Items in white indicate it was automatically removed by configuration file(s)
2023-03-20 15:36:27.607249 +0000 build-fedora4: ================================================================================
2023-03-20 15:36:27.607255 +0000 build-fedora4: DISTS_VM:
2023-03-20 15:36:27.607260 +0000 build-fedora4:     
2023-03-20 15:36:27.607266 +0000 build-fedora4: DISTS_ALL:
2023-03-20 15:36:27.607272 +0000 build-fedora4:      dom0-fc32,
2023-03-20 15:36:27.607277 +0000 build-fedora4: DIST_DOM0:
2023-03-20 15:36:27.607283 +0000 build-fedora4:      fc32,
2023-03-20 15:36:27.607289 +0000 build-fedora4: BUILDER_PLUGINS:
2023-03-20 15:36:27.607299 +0000 build-fedora4:      builder-rpm, builder-debian, mgmt-salt, linux-yum, release-configs, builder-github,
2023-03-20 15:36:27.607304 +0000 build-fedora4: COMPONENTS:
2023-03-20 15:36:27.607310 +0000 build-fedora4:      salt,
2023-03-20 15:36:27.607315 +0000 build-fedora4: GIT_REPOS:
2023-03-20 15:36:27.607322 +0000 build-fedora4:      qubes-src/salt,
2023-03-20 15:36:27.607327 +0000 build-fedora4: TEMPLATE:
2023-03-20 15:36:27.607332 +0000 build-fedora4:     
2023-03-20 15:36:27.607338 +0000 build-fedora4: TEMPLATE_FLAVOR_DIR:
2023-03-20 15:36:27.607344 +0000 build-fedora4:     
2023-03-20 15:36:27.607350 +0000 build-fedora4: TEMPLATE_ALIAS:
2023-03-20 15:36:27.607358 +0000 build-fedora4:      stretch:stretch+standard, stretch+gnome:stretch+gnome+standard,
2023-03-20 15:36:27.607367 +0000 build-fedora4:      stretch+minimal:stretch+minimal+no-recommends, buster:buster+standard,
2023-03-20 15:36:27.607377 +0000 build-fedora4:      buster+gnome:buster+gnome+standard, buster+minimal:buster+minimal+no-recommends,
2023-03-20 15:36:27.607387 +0000 build-fedora4:      bullseye:bullseye+standard+firmware, bullseye+gnome:bullseye+gnome+standard+firmware,
2023-03-20 15:36:27.607404 +0000 build-fedora4:      bullseye+minimal:bullseye+minimal+no-recommends, bookworm:bookworm+standard,
2023-03-20 15:36:27.607415 +0000 build-fedora4:      bookworm+gnome:bookworm+gnome+standard, bookworm+minimal:bookworm+minimal+no-recommends,
2023-03-20 15:36:27.607426 +0000 build-fedora4:      bionic:bionic+standard, focal:focal+standard, whonix-gateway-15:buster+whonix-gateway+minimal+no-recommends,
2023-03-20 15:36:27.607435 +0000 build-fedora4:      whonix-workstation-15:buster+whonix-workstation+minimal+no-recommends,
2023-03-20 15:36:27.607444 +0000 build-fedora4:      whonix-gateway-16:bullseye+whonix-gateway+minimal+no-recommends,
2023-03-20 15:36:27.607453 +0000 build-fedora4:      whonix-workstation-16:bullseye+whonix-workstation+minimal+no-recommends,
2023-03-20 15:36:27.607459 +0000 build-fedora4: TEMPLATE_LABEL:
2023-03-20 15:36:27.607469 +0000 build-fedora4:      fc34:fedora-34 fc35:fedora-35 fc36:fedora-36 fc37:fedora-37 fc34+minimal:fedora-34-minimal
2023-03-20 15:36:27.607480 +0000 build-fedora4:      fc35+minimal:fedora-35-minimal fc36+minimal:fedora-36-minimal fc37+minimal:fedora-37-minimal
2023-03-20 15:36:27.607497 +0000 build-fedora4:      fc34+xfce:fedora-34-xfce fc35+xfce:fedora-35-xfce fc36+xfce:fedora-36-xfce fc37+xfce:fedora-37-xfce
2023-03-20 15:36:27.607508 +0000 build-fedora4:      stretch:debian-9 stretch+standard:debian-9 stretch+xfce:debian-9-xfce buster:debian-10
2023-03-20 15:36:27.607709 +0000 build-fedora4:      buster+standard:debian-10 buster+xfce:debian-10-xfce bullseye:debian-11 bullseye+standard+firmware:debian-11
2023-03-20 15:36:27.607737 +0000 build-fedora4:      bullseye+xfce:debian-11-xfce bookworm:debian-12 bookworm+standard:debian-12 bookworm+xfce:debian-12-xfce
2023-03-20 15:36:27.607749 +0000 build-fedora4:      bionic+standard:bionic focal+standard:focal buster+whonix-gateway+minimal+no-recommends:whonix-gw-15
2023-03-20 15:36:27.607758 +0000 build-fedora4:      buster+whonix-workstation+minimal+no-recommends:whonix-ws-15
2023-03-20 15:36:27.607767 +0000 build-fedora4:      bullseye+whonix-gateway+minimal+no-recommends:whonix-gw-16
2023-03-20 15:36:27.607777 +0000 build-fedora4:      bullseye+whonix-workstation+minimal+no-recommends:whonix-ws-16 centos7:centos-7
2023-03-20 15:36:27.607788 +0000 build-fedora4:      centos7+minimal:centos-7-minimal centos7+xfce:centos-7-xfce centos-stream8:centos-stream-8
2023-03-20 15:36:27.607798 +0000 build-fedora4:      centos-stream8+minimal:centos-stream-8-minimal centos-stream8+xfce:centos-stream-8-xfce
2023-03-20 15:36:27.607804 +0000 build-fedora4: > running make
2023-03-20 15:36:27.607814 +0000 build-fedora4: Makefile:915: target 'internal-update-repo-current.dom0.fc32.salt' does not exist
2023-03-20 15:36:27.607820 +0000 build-fedora4: true
2023-03-20 15:36:27.607828 +0000 build-fedora4: Makefile:923: target 'post-update-repo-current' does not exist
2023-03-20 15:36:27.607835 +0000 build-fedora4: for dist in fc32 ; do \
2023-03-20 15:36:27.607843 +0000 build-fedora4: .repo_base_var="LINUX_REPO_${dist//-/_}_BASEDIR"; \
2023-03-20 15:36:27.607851 +0000 build-fedora4: .if [ -n "${!repo_base_var}" ]; then \
2023-03-20 15:36:27.607858 +0000 build-fedora4: ..repo_basedir="${!repo_base_var}"; \
2023-03-20 15:36:27.607864 +0000 build-fedora4: .else \
2023-03-20 15:36:27.607871 +0000 build-fedora4: ..repo_basedir="qubes-src/linux-yum/r4.1"; \
2023-03-20 15:36:27.607877 +0000 build-fedora4: .fi; \
2023-03-20 15:36:27.607885 +0000 build-fedora4: .repos_to_update="$repos_to_update $repo_basedir"; \
2023-03-20 15:36:27.607890 +0000 build-fedora4: done; \
2023-03-20 15:36:27.607896 +0000 build-fedora4: pkgset_dist= ; \
2023-03-20 15:36:27.607903 +0000 build-fedora4: for dist in fc32; do \
2023-03-20 15:36:27.607910 +0000 build-fedora4: .pkgset_dist="$pkgset_dist dom0/$dist"; \
2023-03-20 15:36:27.607916 +0000 build-fedora4: done; \
2023-03-20 15:36:27.607922 +0000 build-fedora4: for dist in ; do \
2023-03-20 15:36:27.607929 +0000 build-fedora4: .pkgset_dist="$pkgset_dist vm/$dist"; \
2023-03-20 15:36:27.607935 +0000 build-fedora4: done; \
2023-03-20 15:36:27.607944 +0000 build-fedora4: for repo in `echo $repos_to_update|tr ' ' '\n'|sort|uniq`; do \
2023-03-20 15:36:27.607951 +0000 build-fedora4: .[ -z "$repo" ] && continue; \
2023-03-20 15:36:27.607959 +0000 build-fedora4: .[ -x "$repo/../update_repo-current.sh" ] || continue; \
2023-03-20 15:36:27.607968 +0000 build-fedora4: .(cd $repo/.. && ./update_repo-current.sh r4.1 $pkgset_dist); \
2023-03-20 15:36:27.607973 +0000 build-fedora4: done
2023-03-20 15:36:27.607982 +0000 build-fedora4: ~/builder-r4.1-dom0/qubes-src/linux-yum ~/builder-r4.1-dom0/qubes-src/linux-yum
2023-03-20 15:36:27.607990 +0000 build-fedora4: --> Processing repo: r4.1/current/dom0/fc32...
2023-03-20 15:36:27.608000 +0000 build-fedora4: warning: Found bdb_ro Packages database while attempting sqlite backend: using bdb_ro backend.
2023-03-20 15:39:06.820590 +0000 build-fedora4: Done.
2023-03-20 15:39:06.826594 +0000 build-fedora4: ~/builder-r4.1-dom0/qubes-src/linux-yum ~/builder-r4.1-dom0/qubes-src/linux-yum
2023-03-20 15:39:06.834052 +0000 build-fedora4: Syncing r4.1...
2023-03-20 15:39:08.052386 +0000 build-fedora4: sending incremental file list
2023-03-20 15:39:08.198725 +0000 build-fedora4: .d..t...... fc32/
2023-03-20 15:39:08.198794 +0000 build-fedora4: <f..t...... fc32/repodata/repomd.xml.asc
2023-03-20 15:39:08.198817 +0000 build-fedora4: .            833 100%    0.00kB/s    0:00:00  .            833 100%    0.00kB/s    0:00:00 (xfr#1, to-chk=2707/2722)
2023-03-20 15:39:08.805504 +0000 build-fedora4: Makefile:819: update target 'update-repo-current' due to: internal-update-repo-current.dom0.fc32.salt post-update-repo-current
2023-03-20 15:39:08.805548 +0000 build-fedora4: true
2023-03-20 15:39:08.808011 +0000 build-fedora4: > done
2023-03-20 15:39:08.808056 +0000 > closing log
