2018-09-28 18:27:27.781134 +0000 > starting log
2018-09-28 18:27:27.782344 +0000 build-fedora4: > starting build with log
2018-09-28 18:27:27.782369 +0000 build-fedora4: >> make args: update-repo-current
2018-09-28 18:27:27.782384 +0000 build-fedora4: >> MAKEFLAGS=
2018-09-28 18:27:27.782398 +0000 build-fedora4: >> COMPONENTS=meta-packages
2018-09-28 18:27:27.782409 +0000 build-fedora4: >> DISTS_VM=
2018-09-28 18:27:27.782420 +0000 build-fedora4: >> DIST_DOM0=
2018-09-28 18:27:27.782433 +0000 build-fedora4: >> qubes-builder e17794e65bcac38add0ab232a5ad6fd1f4358e1e
2018-09-28 18:27:27.782448 +0000 build-fedora4: >> qubes-builder/qubes-src/meta-packages 63c219deb2f9165e7d835c43d26f3a721a5808e2
2018-09-28 18:27:27.877368 +0000 build-fedora4: ================================================================================
2018-09-28 18:27:27.877411 +0000 build-fedora4:                            B U I L D   I N F O                                  
2018-09-28 18:27:27.877433 +0000 build-fedora4: Items in red indicate it was automatically generated by configuration file(s)
2018-09-28 18:27:27.877450 +0000 build-fedora4: Items in white indicate it was automatically removed by configuration file(s)
2018-09-28 18:27:27.877466 +0000 build-fedora4: ================================================================================
2018-09-28 18:27:27.877477 +0000 build-fedora4: DISTS_VM:
2018-09-28 18:27:27.882511 +0000 build-fedora4:     
2018-09-28 18:27:27.885422 +0000 build-fedora4: DISTS_ALL:
2018-09-28 18:27:27.892362 +0000 build-fedora4:      fc25,
2018-09-28 18:27:27.892401 +0000 build-fedora4: DIST_DOM0:
2018-09-28 18:27:27.900131 +0000 build-fedora4:      fc25,
2018-09-28 18:27:27.900171 +0000 build-fedora4: BUILDER_PLUGINS:
2018-09-28 18:27:27.906679 +0000 build-fedora4:      builder-rpm, mgmt-salt, linux-yum, builder-github,
2018-09-28 18:27:27.909316 +0000 build-fedora4: COMPONENTS:
2018-09-28 18:27:27.914173 +0000 build-fedora4:      meta-packages,
2018-09-28 18:27:27.920362 +0000 build-fedora4: GIT_REPOS:
2018-09-28 18:27:27.931471 +0000 build-fedora4:      qubes-src/meta-packages,
2018-09-28 18:27:27.931511 +0000 build-fedora4: TEMPLATE:
2018-09-28 18:27:27.939894 +0000 build-fedora4:     
2018-09-28 18:27:27.939935 +0000 build-fedora4: TEMPLATE_FLAVOR_DIR:
2018-09-28 18:27:27.947906 +0000 build-fedora4:     
2018-09-28 18:27:27.947946 +0000 build-fedora4: TEMPLATE_ALIAS:
2018-09-28 18:27:27.955756 +0000 build-fedora4:      jessie:jessie+standard, jessie+gnome:jessie+gnome+standard,
2018-09-28 18:27:27.955801 +0000 build-fedora4:      jessie+minimal:jessie+minimal+no-recommends, stretch:stretch+standard, stretch+gnome:stretch+gnome+standard,
2018-09-28 18:27:27.955823 +0000 build-fedora4:      stretch+minimal:stretch+minimal+no-recommends, whonix-gateway:jessie+whonix-gateway+minimal+no-recommends,
2018-09-28 18:27:27.955840 +0000 build-fedora4:      whonix-workstation:jessie+whonix-workstation+minimal+no-recommends,
2018-09-28 18:27:27.955855 +0000 build-fedora4:      whonix-gateway-14:stretch+whonix-gateway+minimal+no-recommends,
2018-09-28 18:27:27.955870 +0000 build-fedora4:      whonix-workstation-14:stretch+whonix-workstation+minimal+no-recommends,
2018-09-28 18:27:27.955885 +0000 build-fedora4:      whonix-gateway:jessie+whonix-gateway+minimal+no-recommends,
2018-09-28 18:27:27.955899 +0000 build-fedora4:      whonix-workstation:jessie+whonix-workstation+minimal+no-recommends,
2018-09-28 18:27:27.955910 +0000 build-fedora4: TEMPLATE_LABEL:
2018-09-28 18:27:27.969741 +0000 build-fedora4:      fc20:fedora-20 fc21:fedora-21 fc22:fedora-22 fc23:fedora-23 fc24:fedora-24 fc25:fedora-25 fc26:fedora-26
2018-09-28 18:27:27.969787 +0000 build-fedora4:      fc27:fedora-27 fc28:fedora-28 fc20+minimal:fedora-20-minimal fc21+minimal:fedora-21-minimal
2018-09-28 18:27:27.969811 +0000 build-fedora4:      fc23+minimal:fedora-23-minimal fc24+minimal:fedora-24-minimal fc25+minimal:fedora-25-minimal
2018-09-28 18:27:27.969829 +0000 build-fedora4:      fc26+minimal:fedora-26-minimal fc27+minimal:fedora-27-minimal fc28+minimal:fedora-28-minimal
2018-09-28 18:27:27.969862 +0000 build-fedora4:      fc25+xfce:fedora-25-xfce fc26+xfce:fedora-26-xfce fc27+xfce:fedora-27-xfce fc28+xfce:fedora-28-xfce
2018-09-28 18:27:27.969879 +0000 build-fedora4:      wheezy:debian-7 wheezy+standard:debian-7 jessie:debian-8 jessie+standard:debian-8
2018-09-28 18:27:27.969897 +0000 build-fedora4:      stretch:debian-9 stretch+standard:debian-9 centos7:centos-7 centos7+minimal:centos-7-minimal
2018-09-28 18:27:27.969913 +0000 build-fedora4:      centos7+xfce:centos-7-xfce jessie+whonix-gateway+minimal+no-recommends:whonix-gw
2018-09-28 18:27:27.969927 +0000 build-fedora4:      jessie+whonix-workstation+minimal+no-recommends:whonix-ws
2018-09-28 18:27:27.969941 +0000 build-fedora4:      stretch+whonix-gateway+minimal+no-recommends:whonix-gw-14
2018-09-28 18:27:27.969955 +0000 build-fedora4:      stretch+whonix-workstation+minimal+no-recommends:whonix-ws-14
2018-09-28 18:27:27.969968 +0000 build-fedora4:      jessie+whonix-gateway+minimal+no-recommends:whonix-gw
2018-09-28 18:27:27.969982 +0000 build-fedora4:      jessie+whonix-workstation+minimal+no-recommends:whonix-ws
2018-09-28 18:27:28.055371 +0000 build-fedora4: > running make
2018-09-28 18:27:28.067011 +0000 build-fedora4: Makefile:798: target 'internal-update-repo-current.dom0.fc25.meta-packages' does not exist
2018-09-28 18:27:28.067055 +0000 build-fedora4: repo_base_var="LINUX_REPO_fc25_BASEDIR"; \
2018-09-28 18:27:28.067073 +0000 build-fedora4: if [ "meta-packages" = linux-template-builder ]; then \
2018-09-28 18:27:28.067091 +0000 build-fedora4: .# templates belongs to dom0 repository, even though PACKAGE_SET=vm
2018-09-28 18:27:28.067104 +0000 build-fedora4: repo_base_var="LINUX_REPO_fc25_BASEDIR"; \
2018-09-28 18:27:28.067115 +0000 build-fedora4: fi; \
2018-09-28 18:27:28.067129 +0000 build-fedora4: if [ -n "${!repo_base_var}" ]; then \
2018-09-28 18:27:28.067142 +0000 build-fedora4: .repo_basedir="${!repo_base_var}"; \
2018-09-28 18:27:28.067153 +0000 build-fedora4: else \
2018-09-28 18:27:28.067166 +0000 build-fedora4: .repo_basedir="qubes-src/linux-yum/r4.0"; \
2018-09-28 18:27:28.067177 +0000 build-fedora4: fi; \
2018-09-28 18:27:28.067191 +0000 build-fedora4: if [ -r qubes-src/meta-packages/Makefile.builder ]; then \
2018-09-28 18:27:28.067204 +0000 build-fedora4: .echo -n "Updating qubes-src/meta-packages... "; \
2018-09-28 18:27:28.067216 +0000 build-fedora4: .if [ "0" -eq 1 ]; then \
2018-09-28 18:27:28.067231 +0000 build-fedora4: ..vtag=`git -C qubes-src/meta-packages tag --points-at HEAD --list v*`; \
2018-09-28 18:27:28.067243 +0000 build-fedora4: ..if [ -z "$vtag" ]; then \
2018-09-28 18:27:28.067255 +0000 build-fedora4: ...echo "no version tag"; \
2018-09-28 18:27:28.067266 +0000 build-fedora4: ...exit 0; \
2018-09-28 18:27:28.067277 +0000 build-fedora4: ..fi; \
2018-09-28 18:27:28.067287 +0000 build-fedora4: .fi; \
2018-09-28 18:27:28.067300 +0000 build-fedora4: .if [ "meta-packages" = linux-template-builder ]; then
2018-09-28 18:27:28.067317 +0000 build-fedora4: export TEMPLATE_NAME=$(MAKEFLAGS= make -s -C qubes-src/linux-template-builder DIST=fc25 template-name)
2018-09-28 18:27:28.067327 +0000 build-fedora4: fi
2018-09-28 18:27:28.067352 +0000 build-fedora4: component_packages=$(MAKEFLAGS= make -s -f Makefile.generic DIST=fc25 PACKAGE_SET=dom0 COMPONENT=`basename qubes-src/meta-packages` UPDATE_REPO=/home/user/builder-r4.0-dom0/$repo_basedir/current/dom0/fc25 get-var GET_VAR=PACKAGE_LIST); \
2018-09-28 18:27:28.067367 +0000 build-fedora4: .if [ -z "$component_packages" ]; then \
2018-09-28 18:27:28.067379 +0000 build-fedora4: ..echo "no packages."; \
2018-09-28 18:27:28.067389 +0000 build-fedora4: ..exit 0; \
2018-09-28 18:27:28.067400 +0000 build-fedora4: .fi; \
2018-09-28 18:27:28.067413 +0000 build-fedora4: .make -s -f Makefile.generic DIST=fc25 PACKAGE_SET=dom0 \
2018-09-28 18:27:28.067428 +0000 build-fedora4: ..COMPONENT=`basename qubes-src/meta-packages` \
2018-09-28 18:27:28.067441 +0000 build-fedora4: ..SNAPSHOT_REPO=current-testing \
2018-09-28 18:27:28.067453 +0000 build-fedora4: ..TARGET_REPO=current \
2018-09-28 18:27:28.067482 +0000 build-fedora4: ..UPDATE_REPO=/home/user/builder-r4.0-dom0/$repo_basedir/current/dom0/fc25 \
2018-09-28 18:27:28.067502 +0000 build-fedora4: ..SNAPSHOT_FILE=/home/user/builder-r4.0-dom0/repo-latest-snapshot/current-testing-dom0-fc25-`basename qubes-src/meta-packages` \
2018-09-28 18:27:28.067515 +0000 build-fedora4: ..BUILD_LOG_URL= \
2018-09-28 18:27:28.067527 +0000 build-fedora4: ..update-repo-from-snapshot || exit 1; \
2018-09-28 18:27:28.067543 +0000 build-fedora4: elif make -C qubes-src/meta-packages -n update-repo-current >/dev/null 2>/dev/null; then \
2018-09-28 18:27:28.067556 +0000 build-fedora4: .echo "Updating qubes-src/meta-packages... "; \
2018-09-28 18:27:28.067571 +0000 build-fedora4: .DIST=fc25 UPDATE_REPO=/home/user/builder-r4.0-dom0/$repo_basedir/current/dom0/fc25 \
2018-09-28 18:27:28.067585 +0000 build-fedora4: .make -s -C qubes-src/meta-packages update-repo-current || exit 1; \
2018-09-28 18:27:28.067596 +0000 build-fedora4: else \
2018-09-28 18:27:28.067610 +0000 build-fedora4: .echo -n "Updating qubes-src/meta-packages... skipping."; \
2018-09-28 18:27:28.067620 +0000 build-fedora4: fi; \
2018-09-28 18:27:28.067630 +0000 build-fedora4: echo
2018-09-28 18:27:28.103326 +0000 build-fedora4: Updating qubes-src/meta-packages... no packages.
2018-09-28 18:27:28.103368 +0000 build-fedora4: Makefile:852: target 'post-update-repo-current' does not exist
2018-09-28 18:27:28.103385 +0000 build-fedora4: for dist in fc25 ; do \
2018-09-28 18:27:28.103400 +0000 build-fedora4: .repo_base_var="LINUX_REPO_${dist}_BASEDIR"; \
2018-09-28 18:27:28.103414 +0000 build-fedora4: .if [ -n "${!repo_base_var}" ]; then \
2018-09-28 18:27:28.103429 +0000 build-fedora4: ..repo_basedir="${!repo_base_var}"; \
2018-09-28 18:27:28.103441 +0000 build-fedora4: .else \
2018-09-28 18:27:28.103454 +0000 build-fedora4: ..repo_basedir="qubes-src/linux-yum/r4.0"; \
2018-09-28 18:27:28.103465 +0000 build-fedora4: .fi; \
2018-09-28 18:27:28.103479 +0000 build-fedora4: .repos_to_update="$repos_to_update $repo_basedir"; \
2018-09-28 18:27:28.103489 +0000 build-fedora4: done; \
2018-09-28 18:27:28.103503 +0000 build-fedora4: for repo in `echo $repos_to_update|tr ' ' '\n'|sort|uniq`; do \
2018-09-28 18:27:28.103515 +0000 build-fedora4: .[ -z "$repo" ] && continue; \
2018-09-28 18:27:28.103529 +0000 build-fedora4: .[ -x "$repo/../update_repo-current.sh" ] || continue; \
2018-09-28 18:27:28.103542 +0000 build-fedora4: .(cd $repo/.. && ./update_repo-current.sh r4.0); \
2018-09-28 18:27:28.103552 +0000 build-fedora4: done
2018-09-28 18:27:28.134382 +0000 build-fedora4: which: no mkmetalink in (/usr/local/bin:/usr/bin:/usr/local/sbin:/usr/sbin:/home/user/.local/bin:/home/user/bin:/home/user/builder-r4.0-dom0/qubes-src/builder-rpm/tools)
2018-09-28 18:27:28.173727 +0000 build-fedora4: --> Processing repo: r4.0/current/dom0/fc25...
2018-09-28 18:28:14.588253 +0000 build-fedora4: --> Processing repo: r4.0/current/vm/centos7...
2018-09-28 18:28:15.026236 +0000 build-fedora4: --> Processing repo: r4.0/current/vm/fc17...
2018-09-28 18:28:15.383786 +0000 build-fedora4: --> Processing repo: r4.0/current/vm/fc20...
2018-09-28 18:28:15.716321 +0000 build-fedora4: --> Processing repo: r4.0/current/vm/fc21...
2018-09-28 18:28:16.052443 +0000 build-fedora4: --> Processing repo: r4.0/current/vm/fc22...
2018-09-28 18:28:16.383984 +0000 build-fedora4: --> Processing repo: r4.0/current/vm/fc23...
2018-09-28 18:28:16.737113 +0000 build-fedora4: --> Processing repo: r4.0/current/vm/fc24...
2018-09-28 18:28:17.067597 +0000 build-fedora4: --> Processing repo: r4.0/current/vm/fc25...
2018-09-28 18:28:17.398536 +0000 build-fedora4: --> Processing repo: r4.0/current/vm/fc26...
2018-09-28 18:28:17.729336 +0000 build-fedora4: --> Processing repo: r4.0/current/vm/fc27...
2018-09-28 18:28:18.064184 +0000 build-fedora4: --> Processing repo: r4.0/current/vm/fc28...
2018-09-28 18:28:18.395347 +0000 build-fedora4: --> Processing repo: r4.0/current/vm/fc29...
2018-09-28 18:28:18.748707 +0000 build-fedora4: Done.
2018-09-28 18:28:18.758857 +0000 build-fedora4: ~/builder-r4.0-dom0/qubes-src/linux-yum ~/builder-r4.0-dom0/qubes-src/linux-yum
2018-09-28 18:28:18.761663 +0000 build-fedora4: Syncing r4.0...
2018-09-28 18:28:18.871141 +0000 build-fedora4: sending incremental file list
2018-09-28 18:28:18.983912 +0000 build-fedora4: .d..t...... current-testing/
2018-09-28 18:28:18.983951 +0000 build-fedora4: .d..t...... current-testing/dom0/
2018-09-28 18:28:18.983967 +0000 build-fedora4: .d..t...... current-testing/dom0/fc25/
2018-09-28 18:28:18.983985 +0000 build-fedora4: .L..t...... current-testing/dom0/fc25/comps.xml -> ../../../comps-dom0.xml
2018-09-28 18:28:18.985531 +0000 build-fedora4: .d..t...... current-testing/dom0/fc25/rpm/
2018-09-28 18:28:18.985554 +0000 build-fedora4: <f..t...... current-testing/dom0/fc25/rpm/.gitignore
2018-09-28 18:28:18.986340 +0000 build-fedora4: .              6 100%    0.00kB/s    0:00:00  .              6 100%    0.00kB/s    0:00:00 (xfr#1, ir-chk=1429/1438)
2018-09-28 18:28:18.986372 +0000 build-fedora4: .d..t...... current-testing/vm/
2018-09-28 18:28:18.986389 +0000 build-fedora4: .d..t...... current-testing/vm/centos7/
2018-09-28 18:28:18.986406 +0000 build-fedora4: .L..t...... current-testing/vm/centos7/comps.xml -> ../../../comps-vm.xml
2018-09-28 18:28:18.986421 +0000 build-fedora4: .d..t...... current-testing/vm/centos7/rpm/
2018-09-28 18:28:18.986437 +0000 build-fedora4: <f..t...... current-testing/vm/centos7/rpm/.gitignore
2018-09-28 18:28:18.986686 +0000 build-fedora4: .              6 100%    5.86kB/s    0:00:00  .              6 100%    5.86kB/s    0:00:00 (xfr#2, ir-chk=1057/1438)
2018-09-28 18:28:18.986708 +0000 build-fedora4: .d..t...... current-testing/vm/fc20/
2018-09-28 18:28:18.986723 +0000 build-fedora4: .d..t...... current-testing/vm/fc21/
2018-09-28 18:28:18.986736 +0000 build-fedora4: .d..t...... current-testing/vm/fc22/
2018-09-28 18:28:18.986748 +0000 build-fedora4: .d..t...... current-testing/vm/fc23/
2018-09-28 18:28:18.986760 +0000 build-fedora4: .d..t...... current-testing/vm/fc24/
2018-09-28 18:28:18.986775 +0000 build-fedora4: .L..t...... current-testing/vm/fc24/comps.xml -> ../../../comps-vm.xml
2018-09-28 18:28:18.986787 +0000 build-fedora4: .d..t...... current-testing/vm/fc24/rpm/
2018-09-28 18:28:18.986801 +0000 build-fedora4: <f..t...... current-testing/vm/fc24/rpm/.gitignore
2018-09-28 18:28:18.987113 +0000 build-fedora4: .              6 100%    5.86kB/s    0:00:00  .              6 100%    5.86kB/s    0:00:00 (xfr#3, ir-chk=1054/1438)
2018-09-28 18:28:18.987135 +0000 build-fedora4: .d..t...... current-testing/vm/fc25/
2018-09-28 18:28:18.987151 +0000 build-fedora4: .L..t...... current-testing/vm/fc25/comps.xml -> ../../../comps-vm.xml
2018-09-28 18:28:18.987165 +0000 build-fedora4: .d..t...... current-testing/vm/fc25/rpm/
2018-09-28 18:28:18.987178 +0000 build-fedora4: <f..t...... current-testing/vm/fc25/rpm/.gitignore
2018-09-28 18:28:18.987557 +0000 build-fedora4: .              6 100%    5.86kB/s    0:00:00  .              6 100%    5.86kB/s    0:00:00 (xfr#4, ir-chk=1051/1438)
2018-09-28 18:28:18.987580 +0000 build-fedora4: .d..t...... current-testing/vm/fc26/
2018-09-28 18:28:18.987596 +0000 build-fedora4: .L..t...... current-testing/vm/fc26/comps.xml -> ../../../comps-vm.xml
2018-09-28 18:28:18.987609 +0000 build-fedora4: .d..t...... current-testing/vm/fc26/rpm/
2018-09-28 18:28:18.987622 +0000 build-fedora4: <f..t...... current-testing/vm/fc26/rpm/.gitignore
2018-09-28 18:28:18.987895 +0000 build-fedora4: .              6 100%    5.86kB/s    0:00:00  .              6 100%    5.86kB/s    0:00:00 (xfr#5, ir-chk=1048/1438)
2018-09-28 18:28:18.987918 +0000 build-fedora4: .d..t...... current-testing/vm/fc27/
2018-09-28 18:28:18.987934 +0000 build-fedora4: .L..t...... current-testing/vm/fc27/comps.xml -> ../../../comps-vm.xml
2018-09-28 18:28:18.987948 +0000 build-fedora4: .d..t...... current-testing/vm/fc27/rpm/
2018-09-28 18:28:18.987962 +0000 build-fedora4: <f..t...... current-testing/vm/fc27/rpm/.gitignore
2018-09-28 18:28:18.988365 +0000 build-fedora4: .              6 100%    2.93kB/s    0:00:00  .              6 100%    2.93kB/s    0:00:00 (xfr#6, ir-chk=1045/1438)
2018-09-28 18:28:18.988401 +0000 build-fedora4: .d..t...... current-testing/vm/fc28/
2018-09-28 18:28:18.988419 +0000 build-fedora4: .L..t...... current-testing/vm/fc28/comps.xml -> ../../../comps-vm.xml
2018-09-28 18:28:18.988435 +0000 build-fedora4: .d..t...... current-testing/vm/fc28/rpm/
2018-09-28 18:28:18.988449 +0000 build-fedora4: <f..t...... current-testing/vm/fc28/rpm/.gitignore
2018-09-28 18:28:18.988689 +0000 build-fedora4: .              6 100%    2.93kB/s    0:00:00  .              6 100%    2.93kB/s    0:00:00 (xfr#7, ir-chk=1042/1438)
2018-09-28 18:28:18.988711 +0000 build-fedora4: .d..t...... current-testing/vm/fc29/
2018-09-28 18:28:18.988727 +0000 build-fedora4: .L..t...... current-testing/vm/fc29/comps.xml -> ../../../comps-vm.xml
2018-09-28 18:28:18.988740 +0000 build-fedora4: .d..t...... current-testing/vm/fc29/rpm/
2018-09-28 18:28:18.988753 +0000 build-fedora4: <f..t...... current-testing/vm/fc29/rpm/.gitignore
2018-09-28 18:28:18.989360 +0000 build-fedora4: .              6 100%    1.95kB/s    0:00:00  .              6 100%    1.95kB/s    0:00:00 (xfr#8, ir-chk=1039/1438)
2018-09-28 18:28:18.989382 +0000 build-fedora4: .d..t...... current/
2018-09-28 18:28:18.989396 +0000 build-fedora4: .d..t...... current/dom0/
2018-09-28 18:28:18.989409 +0000 build-fedora4: .d..t...... current/dom0/fc25/
2018-09-28 18:28:18.989424 +0000 build-fedora4: .L..t...... current/dom0/fc25/comps.xml -> ../../../comps-dom0.xml
2018-09-28 18:28:18.989933 +0000 build-fedora4: .d..t...... current/dom0/fc25/rpm/
2018-09-28 18:28:18.989955 +0000 build-fedora4: <f..t...... current/dom0/fc25/rpm/.gitignore
2018-09-28 18:28:18.990388 +0000 build-fedora4: .              6 100%    1.46kB/s    0:00:00  .              6 100%    1.46kB/s    0:00:00 (xfr#9, to-chk=1060/1465)
2018-09-28 18:28:19.027379 +0000 build-fedora4: .d..t...... current/vm/
2018-09-28 18:28:19.027417 +0000 build-fedora4: .d..t...... current/vm/centos7/
2018-09-28 18:28:19.027437 +0000 build-fedora4: .L..t...... current/vm/centos7/comps.xml -> ../../../comps-vm.xml
2018-09-28 18:28:19.027451 +0000 build-fedora4: .d..t...... current/vm/centos7/rpm/
2018-09-28 18:28:19.027465 +0000 build-fedora4: <f..t...... current/vm/centos7/rpm/.gitignore
2018-09-28 18:28:19.028191 +0000 build-fedora4: .              6 100%    0.14kB/s    0:00:00  .              6 100%    0.14kB/s    0:00:00 (xfr#10, to-chk=225/1465)
2018-09-28 18:28:19.028224 +0000 build-fedora4: .d..t...... current/vm/fc17/
2018-09-28 18:28:19.028240 +0000 build-fedora4: .d..t...... current/vm/fc20/
2018-09-28 18:28:19.028253 +0000 build-fedora4: .d..t...... current/vm/fc21/
2018-09-28 18:28:19.028265 +0000 build-fedora4: .d..t...... current/vm/fc22/
2018-09-28 18:28:19.028276 +0000 build-fedora4: .d..t...... current/vm/fc23/
2018-09-28 18:28:19.028288 +0000 build-fedora4: .d..t...... current/vm/fc24/
2018-09-28 18:28:19.028309 +0000 build-fedora4: .L..t...... current/vm/fc24/comps.xml -> ../../../comps-vm.xml
2018-09-28 18:28:19.028322 +0000 build-fedora4: .d..t...... current/vm/fc24/rpm/
2018-09-28 18:28:19.028339 +0000 build-fedora4: <f..t...... current/vm/fc24/rpm/.gitignore
2018-09-28 18:28:19.028789 +0000 build-fedora4: .              6 100%    0.14kB/s    0:00:00  .              6 100%    0.14kB/s    0:00:00 (xfr#11, to-chk=222/1465)
2018-09-28 18:28:19.028822 +0000 build-fedora4: .d..t...... current/vm/fc25/
2018-09-28 18:28:19.028841 +0000 build-fedora4: .L..t...... current/vm/fc25/comps.xml -> ../../../comps-vm.xml
2018-09-28 18:28:19.028856 +0000 build-fedora4: .d..t...... current/vm/fc25/rpm/
2018-09-28 18:28:19.028870 +0000 build-fedora4: <f..t...... current/vm/fc25/rpm/.gitignore
2018-09-28 18:28:19.029275 +0000 build-fedora4: .              6 100%    0.14kB/s    0:00:00  .              6 100%    0.14kB/s    0:00:00 (xfr#12, to-chk=219/1465)
2018-09-28 18:28:19.029298 +0000 build-fedora4: .d..t...... current/vm/fc26/
2018-09-28 18:28:19.029314 +0000 build-fedora4: .L..t...... current/vm/fc26/comps.xml -> ../../../comps-vm.xml
2018-09-28 18:28:19.029339 +0000 build-fedora4: .d..t...... current/vm/fc26/rpm/
2018-09-28 18:28:19.029354 +0000 build-fedora4: <f..t...... current/vm/fc26/rpm/.gitignore
2018-09-28 18:28:19.029699 +0000 build-fedora4: .              6 100%    0.14kB/s    0:00:00  .              6 100%    0.14kB/s    0:00:00 (xfr#13, to-chk=216/1465)
2018-09-28 18:28:19.029722 +0000 build-fedora4: .d..t...... current/vm/fc27/
2018-09-28 18:28:19.029738 +0000 build-fedora4: .L..t...... current/vm/fc27/comps.xml -> ../../../comps-vm.xml
2018-09-28 18:28:19.029751 +0000 build-fedora4: .d..t...... current/vm/fc27/rpm/
2018-09-28 18:28:19.029764 +0000 build-fedora4: <f..t...... current/vm/fc27/rpm/.gitignore
2018-09-28 18:28:19.030045 +0000 build-fedora4: .              6 100%    0.14kB/s    0:00:00  .              6 100%    0.14kB/s    0:00:00 (xfr#14, to-chk=213/1465)
2018-09-28 18:28:19.030066 +0000 build-fedora4: .d..t...... current/vm/fc28/
2018-09-28 18:28:19.030082 +0000 build-fedora4: .L..t...... current/vm/fc28/comps.xml -> ../../../comps-vm.xml
2018-09-28 18:28:19.030094 +0000 build-fedora4: .d..t...... current/vm/fc28/rpm/
2018-09-28 18:28:19.030107 +0000 build-fedora4: <f..t...... current/vm/fc28/rpm/.gitignore
2018-09-28 18:28:19.030374 +0000 build-fedora4: .              6 100%    0.13kB/s    0:00:00  .              6 100%    0.13kB/s    0:00:00 (xfr#15, to-chk=210/1465)
2018-09-28 18:28:19.030395 +0000 build-fedora4: .d..t...... current/vm/fc29/
2018-09-28 18:28:19.030411 +0000 build-fedora4: .L..t...... current/vm/fc29/comps.xml -> ../../../comps-vm.xml
2018-09-28 18:28:19.030423 +0000 build-fedora4: .d..t...... current/vm/fc29/rpm/
2018-09-28 18:28:19.030440 +0000 build-fedora4: <f..t...... current/vm/fc29/rpm/.gitignore
2018-09-28 18:28:19.030777 +0000 build-fedora4: .              6 100%    0.13kB/s    0:00:00  .              6 100%    0.13kB/s    0:00:00 (xfr#16, to-chk=207/1465)
2018-09-28 18:28:19.030799 +0000 build-fedora4: .d..t...... security-testing/
2018-09-28 18:28:19.030813 +0000 build-fedora4: .d..t...... security-testing/dom0/
2018-09-28 18:28:19.030826 +0000 build-fedora4: .d..t...... security-testing/dom0/fc21/
2018-09-28 18:28:19.030839 +0000 build-fedora4: .d..t...... security-testing/dom0/fc21/rpm/
2018-09-28 18:28:19.030853 +0000 build-fedora4: <f..t...... security-testing/dom0/fc21/rpm/.gitignore
2018-09-28 18:28:19.031100 +0000 build-fedora4: .              6 100%    0.13kB/s    0:00:00  .              6 100%    0.13kB/s    0:00:00 (xfr#17, to-chk=201/1465)
2018-09-28 18:28:19.031123 +0000 build-fedora4: .d..t...... security-testing/dom0/fc25/
2018-09-28 18:28:19.031138 +0000 build-fedora4: .d..t...... security-testing/dom0/fc25/rpm/
2018-09-28 18:28:19.031152 +0000 build-fedora4: <f..t...... security-testing/dom0/fc25/rpm/.gitignore
2018-09-28 18:28:19.031611 +0000 build-fedora4: .              6 100%    0.13kB/s    0:00:00  .              6 100%    0.13kB/s    0:00:00 (xfr#18, to-chk=199/1465)
2018-09-28 18:28:19.031638 +0000 build-fedora4: .d..t...... security-testing/vm/
2018-09-28 18:28:19.031652 +0000 build-fedora4: .d..t...... security-testing/vm/centos7/
2018-09-28 18:28:19.031668 +0000 build-fedora4: .L..t...... security-testing/vm/centos7/comps.xml -> ../../../comps-vm.xml
2018-09-28 18:28:19.031700 +0000 build-fedora4: .d..t...... security-testing/vm/centos7/rpm/
2018-09-28 18:28:19.031715 +0000 build-fedora4: <f..t...... security-testing/vm/centos7/rpm/.gitignore
2018-09-28 18:28:19.031987 +0000 build-fedora4: .              6 100%    0.13kB/s    0:00:00  .              6 100%    0.13kB/s    0:00:00 (xfr#19, to-chk=13/1465)
2018-09-28 18:28:19.032010 +0000 build-fedora4: .d..t...... security-testing/vm/fc20/
2018-09-28 18:28:19.032024 +0000 build-fedora4: .d..t...... security-testing/vm/fc21/
2018-09-28 18:28:19.032037 +0000 build-fedora4: .d..t...... security-testing/vm/fc22/
2018-09-28 18:28:19.032050 +0000 build-fedora4: .d..t...... security-testing/vm/fc23/
2018-09-28 18:28:19.032062 +0000 build-fedora4: .d..t...... security-testing/vm/fc24/
2018-09-28 18:28:19.032074 +0000 build-fedora4: .d..t...... security-testing/vm/fc24/rpm/
2018-09-28 18:28:19.032100 +0000 build-fedora4: <f..t...... security-testing/vm/fc24/rpm/.gitignore
2018-09-28 18:28:19.032398 +0000 build-fedora4: .              6 100%    0.13kB/s    0:00:00  .              6 100%    0.13kB/s    0:00:00 (xfr#20, to-chk=11/1465)
2018-09-28 18:28:19.032420 +0000 build-fedora4: .d..t...... security-testing/vm/fc25/
2018-09-28 18:28:19.032437 +0000 build-fedora4: .d..t...... security-testing/vm/fc25/rpm/
2018-09-28 18:28:19.032452 +0000 build-fedora4: <f..t...... security-testing/vm/fc25/rpm/.gitignore
2018-09-28 18:28:19.032752 +0000 build-fedora4: .              6 100%    0.13kB/s    0:00:00  .              6 100%    0.13kB/s    0:00:00 (xfr#21, to-chk=9/1465)
2018-09-28 18:28:19.032774 +0000 build-fedora4: .d..t...... security-testing/vm/fc26/
2018-09-28 18:28:19.032788 +0000 build-fedora4: .d..t...... security-testing/vm/fc26/rpm/
2018-09-28 18:28:19.032802 +0000 build-fedora4: <f..t...... security-testing/vm/fc26/rpm/.gitignore
2018-09-28 18:28:19.033081 +0000 build-fedora4: .              6 100%    0.13kB/s    0:00:00  .              6 100%    0.13kB/s    0:00:00 (xfr#22, to-chk=7/1465)
2018-09-28 18:28:19.033103 +0000 build-fedora4: .d..t...... security-testing/vm/fc27/
2018-09-28 18:28:19.033117 +0000 build-fedora4: .d..t...... security-testing/vm/fc27/rpm/
2018-09-28 18:28:19.033132 +0000 build-fedora4: <f..t...... security-testing/vm/fc27/rpm/.gitignore
2018-09-28 18:28:19.033392 +0000 build-fedora4: .              6 100%    0.12kB/s    0:00:00  .              6 100%    0.12kB/s    0:00:00 (xfr#23, to-chk=5/1465)
2018-09-28 18:28:19.033413 +0000 build-fedora4: .d..t...... security-testing/vm/fc28/
2018-09-28 18:28:19.033428 +0000 build-fedora4: .d..t...... security-testing/vm/fc28/rpm/
2018-09-28 18:28:19.033442 +0000 build-fedora4: <f..t...... security-testing/vm/fc28/rpm/.gitignore
2018-09-28 18:28:19.033714 +0000 build-fedora4: .              6 100%    0.12kB/s    0:00:00  .              6 100%    0.12kB/s    0:00:00 (xfr#24, to-chk=3/1465)
2018-09-28 18:28:19.033736 +0000 build-fedora4: .d..t...... security-testing/vm/fc29/
2018-09-28 18:28:19.033752 +0000 build-fedora4: .L..t...... security-testing/vm/fc29/comps.xml -> ../../../comps-vm.xml
2018-09-28 18:28:19.033766 +0000 build-fedora4: .d..t...... security-testing/vm/fc29/rpm/
2018-09-28 18:28:19.033780 +0000 build-fedora4: <f..t...... security-testing/vm/fc29/rpm/.gitignore
2018-09-28 18:28:19.034108 +0000 build-fedora4: .              6 100%    0.12kB/s    0:00:00  .              6 100%    0.12kB/s    0:00:00 (xfr#25, to-chk=0/1465)
2018-09-28 18:28:19.636308 +0000 build-fedora4: --> Processing repo: r4.0/current/dom0/fc20...
2018-09-28 18:28:20.880041 +0000 build-fedora4: --> Processing repo: r4.0/current/dom0/fc25...
2018-09-28 18:31:30.760820 +0000 build-fedora4: --> Processing repo: r4.0/current/vm/centos7...
2018-09-28 18:31:40.183661 +0000 build-fedora4: --> Processing repo: r4.0/current/vm/fc17...
2018-09-28 18:31:41.424949 +0000 build-fedora4: --> Processing repo: r4.0/current/vm/fc20...
2018-09-28 18:31:42.663163 +0000 build-fedora4: --> Processing repo: r4.0/current/vm/fc21...
2018-09-28 18:31:43.901342 +0000 build-fedora4: --> Processing repo: r4.0/current/vm/fc22...
2018-09-28 18:31:45.143319 +0000 build-fedora4: --> Processing repo: r4.0/current/vm/fc23...
2018-09-28 18:31:46.384731 +0000 build-fedora4: --> Processing repo: r4.0/current/vm/fc24...
2018-09-28 18:31:55.306450 +0000 build-fedora4: --> Processing repo: r4.0/current/vm/fc25...
2018-09-28 18:32:04.145186 +0000 build-fedora4: --> Processing repo: r4.0/current/vm/fc26...
2018-09-28 18:32:13.732881 +0000 build-fedora4: --> Processing repo: r4.0/current/vm/fc27...
2018-09-28 18:32:18.280826 +0000 build-fedora4: --> Processing repo: r4.0/current/vm/fc28...
2018-09-28 18:32:22.829609 +0000 build-fedora4: --> Processing repo: r4.0/current/vm/fc29...
2018-09-28 18:32:24.071887 +0000 build-fedora4: Done.
2018-09-28 18:32:24.177895 +0000 build-fedora4: --> Processing repo: r4.0/current-testing/dom0/fc20...
2018-09-28 18:32:25.425078 +0000 build-fedora4: --> Processing repo: r4.0/current-testing/dom0/fc25...
2018-09-28 18:37:53.337709 +0000 build-fedora4: --> Processing repo: r4.0/current-testing/vm/centos7...
2018-09-28 18:38:22.575566 +0000 build-fedora4: --> Processing repo: r4.0/current-testing/vm/fc20...
2018-09-28 18:38:23.865813 +0000 build-fedora4: --> Processing repo: r4.0/current-testing/vm/fc21...
2018-09-28 18:38:25.136149 +0000 build-fedora4: --> Processing repo: r4.0/current-testing/vm/fc22...
2018-09-28 18:38:26.375315 +0000 build-fedora4: --> Processing repo: r4.0/current-testing/vm/fc23...
2018-09-28 18:38:27.632646 +0000 build-fedora4: --> Processing repo: r4.0/current-testing/vm/fc24...
2018-09-28 18:39:13.554176 +0000 build-fedora4: --> Processing repo: r4.0/current-testing/vm/fc25...
2018-09-28 18:39:59.391870 +0000 build-fedora4: --> Processing repo: r4.0/current-testing/vm/fc26...
2018-09-28 18:40:35.881839 +0000 build-fedora4: --> Processing repo: r4.0/current-testing/vm/fc27...
2018-09-28 18:40:42.964013 +0000 build-fedora4: --> Processing repo: r4.0/current-testing/vm/fc28...
2018-09-28 18:40:49.200264 +0000 build-fedora4: --> Processing repo: r4.0/current-testing/vm/fc29...
2018-09-28 18:40:50.443385 +0000 build-fedora4: Done.
2018-09-28 18:40:50.549082 +0000 build-fedora4: --> Processing repo: r4.0/security-testing/dom0/fc20...
2018-09-28 18:40:51.790724 +0000 build-fedora4: --> Processing repo: r4.0/security-testing/dom0/fc21...
2018-09-28 18:40:53.033902 +0000 build-fedora4: --> Processing repo: r4.0/security-testing/dom0/fc25...
2018-09-28 18:41:45.481899 +0000 build-fedora4: --> Processing repo: r4.0/security-testing/vm/centos7...
2018-09-28 18:41:55.833096 +0000 build-fedora4: --> Processing repo: r4.0/security-testing/vm/fc20...
2018-09-28 18:41:57.067165 +0000 build-fedora4: --> Processing repo: r4.0/security-testing/vm/fc21...
2018-09-28 18:41:58.315422 +0000 build-fedora4: --> Processing repo: r4.0/security-testing/vm/fc22...
2018-09-28 18:41:59.554238 +0000 build-fedora4: --> Processing repo: r4.0/security-testing/vm/fc23...
2018-09-28 18:42:00.841737 +0000 build-fedora4: --> Processing repo: r4.0/security-testing/vm/fc24...
2018-09-28 18:42:14.422433 +0000 build-fedora4: --> Processing repo: r4.0/security-testing/vm/fc25...
2018-09-28 18:42:28.027022 +0000 build-fedora4: --> Processing repo: r4.0/security-testing/vm/fc26...
2018-09-28 18:42:40.814288 +0000 build-fedora4: --> Processing repo: r4.0/security-testing/vm/fc27...
2018-09-28 18:42:43.447891 +0000 build-fedora4: --> Processing repo: r4.0/security-testing/vm/fc28...
2018-09-28 18:42:46.089283 +0000 build-fedora4: --> Processing repo: r4.0/security-testing/vm/fc29...
2018-09-28 18:42:47.326679 +0000 build-fedora4: Done.
2018-09-28 18:42:47.328987 +0000 build-fedora4: ~/builder-r4.0-dom0/qubes-src/linux-yum
2018-09-28 18:42:47.330473 +0000 build-fedora4: Makefile:758: update target 'update-repo-current' due to: internal-update-repo-current.dom0.fc25.meta-packages post-update-repo-current
2018-09-28 18:42:47.330509 +0000 build-fedora4: true
2018-09-28 18:42:47.333792 +0000 build-fedora4: > done
2018-09-28 18:42:47.334241 +0000 > closing log
