2022-12-05 14:57:11.688080 +0000 > starting log
2022-12-05 14:57:11.688502 +0000 build-fedora4: > starting build with log
2022-12-05 14:57:11.688529 +0000 build-fedora4: >> make args: update-repo-current
2022-12-05 14:57:11.688539 +0000 build-fedora4: >> MAKEFLAGS=
2022-12-05 14:57:11.688549 +0000 build-fedora4: >> COMPONENTS=core-agent-linux
2022-12-05 14:57:11.688556 +0000 build-fedora4: >> DISTS_VM=
2022-12-05 14:57:11.688564 +0000 build-fedora4: >> DIST_DOM0=
2022-12-05 14:57:11.688575 +0000 build-fedora4: >> qubes-builder eb4f67d9f92c16eed8301bfa571492a76aed6255
2022-12-05 14:57:11.688588 +0000 build-fedora4: >> qubes-builder/qubes-src/core-agent-linux 7d46cfa54da4238694525216546aa5edea7f2dc0
2022-12-05 14:57:12.161916 +0000 build-fedora4: ================================================================================
2022-12-05 14:57:12.161976 +0000 build-fedora4:                            B U I L D   I N F O                                  
2022-12-05 14:57:12.161994 +0000 build-fedora4: Items in red indicate it was automatically generated by configuration file(s)
2022-12-05 14:57:12.162008 +0000 build-fedora4: Items in white indicate it was automatically removed by configuration file(s)
2022-12-05 14:57:12.162020 +0000 build-fedora4: ================================================================================
2022-12-05 14:57:12.162051 +0000 build-fedora4: DISTS_VM:
2022-12-05 14:57:12.169170 +0000 build-fedora4:     
2022-12-05 14:57:12.178726 +0000 build-fedora4: DISTS_ALL:
2022-12-05 14:57:12.212444 +0000 build-fedora4:      dom0-fc32,
2022-12-05 14:57:12.232618 +0000 build-fedora4: DIST_DOM0:
2022-12-05 14:57:12.232666 +0000 build-fedora4:      fc32,
2022-12-05 14:57:12.232681 +0000 build-fedora4: BUILDER_PLUGINS:
2022-12-05 14:57:12.342727 +0000 build-fedora4:      builder-rpm, builder-debian, mgmt-salt, linux-yum, release-configs, builder-github,
2022-12-05 14:57:12.342794 +0000 build-fedora4: COMPONENTS:
2022-12-05 14:57:12.352037 +0000 build-fedora4:      core-agent-linux,
2022-12-05 14:57:12.352078 +0000 build-fedora4: GIT_REPOS:
2022-12-05 14:57:12.404535 +0000 build-fedora4:      qubes-src/core-agent-linux,
2022-12-05 14:57:12.404581 +0000 build-fedora4: TEMPLATE:
2022-12-05 14:57:12.404592 +0000 build-fedora4:     
2022-12-05 14:57:12.404600 +0000 build-fedora4: TEMPLATE_FLAVOR_DIR:
2022-12-05 14:57:12.404608 +0000 build-fedora4:     
2022-12-05 14:57:12.404615 +0000 build-fedora4: TEMPLATE_ALIAS:
2022-12-05 14:57:12.411254 +0000 build-fedora4:      stretch:stretch+standard, stretch+gnome:stretch+gnome+standard,
2022-12-05 14:57:12.411300 +0000 build-fedora4:      stretch+minimal:stretch+minimal+no-recommends, buster:buster+standard,
2022-12-05 14:57:12.411316 +0000 build-fedora4:      buster+gnome:buster+gnome+standard, buster+minimal:buster+minimal+no-recommends,
2022-12-05 14:57:12.411331 +0000 build-fedora4:      bullseye:bullseye+standard+firmware, bullseye+gnome:bullseye+gnome+standard+firmware,
2022-12-05 14:57:12.411343 +0000 build-fedora4:      bullseye+minimal:bullseye+minimal+no-recommends, bookworm:bookworm+standard,
2022-12-05 14:57:12.411356 +0000 build-fedora4:      bookworm+gnome:bookworm+gnome+standard, bookworm+minimal:bookworm+minimal+no-recommends,
2022-12-05 14:57:12.411380 +0000 build-fedora4:      bionic:bionic+standard, focal:focal+standard, whonix-gateway-15:buster+whonix-gateway+minimal+no-recommends,
2022-12-05 14:57:12.411393 +0000 build-fedora4:      whonix-workstation-15:buster+whonix-workstation+minimal+no-recommends,
2022-12-05 14:57:12.411404 +0000 build-fedora4:      whonix-gateway-16:bullseye+whonix-gateway+minimal+no-recommends,
2022-12-05 14:57:12.411416 +0000 build-fedora4:      whonix-workstation-16:bullseye+whonix-workstation+minimal+no-recommends,
2022-12-05 14:57:12.411424 +0000 build-fedora4: TEMPLATE_LABEL:
2022-12-05 14:57:12.419415 +0000 build-fedora4:      fc34:fedora-34 fc35:fedora-35 fc36:fedora-36 fc34+minimal:fedora-34-minimal fc35+minimal:fedora-35-minimal
2022-12-05 14:57:12.419464 +0000 build-fedora4:      fc36+minimal:fedora-36-minimal fc34+xfce:fedora-34-xfce fc35+xfce:fedora-35-xfce fc36+xfce:fedora-36-xfce
2022-12-05 14:57:12.419503 +0000 build-fedora4:      stretch:debian-9 stretch+standard:debian-9 stretch+xfce:debian-9-xfce buster:debian-10
2022-12-05 14:57:12.419520 +0000 build-fedora4:      buster+standard:debian-10 buster+xfce:debian-10-xfce bullseye:debian-11 bullseye+standard+firmware:debian-11
2022-12-05 14:57:12.419538 +0000 build-fedora4:      bullseye+xfce:debian-11-xfce bookworm:debian-12 bookworm+standard:debian-12 bookworm+xfce:debian-12-xfce
2022-12-05 14:57:12.419552 +0000 build-fedora4:      bionic+standard:bionic focal+standard:focal buster+whonix-gateway+minimal+no-recommends:whonix-gw-15
2022-12-05 14:57:12.419568 +0000 build-fedora4:      buster+whonix-workstation+minimal+no-recommends:whonix-ws-15
2022-12-05 14:57:12.419579 +0000 build-fedora4:      bullseye+whonix-gateway+minimal+no-recommends:whonix-gw-16
2022-12-05 14:57:12.419591 +0000 build-fedora4:      bullseye+whonix-workstation+minimal+no-recommends:whonix-ws-16 centos7:centos-7
2022-12-05 14:57:12.419604 +0000 build-fedora4:      centos7+minimal:centos-7-minimal centos7+xfce:centos-7-xfce centos-stream8:centos-stream-8
2022-12-05 14:57:12.419617 +0000 build-fedora4:      centos-stream8+minimal:centos-stream-8-minimal centos-stream8+xfce:centos-stream-8-xfce
2022-12-05 14:57:12.491886 +0000 build-fedora4: > running make
2022-12-05 14:57:12.581927 +0000 build-fedora4: Makefile:915: target 'internal-update-repo-current.dom0.fc32.core-agent-linux' does not exist
2022-12-05 14:57:12.581978 +0000 build-fedora4: true
2022-12-05 14:57:12.581993 +0000 build-fedora4: Makefile:923: target 'post-update-repo-current' does not exist
2022-12-05 14:57:12.582002 +0000 build-fedora4: for dist in fc32 ; do \
2022-12-05 14:57:12.582013 +0000 build-fedora4: .repo_base_var="LINUX_REPO_${dist//-/_}_BASEDIR"; \
2022-12-05 14:57:12.582022 +0000 build-fedora4: .if [ -n "${!repo_base_var}" ]; then \
2022-12-05 14:57:12.582055 +0000 build-fedora4: ..repo_basedir="${!repo_base_var}"; \
2022-12-05 14:57:12.582062 +0000 build-fedora4: .else \
2022-12-05 14:57:12.582072 +0000 build-fedora4: ..repo_basedir="qubes-src/linux-yum/r4.1"; \
2022-12-05 14:57:12.582079 +0000 build-fedora4: .fi; \
2022-12-05 14:57:12.582089 +0000 build-fedora4: .repos_to_update="$repos_to_update $repo_basedir"; \
2022-12-05 14:57:12.582096 +0000 build-fedora4: done; \
2022-12-05 14:57:12.582103 +0000 build-fedora4: pkgset_dist= ; \
2022-12-05 14:57:12.582111 +0000 build-fedora4: for dist in fc32; do \
2022-12-05 14:57:12.582120 +0000 build-fedora4: .pkgset_dist="$pkgset_dist dom0/$dist"; \
2022-12-05 14:57:12.582127 +0000 build-fedora4: done; \
2022-12-05 14:57:12.582135 +0000 build-fedora4: for dist in ; do \
2022-12-05 14:57:12.582144 +0000 build-fedora4: .pkgset_dist="$pkgset_dist vm/$dist"; \
2022-12-05 14:57:12.582151 +0000 build-fedora4: done; \
2022-12-05 14:57:12.582162 +0000 build-fedora4: for repo in `echo $repos_to_update|tr ' ' '\n'|sort|uniq`; do \
2022-12-05 14:57:12.582170 +0000 build-fedora4: .[ -z "$repo" ] && continue; \
2022-12-05 14:57:12.582180 +0000 build-fedora4: .[ -x "$repo/../update_repo-current.sh" ] || continue; \
2022-12-05 14:57:12.582191 +0000 build-fedora4: .(cd $repo/.. && ./update_repo-current.sh r4.1 $pkgset_dist); \
2022-12-05 14:57:12.582198 +0000 build-fedora4: done
2022-12-05 14:57:12.619019 +0000 build-fedora4: ~/builder-r4.1-dom0/qubes-src/linux-yum ~/builder-r4.1-dom0/qubes-src/linux-yum
2022-12-05 14:57:12.720158 +0000 build-fedora4: --> Processing repo: r4.1/current/dom0/fc32...
2022-12-05 14:57:12.904609 +0000 build-fedora4: warning: Found bdb_ro Packages database while attempting sqlite backend: using bdb_ro backend.
2022-12-05 14:59:14.323249 +0000 build-fedora4: Done.
2022-12-05 14:59:14.334619 +0000 build-fedora4: ~/builder-r4.1-dom0/qubes-src/linux-yum ~/builder-r4.1-dom0/qubes-src/linux-yum
2022-12-05 14:59:14.342065 +0000 build-fedora4: Syncing r4.1...
2022-12-05 14:59:15.437029 +0000 build-fedora4: sending incremental file list
2022-12-05 14:59:15.584882 +0000 build-fedora4: .d..t...... fc32/
2022-12-05 14:59:15.584957 +0000 build-fedora4: <f..t...... fc32/repodata/repomd.xml.asc
2022-12-05 14:59:15.585453 +0000 build-fedora4: .            833 100%    0.00kB/s    0:00:00  .            833 100%    0.00kB/s    0:00:00 (xfr#1, to-chk=2386/2401)
2022-12-05 14:59:16.215694 +0000 build-fedora4: Makefile:819: update target 'update-repo-current' due to: internal-update-repo-current.dom0.fc32.core-agent-linux post-update-repo-current
2022-12-05 14:59:16.215739 +0000 build-fedora4: true
2022-12-05 14:59:16.217770 +0000 build-fedora4: > done
2022-12-05 14:59:16.217816 +0000 > closing log
