2021-11-04 17:59:08.971263 +0000 > starting log
2021-11-04 17:59:08.971602 +0000 build-fedora4: > starting build with log
2021-11-04 17:59:08.971615 +0000 build-fedora4: >> make args: update-repo-current
2021-11-04 17:59:08.971623 +0000 build-fedora4: >> MAKEFLAGS=
2021-11-04 17:59:08.971653 +0000 build-fedora4: >> COMPONENTS=core-agent-linux
2021-11-04 17:59:08.971660 +0000 build-fedora4: >> DISTS_VM=
2021-11-04 17:59:08.971666 +0000 build-fedora4: >> DIST_DOM0=
2021-11-04 17:59:08.971675 +0000 build-fedora4: >> qubes-builder 61b94b1f0930c8b4324f606541784afc252e7d6e
2021-11-04 17:59:08.971685 +0000 build-fedora4: >> qubes-builder/qubes-src/core-agent-linux b8016fbd6d889e10da5ffd1c52fe9146f9b84a85
2021-11-04 17:59:08.971695 +0000 build-fedora4: ================================================================================
2021-11-04 17:59:08.971704 +0000 build-fedora4:                            B U I L D   I N F O                                  
2021-11-04 17:59:08.971714 +0000 build-fedora4: Items in red indicate it was automatically generated by configuration file(s)
2021-11-04 17:59:08.971723 +0000 build-fedora4: Items in white indicate it was automatically removed by configuration file(s)
2021-11-04 17:59:08.971732 +0000 build-fedora4: ================================================================================
2021-11-04 17:59:08.971738 +0000 build-fedora4: DISTS_VM:
2021-11-04 17:59:08.971743 +0000 build-fedora4:     
2021-11-04 17:59:08.971752 +0000 build-fedora4: DISTS_ALL:
2021-11-04 17:59:08.971758 +0000 build-fedora4:      dom0-fc25,
2021-11-04 17:59:08.971764 +0000 build-fedora4: DIST_DOM0:
2021-11-04 17:59:08.971769 +0000 build-fedora4:      fc25,
2021-11-04 17:59:08.971775 +0000 build-fedora4: BUILDER_PLUGINS:
2021-11-04 17:59:08.971785 +0000 build-fedora4:      builder-rpm, builder-debian, mgmt-salt, linux-yum, release-configs, builder-github,
2021-11-04 17:59:08.971791 +0000 build-fedora4: COMPONENTS:
2021-11-04 17:59:08.971797 +0000 build-fedora4:      core-agent-linux,
2021-11-04 17:59:08.971802 +0000 build-fedora4: GIT_REPOS:
2021-11-04 17:59:08.971809 +0000 build-fedora4:      qubes-src/core-agent-linux,
2021-11-04 17:59:08.971815 +0000 build-fedora4: TEMPLATE:
2021-11-04 17:59:08.971820 +0000 build-fedora4:     
2021-11-04 17:59:08.971826 +0000 build-fedora4: TEMPLATE_FLAVOR_DIR:
2021-11-04 17:59:08.971831 +0000 build-fedora4:     
2021-11-04 17:59:08.971837 +0000 build-fedora4: TEMPLATE_ALIAS:
2021-11-04 17:59:08.971846 +0000 build-fedora4:      stretch:stretch+standard, stretch+gnome:stretch+gnome+standard,
2021-11-04 17:59:08.971857 +0000 build-fedora4:      stretch+minimal:stretch+minimal+no-recommends, buster:buster+standard, buster+gnome:buster+gnome+standard,
2021-11-04 17:59:08.971866 +0000 build-fedora4:      buster+minimal:buster+minimal+no-recommends, bullseye:bullseye+standard,
2021-11-04 17:59:08.971880 +0000 build-fedora4:      bullseye+gnome:bullseye+gnome+standard, bullseye+minimal:bullseye+minimal+no-recommends,
2021-11-04 17:59:08.971892 +0000 build-fedora4:      bionic:bionic+standard, focal:focal+standard, whonix-gateway-15:buster+whonix-gateway+minimal+no-recommends,
2021-11-04 17:59:08.971901 +0000 build-fedora4:      whonix-workstation-15:buster+whonix-workstation+minimal+no-recommends,
2021-11-04 17:59:08.971910 +0000 build-fedora4:      whonix-gateway-16:bullseye+whonix-gateway+minimal+no-recommends,
2021-11-04 17:59:08.971919 +0000 build-fedora4:      whonix-workstation-16:bullseye+whonix-workstation+minimal+no-recommends,
2021-11-04 17:59:08.971928 +0000 build-fedora4:      whonix-gateway:jessie+whonix-gateway+minimal+no-recommends,
2021-11-04 17:59:08.971937 +0000 build-fedora4:      whonix-workstation:jessie+whonix-workstation+minimal+no-recommends,
2021-11-04 17:59:08.971942 +0000 build-fedora4: TEMPLATE_LABEL:
2021-11-04 17:59:08.971952 +0000 build-fedora4:      fc25:fedora-25 fc32:fedora-32 fc33:fedora-33 fc34:fedora-34 fc35:fedora-35
2021-11-04 17:59:08.971962 +0000 build-fedora4:      fc32+minimal:fedora-32-minimal fc33+minimal:fedora-33-minimal fc34+minimal:fedora-34-minimal
2021-11-04 17:59:08.971980 +0000 build-fedora4:      fc35+minimal:fedora-35-minimal fc32+xfce:fedora-32-xfce fc33+xfce:fedora-33-xfce fc34+xfce:fedora-34-xfce
2021-11-04 17:59:08.971991 +0000 build-fedora4:      fc35+xfce:fedora-35-xfce stretch:debian-9 stretch+standard:debian-9 stretch+xfce:debian-9-xfce
2021-11-04 17:59:08.972002 +0000 build-fedora4:      buster:debian-10 buster+standard:debian-10 buster+xfce:debian-10-xfce bullseye:debian-11
2021-11-04 17:59:08.972011 +0000 build-fedora4:      bullseye+standard:debian-11 bullseye+xfce:debian-11-xfce bionic+standard:bionic
2021-11-04 17:59:08.972021 +0000 build-fedora4:      focal+standard:focal buster+whonix-gateway+minimal+no-recommends:whonix-gw-15
2021-11-04 17:59:08.972029 +0000 build-fedora4:      buster+whonix-workstation+minimal+no-recommends:whonix-ws-15
2021-11-04 17:59:08.972038 +0000 build-fedora4:      bullseye+whonix-gateway+minimal+no-recommends:whonix-gw-16
2021-11-04 17:59:08.972046 +0000 build-fedora4:      bullseye+whonix-workstation+minimal+no-recommends:whonix-ws-16
2021-11-04 17:59:08.972056 +0000 build-fedora4:      centos7:centos-7 centos7+minimal:centos-7-minimal centos7+xfce:centos-7-xfce
2021-11-04 17:59:08.972065 +0000 build-fedora4:      centos-stream8:centos-stream-8 centos-stream8+minimal:centos-stream-8-minimal
2021-11-04 17:59:08.972076 +0000 build-fedora4:      centos-stream8+xfce:centos-stream-8-xfce jessie+whonix-gateway+minimal+no-recommends:whonix-gw
2021-11-04 17:59:08.972084 +0000 build-fedora4:      jessie+whonix-workstation+minimal+no-recommends:whonix-ws
2021-11-04 17:59:08.972090 +0000 build-fedora4: > running make
2021-11-04 17:59:08.972100 +0000 build-fedora4: Makefile:915: target 'internal-update-repo-current.dom0.fc25.core-agent-linux' does not exist
2021-11-04 17:59:08.972105 +0000 build-fedora4: true
2021-11-04 17:59:08.972114 +0000 build-fedora4: Makefile:923: target 'post-update-repo-current' does not exist
2021-11-04 17:59:08.972120 +0000 build-fedora4: for dist in fc25 ; do \
2021-11-04 17:59:08.972129 +0000 build-fedora4: .repo_base_var="LINUX_REPO_${dist//-/_}_BASEDIR"; \
2021-11-04 17:59:08.972136 +0000 build-fedora4: .if [ -n "${!repo_base_var}" ]; then \
2021-11-04 17:59:08.972143 +0000 build-fedora4: ..repo_basedir="${!repo_base_var}"; \
2021-11-04 17:59:08.972149 +0000 build-fedora4: .else \
2021-11-04 17:59:08.972156 +0000 build-fedora4: ..repo_basedir="qubes-src/linux-yum/r4.0"; \
2021-11-04 17:59:08.972162 +0000 build-fedora4: .fi; \
2021-11-04 17:59:08.972170 +0000 build-fedora4: .repos_to_update="$repos_to_update $repo_basedir"; \
2021-11-04 17:59:08.972175 +0000 build-fedora4: done; \
2021-11-04 17:59:08.972181 +0000 build-fedora4: pkgset_dist= ; \
2021-11-04 17:59:08.972187 +0000 build-fedora4: for dist in fc25; do \
2021-11-04 17:59:08.972195 +0000 build-fedora4: .pkgset_dist="$pkgset_dist dom0/$dist"; \
2021-11-04 17:59:08.972200 +0000 build-fedora4: done; \
2021-11-04 17:59:08.972206 +0000 build-fedora4: for dist in ; do \
2021-11-04 17:59:08.972213 +0000 build-fedora4: .pkgset_dist="$pkgset_dist vm/$dist"; \
2021-11-04 17:59:08.972219 +0000 build-fedora4: done; \
2021-11-04 17:59:08.972227 +0000 build-fedora4: for repo in `echo $repos_to_update|tr ' ' '\n'|sort|uniq`; do \
2021-11-04 17:59:08.972234 +0000 build-fedora4: .[ -z "$repo" ] && continue; \
2021-11-04 17:59:08.972242 +0000 build-fedora4: .[ -x "$repo/../update_repo-current.sh" ] || continue; \
2021-11-04 17:59:08.972251 +0000 build-fedora4: .(cd $repo/.. && ./update_repo-current.sh r4.0 $pkgset_dist); \
2021-11-04 17:59:08.972256 +0000 build-fedora4: done
2021-11-04 17:59:08.972266 +0000 build-fedora4: ~/builder-r4.0-dom0/qubes-src/linux-yum ~/builder-r4.0-dom0/qubes-src/linux-yum
2021-11-04 17:59:08.972274 +0000 build-fedora4: --> Processing repo: r4.0/current/dom0/fc25...
2021-11-04 17:59:09.042700 +0000 build-fedora4: warning: Found bdb Packages database while attempting sqlite backend: using bdb backend.
2021-11-04 18:02:56.819190 +0000 build-fedora4: Done.
2021-11-04 18:02:56.848206 +0000 build-fedora4: ~/builder-r4.0-dom0/qubes-src/linux-yum ~/builder-r4.0-dom0/qubes-src/linux-yum
2021-11-04 18:02:56.873481 +0000 build-fedora4: Syncing r4.0...
2021-11-04 18:02:57.104872 +0000 build-fedora4: sending incremental file list
2021-11-04 18:02:57.263781 +0000 build-fedora4: .d..t...... fc25/
2021-11-04 18:02:57.263825 +0000 build-fedora4: .d..t...... fc25/repodata/
2021-11-04 18:02:57.263840 +0000 build-fedora4: <f..t...... fc25/repodata/1bf44b832bacc79928960c0a206cc7a8c95783912ca75e2bc43aea7d4cd7ffe4-primary.sqlite.bz2
2021-11-04 18:02:57.269565 +0000 build-fedora4: .          1,104   0%    0.00kB/s    0:00:00  .      1,228,831 100%  167.26MB/s    0:00:00 (xfr#1, to-chk=623/629)
2021-11-04 18:02:57.270662 +0000 build-fedora4: <f..t...... fc25/repodata/1f3c0544fa6d859452c318825747c1d31fa118c0b2ff8efc973d843e95317bca-primary.xml.gz
2021-11-04 18:02:57.315031 +0000 build-fedora4: .            704   0%   85.94kB/s    0:00:05  .        505,021 100%   10.03MB/s    0:00:00 (xfr#2, to-chk=622/629)
2021-11-04 18:02:57.375608 +0000 build-fedora4: <f..t...... fc25/repodata/6ef85565b0e247c3d05c032e4041d24dc5b6c2a9aebfc9cf6fa87487e828fe3d-filelists.sqlite.bz2
2021-11-04 18:02:57.409696 +0000 build-fedora4: .          2,160   0%   18.67kB/s    0:04:10  .      4,675,891 100%   31.40MB/s    0:00:00 (xfr#3, to-chk=621/629)
2021-11-04 18:02:57.433841 +0000 build-fedora4: <f..t...... fc25/repodata/852e5d83ba034d06e60a24b7b879cb431067a79377b8b148b0bcbf3dc4a29af7-other.xml.gz
2021-11-04 18:02:57.492166 +0000 build-fedora4: .            700   0%    4.62kB/s    0:00:22  .        102,802 100%  673.78kB/s    0:00:00 (xfr#4, to-chk=620/629)
2021-11-04 18:02:57.492214 +0000 build-fedora4: <f..t...... fc25/repodata/8b2550c1db7af42ce99997bb7954c361f51375531b72eda530907e96d474a24c-comps.xml.gz
2021-11-04 18:02:57.492230 +0000 build-fedora4: .            700   2%    4.59kB/s    0:00:05  .         25,031 100%  164.06kB/s    0:00:00 (xfr#5, to-chk=619/629)
2021-11-04 18:02:57.492242 +0000 build-fedora4: <f..t...... fc25/repodata/cab0b529680d3b14b18c7465244bd9096e84a25b978cfb013d43d8cdab943d54-filelists.xml.gz
2021-11-04 18:02:57.556270 +0000 build-fedora4: .          1,896   0%   12.43kB/s    0:04:50  .      3,616,423 100%   11.69MB/s    0:00:00 (xfr#6, to-chk=618/629)
2021-11-04 18:02:57.571182 +0000 build-fedora4: <f..t...... fc25/repodata/cc8e293329fe8a87fba438a33e4ac1e7bf475f8d88ae2eda8594afa89eaedd61-other.sqlite.bz2
2021-11-04 18:02:57.581835 +0000 build-fedora4: .            700   0%    2.22kB/s    0:01:13  .        163,762 100%  509.31kB/s    0:00:00 (xfr#7, to-chk=617/629)
2021-11-04 18:02:57.581876 +0000 build-fedora4: <f..t...... fc25/repodata/f15fa1ccf8fdbf0b8c36ad359aae7b9d471f8a1ce2549fed9c473a13b7dfe65d-comps.xml
2021-11-04 18:02:57.581891 +0000 build-fedora4: .            700   0%    2.15kB/s    0:00:48  .        106,001 100%  325.52kB/s    0:00:00 (xfr#8, to-chk=616/629)
2021-11-04 18:02:57.595097 +0000 build-fedora4: <f..t...... fc25/repodata/repomd.xml
2021-11-04 18:02:57.595140 +0000 build-fedora4: .          3,870 100%   11.70kB/s    0:00:00  .          3,870 100%   11.70kB/s    0:00:00 (xfr#9, to-chk=615/629)
2021-11-04 18:02:57.595151 +0000 build-fedora4: <f..t...... fc25/repodata/repomd.xml.asc
2021-11-04 18:02:57.595164 +0000 build-fedora4: .            833 100%    2.52kB/s    0:00:00  .            833 100%    2.52kB/s    0:00:00 (xfr#10, to-chk=614/629)
2021-11-04 18:02:58.161893 +0000 build-fedora4: Makefile:819: update target 'update-repo-current' due to: internal-update-repo-current.dom0.fc25.core-agent-linux post-update-repo-current
2021-11-04 18:02:58.161938 +0000 build-fedora4: true
2021-11-04 18:02:58.168319 +0000 build-fedora4: > done
2021-11-04 18:02:58.168355 +0000 > closing log
