2018-12-17 06:46:18.337923 +0000 > starting log
2018-12-17 06:46:18.339100 +0000 build-fedora4: > starting build with log
2018-12-17 06:46:18.339124 +0000 build-fedora4: >> make args: update-repo-templates-itl
2018-12-17 06:46:18.339139 +0000 build-fedora4: >> MAKEFLAGS=
2018-12-17 06:46:18.339152 +0000 build-fedora4: >> COMPONENTS=linux-template-builder
2018-12-17 06:46:18.339163 +0000 build-fedora4: >> DISTS_VM=
2018-12-17 06:46:18.339174 +0000 build-fedora4: >> DIST_DOM0=fc25
2018-12-17 06:46:18.339187 +0000 build-fedora4: >> qubes-builder e3d182dad4630217240441337f74697610113747
2018-12-17 06:46:18.339198 +0000 build-fedora4: ?? rpmdb/Basenames
2018-12-17 06:46:18.339209 +0000 build-fedora4: ?? rpmdb/Conflictname
2018-12-17 06:46:18.339220 +0000 build-fedora4: ?? rpmdb/Dirnames
2018-12-17 06:46:18.339231 +0000 build-fedora4: ?? rpmdb/Enhancename
2018-12-17 06:46:18.339243 +0000 build-fedora4: ?? rpmdb/Filetriggername
2018-12-17 06:46:18.339253 +0000 build-fedora4: ?? rpmdb/Group
2018-12-17 06:46:18.339264 +0000 build-fedora4: ?? rpmdb/Installtid
2018-12-17 06:46:18.339275 +0000 build-fedora4: ?? rpmdb/Name
2018-12-17 06:46:18.339286 +0000 build-fedora4: ?? rpmdb/Obsoletename
2018-12-17 06:46:18.339296 +0000 build-fedora4: ?? rpmdb/Packages
2018-12-17 06:46:18.339307 +0000 build-fedora4: ?? rpmdb/Providename
2018-12-17 06:46:18.339318 +0000 build-fedora4: ?? rpmdb/Recommendname
2018-12-17 06:46:18.339329 +0000 build-fedora4: ?? rpmdb/Requirename
2018-12-17 06:46:18.339340 +0000 build-fedora4: ?? rpmdb/Sha1header
2018-12-17 06:46:18.339350 +0000 build-fedora4: ?? rpmdb/Sigmd5
2018-12-17 06:46:18.339361 +0000 build-fedora4: ?? rpmdb/Suggestname
2018-12-17 06:46:18.339372 +0000 build-fedora4: ?? rpmdb/Supplementname
2018-12-17 06:46:18.339383 +0000 build-fedora4: ?? rpmdb/Transfiletriggername
2018-12-17 06:46:18.349310 +0000 build-fedora4: ?? rpmdb/Triggername
2018-12-17 06:46:18.349352 +0000 build-fedora4: ?? rpmdb/__db.001
2018-12-17 06:46:18.349367 +0000 build-fedora4: ?? rpmdb/__db.002
2018-12-17 06:46:18.349379 +0000 build-fedora4: ?? rpmdb/__db.003
2018-12-17 06:46:18.349398 +0000 build-fedora4: 13ba59cedb4aefd75ebcee4a368f06945260650c16fd93d3b5a9258b6eaccc611c1096d0ebd70e4a891cf2508b40f2322e579074136568caf44ace93a57e329c  rpmdb/Basenames
2018-12-17 06:46:18.349418 +0000 build-fedora4: 32e3d62c25a4b8c84f173bc44b52e8af71c2d019dd6220a56d7b5495f695160dd517f23665d537bdeedd18664c28aa05bd6387ec4e9399cb04625aff775fb7af  rpmdb/Conflictname
2018-12-17 06:46:18.349437 +0000 build-fedora4: e10d96467084938d2ad3398ef54aa9e9ad756ee401d00fc64a196c7ee2b09f97dfa33bee18946412dfa5259d7df1b838ae0f82c2f8c9a215fd023a4add76e8ed  rpmdb/Dirnames
2018-12-17 06:46:18.349457 +0000 build-fedora4: 10cb2ab2529b0fdba4e500a255b9432123606ca36f1182a4b5c7338db10b9fac6a1337bc5fb86dbf7fe4eff1e83aa2fe37a955552652f509a46ce6ed10ffa0ac  rpmdb/Enhancename
2018-12-17 06:46:18.349476 +0000 build-fedora4: f0c8bc7e30c8ae86c4de7d6ce151efa7c327ae71608753380236e080c6c7b88f7f87b7c1369bf57e35cf1a22a7c730441b7dfce39a9501d3908079b22b7f6703  rpmdb/Filetriggername
2018-12-17 06:46:18.349494 +0000 build-fedora4: 67264f2e840d05017dcb4331d6bd90bfbc0abefbb231f237a8f1f5aee8e5e5301e6c25612d4785eb8d94bd8118b0ef0e7a864a8e9014e6d02073705eb7cabfba  rpmdb/Group
2018-12-17 06:46:18.349513 +0000 build-fedora4: 0bddc519c9417b5bf2f09a36aa5593ff9f9dd0e1ca4cf79125f7fdc9a41687340212b6dc08c7c050a3b4717815a1ac1ee3578fc9635abfb60685f84f89456d6b  rpmdb/Installtid
2018-12-17 06:46:18.349531 +0000 build-fedora4: 5ac4d17299a955d0a49d40b1f6cf63d79dee84bbda1519efc3540f4eef76893f6328f57b94c11ab3ff9a3e75b52d9a76a47a7fda047a708c22679236965fbbda  rpmdb/Name
2018-12-17 06:46:18.349549 +0000 build-fedora4: 0e0862f7e7675874ddd414ca7012dd160cbca60128266259f846d94ee5cce85e7594445d0a05444857e49ab8677224be9ff8556e86dd30e995c60522a7051701  rpmdb/Obsoletename
2018-12-17 06:46:18.349570 +0000 build-fedora4: cf8e933da4096cdb553c7a98269de6e592820fea545d6fc38bcdbf6ea49d3193fd644924f3b8446d250989a0e92076e202c03eada0160f9f5c8abdea4b99d4a4  rpmdb/Packages
2018-12-17 06:46:18.349589 +0000 build-fedora4: da72f1eb5ebd38e7c88827d29a75d7908d8bacdc4ee9b6836216d4319046262ed67aabf90434eee76180c8ab9d54d26a9791609558605975c3bdf85f3717e04d  rpmdb/Providename
2018-12-17 06:46:18.349623 +0000 build-fedora4: 4383228d9622cb3b603ce8fc08efa27ac2800e32ff4ba65c1e8275650463beea4c4d08beac525df4b7081e07dce3a3d8aabe1a5964aad273c423f0c779e5cc13  rpmdb/Recommendname
2018-12-17 06:46:18.349643 +0000 build-fedora4: e97451492fa6647d3a6f628e3a72787d46f60eae106ef7cfa90fc0b592b190dce03b55f71a3378e98bf50faaa6a9ff5606893bbd33104281e70ca0cca8aea6f6  rpmdb/Requirename
2018-12-17 06:46:18.349661 +0000 build-fedora4: 553813917ba501658b7ff44889b6a7c5119532304267e2b80b798882a47f708801263407f7f1bbf511bf483052811303982f8894fa1840a4d0912fc68fa4d286  rpmdb/Sha1header
2018-12-17 06:46:18.349680 +0000 build-fedora4: 9d99a8fa657fc514126f8f1a3a46a18ed23a4e34f31e37688e26d441fc9921d809ddcb242e634d4f1e5be7baaaa15b336e4b781eb3f942751b7abbbd5a681b1d  rpmdb/Sigmd5
2018-12-17 06:46:18.349698 +0000 build-fedora4: f207f20abeb25e6dee34bc493da120c5136f3655e109974a7a02f6833e154d22488f1d176506b16828ba1051ac8a53c67ffcfc0def869344688bfc7d1a9e15f8  rpmdb/Suggestname
2018-12-17 06:46:18.349716 +0000 build-fedora4: f3b2b6be6a9259bd10d462b31c8c3f134a617cc286d60f0aba54895ad143584530155f94f1f3379651063772b006f6777e00141957714ab19088c0d30cda8f92  rpmdb/Supplementname
2018-12-17 06:46:18.349736 +0000 build-fedora4: 7aeaf1c30ec44b09a3fa6119c916510e30b49a8cae96b56eef834fed0baf1a2f73f16ba32291ffe075f27eb9bd73a21783c12629d63c6043d59af4a1ab84ca6d  rpmdb/Transfiletriggername
2018-12-17 06:46:18.349755 +0000 build-fedora4: acdcb565daeaed55740986614e13badbef7bf54ce15464254de19f97ac1aeb6783e87182b36d9429b4693d0c48fe99ecb56442f713443ca6f74c2f646e76d2d2  rpmdb/Triggername
2018-12-17 06:46:18.349777 +0000 build-fedora4: 1765ee3ea90c72e3f288e983bd9820a61979aae5750ffc6ce430fe138f93b1205388c52f08e82ed8ff27a82c778088035e5146dbdf77c79a373ffaf19f79e37a  rpmdb/__db.001
2018-12-17 06:46:18.349795 +0000 build-fedora4: c942d579df547656661a064e45043319e4addb11989afa2f8edddbb520e72ffbf121ecd1587b437cc4ea25325588325dc92dadec31564827beebc5de6041e063  rpmdb/__db.002
2018-12-17 06:46:18.349813 +0000 build-fedora4: ee2041240eb94e8c9834a86ad61f6dd19cad536c2974711655ba0aa99f6035c5c0874c225d01575d6f9042f81f9b522357214ce2b8e7c10dfcfedf7c079b1c09  rpmdb/__db.003
2018-12-17 06:46:18.353510 +0000 build-fedora4: >> qubes-builder/qubes-src/linux-template-builder 8b6f0e0e1ff3bfffe5e65cd629726155d77fefd4
2018-12-17 06:46:18.373772 +0000 build-fedora4: !! build_timestamp_debian-8
2018-12-17 06:46:18.373811 +0000 build-fedora4: !! build_timestamp_debian-9
2018-12-17 06:46:18.373827 +0000 build-fedora4: !! build_timestamp_fc28-xfce
2018-12-17 06:46:18.373840 +0000 build-fedora4: !! build_timestamp_fedora-25
2018-12-17 06:46:18.373853 +0000 build-fedora4: !! build_timestamp_fedora-25-minimal
2018-12-17 06:46:18.373866 +0000 build-fedora4: !! build_timestamp_fedora-26
2018-12-17 06:46:18.373878 +0000 build-fedora4: !! build_timestamp_fedora-26-minimal
2018-12-17 06:46:18.373890 +0000 build-fedora4: !! build_timestamp_fedora-27
2018-12-17 06:46:18.373902 +0000 build-fedora4: !! build_timestamp_fedora-27-minimal
2018-12-17 06:46:18.373913 +0000 build-fedora4: !! build_timestamp_fedora-28
2018-12-17 06:46:18.373925 +0000 build-fedora4: !! build_timestamp_fedora-28-minimal
2018-12-17 06:46:18.373950 +0000 build-fedora4: !! build_timestamp_fedora-29
2018-12-17 06:46:18.373963 +0000 build-fedora4: !! build_timestamp_fedora-29-minimal
2018-12-17 06:46:18.373974 +0000 build-fedora4: !! build_timestamp_whonix-gw
2018-12-17 06:46:18.373986 +0000 build-fedora4: !! build_timestamp_whonix-gw-14
2018-12-17 06:46:18.373998 +0000 build-fedora4: !! build_timestamp_whonix-ws
2018-12-17 06:46:18.374009 +0000 build-fedora4: !! build_timestamp_whonix-ws-14
2018-12-17 06:46:18.374029 +0000 build-fedora4: b1e4259af3c9438af8703701934fe9d5ba412d67566b1db69c9995d10b085e01d85921195e6fdde65e2e7f4dbda849f4f0de64b5ec9dd0a5ba07dfa22d3340c0  build_timestamp_debian-8
2018-12-17 06:46:18.374634 +0000 build-fedora4: 9721f14d179517603d942f62f5b636332728310a623ca4097478e381d0791845fd1f7f70a154f36f10c813e02e200fbad62098dc31942d81f890a306fec80e34  build_timestamp_debian-9
2018-12-17 06:46:18.375368 +0000 build-fedora4: d11416dc82196307c3088847ec0168646eed5eb5705f4d60fc6fdddbdf76d2d50ca4fae725792298091796f2277c79f71129ae8e72f1e8a378645c1cbfdf8a5a  build_timestamp_fc28-xfce
2018-12-17 06:46:18.380054 +0000 build-fedora4: 33c16b7136bdc30d9c3a655db8e03d8ff5d9c65c8a990376e60039810ce40d306d5c03107d7bf478bc9b6f35c7560bd90239d77e5aa360a61afcc635270a647a  build_timestamp_fedora-25
2018-12-17 06:46:18.380100 +0000 build-fedora4: 3ead12f086eef35e9aa898c8325a0fc701116ea049d46ac8590b4d1512c0a97067bd882b3c002e8e826ac8a5c854b5da7e5305dbf791b43d7ae56b4c83e7237c  build_timestamp_fedora-25-minimal
2018-12-17 06:46:18.380611 +0000 build-fedora4: 90333755e84ce1aa5fe6153afcadaa534d901f09647bfa19739de0b423d7fa169a940581f9bb9b0f2eb65b61cd5f93d0717cab584376cd084a2664c9653d27b9  build_timestamp_fedora-26
2018-12-17 06:46:18.383473 +0000 build-fedora4: 5fa03d17d688c9d25bf38a9f851e293503f26b7c8dc53ad35338e4420d3ab2b6d2ff1f1b41616e71514b1f22128066366ed91f1a1849adeecb012014d0113ec7  build_timestamp_fedora-26-minimal
2018-12-17 06:46:18.383522 +0000 build-fedora4: 67a20d068db8258ca96f39c88099ff0b82d3bb56a81d12fc29d0b256ef08fc6aa8831c38721bbead86ac391a2ee6bee63460d691af9fd249b17d89a43fd484de  build_timestamp_fedora-27
2018-12-17 06:46:18.383546 +0000 build-fedora4: 1eb115939f953bda491f3e1238d57090e384af6d3bba6d66691fe9260dbbf7a4202be9e101a2a25d15f35fc3587f66da0c612f0f65d1ac999ced520fa886c1c4  build_timestamp_fedora-27-minimal
2018-12-17 06:46:18.383566 +0000 build-fedora4: e27656870b7c669201850e094874a48ecf91b92d7d6f7b90f02c78344026cbd430124276e9f888aacb3732448706a3fea4a23b44fd4815684f47396461a044af  build_timestamp_fedora-28
2018-12-17 06:46:18.383586 +0000 build-fedora4: d93a7d00a3cb404d6e133688b76745d4159908e0d4303657cacc9fbe9d994e59844189be33ca175eeed79abbb0c67819ccedd21b5f7e19ed2ba87c9c86460ad4  build_timestamp_fedora-28-minimal
2018-12-17 06:46:18.383605 +0000 build-fedora4: e145822f8eb8abadc31c6cff80e81dc134abc9a67ca599093be257784879bcbe2b4f4c8d1fb6f8be7ba860e8cd6848f5363fefb1057149abed981e0ae63a3196  build_timestamp_fedora-29
2018-12-17 06:46:18.383624 +0000 build-fedora4: 18906111950418bc3e595b2df979ee75f336dbcb3248a0da007f1b0d4e255c9f05978d8d146ccb1ec7a46d22319a76248e17a8baed9a5f4ac76727f14b25e58a  build_timestamp_fedora-29-minimal
2018-12-17 06:46:18.384251 +0000 build-fedora4: f1de814e540f1d4d6b574dd822caa09e8bbacc9f29a72d4e6d5e698fc74e85cbd7016061794d7f25aef918156a7765c05cdea1eed30583d79ffdd352c6c97219  build_timestamp_whonix-gw
2018-12-17 06:46:18.389853 +0000 build-fedora4: 4fd849c5da1162c59294164c9eac3cbd24307b4c03e65a079d81d1e052cf4e30ae22f04af5adda4c33b93249b6d9ba9654c3a3f395840941d1d26682afcf90fe  build_timestamp_whonix-gw-14
2018-12-17 06:46:18.389900 +0000 build-fedora4: e7be054dcdf8222222af45eeecb68dcd18620a291b163d2abcb21865077d00074fe1009c5433860db15f9991121d7d9b89de46c055497f7bb50018439fff52b6  build_timestamp_whonix-ws
2018-12-17 06:46:18.389923 +0000 build-fedora4: 4fd849c5da1162c59294164c9eac3cbd24307b4c03e65a079d81d1e052cf4e30ae22f04af5adda4c33b93249b6d9ba9654c3a3f395840941d1d26682afcf90fe  build_timestamp_whonix-ws-14
2018-12-17 06:46:18.551408 +0000 build-fedora4: ================================================================================
2018-12-17 06:46:18.551458 +0000 build-fedora4:                            B U I L D   I N F O                                  
2018-12-17 06:46:18.551484 +0000 build-fedora4: Items in red indicate it was automatically generated by configuration file(s)
2018-12-17 06:46:18.551504 +0000 build-fedora4: Items in white indicate it was automatically removed by configuration file(s)
2018-12-17 06:46:18.551521 +0000 build-fedora4: ================================================================================
2018-12-17 06:46:18.551535 +0000 build-fedora4: DISTS_VM:
2018-12-17 06:46:18.555010 +0000 build-fedora4:     
2018-12-17 06:46:18.555057 +0000 build-fedora4: DISTS_ALL:
2018-12-17 06:46:18.560936 +0000 build-fedora4:      fc25,
2018-12-17 06:46:18.565871 +0000 build-fedora4: DIST_DOM0:
2018-12-17 06:46:18.614024 +0000 build-fedora4:      fc25,
2018-12-17 06:46:18.614070 +0000 build-fedora4: BUILDER_PLUGINS:
2018-12-17 06:46:18.618169 +0000 build-fedora4:      builder-rpm, mgmt-salt, linux-yum, builder-github,
2018-12-17 06:46:18.618208 +0000 build-fedora4: COMPONENTS:
2018-12-17 06:46:18.619122 +0000 build-fedora4:      linux-template-builder,
2018-12-17 06:46:18.621554 +0000 build-fedora4: GIT_REPOS:
2018-12-17 06:46:18.631117 +0000 build-fedora4:      qubes-src/linux-template-builder, .,
2018-12-17 06:46:18.631165 +0000 build-fedora4: TEMPLATE:
2018-12-17 06:46:18.636437 +0000 build-fedora4:     
2018-12-17 06:46:18.636482 +0000 build-fedora4: TEMPLATE_FLAVOR_DIR:
2018-12-17 06:46:18.641186 +0000 build-fedora4:     
2018-12-17 06:46:18.641233 +0000 build-fedora4: TEMPLATE_ALIAS:
2018-12-17 06:46:18.649218 +0000 build-fedora4:      jessie:jessie+standard, jessie+gnome:jessie+gnome+standard,
2018-12-17 06:46:18.649272 +0000 build-fedora4:      jessie+minimal:jessie+minimal+no-recommends, stretch:stretch+standard, stretch+gnome:stretch+gnome+standard,
2018-12-17 06:46:18.649299 +0000 build-fedora4:      stretch+minimal:stretch+minimal+no-recommends, whonix-gateway:jessie+whonix-gateway+minimal+no-recommends,
2018-12-17 06:46:18.649319 +0000 build-fedora4:      whonix-workstation:jessie+whonix-workstation+minimal+no-recommends,
2018-12-17 06:46:18.649337 +0000 build-fedora4:      whonix-gateway-14:stretch+whonix-gateway+minimal+no-recommends,
2018-12-17 06:46:18.649354 +0000 build-fedora4:      whonix-workstation-14:stretch+whonix-workstation+minimal+no-recommends,
2018-12-17 06:46:18.649370 +0000 build-fedora4:      whonix-gateway:jessie+whonix-gateway+minimal+no-recommends,
2018-12-17 06:46:18.649386 +0000 build-fedora4:      whonix-workstation:jessie+whonix-workstation+minimal+no-recommends,
2018-12-17 06:46:18.651524 +0000 build-fedora4: TEMPLATE_LABEL:
2018-12-17 06:46:18.661602 +0000 build-fedora4:      fc20:fedora-20 fc21:fedora-21 fc22:fedora-22 fc23:fedora-23 fc24:fedora-24 fc25:fedora-25
2018-12-17 06:46:18.661653 +0000 build-fedora4:      fc26:fedora-26 fc27:fedora-27 fc28:fedora-28 fc29:fedora-29 fc20+minimal:fedora-20-minimal
2018-12-17 06:46:18.661679 +0000 build-fedora4:      fc21+minimal:fedora-21-minimal fc23+minimal:fedora-23-minimal fc24+minimal:fedora-24-minimal
2018-12-17 06:46:18.661700 +0000 build-fedora4:      fc25+minimal:fedora-25-minimal fc26+minimal:fedora-26-minimal fc27+minimal:fedora-27-minimal
2018-12-17 06:46:18.661718 +0000 build-fedora4:      fc28+minimal:fedora-28-minimal fc29+minimal:fedora-29-minimal fc25+xfce:fedora-25-xfce
2018-12-17 06:46:18.661737 +0000 build-fedora4:      fc26+xfce:fedora-26-xfce fc27+xfce:fedora-27-xfce fc28+xfce:fedora-28-xfce fc29+xfce:fedora-29-xfce
2018-12-17 06:46:18.661755 +0000 build-fedora4:      wheezy:debian-7 wheezy+standard:debian-7 jessie:debian-8 jessie+standard:debian-8
2018-12-17 06:46:18.661772 +0000 build-fedora4:      stretch:debian-9 stretch+standard:debian-9 centos7:centos-7 centos7+minimal:centos-7-minimal
2018-12-17 06:46:18.661788 +0000 build-fedora4:      centos7+xfce:centos-7-xfce jessie+whonix-gateway+minimal+no-recommends:whonix-gw
2018-12-17 06:46:18.661804 +0000 build-fedora4:      jessie+whonix-workstation+minimal+no-recommends:whonix-ws
2018-12-17 06:46:18.661819 +0000 build-fedora4:      stretch+whonix-gateway+minimal+no-recommends:whonix-gw-14
2018-12-17 06:46:18.661833 +0000 build-fedora4:      stretch+whonix-workstation+minimal+no-recommends:whonix-ws-14
2018-12-17 06:46:18.661847 +0000 build-fedora4:      jessie+whonix-gateway+minimal+no-recommends:whonix-gw
2018-12-17 06:46:18.661862 +0000 build-fedora4:      jessie+whonix-workstation+minimal+no-recommends:whonix-ws
2018-12-17 06:46:18.776730 +0000 build-fedora4: > running make
2018-12-17 06:46:18.812373 +0000 build-fedora4: Makefile:852: target 'post-update-repo-templates-itl' does not exist
2018-12-17 06:46:18.812414 +0000 build-fedora4: for dist in fc25 ; do \
2018-12-17 06:46:18.812432 +0000 build-fedora4: .repo_base_var="LINUX_REPO_${dist}_BASEDIR"; \
2018-12-17 06:46:18.812460 +0000 build-fedora4: .if [ -n "${!repo_base_var}" ]; then \
2018-12-17 06:46:18.812475 +0000 build-fedora4: ..repo_basedir="${!repo_base_var}"; \
2018-12-17 06:46:18.812489 +0000 build-fedora4: .else \
2018-12-17 06:46:18.812503 +0000 build-fedora4: ..repo_basedir="qubes-src/linux-yum/r4.0"; \
2018-12-17 06:46:18.812514 +0000 build-fedora4: .fi; \
2018-12-17 06:46:18.812527 +0000 build-fedora4: .repos_to_update="$repos_to_update $repo_basedir"; \
2018-12-17 06:46:18.812538 +0000 build-fedora4: done; \
2018-12-17 06:46:18.812549 +0000 build-fedora4: pkgset_dist= ; \
2018-12-17 06:46:18.812560 +0000 build-fedora4: for dist in fc25; do \
2018-12-17 06:46:18.812573 +0000 build-fedora4: .pkgset_dist="$pkgset_dist dom0/$dist"; \
2018-12-17 06:46:18.812583 +0000 build-fedora4: done; \
2018-12-17 06:46:18.812594 +0000 build-fedora4: for dist in ; do \
2018-12-17 06:46:18.812606 +0000 build-fedora4: .pkgset_dist="$pkgset_dist vm/$dist"; \
2018-12-17 06:46:18.812616 +0000 build-fedora4: done; \
2018-12-17 06:46:18.812632 +0000 build-fedora4: for repo in `echo $repos_to_update|tr ' ' '\n'|sort|uniq`; do \
2018-12-17 06:46:18.812644 +0000 build-fedora4: .[ -z "$repo" ] && continue; \
2018-12-17 06:46:18.812658 +0000 build-fedora4: .[ -x "$repo/../update_repo-templates-itl.sh" ] || continue; \
2018-12-17 06:46:18.812672 +0000 build-fedora4: .(cd $repo/.. && ./update_repo-templates-itl.sh r4.0 $pkgset_dist); \
2018-12-17 06:46:18.812683 +0000 build-fedora4: done
2018-12-17 06:46:18.851211 +0000 build-fedora4: r4.0/templates-itl
2018-12-17 06:46:18.857411 +0000 build-fedora4: which: no mkmetalink in (/usr/local/bin:/usr/bin:/usr/local/sbin:/usr/sbin:/home/user/.local/bin:/home/user/bin:/home/user/builder-r4.0-dom0/qubes-src/builder-rpm/tools)
2018-12-17 06:46:18.870106 +0000 build-fedora4: --> Processing repo: r4.0/templates-itl...
2018-12-17 06:46:19.242836 +0000 build-fedora4: Done.
2018-12-17 06:46:19.260896 +0000 build-fedora4: ~/builder-r4.0-dom0/qubes-src/linux-yum ~/builder-r4.0-dom0/qubes-src/linux-yum
2018-12-17 06:46:19.260935 +0000 build-fedora4: Syncing r4.0...
2018-12-17 06:46:19.354065 +0000 build-fedora4: sending incremental file list
2018-12-17 06:46:19.383142 +0000 build-fedora4: .d..t...... templates-itl/
2018-12-17 06:46:19.383182 +0000 build-fedora4: .d..t...... templates-itl/rpm/
2018-12-17 06:46:19.383199 +0000 build-fedora4: <f..t...... templates-itl/rpm/.gitignore
2018-12-17 06:46:19.385107 +0000 build-fedora4: .              6 100%    0.00kB/s    0:00:00  .              6 100%    0.00kB/s    0:00:00 (xfr#1, to-chk=0/3)
2018-12-17 06:46:19.877962 +0000 build-fedora4: --> Processing repo: r4.0/templates-itl...
2018-12-17 06:46:21.436984 +0000 build-fedora4: Done.
2018-12-17 06:46:21.444849 +0000 build-fedora4: ~/builder-r4.0-dom0/qubes-src/linux-yum
2018-12-17 06:46:21.444892 +0000 build-fedora4: Makefile:763: update target 'update-repo-templates-itl' due to: post-update-repo-templates-itl
2018-12-17 06:46:21.444908 +0000 build-fedora4: true
2018-12-17 06:46:21.444921 +0000 build-fedora4: > done
2018-12-17 06:46:21.444950 +0000 > closing log
