2023-10-17 00:42:40.433579 +0000 > starting log
2023-10-17 00:42:40.433841 +0000 build-fedora4: > starting build with log
2023-10-17 00:42:40.433854 +0000 build-fedora4: >> make args: update-repo-current
2023-10-17 00:42:40.433863 +0000 build-fedora4: >> MAKEFLAGS=
2023-10-17 00:42:40.433870 +0000 build-fedora4: >> COMPONENTS=app-yubikey
2023-10-17 00:42:40.433876 +0000 build-fedora4: >> DISTS_VM=
2023-10-17 00:42:40.433882 +0000 build-fedora4: >> DIST_DOM0=
2023-10-17 00:42:40.433891 +0000 build-fedora4: >> qubes-builder 9b3260ddee54989a7d18fd6c6907dd81d3d2be7a
2023-10-17 00:42:40.433904 +0000 build-fedora4: >> qubes-builder/qubes-src/app-yubikey 229bb29c04d02cc3004b29a02f4a9a0d5177f548
2023-10-17 00:42:40.433913 +0000 build-fedora4: !! pkgs/dom0-fc32/qubes-yubikey-dom0-1.1.3-1.fc32.x86_64.buildinfo
2023-10-17 00:42:40.433921 +0000 build-fedora4: !! pkgs/dom0-fc32/qubes-yubikey-dom0-1.1.4-1.fc32.x86_64.buildinfo
2023-10-17 00:42:40.433929 +0000 build-fedora4: !! pkgs/dom0-fc32/qubes-yubikey-dom0-1.1.5-1.fc32.src.rpm
2023-10-17 00:42:40.433937 +0000 build-fedora4: !! pkgs/dom0-fc32/qubes-yubikey-dom0-1.1.5-1.fc32.x86_64.buildinfo
2023-10-17 00:42:40.433944 +0000 build-fedora4: !! pkgs/dom0-fc32/qubes-yubikey-dom0-1.1.5-1.fc32.x86_64.rpm
2023-10-17 00:42:40.433951 +0000 build-fedora4: !! pkgs/dom0-fc32/qubes-yubikey-dom0.spec.list
2023-10-17 00:42:40.433963 +0000 build-fedora4: cbc1fd3126c8b361b1e21b4c8306f32a767f1109e6571c28c1b485ec8a512fe23a5d72fc27305fdfb641b46a581032318e253ddebc44059e798282f7cfb6da08  pkgs/dom0-fc32/qubes-yubikey-dom0-1.1.3-1.fc32.x86_64.buildinfo
2023-10-17 00:42:40.433976 +0000 build-fedora4: 654bc2f106ad35935142d0cf7cdabb13dfe036b5b90c01f8bd8289fd429cf939b35991d15e6865039ccdf5d04ccea9a4cfde9f8cb6289905b62818b093c7e8f2  pkgs/dom0-fc32/qubes-yubikey-dom0-1.1.4-1.fc32.x86_64.buildinfo
2023-10-17 00:42:40.433988 +0000 build-fedora4: a81ca9eaf6eb2aaa8163135207e39c918b2cadafcbe603bd82bbffdf5bd1c6a162814d9b29aed8fbdccd3e9038e612f2eb2aea309e8868520a4943dd4b28cb25  pkgs/dom0-fc32/qubes-yubikey-dom0-1.1.5-1.fc32.src.rpm
2023-10-17 00:42:40.434000 +0000 build-fedora4: 9371b32b85632072050a6805ecfbe235ee4a763d35168fd6f4c78a919c375b1dda11edac6ead10afc3e19aeccf350b81f1a4ea0cec2ba8d670ee9b07777375ea  pkgs/dom0-fc32/qubes-yubikey-dom0-1.1.5-1.fc32.x86_64.buildinfo
2023-10-17 00:42:40.434012 +0000 build-fedora4: c269a4d1a53e2a048f42c99369e2d733cb432aa8ae808d0bd984bf44f1fefad6e3da8236a5b2ce2307f93b1a262be585a4e33ec4c46dc65c4bd68e742a707102  pkgs/dom0-fc32/qubes-yubikey-dom0-1.1.5-1.fc32.x86_64.rpm
2023-10-17 00:42:40.434023 +0000 build-fedora4: bdb4f476cfcb3d349a42de6bfbb920cda16baec36a3fb1b4eb993bb7b2a28709a24302cbdcd82fed16b408683c41f0d6cb87102e03293dc756a3f8280879d241  pkgs/dom0-fc32/qubes-yubikey-dom0.spec.list
2023-10-17 00:42:40.434032 +0000 build-fedora4: ================================================================================
2023-10-17 00:42:40.434040 +0000 build-fedora4:                            B U I L D   I N F O                                  
2023-10-17 00:42:40.434048 +0000 build-fedora4: Items in red indicate it was automatically generated by configuration file(s)
2023-10-17 00:42:40.434056 +0000 build-fedora4: Items in white indicate it was automatically removed by configuration file(s)
2023-10-17 00:42:40.434064 +0000 build-fedora4: ================================================================================
2023-10-17 00:42:40.434069 +0000 build-fedora4: DISTS_VM:
2023-10-17 00:42:40.434075 +0000 build-fedora4:     
2023-10-17 00:42:40.434080 +0000 build-fedora4: DISTS_ALL:
2023-10-17 00:42:40.434086 +0000 build-fedora4:      dom0-fc32,
2023-10-17 00:42:40.434092 +0000 build-fedora4: DIST_DOM0:
2023-10-17 00:42:40.434097 +0000 build-fedora4:      fc32,
2023-10-17 00:42:40.434103 +0000 build-fedora4: BUILDER_PLUGINS:
2023-10-17 00:42:40.434112 +0000 build-fedora4:      builder-rpm, builder-debian, mgmt-salt, linux-yum, release-configs, builder-github,
2023-10-17 00:42:40.434117 +0000 build-fedora4: COMPONENTS:
2023-10-17 00:42:40.434123 +0000 build-fedora4:      app-yubikey,
2023-10-17 00:42:40.434129 +0000 build-fedora4: GIT_REPOS:
2023-10-17 00:42:40.434142 +0000 build-fedora4:      qubes-src/app-yubikey,
2023-10-17 00:42:40.434148 +0000 build-fedora4: TEMPLATE:
2023-10-17 00:42:40.434154 +0000 build-fedora4:     
2023-10-17 00:42:40.434160 +0000 build-fedora4: TEMPLATE_FLAVOR_DIR:
2023-10-17 00:42:40.434165 +0000 build-fedora4:     
2023-10-17 00:42:40.434171 +0000 build-fedora4: TEMPLATE_ALIAS:
2023-10-17 00:42:40.434178 +0000 build-fedora4:      stretch:stretch+standard, stretch+gnome:stretch+gnome+standard,
2023-10-17 00:42:40.434186 +0000 build-fedora4:      stretch+minimal:stretch+minimal+no-recommends, buster:buster+gnome,
2023-10-17 00:42:40.434194 +0000 build-fedora4:      buster+minimal:buster+minimal+no-recommends, bullseye:bullseye+gnome+firmware,
2023-10-17 00:42:40.434202 +0000 build-fedora4:      bullseye+minimal:bullseye+minimal+no-recommends, bookworm:bookworm+gnome+firmware,
2023-10-17 00:42:40.434210 +0000 build-fedora4:      bookworm+minimal:bookworm+minimal+no-recommends, bionic:bionic+standard,
2023-10-17 00:42:40.434219 +0000 build-fedora4:      focal:focal+standard, whonix-gateway-15:buster+whonix-gateway+minimal+no-recommends,
2023-10-17 00:42:40.434227 +0000 build-fedora4:      whonix-workstation-15:buster+whonix-workstation+minimal+no-recommends,
2023-10-17 00:42:40.434234 +0000 build-fedora4:      whonix-gateway-16:bullseye+whonix-gateway+minimal+no-recommends,
2023-10-17 00:42:40.434242 +0000 build-fedora4:      whonix-workstation-16:bullseye+whonix-workstation+minimal+no-recommends,
2023-10-17 00:42:40.434248 +0000 build-fedora4: TEMPLATE_LABEL:
2023-10-17 00:42:40.434257 +0000 build-fedora4:      fc34:fedora-34 fc35:fedora-35 fc36:fedora-36 fc37:fedora-37 fc38:fedora-38 fc34+minimal:fedora-34-minimal
2023-10-17 00:42:40.434266 +0000 build-fedora4:      fc35+minimal:fedora-35-minimal fc36+minimal:fedora-36-minimal fc37+minimal:fedora-37-minimal
2023-10-17 00:42:40.434275 +0000 build-fedora4:      fc38+minimal:fedora-38-minimal fc34+xfce:fedora-34-xfce fc35+xfce:fedora-35-xfce fc36+xfce:fedora-36-xfce
2023-10-17 00:42:40.434283 +0000 build-fedora4:      fc37+xfce:fedora-37-xfce fc38+xfce:fedora-38-xfce stretch:debian-9 stretch+standard:debian-9
2023-10-17 00:42:40.434292 +0000 build-fedora4:      stretch+xfce:debian-9-xfce buster+gnome:debian-10 buster+xfce:debian-10-xfce bullseye:debian-11
2023-10-17 00:42:40.434300 +0000 build-fedora4:      bullseye+standard+firmware:debian-11 bullseye+xfce:debian-11-xfce bookworm:debian-12
2023-10-17 00:42:40.434309 +0000 build-fedora4:      bookworm+standard:debian-12 bookworm+xfce:debian-12-xfce bionic+standard:bionic
2023-10-17 00:42:40.434317 +0000 build-fedora4:      focal+standard:focal buster+whonix-gateway+minimal+no-recommends:whonix-gw-15
2023-10-17 00:42:40.434324 +0000 build-fedora4:      buster+whonix-workstation+minimal+no-recommends:whonix-ws-15
2023-10-17 00:42:40.434331 +0000 build-fedora4:      bullseye+whonix-gateway+minimal+no-recommends:whonix-gw-16
2023-10-17 00:42:40.434347 +0000 build-fedora4:      bullseye+whonix-workstation+minimal+no-recommends:whonix-ws-16 centos7:centos-7
2023-10-17 00:42:40.434357 +0000 build-fedora4:      centos7+minimal:centos-7-minimal centos7+xfce:centos-7-xfce centos-stream8:centos-stream-8
2023-10-17 00:42:40.434365 +0000 build-fedora4:      centos-stream8+minimal:centos-stream-8-minimal centos-stream8+xfce:centos-stream-8-xfce
2023-10-17 00:42:40.434371 +0000 build-fedora4: > running make
2023-10-17 00:42:40.434380 +0000 build-fedora4: Makefile:863: update target 'internal-update-repo-current.dom0.fc32.app-yubikey' due to: target does not exist
2023-10-17 00:42:40.434387 +0000 build-fedora4: repo_base_var="LINUX_REPO_${DIST//-/_}_BASEDIR"; \
2023-10-17 00:42:40.434394 +0000 build-fedora4: if [ "app-yubikey" = linux-template-builder ]; then \
2023-10-17 00:42:40.434402 +0000 build-fedora4: .# templates belongs to dom0 repository, even though PACKAGE_SET=vm
2023-10-17 00:42:40.434409 +0000 build-fedora4: repo_base_var="LINUX_REPO_fc32_BASEDIR"; \
2023-10-17 00:42:40.434414 +0000 build-fedora4: fi; \
2023-10-17 00:42:40.434426 +0000 build-fedora4: if [ -n "${!repo_base_var}" ]; then \
2023-10-17 00:42:40.434433 +0000 build-fedora4: .repo_basedir="${!repo_base_var}"; \
2023-10-17 00:42:40.434439 +0000 build-fedora4: else \
2023-10-17 00:42:40.434446 +0000 build-fedora4: .repo_basedir="qubes-src/linux-yum/r4.1"; \
2023-10-17 00:42:40.434451 +0000 build-fedora4: fi; \
2023-10-17 00:42:40.434458 +0000 build-fedora4: if [ -r qubes-src/app-yubikey/Makefile.builder ]; then \
2023-10-17 00:42:40.434465 +0000 build-fedora4: .echo -n "Updating qubes-src/app-yubikey... "; \
2023-10-17 00:42:40.434471 +0000 build-fedora4: .if [ "0" -eq 1 ]; then \
2023-10-17 00:42:40.434479 +0000 build-fedora4: ..vtag=`git -C qubes-src/app-yubikey tag --points-at HEAD --list v*`; \
2023-10-17 00:42:40.434485 +0000 build-fedora4: ..if [ -z "$vtag" ]; then \
2023-10-17 00:42:40.434491 +0000 build-fedora4: ...echo "no version tag"; \
2023-10-17 00:42:40.434497 +0000 build-fedora4: ...exit 0; \
2023-10-17 00:42:40.434517 +0000 build-fedora4: ..fi; \
2023-10-17 00:42:40.434525 +0000 build-fedora4: .fi; \
2023-10-17 00:42:40.434533 +0000 build-fedora4: .if [ "app-yubikey" = linux-template-builder ]; then
2023-10-17 00:42:40.434541 +0000 build-fedora4: export TEMPLATE_NAME=$(MAKEFLAGS= make -s -C qubes-src/linux-template-builder DIST=fc32 template-name)
2023-10-17 00:42:40.434547 +0000 build-fedora4: fi
2023-10-17 00:42:40.434561 +0000 build-fedora4: component_packages=$(MAKEFLAGS= make -s -f Makefile.generic DIST=fc32 PACKAGE_SET=dom0 COMPONENT=`basename qubes-src/app-yubikey` UPDATE_REPO=/home/user/builder-r4.1-dom0/$repo_basedir/current/dom0/fc32 get-var GET_VAR=PACKAGE_LIST); \
2023-10-17 00:42:40.434568 +0000 build-fedora4: .if [ -z "$component_packages" ]; then \
2023-10-17 00:42:40.434575 +0000 build-fedora4: ..echo "no packages."; \
2023-10-17 00:42:40.434580 +0000 build-fedora4: ..exit 0; \
2023-10-17 00:42:40.434586 +0000 build-fedora4: .fi; \
2023-10-17 00:42:40.434593 +0000 build-fedora4: .make -s -f Makefile.generic DIST=fc32 PACKAGE_SET=dom0 \
2023-10-17 00:42:40.434600 +0000 build-fedora4: ..COMPONENT=`basename qubes-src/app-yubikey` \
2023-10-17 00:42:40.434606 +0000 build-fedora4: ..SNAPSHOT_REPO=current-testing \
2023-10-17 00:42:40.434612 +0000 build-fedora4: ..TARGET_REPO=current \
2023-10-17 00:42:40.434620 +0000 build-fedora4: ..UPDATE_REPO=/home/user/builder-r4.1-dom0/$repo_basedir/current/dom0/fc32 \
2023-10-17 00:42:40.434630 +0000 build-fedora4: ..SNAPSHOT_FILE=/home/user/builder-r4.1-dom0/repo-latest-snapshot/current-testing-dom0-fc32-`basename qubes-src/app-yubikey` \
2023-10-17 00:42:40.434636 +0000 build-fedora4: ..BUILD_LOG_URL= \
2023-10-17 00:42:40.434643 +0000 build-fedora4: ..update-repo-from-snapshot || exit 1; \
2023-10-17 00:42:40.434651 +0000 build-fedora4: elif make -C qubes-src/app-yubikey -n update-repo-current >/dev/null 2>/dev/null; then \
2023-10-17 00:42:40.434658 +0000 build-fedora4: .echo "Updating qubes-src/app-yubikey... "; \
2023-10-17 00:42:40.434666 +0000 build-fedora4: .DIST=fc32 UPDATE_REPO=/home/user/builder-r4.1-dom0/$repo_basedir/current/dom0/fc32 \
2023-10-17 00:42:40.434674 +0000 build-fedora4: .make -s -C qubes-src/app-yubikey update-repo-current || exit 1; \
2023-10-17 00:42:40.434679 +0000 build-fedora4: else \
2023-10-17 00:42:40.434686 +0000 build-fedora4: .echo -n "Updating qubes-src/app-yubikey... skipping."; \
2023-10-17 00:42:40.434692 +0000 build-fedora4: fi; \
2023-10-17 00:42:40.434697 +0000 build-fedora4: echo
2023-10-17 00:42:40.439831 +0000 build-fedora4: Updating qubes-src/app-yubikey... + ERR_OUTPUT=/dev/stderr
2023-10-17 00:42:40.439867 +0000 build-fedora4: + source_dir=qubes-src/app-yubikey
2023-10-17 00:42:40.439875 +0000 build-fedora4: + spec_file=qubes-src/app-yubikey/rpm_spec/qubes-yubikey-dom0.spec
2023-10-17 00:42:40.439882 +0000 build-fedora4: + query_field='%{SOURCE0}'
2023-10-17 00:42:40.439888 +0000 build-fedora4: + dist=fc32
2023-10-17 00:42:40.439893 +0000 build-fedora4: + '[' 4 -lt 4 ']'
2023-10-17 00:42:40.443371 +0000 build-fedora4: ++ basename qubes-src/app-yubikey/rpm_spec/qubes-yubikey-dom0.spec
2023-10-17 00:42:40.443421 +0000 build-fedora4: + spec_file_bn=qubes-yubikey-dom0.spec
2023-10-17 00:42:40.443431 +0000 build-fedora4: + [[ qubes-yubikey-dom0.spec.in == \.\i\n ]]
2023-10-17 00:42:40.443439 +0000 build-fedora4: + '[' -r qubes-src/app-yubikey/rpm_spec/qubes-yubikey-dom0.spec.in ']'
2023-10-17 00:42:40.444071 +0000 build-fedora4: ++ mktemp --tmpdir tmp.XXXXXX.spec
2023-10-17 00:42:40.444085 +0000 build-fedora4: + tmp_spec=/tmp/tmp.IDjznL.spec
2023-10-17 00:42:40.445262 +0000 build-fedora4: ++ dirname /home/user/builder-r4.1-dom0/qubes-src/builder-rpm/scripts/query-spec
2023-10-17 00:42:40.445944 +0000 build-fedora4: + /home/user/builder-r4.1-dom0/qubes-src/builder-rpm/scripts/generate-spec qubes-src/app-yubikey qubes-src/app-yubikey/rpm_spec/qubes-yubikey-dom0.spec.in /tmp/tmp.IDjznL.spec
2023-10-17 00:42:40.448568 +0000 build-fedora4: + '[' 3 -lt 3 ']'
2023-10-17 00:42:40.448610 +0000 build-fedora4: + source_dir=qubes-src/app-yubikey
2023-10-17 00:42:40.448619 +0000 build-fedora4: + input=qubes-src/app-yubikey/rpm_spec/qubes-yubikey-dom0.spec.in
2023-10-17 00:42:40.448627 +0000 build-fedora4: + output=/tmp/tmp.IDjznL.spec
2023-10-17 00:42:40.448635 +0000 build-fedora4: + '[' '!' -e qubes-src/app-yubikey/rpm_spec/qubes-yubikey-dom0.spec.in ']'
2023-10-17 00:42:40.448646 +0000 build-fedora4: + cp qubes-src/app-yubikey/rpm_spec/qubes-yubikey-dom0.spec.in qubes-src/app-yubikey/rpm_spec/qubes-yubikey-dom0.spec.in.tmp
2023-10-17 00:42:40.453467 +0000 build-fedora4: + read -r ver
2023-10-17 00:42:40.453503 +0000 build-fedora4: + '[' -z '' ']'
2023-10-17 00:42:40.453513 +0000 build-fedora4: + sed -i 's|@VERSION@|1.1.5|g' qubes-src/app-yubikey/rpm_spec/qubes-yubikey-dom0.spec.in.tmp
2023-10-17 00:42:40.456420 +0000 build-fedora4: + vnum=1
2023-10-17 00:42:40.456455 +0000 build-fedora4: + read -r ver
2023-10-17 00:42:40.456463 +0000 build-fedora4: + '[' -e qubes-src/app-yubikey/rel ']'
2023-10-17 00:42:40.456472 +0000 build-fedora4: + grep -q @REL@ qubes-src/app-yubikey/rpm_spec/qubes-yubikey-dom0.spec.in.tmp
2023-10-17 00:42:40.458405 +0000 build-fedora4: + sed -i -e s:@BACKEND_VMM@:xen:g qubes-src/app-yubikey/rpm_spec/qubes-yubikey-dom0.spec.in.tmp
2023-10-17 00:42:40.460367 +0000 build-fedora4: + grep -q @CHANGELOG@ qubes-src/app-yubikey/rpm_spec/qubes-yubikey-dom0.spec.in.tmp
2023-10-17 00:42:40.462078 +0000 build-fedora4: ++ dirname /home/user/builder-r4.1-dom0/qubes-src/builder-rpm/scripts/generate-spec
2023-10-17 00:42:40.462603 +0000 build-fedora4: + /home/user/builder-r4.1-dom0/qubes-src/builder-rpm/scripts/generate-changelog qubes-src/app-yubikey qubes-src/app-yubikey/rpm_spec/qubes-yubikey-dom0.spec.in.tmp
2023-10-17 00:42:40.693757 +0000 build-fedora4: + cat qubes-src/app-yubikey/rpm_spec/qubes-yubikey-dom0.spec.in.tmp
2023-10-17 00:42:40.695068 +0000 build-fedora4: + rm -rf qubes-src/app-yubikey/rpm_spec/qubes-yubikey-dom0.spec.in.tmp
2023-10-17 00:42:40.695790 +0000 build-fedora4: + '[' '%{SOURCE0}' = '%{SOURCE0}' ']'
2023-10-17 00:42:40.695819 +0000 build-fedora4: + spectool --list-files --source 0 /tmp/tmp.IDjznL.spec
2023-10-17 00:42:41.458412 +0000 build-fedora4: + rm -f /tmp/tmp.IDjznL.spec
2023-10-17 00:42:41.506033 +0000 build-fedora4: + ERR_OUTPUT=/dev/stderr
2023-10-17 00:42:41.506071 +0000 build-fedora4: + source_dir=qubes-src/app-yubikey
2023-10-17 00:42:41.506081 +0000 build-fedora4: + spec_file=qubes-src/app-yubikey/rpm_spec/qubes-yubikey-dom0.spec
2023-10-17 00:42:41.506089 +0000 build-fedora4: + query_field='%{SOURCE0}'
2023-10-17 00:42:41.506095 +0000 build-fedora4: + dist=fc32
2023-10-17 00:42:41.506102 +0000 build-fedora4: + '[' 4 -lt 4 ']'
2023-10-17 00:42:41.506311 +0000 build-fedora4: ++ basename qubes-src/app-yubikey/rpm_spec/qubes-yubikey-dom0.spec
2023-10-17 00:42:41.509206 +0000 build-fedora4: + spec_file_bn=qubes-yubikey-dom0.spec
2023-10-17 00:42:41.509239 +0000 build-fedora4: + [[ qubes-yubikey-dom0.spec.in == \.\i\n ]]
2023-10-17 00:42:41.509250 +0000 build-fedora4: + '[' -r qubes-src/app-yubikey/rpm_spec/qubes-yubikey-dom0.spec.in ']'
2023-10-17 00:42:41.511255 +0000 build-fedora4: ++ mktemp --tmpdir tmp.XXXXXX.spec
2023-10-17 00:42:41.518212 +0000 build-fedora4: + tmp_spec=/tmp/tmp.6u6UxA.spec
2023-10-17 00:42:41.518248 +0000 build-fedora4: ++ dirname /home/user/builder-r4.1-dom0/qubes-src/builder-rpm/scripts/query-spec
2023-10-17 00:42:41.520625 +0000 build-fedora4: + /home/user/builder-r4.1-dom0/qubes-src/builder-rpm/scripts/generate-spec qubes-src/app-yubikey qubes-src/app-yubikey/rpm_spec/qubes-yubikey-dom0.spec.in /tmp/tmp.6u6UxA.spec
2023-10-17 00:42:41.522290 +0000 build-fedora4: + '[' 3 -lt 3 ']'
2023-10-17 00:42:41.522323 +0000 build-fedora4: + source_dir=qubes-src/app-yubikey
2023-10-17 00:42:41.522333 +0000 build-fedora4: + input=qubes-src/app-yubikey/rpm_spec/qubes-yubikey-dom0.spec.in
2023-10-17 00:42:41.522341 +0000 build-fedora4: + output=/tmp/tmp.6u6UxA.spec
2023-10-17 00:42:41.522349 +0000 build-fedora4: + '[' '!' -e qubes-src/app-yubikey/rpm_spec/qubes-yubikey-dom0.spec.in ']'
2023-10-17 00:42:41.522359 +0000 build-fedora4: + cp qubes-src/app-yubikey/rpm_spec/qubes-yubikey-dom0.spec.in qubes-src/app-yubikey/rpm_spec/qubes-yubikey-dom0.spec.in.tmp
2023-10-17 00:42:41.527178 +0000 build-fedora4: + read -r ver
2023-10-17 00:42:41.529129 +0000 build-fedora4: + '[' -z '' ']'
2023-10-17 00:42:41.529165 +0000 build-fedora4: + sed -i 's|@VERSION@|1.1.5|g' qubes-src/app-yubikey/rpm_spec/qubes-yubikey-dom0.spec.in.tmp
2023-10-17 00:42:41.531283 +0000 build-fedora4: + vnum=1
2023-10-17 00:42:41.531315 +0000 build-fedora4: + read -r ver
2023-10-17 00:42:41.534258 +0000 build-fedora4: + '[' -e qubes-src/app-yubikey/rel ']'
2023-10-17 00:42:41.534292 +0000 build-fedora4: + grep -q @REL@ qubes-src/app-yubikey/rpm_spec/qubes-yubikey-dom0.spec.in.tmp
2023-10-17 00:42:41.537023 +0000 build-fedora4: + sed -i -e s:@BACKEND_VMM@:xen:g qubes-src/app-yubikey/rpm_spec/qubes-yubikey-dom0.spec.in.tmp
2023-10-17 00:42:41.544576 +0000 build-fedora4: + grep -q @CHANGELOG@ qubes-src/app-yubikey/rpm_spec/qubes-yubikey-dom0.spec.in.tmp
2023-10-17 00:42:41.549587 +0000 build-fedora4: ++ dirname /home/user/builder-r4.1-dom0/qubes-src/builder-rpm/scripts/generate-spec
2023-10-17 00:42:41.551433 +0000 build-fedora4: + /home/user/builder-r4.1-dom0/qubes-src/builder-rpm/scripts/generate-changelog qubes-src/app-yubikey qubes-src/app-yubikey/rpm_spec/qubes-yubikey-dom0.spec.in.tmp
2023-10-17 00:42:41.842556 +0000 build-fedora4: + cat qubes-src/app-yubikey/rpm_spec/qubes-yubikey-dom0.spec.in.tmp
2023-10-17 00:42:41.842598 +0000 build-fedora4: + rm -rf qubes-src/app-yubikey/rpm_spec/qubes-yubikey-dom0.spec.in.tmp
2023-10-17 00:42:41.850991 +0000 build-fedora4: + '[' '%{SOURCE0}' = '%{SOURCE0}' ']'
2023-10-17 00:42:41.851025 +0000 build-fedora4: + spectool --list-files --source 0 /tmp/tmp.6u6UxA.spec
2023-10-17 00:42:42.063518 +0000 build-fedora4: + rm -f /tmp/tmp.6u6UxA.spec
2023-10-17 00:42:42.068289 +0000 build-fedora4: Makefile.generic:229: update target 'update-repo-date-check' due to: target is .PHONY
2023-10-17 00:42:42.068325 +0000 build-fedora4: if ! [ -r /home/user/builder-r4.1-dom0/repo-latest-snapshot/current-testing-dom0-fc32-app-yubikey ]; then \
2023-10-17 00:42:42.068338 +0000 build-fedora4: .echo "`tput bold`*** Packages weren't uploaded to current-testing! ***`tput sgr0`"; \
2023-10-17 00:42:42.068345 +0000 build-fedora4: .exit 1; \
2023-10-17 00:42:42.068351 +0000 build-fedora4: fi
2023-10-17 00:42:42.080478 +0000 build-fedora4: touch -t `date -d "5 days ago" +%Y%m%d%H%M` /tmp/age-compare-file
2023-10-17 00:42:42.095513 +0000 build-fedora4: if ! [ /home/user/builder-r4.1-dom0/repo-latest-snapshot/current-testing-dom0-fc32-app-yubikey -ot /tmp/age-compare-file ]; then \
2023-10-17 00:42:42.095550 +0000 build-fedora4: .echo "`tput bold`*** Packages weren't in current-testing for at least 5 days! ***`tput sgr0`"; \
2023-10-17 00:42:42.095559 +0000 build-fedora4: .exit 1; \
2023-10-17 00:42:42.095566 +0000 build-fedora4: fi
2023-10-17 00:42:42.098197 +0000 build-fedora4: rm -f /tmp/age-compare-file
2023-10-17 00:42:42.133784 +0000 build-fedora4: /home/user/builder-r4.1-dom0/qubes-src/builder-rpm/Makefile.rpmbuilder:198: update target 'update-repo-from-snapshot-do' due to: target does not exist
2023-10-17 00:42:42.133825 +0000 build-fedora4: for f in pkgs/dom0-fc32/qubes-yubikey-dom0-1.1.5-1.fc32.src.rpm pkgs/dom0-fc32/qubes-yubikey-dom0-1.1.5-1.fc32.x86_64.rpm pkgs/dom0-fc32/qubes-yubikey-dom0-1.1.5-1.fc32.x86_64.buildinfo; do \
2023-10-17 00:42:42.133842 +0000 build-fedora4: .ln -f /home/user/builder-r4.1-dom0/qubes-src/linux-yum/r4.1/current-testing/dom0/fc32/rpm/`basename $f` /home/user/builder-r4.1-dom0/qubes-src/linux-yum/r4.1/current/dom0/fc32/rpm/ || exit 1; \
2023-10-17 00:42:42.133849 +0000 build-fedora4: done
2023-10-17 00:42:42.203991 +0000 build-fedora4: /home/user/builder-r4.1-dom0/qubes-src/builder-github//Makefile.github:18: update target 'notify-github' due to: target does not exist
2023-10-17 00:42:42.204030 +0000 build-fedora4: [ -z "qubes-yubikey-dom0-1.1.5-1.fc32" ] || /home/user/builder-r4.1-dom0/qubes-src/builder-github//notify-issues \
2023-10-17 00:42:42.204041 +0000 build-fedora4: .--build-log="" \
2023-10-17 00:42:42.204049 +0000 build-fedora4: .upload \
2023-10-17 00:42:42.204055 +0000 build-fedora4: ."r4.1" \
2023-10-17 00:42:42.204061 +0000 build-fedora4: ."qubes-src/app-yubikey" \
2023-10-17 00:42:42.204069 +0000 build-fedora4: ."qubes-yubikey-dom0-1.1.5-1.fc32" \
2023-10-17 00:42:42.204075 +0000 build-fedora4: ."fc32" \
2023-10-17 00:42:42.204080 +0000 build-fedora4: ."dom0" \
2023-10-17 00:42:42.204086 +0000 build-fedora4: ."current" \
2023-10-17 00:42:42.204095 +0000 build-fedora4: ."/home/user/github-notify-state/r4.1-app-yubikey-dom0-fc32-current" \
2023-10-17 00:42:42.204103 +0000 build-fedora4: ."/home/user/github-notify-state/r4.1-app-yubikey-dom0-fc32-current"
2023-10-17 00:42:56.572156 +0000 build-fedora4: Adding a comment to issue #8517
2023-10-17 00:42:56.590914 +0000 build-fedora4: 
2023-10-17 00:42:56.591152 +0000 build-fedora4: Makefile:945: update target 'post-update-repo-current' due to: target does not exist
2023-10-17 00:42:56.591169 +0000 build-fedora4: true
2023-10-17 00:42:56.592780 +0000 build-fedora4: Makefile:819: update target 'update-repo-current' due to: target does not exist
2023-10-17 00:42:56.592813 +0000 build-fedora4: true
2023-10-17 00:42:56.595010 +0000 build-fedora4: > done
2023-10-17 00:42:56.595326 +0000 > closing log
