2021-05-18 02:39:40.155204 +0000 > starting log
2021-05-18 02:39:40.155784 +0000 build-fedora4: > starting build with log
2021-05-18 02:39:40.155798 +0000 build-fedora4: >> make args: update-repo-current
2021-05-18 02:39:40.155806 +0000 build-fedora4: >> MAKEFLAGS=
2021-05-18 02:39:40.155814 +0000 build-fedora4: >> COMPONENTS=infrastructure
2021-05-18 02:39:40.155821 +0000 build-fedora4: >> DISTS_VM=fc31 fc32 fc33 fc34
2021-05-18 02:39:40.155827 +0000 build-fedora4: >> DIST_DOM0=
2021-05-18 02:39:40.155836 +0000 build-fedora4: >> qubes-builder 307e034f870da7dce72b83c8b103cb5fae97bf2c
2021-05-18 02:39:40.174435 +0000 build-fedora4: >> qubes-builder/qubes-src/infrastructure 74ca9ec18a035e7734d3b26f06577ccdd0bfb077
2021-05-18 02:39:40.313956 +0000 build-fedora4: >> qubes-builder/qubes-src/infrastructure/build-infra/qubes-builder 9bd3fae19d13964aa61e235edc39ead942b2a57a
2021-05-18 02:39:40.499566 +0000 build-fedora4: >> qubes-builder/qubes-src/infrastructure/build-infra/qubes-builder-github 9d49a52e1d9b654d40b13c90002d71f029e55c80
2021-05-18 02:39:40.609275 +0000 build-fedora4: ================================================================================
2021-05-18 02:39:40.609326 +0000 build-fedora4:                            B U I L D   I N F O                                  
2021-05-18 02:39:40.609340 +0000 build-fedora4: Items in red indicate it was automatically generated by configuration file(s)
2021-05-18 02:39:40.609351 +0000 build-fedora4: Items in white indicate it was automatically removed by configuration file(s)
2021-05-18 02:39:40.609361 +0000 build-fedora4: ================================================================================
2021-05-18 02:39:40.609368 +0000 build-fedora4: DISTS_VM:
2021-05-18 02:39:40.614070 +0000 build-fedora4:      fc31, fc32, fc33, fc34,
2021-05-18 02:39:40.614107 +0000 build-fedora4: DISTS_ALL:
2021-05-18 02:39:40.619168 +0000 build-fedora4:      vm-fc31, vm-fc32, vm-fc33, vm-fc34,
2021-05-18 02:39:40.619205 +0000 build-fedora4: DIST_DOM0:
2021-05-18 02:39:40.623175 +0000 build-fedora4:     
2021-05-18 02:39:40.623212 +0000 build-fedora4: BUILDER_PLUGINS:
2021-05-18 02:39:40.629088 +0000 build-fedora4:      builder-rpm, builder-debian, mgmt-salt, linux-yum, release-configs, builder-github,
2021-05-18 02:39:40.629125 +0000 build-fedora4: COMPONENTS:
2021-05-18 02:39:40.632494 +0000 build-fedora4:      infrastructure,
2021-05-18 02:39:40.632531 +0000 build-fedora4: GIT_REPOS:
2021-05-18 02:39:40.639146 +0000 build-fedora4:      qubes-src/infrastructure,
2021-05-18 02:39:40.639182 +0000 build-fedora4: TEMPLATE:
2021-05-18 02:39:40.653209 +0000 build-fedora4:     
2021-05-18 02:39:40.653249 +0000 build-fedora4: TEMPLATE_FLAVOR_DIR:
2021-05-18 02:39:40.654406 +0000 build-fedora4:     
2021-05-18 02:39:40.654902 +0000 build-fedora4: TEMPLATE_ALIAS:
2021-05-18 02:39:40.661099 +0000 build-fedora4:      stretch:stretch+standard, stretch+gnome:stretch+gnome+standard,
2021-05-18 02:39:40.661142 +0000 build-fedora4:      stretch+minimal:stretch+minimal+no-recommends, buster:buster+standard,
2021-05-18 02:39:40.661155 +0000 build-fedora4:      buster+gnome:buster+gnome+standard, buster+minimal:buster+minimal+no-recommends,
2021-05-18 02:39:40.661166 +0000 build-fedora4:      bullseye:bullseye+standard, bullseye+gnome:bullseye+gnome+standard,
2021-05-18 02:39:40.661176 +0000 build-fedora4:      bullseye+minimal:bullseye+minimal+no-recommends, bionic:bionic+standard,
2021-05-18 02:39:40.661186 +0000 build-fedora4:      focal:focal+standard, whonix-gateway-14:stretch+whonix-gateway+minimal+no-recommends,
2021-05-18 02:39:40.661196 +0000 build-fedora4:      whonix-workstation-14:stretch+whonix-workstation+minimal+no-recommends,
2021-05-18 02:39:40.661206 +0000 build-fedora4:      whonix-gateway-15:buster+whonix-gateway+minimal+no-recommends,
2021-05-18 02:39:40.661215 +0000 build-fedora4:      whonix-workstation-15:buster+whonix-workstation+minimal+no-recommends,
2021-05-18 02:39:40.662373 +0000 build-fedora4: TEMPLATE_LABEL:
2021-05-18 02:39:40.668535 +0000 build-fedora4:      fc31:fedora-31, fc32:fedora-32, fc33:fedora-33, fc30:fedora-30 fc30+minimal:fedora-30-minimal
2021-05-18 02:39:40.668592 +0000 build-fedora4:      fc31+minimal:fedora-31-minimal fc32+minimal:fedora-32-minimal fc33+minimal:fedora-33-minimal
2021-05-18 02:39:40.668625 +0000 build-fedora4:      fc30+xfce:fedora-30-xfce fc31+xfce:fedora-31-xfce fc32+xfce:fedora-32-xfce
2021-05-18 02:39:40.668639 +0000 build-fedora4:      fc33+xfce:fedora-33-xfce stretch:debian-9 stretch+standard:debian-9 stretch+xfce:debian-9-xfce
2021-05-18 02:39:40.668651 +0000 build-fedora4:      buster:debian-10 buster+standard:debian-10 buster+xfce:debian-10-xfce bullseye:debian-11
2021-05-18 02:39:40.668661 +0000 build-fedora4:      bullseye+standard:debian-11 bullseye+xfce:debian-11-xfce bionic+standard:bionic
2021-05-18 02:39:40.668671 +0000 build-fedora4:      focal+standard:focal stretch+whonix-gateway+minimal+no-recommends:whonix-gw-14
2021-05-18 02:39:40.668680 +0000 build-fedora4:      stretch+whonix-workstation+minimal+no-recommends:whonix-ws-14
2021-05-18 02:39:40.668689 +0000 build-fedora4:      buster+whonix-gateway+minimal+no-recommends:whonix-gw-15
2021-05-18 02:39:40.668699 +0000 build-fedora4:      buster+whonix-workstation+minimal+no-recommends:whonix-ws-15 centos7:centos-7
2021-05-18 02:39:40.668709 +0000 build-fedora4:      centos7+minimal:centos-7-minimal centos7+xfce:centos-7-xfce centos8:centos-8
2021-05-18 02:39:40.668718 +0000 build-fedora4:      centos8+minimal:centos-8-minimal centos8+xfce:centos-8-xfce
2021-05-18 02:39:40.692038 +0000 build-fedora4: > running make
2021-05-18 02:39:40.708569 +0000 build-fedora4: Makefile:852: target 'internal-update-repo-current.vm.fc31.infrastructure' does not exist
2021-05-18 02:39:40.708611 +0000 build-fedora4: repo_base_var="LINUX_REPO_fc31_BASEDIR"; \
2021-05-18 02:39:40.708642 +0000 build-fedora4: if [ "infrastructure" = linux-template-builder ]; then \
2021-05-18 02:39:40.708656 +0000 build-fedora4: .# templates belongs to dom0 repository, even though PACKAGE_SET=vm
2021-05-18 02:39:40.708664 +0000 build-fedora4: repo_base_var="LINUX_REPO__BASEDIR"; \
2021-05-18 02:39:40.708670 +0000 build-fedora4: fi; \
2021-05-18 02:39:40.708678 +0000 build-fedora4: if [ -n "${!repo_base_var}" ]; then \
2021-05-18 02:39:40.708685 +0000 build-fedora4: .repo_basedir="${!repo_base_var}"; \
2021-05-18 02:39:40.708691 +0000 build-fedora4: else \
2021-05-18 02:39:40.708698 +0000 build-fedora4: .repo_basedir="qubes-src/linux-yum/r4.1"; \
2021-05-18 02:39:40.708704 +0000 build-fedora4: fi; \
2021-05-18 02:39:40.708712 +0000 build-fedora4: if [ -r qubes-src/infrastructure/Makefile.builder ]; then \
2021-05-18 02:39:40.708720 +0000 build-fedora4: .echo -n "Updating qubes-src/infrastructure... "; \
2021-05-18 02:39:40.708728 +0000 build-fedora4: .if [ "0" -eq 1 ]; then \
2021-05-18 02:39:40.708738 +0000 build-fedora4: ..vtag=`git -C qubes-src/infrastructure tag --points-at HEAD --list v*`; \
2021-05-18 02:39:40.708745 +0000 build-fedora4: ..if [ -z "$vtag" ]; then \
2021-05-18 02:39:40.708752 +0000 build-fedora4: ...echo "no version tag"; \
2021-05-18 02:39:40.708758 +0000 build-fedora4: ...exit 0; \
2021-05-18 02:39:40.708763 +0000 build-fedora4: ..fi; \
2021-05-18 02:39:40.708769 +0000 build-fedora4: .fi; \
2021-05-18 02:39:40.708777 +0000 build-fedora4: .if [ "infrastructure" = linux-template-builder ]; then
2021-05-18 02:39:40.708791 +0000 build-fedora4: export TEMPLATE_NAME=$(MAKEFLAGS= make -s -C qubes-src/linux-template-builder DIST=fc31 template-name)
2021-05-18 02:39:40.708798 +0000 build-fedora4: fi
2021-05-18 02:39:40.708817 +0000 build-fedora4: component_packages=$(MAKEFLAGS= make -s -f Makefile.generic DIST=fc31 PACKAGE_SET=vm COMPONENT=`basename qubes-src/infrastructure` UPDATE_REPO=/home/user/builder-r4.1/$repo_basedir/current/vm/fc31 get-var GET_VAR=PACKAGE_LIST); \
2021-05-18 02:39:40.708825 +0000 build-fedora4: .if [ -z "$component_packages" ]; then \
2021-05-18 02:39:40.708832 +0000 build-fedora4: ..echo "no packages."; \
2021-05-18 02:39:40.708838 +0000 build-fedora4: ..exit 0; \
2021-05-18 02:39:40.708861 +0000 build-fedora4: .fi; \
2021-05-18 02:39:40.708871 +0000 build-fedora4: .make -s -f Makefile.generic DIST=fc31 PACKAGE_SET=vm \
2021-05-18 02:39:40.708879 +0000 build-fedora4: ..COMPONENT=`basename qubes-src/infrastructure` \
2021-05-18 02:39:40.708886 +0000 build-fedora4: ..SNAPSHOT_REPO=current-testing \
2021-05-18 02:39:40.708893 +0000 build-fedora4: ..TARGET_REPO=current \
2021-05-18 02:39:40.708902 +0000 build-fedora4: ..UPDATE_REPO=/home/user/builder-r4.1/$repo_basedir/current/vm/fc31 \
2021-05-18 02:39:40.708914 +0000 build-fedora4: ..SNAPSHOT_FILE=/home/user/builder-r4.1/repo-latest-snapshot/current-testing-vm-fc31-`basename qubes-src/infrastructure` \
2021-05-18 02:39:40.708921 +0000 build-fedora4: ..BUILD_LOG_URL= \
2021-05-18 02:39:40.708929 +0000 build-fedora4: ..update-repo-from-snapshot || exit 1; \
2021-05-18 02:39:40.708939 +0000 build-fedora4: elif make -C qubes-src/infrastructure -n update-repo-current >/dev/null 2>/dev/null; then \
2021-05-18 02:39:40.708947 +0000 build-fedora4: .echo "Updating qubes-src/infrastructure... "; \
2021-05-18 02:39:40.708957 +0000 build-fedora4: .DIST=fc31 UPDATE_REPO=/home/user/builder-r4.1/$repo_basedir/current/vm/fc31 \
2021-05-18 02:39:40.708966 +0000 build-fedora4: .make -s -C qubes-src/infrastructure update-repo-current || exit 1; \
2021-05-18 02:39:40.708972 +0000 build-fedora4: else \
2021-05-18 02:39:40.708980 +0000 build-fedora4: .echo -n "Updating qubes-src/infrastructure... skipping."; \
2021-05-18 02:39:40.708986 +0000 build-fedora4: fi; \
2021-05-18 02:39:40.708991 +0000 build-fedora4: echo
2021-05-18 02:39:40.766819 +0000 build-fedora4: Updating qubes-src/infrastructure... no packages.
2021-05-18 02:39:40.766873 +0000 build-fedora4: Makefile:821: update target 'internal-update-repo-current.vm.fc31' due to: internal-update-repo-current.vm.fc31.infrastructure
2021-05-18 02:39:40.766883 +0000 build-fedora4: true
2021-05-18 02:39:40.768497 +0000 build-fedora4: Makefile:852: target 'internal-update-repo-current.vm.fc32.infrastructure' does not exist
2021-05-18 02:39:40.768534 +0000 build-fedora4: repo_base_var="LINUX_REPO_fc32_BASEDIR"; \
2021-05-18 02:39:40.768546 +0000 build-fedora4: if [ "infrastructure" = linux-template-builder ]; then \
2021-05-18 02:39:40.768556 +0000 build-fedora4: .# templates belongs to dom0 repository, even though PACKAGE_SET=vm
2021-05-18 02:39:40.768564 +0000 build-fedora4: repo_base_var="LINUX_REPO__BASEDIR"; \
2021-05-18 02:39:40.768570 +0000 build-fedora4: fi; \
2021-05-18 02:39:40.768578 +0000 build-fedora4: if [ -n "${!repo_base_var}" ]; then \
2021-05-18 02:39:40.768586 +0000 build-fedora4: .repo_basedir="${!repo_base_var}"; \
2021-05-18 02:39:40.768591 +0000 build-fedora4: else \
2021-05-18 02:39:40.768599 +0000 build-fedora4: .repo_basedir="qubes-src/linux-yum/r4.1"; \
2021-05-18 02:39:40.768626 +0000 build-fedora4: fi; \
2021-05-18 02:39:40.768635 +0000 build-fedora4: if [ -r qubes-src/infrastructure/Makefile.builder ]; then \
2021-05-18 02:39:40.768644 +0000 build-fedora4: .echo -n "Updating qubes-src/infrastructure... "; \
2021-05-18 02:39:40.768651 +0000 build-fedora4: .if [ "0" -eq 1 ]; then \
2021-05-18 02:39:40.768661 +0000 build-fedora4: ..vtag=`git -C qubes-src/infrastructure tag --points-at HEAD --list v*`; \
2021-05-18 02:39:40.768668 +0000 build-fedora4: ..if [ -z "$vtag" ]; then \
2021-05-18 02:39:40.768675 +0000 build-fedora4: ...echo "no version tag"; \
2021-05-18 02:39:40.768684 +0000 build-fedora4: ...exit 0; \
2021-05-18 02:39:40.768690 +0000 build-fedora4: ..fi; \
2021-05-18 02:39:40.768696 +0000 build-fedora4: .fi; \
2021-05-18 02:39:40.768705 +0000 build-fedora4: .if [ "infrastructure" = linux-template-builder ]; then
2021-05-18 02:39:40.768716 +0000 build-fedora4: export TEMPLATE_NAME=$(MAKEFLAGS= make -s -C qubes-src/linux-template-builder DIST=fc32 template-name)
2021-05-18 02:39:40.768722 +0000 build-fedora4: fi
2021-05-18 02:39:40.768741 +0000 build-fedora4: component_packages=$(MAKEFLAGS= make -s -f Makefile.generic DIST=fc32 PACKAGE_SET=vm COMPONENT=`basename qubes-src/infrastructure` UPDATE_REPO=/home/user/builder-r4.1/$repo_basedir/current/vm/fc32 get-var GET_VAR=PACKAGE_LIST); \
2021-05-18 02:39:40.768767 +0000 build-fedora4: .if [ -z "$component_packages" ]; then \
2021-05-18 02:39:40.768776 +0000 build-fedora4: ..echo "no packages."; \
2021-05-18 02:39:40.768784 +0000 build-fedora4: ..exit 0; \
2021-05-18 02:39:40.768790 +0000 build-fedora4: .fi; \
2021-05-18 02:39:40.768799 +0000 build-fedora4: .make -s -f Makefile.generic DIST=fc32 PACKAGE_SET=vm \
2021-05-18 02:39:40.768807 +0000 build-fedora4: ..COMPONENT=`basename qubes-src/infrastructure` \
2021-05-18 02:39:40.768814 +0000 build-fedora4: ..SNAPSHOT_REPO=current-testing \
2021-05-18 02:39:40.768821 +0000 build-fedora4: ..TARGET_REPO=current \
2021-05-18 02:39:40.768830 +0000 build-fedora4: ..UPDATE_REPO=/home/user/builder-r4.1/$repo_basedir/current/vm/fc32 \
2021-05-18 02:39:40.768842 +0000 build-fedora4: ..SNAPSHOT_FILE=/home/user/builder-r4.1/repo-latest-snapshot/current-testing-vm-fc32-`basename qubes-src/infrastructure` \
2021-05-18 02:39:40.768849 +0000 build-fedora4: ..BUILD_LOG_URL= \
2021-05-18 02:39:40.768857 +0000 build-fedora4: ..update-repo-from-snapshot || exit 1; \
2021-05-18 02:39:40.768867 +0000 build-fedora4: elif make -C qubes-src/infrastructure -n update-repo-current >/dev/null 2>/dev/null; then \
2021-05-18 02:39:40.768876 +0000 build-fedora4: .echo "Updating qubes-src/infrastructure... "; \
2021-05-18 02:39:40.768885 +0000 build-fedora4: .DIST=fc32 UPDATE_REPO=/home/user/builder-r4.1/$repo_basedir/current/vm/fc32 \
2021-05-18 02:39:40.768895 +0000 build-fedora4: .make -s -C qubes-src/infrastructure update-repo-current || exit 1; \
2021-05-18 02:39:40.768900 +0000 build-fedora4: else \
2021-05-18 02:39:40.768909 +0000 build-fedora4: .echo -n "Updating qubes-src/infrastructure... skipping."; \
2021-05-18 02:39:40.768914 +0000 build-fedora4: fi; \
2021-05-18 02:39:40.768920 +0000 build-fedora4: echo
2021-05-18 02:39:40.807557 +0000 build-fedora4: Updating qubes-src/infrastructure... no packages.
2021-05-18 02:39:40.808869 +0000 build-fedora4: Makefile:821: update target 'internal-update-repo-current.vm.fc32' due to: internal-update-repo-current.vm.fc32.infrastructure
2021-05-18 02:39:40.808903 +0000 build-fedora4: true
2021-05-18 02:39:40.811411 +0000 build-fedora4: Makefile:852: target 'internal-update-repo-current.vm.fc33.infrastructure' does not exist
2021-05-18 02:39:40.811448 +0000 build-fedora4: repo_base_var="LINUX_REPO_fc33_BASEDIR"; \
2021-05-18 02:39:40.811459 +0000 build-fedora4: if [ "infrastructure" = linux-template-builder ]; then \
2021-05-18 02:39:40.811470 +0000 build-fedora4: .# templates belongs to dom0 repository, even though PACKAGE_SET=vm
2021-05-18 02:39:40.811478 +0000 build-fedora4: repo_base_var="LINUX_REPO__BASEDIR"; \
2021-05-18 02:39:40.811484 +0000 build-fedora4: fi; \
2021-05-18 02:39:40.811492 +0000 build-fedora4: if [ -n "${!repo_base_var}" ]; then \
2021-05-18 02:39:40.811499 +0000 build-fedora4: .repo_basedir="${!repo_base_var}"; \
2021-05-18 02:39:40.811505 +0000 build-fedora4: else \
2021-05-18 02:39:40.811513 +0000 build-fedora4: .repo_basedir="qubes-src/linux-yum/r4.1"; \
2021-05-18 02:39:40.811518 +0000 build-fedora4: fi; \
2021-05-18 02:39:40.811527 +0000 build-fedora4: if [ -r qubes-src/infrastructure/Makefile.builder ]; then \
2021-05-18 02:39:40.811535 +0000 build-fedora4: .echo -n "Updating qubes-src/infrastructure... "; \
2021-05-18 02:39:40.811542 +0000 build-fedora4: .if [ "0" -eq 1 ]; then \
2021-05-18 02:39:40.811552 +0000 build-fedora4: ..vtag=`git -C qubes-src/infrastructure tag --points-at HEAD --list v*`; \
2021-05-18 02:39:40.811559 +0000 build-fedora4: ..if [ -z "$vtag" ]; then \
2021-05-18 02:39:40.811566 +0000 build-fedora4: ...echo "no version tag"; \
2021-05-18 02:39:40.811572 +0000 build-fedora4: ...exit 0; \
2021-05-18 02:39:40.811578 +0000 build-fedora4: ..fi; \
2021-05-18 02:39:40.811584 +0000 build-fedora4: .fi; \
2021-05-18 02:39:40.811644 +0000 build-fedora4: .if [ "infrastructure" = linux-template-builder ]; then
2021-05-18 02:39:40.811658 +0000 build-fedora4: export TEMPLATE_NAME=$(MAKEFLAGS= make -s -C qubes-src/linux-template-builder DIST=fc33 template-name)
2021-05-18 02:39:40.811665 +0000 build-fedora4: fi
2021-05-18 02:39:40.811684 +0000 build-fedora4: component_packages=$(MAKEFLAGS= make -s -f Makefile.generic DIST=fc33 PACKAGE_SET=vm COMPONENT=`basename qubes-src/infrastructure` UPDATE_REPO=/home/user/builder-r4.1/$repo_basedir/current/vm/fc33 get-var GET_VAR=PACKAGE_LIST); \
2021-05-18 02:39:40.811693 +0000 build-fedora4: .if [ -z "$component_packages" ]; then \
2021-05-18 02:39:40.811700 +0000 build-fedora4: ..echo "no packages."; \
2021-05-18 02:39:40.811706 +0000 build-fedora4: ..exit 0; \
2021-05-18 02:39:40.811712 +0000 build-fedora4: .fi; \
2021-05-18 02:39:40.811720 +0000 build-fedora4: .make -s -f Makefile.generic DIST=fc33 PACKAGE_SET=vm \
2021-05-18 02:39:40.811728 +0000 build-fedora4: ..COMPONENT=`basename qubes-src/infrastructure` \
2021-05-18 02:39:40.811735 +0000 build-fedora4: ..SNAPSHOT_REPO=current-testing \
2021-05-18 02:39:40.811742 +0000 build-fedora4: ..TARGET_REPO=current \
2021-05-18 02:39:40.811751 +0000 build-fedora4: ..UPDATE_REPO=/home/user/builder-r4.1/$repo_basedir/current/vm/fc33 \
2021-05-18 02:39:40.811763 +0000 build-fedora4: ..SNAPSHOT_FILE=/home/user/builder-r4.1/repo-latest-snapshot/current-testing-vm-fc33-`basename qubes-src/infrastructure` \
2021-05-18 02:39:40.811770 +0000 build-fedora4: ..BUILD_LOG_URL= \
2021-05-18 02:39:40.811777 +0000 build-fedora4: ..update-repo-from-snapshot || exit 1; \
2021-05-18 02:39:40.811791 +0000 build-fedora4: elif make -C qubes-src/infrastructure -n update-repo-current >/dev/null 2>/dev/null; then \
2021-05-18 02:39:40.811799 +0000 build-fedora4: .echo "Updating qubes-src/infrastructure... "; \
2021-05-18 02:39:40.811808 +0000 build-fedora4: .DIST=fc33 UPDATE_REPO=/home/user/builder-r4.1/$repo_basedir/current/vm/fc33 \
2021-05-18 02:39:40.811818 +0000 build-fedora4: .make -s -C qubes-src/infrastructure update-repo-current || exit 1; \
2021-05-18 02:39:40.811823 +0000 build-fedora4: else \
2021-05-18 02:39:40.811832 +0000 build-fedora4: .echo -n "Updating qubes-src/infrastructure... skipping."; \
2021-05-18 02:39:40.811837 +0000 build-fedora4: fi; \
2021-05-18 02:39:40.811843 +0000 build-fedora4: echo
2021-05-18 02:39:40.865709 +0000 build-fedora4: Updating qubes-src/infrastructure... no packages.
2021-05-18 02:39:40.865762 +0000 build-fedora4: Makefile:821: update target 'internal-update-repo-current.vm.fc33' due to: internal-update-repo-current.vm.fc33.infrastructure
2021-05-18 02:39:40.865772 +0000 build-fedora4: true
2021-05-18 02:39:40.866981 +0000 build-fedora4: Makefile:852: target 'internal-update-repo-current.vm.fc34.infrastructure' does not exist
2021-05-18 02:39:40.867015 +0000 build-fedora4: repo_base_var="LINUX_REPO_fc34_BASEDIR"; \
2021-05-18 02:39:40.867026 +0000 build-fedora4: if [ "infrastructure" = linux-template-builder ]; then \
2021-05-18 02:39:40.867037 +0000 build-fedora4: .# templates belongs to dom0 repository, even though PACKAGE_SET=vm
2021-05-18 02:39:40.867045 +0000 build-fedora4: repo_base_var="LINUX_REPO__BASEDIR"; \
2021-05-18 02:39:40.867050 +0000 build-fedora4: fi; \
2021-05-18 02:39:40.867058 +0000 build-fedora4: if [ -n "${!repo_base_var}" ]; then \
2021-05-18 02:39:40.867066 +0000 build-fedora4: .repo_basedir="${!repo_base_var}"; \
2021-05-18 02:39:40.867071 +0000 build-fedora4: else \
2021-05-18 02:39:40.867079 +0000 build-fedora4: .repo_basedir="qubes-src/linux-yum/r4.1"; \
2021-05-18 02:39:40.867084 +0000 build-fedora4: fi; \
2021-05-18 02:39:40.867093 +0000 build-fedora4: if [ -r qubes-src/infrastructure/Makefile.builder ]; then \
2021-05-18 02:39:40.867101 +0000 build-fedora4: .echo -n "Updating qubes-src/infrastructure... "; \
2021-05-18 02:39:40.867108 +0000 build-fedora4: .if [ "0" -eq 1 ]; then \
2021-05-18 02:39:40.867119 +0000 build-fedora4: ..vtag=`git -C qubes-src/infrastructure tag --points-at HEAD --list v*`; \
2021-05-18 02:39:40.867142 +0000 build-fedora4: ..if [ -z "$vtag" ]; then \
2021-05-18 02:39:40.867151 +0000 build-fedora4: ...echo "no version tag"; \
2021-05-18 02:39:40.867157 +0000 build-fedora4: ...exit 0; \
2021-05-18 02:39:40.867163 +0000 build-fedora4: ..fi; \
2021-05-18 02:39:40.867168 +0000 build-fedora4: .fi; \
2021-05-18 02:39:40.867177 +0000 build-fedora4: .if [ "infrastructure" = linux-template-builder ]; then
2021-05-18 02:39:40.867188 +0000 build-fedora4: export TEMPLATE_NAME=$(MAKEFLAGS= make -s -C qubes-src/linux-template-builder DIST=fc34 template-name)
2021-05-18 02:39:40.867194 +0000 build-fedora4: fi
2021-05-18 02:39:40.867213 +0000 build-fedora4: component_packages=$(MAKEFLAGS= make -s -f Makefile.generic DIST=fc34 PACKAGE_SET=vm COMPONENT=`basename qubes-src/infrastructure` UPDATE_REPO=/home/user/builder-r4.1/$repo_basedir/current/vm/fc34 get-var GET_VAR=PACKAGE_LIST); \
2021-05-18 02:39:40.867225 +0000 build-fedora4: .if [ -z "$component_packages" ]; then \
2021-05-18 02:39:40.867232 +0000 build-fedora4: ..echo "no packages."; \
2021-05-18 02:39:40.867238 +0000 build-fedora4: ..exit 0; \
2021-05-18 02:39:40.867243 +0000 build-fedora4: .fi; \
2021-05-18 02:39:40.867252 +0000 build-fedora4: .make -s -f Makefile.generic DIST=fc34 PACKAGE_SET=vm \
2021-05-18 02:39:40.867260 +0000 build-fedora4: ..COMPONENT=`basename qubes-src/infrastructure` \
2021-05-18 02:39:40.867267 +0000 build-fedora4: ..SNAPSHOT_REPO=current-testing \
2021-05-18 02:39:40.867273 +0000 build-fedora4: ..TARGET_REPO=current \
2021-05-18 02:39:40.867283 +0000 build-fedora4: ..UPDATE_REPO=/home/user/builder-r4.1/$repo_basedir/current/vm/fc34 \
2021-05-18 02:39:40.867295 +0000 build-fedora4: ..SNAPSHOT_FILE=/home/user/builder-r4.1/repo-latest-snapshot/current-testing-vm-fc34-`basename qubes-src/infrastructure` \
2021-05-18 02:39:40.867301 +0000 build-fedora4: ..BUILD_LOG_URL= \
2021-05-18 02:39:40.867309 +0000 build-fedora4: ..update-repo-from-snapshot || exit 1; \
2021-05-18 02:39:40.867319 +0000 build-fedora4: elif make -C qubes-src/infrastructure -n update-repo-current >/dev/null 2>/dev/null; then \
2021-05-18 02:39:40.867327 +0000 build-fedora4: .echo "Updating qubes-src/infrastructure... "; \
2021-05-18 02:39:40.867337 +0000 build-fedora4: .DIST=fc34 UPDATE_REPO=/home/user/builder-r4.1/$repo_basedir/current/vm/fc34 \
2021-05-18 02:39:40.867346 +0000 build-fedora4: .make -s -C qubes-src/infrastructure update-repo-current || exit 1; \
2021-05-18 02:39:40.867352 +0000 build-fedora4: else \
2021-05-18 02:39:40.867360 +0000 build-fedora4: .echo -n "Updating qubes-src/infrastructure... skipping."; \
2021-05-18 02:39:40.867366 +0000 build-fedora4: fi; \
2021-05-18 02:39:40.867371 +0000 build-fedora4: echo
2021-05-18 02:39:40.914394 +0000 build-fedora4: Updating qubes-src/infrastructure... no packages.
2021-05-18 02:39:40.915672 +0000 build-fedora4: Makefile:821: update target 'internal-update-repo-current.vm.fc34' due to: internal-update-repo-current.vm.fc34.infrastructure
2021-05-18 02:39:40.915706 +0000 build-fedora4: true
2021-05-18 02:39:40.916900 +0000 build-fedora4: Makefile:934: target 'post-update-repo-current' does not exist
2021-05-18 02:39:40.916933 +0000 build-fedora4: true
2021-05-18 02:39:40.918107 +0000 build-fedora4: Makefile:808: update target 'update-repo-current' due to: internal-update-repo-current.vm.fc31 internal-update-repo-current.vm.fc32 internal-update-repo-current.vm.fc33 internal-update-repo-current.vm.fc34 post-update-repo-current
2021-05-18 02:39:40.918141 +0000 build-fedora4: true
2021-05-18 02:39:40.919396 +0000 build-fedora4: > done
2021-05-18 02:39:40.920624 +0000 > closing log
