2020-12-24 03:26:41.045090 +0000 > starting log
2020-12-24 03:26:41.045423 +0000 build-fedora4: > starting build with log
2020-12-24 03:26:41.045436 +0000 build-fedora4: >> make args: update-repo-current
2020-12-24 03:26:41.045444 +0000 build-fedora4: >> MAKEFLAGS=
2020-12-24 03:26:41.045452 +0000 build-fedora4: >> COMPONENTS=linux-kernel
2020-12-24 03:26:41.045459 +0000 build-fedora4: >> DISTS_VM=fc31 fc32 fc33
2020-12-24 03:26:41.045465 +0000 build-fedora4: >> DIST_DOM0=
2020-12-24 03:26:41.045473 +0000 build-fedora4: >> qubes-builder 9f3cbd126c692cded5b1b9a6cf0fbe5e609d0024
2020-12-24 03:26:41.114864 +0000 build-fedora4: >> qubes-builder/qubes-src/linux-kernel 55a75cc6bd3abb7c170d233e063c14c72cbb33a4
2020-12-24 03:26:41.156879 +0000 build-fedora4: !! linux-4.14.191.tar.sign
2020-12-24 03:26:41.156922 +0000 build-fedora4: !! linux-4.14.191.tar.xz
2020-12-24 03:26:41.156931 +0000 build-fedora4: !! linux-4.14.197.tar.sign
2020-12-24 03:26:41.156938 +0000 build-fedora4: !! linux-4.14.197.tar.xz
2020-12-24 03:26:41.156945 +0000 build-fedora4: !! linux-4.14.199.tar.sign
2020-12-24 03:26:41.156952 +0000 build-fedora4: !! linux-4.14.199.tar.xz
2020-12-24 03:26:41.156959 +0000 build-fedora4: !! linux-4.14.200.tar.sign
2020-12-24 03:26:41.156965 +0000 build-fedora4: !! linux-4.14.200.tar.xz
2020-12-24 03:26:41.156972 +0000 build-fedora4: !! linux-4.14.201.tar.sign
2020-12-24 03:26:41.156978 +0000 build-fedora4: !! linux-4.14.201.tar.xz
2020-12-24 03:26:41.156985 +0000 build-fedora4: !! linux-4.14.204.tar.sign
2020-12-24 03:26:41.156991 +0000 build-fedora4: !! linux-4.14.204.tar.xz
2020-12-24 03:26:41.156998 +0000 build-fedora4: !! linux-4.14.209.tar.sign
2020-12-24 03:26:41.157004 +0000 build-fedora4: !! linux-4.14.209.tar.xz
2020-12-24 03:26:41.157046 +0000 build-fedora4: 9c6605cb0596c7795736aa965f89ed358a28d9851a21835a87e2258fd963b4089e925cfc6b722b7b60bc835fd2ec0cebbabe516d21f9ae47047d240bf2a2f8d1  linux-4.14.191.tar.sign
2020-12-24 03:26:42.052265 +0000 build-fedora4: 2b11d0977698bb63c294ee8152f269bce744da98d6b5f68ff6e0453378acda518a5c2a21f6eacd21fcccf5f0065469ea2febcf0cd88e5dd65c72223dc5d98b6d  linux-4.14.191.tar.xz
2020-12-24 03:26:42.054127 +0000 build-fedora4: aab7f79ca67e1c87a8f9b3dbfb87ecca7d6aadcbd2c9f22f37ccd3239fc05be643e1c60de9ddb38b280717561ce719cfd06806eeac86fb1113e2b2c4efdb0435  linux-4.14.197.tar.sign
2020-12-24 03:26:43.163831 +0000 build-fedora4: 872258d5419fa8585dd006d8a435716fea3c9a704786a53f2cfea3db7e31c4b9854fd2c6d9812fe1a5574bfc68214d4e0bf0cff2065c217fd425e53259ffe345  linux-4.14.197.tar.xz
2020-12-24 03:26:43.163886 +0000 build-fedora4: d21fe181a620a80fa3fe091ba5d0398f7a8f7c282b91b7afb7e434167f9d87dc1a2575a255969a83d433fbbb72e2f145b12015ad92fa5196ab5771e55eb9e8ac  linux-4.14.199.tar.sign
2020-12-24 03:26:44.343891 +0000 build-fedora4: 5265b3bb116f1e3f23173995a797620d03656a067d65f047edeaf53779deca2f19eee14c569dd32e866c7cc7e31fdeed132e04a676b59cfe5b219dea87e9415d  linux-4.14.199.tar.xz
2020-12-24 03:26:44.348218 +0000 build-fedora4: 6ef0bedb577681ef1036bc547b02ddc762d05aea5623912b56de50308009856d856037587e9951e4cc98b6c69110f0070360625e6cca40eb34dae73458314198  linux-4.14.200.tar.sign
2020-12-24 03:26:45.113045 +0000 build-fedora4: e8a8417780300d48ae91d65f29ff6f958700eca54e93000ce393430506519537231ff1d7e454eacc15273cb5781b9f360319f06f176ad7191c3982cf03340f59  linux-4.14.200.tar.xz
2020-12-24 03:26:45.115231 +0000 build-fedora4: 7bc2099ef643c8ef7967488fce68268ce6fc4dc5437a24cb23db9ffa30816ee92c4469e7ac9988739d34b0f491410a9191058ad1382b5aa2b60f3346ed8e4d2f  linux-4.14.201.tar.sign
2020-12-24 03:26:45.740232 +0000 build-fedora4: a71fb2b03038ff2a01a6fb5dcd1ffc55f7a5316f610e9dfdd9a0850201ff56d2d88ecbf8d08554eeb00f89f577de90c489521cfebaa94cf36d3fb9e1d21c5a8a  linux-4.14.201.tar.xz
2020-12-24 03:26:45.740697 +0000 build-fedora4: ca10e66f242dafc515160a263cc39a2f269992a9ea208a29084a2675cd054e6f84d9bd7d67355ada0197b457d816001757f6c19d81e39fc1279831b9e86b03ff  linux-4.14.204.tar.sign
2020-12-24 03:26:46.353805 +0000 build-fedora4: 9a3737c2a8dd29c90f48c67054bfb24032e920ae2d82cdd3f56caf0577e1a22b2a37d7e85c50c5374697fcd360d09f5a7a633899b19fbc58a2652fa604565744  linux-4.14.204.tar.xz
2020-12-24 03:26:46.355342 +0000 build-fedora4: f39eaf482d1f66e901182cd433c8e60f178fa833b8d5dd63c901a69e88dcc49f4935214dbefc3cfea6d06adc9882bad0cb10e6db7579a0168b28e20ff84a2d6d  linux-4.14.209.tar.sign
2020-12-24 03:26:46.933034 +0000 build-fedora4: 5bf231f9f44248895e2399dc1198ec722078ddc168adb2178975bb8c4578d7fee7dd2993b2f5b9994392cd732358532c8881474d7ba865fcf77f9658d0705f74  linux-4.14.209.tar.xz
2020-12-24 03:26:47.120836 +0000 build-fedora4: ================================================================================
2020-12-24 03:26:47.120886 +0000 build-fedora4:                            B U I L D   I N F O                                  
2020-12-24 03:26:47.120902 +0000 build-fedora4: Items in red indicate it was automatically generated by configuration file(s)
2020-12-24 03:26:47.120913 +0000 build-fedora4: Items in white indicate it was automatically removed by configuration file(s)
2020-12-24 03:26:47.120923 +0000 build-fedora4: ================================================================================
2020-12-24 03:26:47.120930 +0000 build-fedora4: DISTS_VM:
2020-12-24 03:26:47.129331 +0000 build-fedora4:      fc31, fc32, fc33,
2020-12-24 03:26:47.129845 +0000 build-fedora4: DISTS_ALL:
2020-12-24 03:26:47.133318 +0000 build-fedora4:      vm-fc31, vm-fc32, vm-fc33,
2020-12-24 03:26:47.134607 +0000 build-fedora4: DIST_DOM0:
2020-12-24 03:26:47.140026 +0000 build-fedora4:     
2020-12-24 03:26:47.143713 +0000 build-fedora4: BUILDER_PLUGINS:
2020-12-24 03:26:47.147482 +0000 build-fedora4:      builder-rpm, builder-debian, mgmt-salt, linux-yum, release-configs, builder-github,
2020-12-24 03:26:47.151338 +0000 build-fedora4: COMPONENTS:
2020-12-24 03:26:47.154187 +0000 build-fedora4:      linux-kernel,
2020-12-24 03:26:47.155555 +0000 build-fedora4: GIT_REPOS:
2020-12-24 03:26:47.159134 +0000 build-fedora4:      qubes-src/linux-kernel,
2020-12-24 03:26:47.161174 +0000 build-fedora4: TEMPLATE:
2020-12-24 03:26:47.167235 +0000 build-fedora4:     
2020-12-24 03:26:47.167272 +0000 build-fedora4: TEMPLATE_FLAVOR_DIR:
2020-12-24 03:26:47.169512 +0000 build-fedora4:     
2020-12-24 03:26:47.172959 +0000 build-fedora4: TEMPLATE_ALIAS:
2020-12-24 03:26:47.177692 +0000 build-fedora4:      stretch:stretch+standard, stretch+gnome:stretch+gnome+standard,
2020-12-24 03:26:47.177736 +0000 build-fedora4:      stretch+minimal:stretch+minimal+no-recommends, buster:buster+standard, buster+gnome:buster+gnome+standard,
2020-12-24 03:26:47.177749 +0000 build-fedora4:      buster+minimal:buster+minimal+no-recommends, bullseye:bullseye+standard,
2020-12-24 03:26:47.177761 +0000 build-fedora4:      bullseye+gnome:bullseye+gnome+standard, bullseye+minimal:bullseye+minimal+no-recommends,
2020-12-24 03:26:47.177771 +0000 build-fedora4:      whonix-gateway-14:stretch+whonix-gateway+minimal+no-recommends,
2020-12-24 03:26:47.177780 +0000 build-fedora4:      whonix-workstation-14:stretch+whonix-workstation+minimal+no-recommends,
2020-12-24 03:26:47.177789 +0000 build-fedora4:      whonix-gateway-15:buster+whonix-gateway+minimal+no-recommends,
2020-12-24 03:26:47.177799 +0000 build-fedora4:      whonix-workstation-15:buster+whonix-workstation+minimal+no-recommends,
2020-12-24 03:26:47.179927 +0000 build-fedora4: TEMPLATE_LABEL:
2020-12-24 03:26:47.186596 +0000 build-fedora4:      fc31:fedora-31, fc32:fedora-32, fc25:fedora-25 fc30:fedora-30 fc30+minimal:fedora-30-minimal
2020-12-24 03:26:47.186652 +0000 build-fedora4:      fc31+minimal:fedora-31-minimal fc32+minimal:fedora-32-minimal fc30+xfce:fedora-30-xfce
2020-12-24 03:26:47.186665 +0000 build-fedora4:      fc31+xfce:fedora-31-xfce fc32+xfce:fedora-32-xfce stretch:debian-9 stretch+standard:debian-9
2020-12-24 03:26:47.186675 +0000 build-fedora4:      stretch+xfce:debian-9-xfce buster:debian-10 buster+standard:debian-10
2020-12-24 03:26:47.186685 +0000 build-fedora4:      buster+xfce:debian-10-xfce bullseye:debian-11 bullseye+standard:debian-11
2020-12-24 03:26:47.186714 +0000 build-fedora4:      bullseye+xfce:debian-11-xfce stretch+whonix-gateway+minimal+no-recommends:whonix-gw-14
2020-12-24 03:26:47.186724 +0000 build-fedora4:      stretch+whonix-workstation+minimal+no-recommends:whonix-ws-14
2020-12-24 03:26:47.186733 +0000 build-fedora4:      buster+whonix-gateway+minimal+no-recommends:whonix-gw-15
2020-12-24 03:26:47.186742 +0000 build-fedora4:      buster+whonix-workstation+minimal+no-recommends:whonix-ws-15 centos7:centos-7
2020-12-24 03:26:47.186752 +0000 build-fedora4:      centos7+minimal:centos-7-minimal centos7+xfce:centos-7-xfce centos8:centos-8
2020-12-24 03:26:47.186760 +0000 build-fedora4:      centos8+minimal:centos-8-minimal centos8+xfce:centos-8-xfce
2020-12-24 03:26:47.252787 +0000 build-fedora4: > running make
2020-12-24 03:26:47.285381 +0000 build-fedora4: Makefile:847: target 'internal-update-repo-current.vm.fc31.linux-kernel' does not exist
2020-12-24 03:26:47.285424 +0000 build-fedora4: repo_base_var="LINUX_REPO_fc31_BASEDIR"; \
2020-12-24 03:26:47.285435 +0000 build-fedora4: if [ "linux-kernel" = linux-template-builder ]; then \
2020-12-24 03:26:47.285445 +0000 build-fedora4: .# templates belongs to dom0 repository, even though PACKAGE_SET=vm
2020-12-24 03:26:47.285453 +0000 build-fedora4: repo_base_var="LINUX_REPO__BASEDIR"; \
2020-12-24 03:26:47.285459 +0000 build-fedora4: fi; \
2020-12-24 03:26:47.285467 +0000 build-fedora4: if [ -n "${!repo_base_var}" ]; then \
2020-12-24 03:26:47.285474 +0000 build-fedora4: .repo_basedir="${!repo_base_var}"; \
2020-12-24 03:26:47.285480 +0000 build-fedora4: else \
2020-12-24 03:26:47.285488 +0000 build-fedora4: .repo_basedir="qubes-src/linux-yum/r4.0"; \
2020-12-24 03:26:47.285493 +0000 build-fedora4: fi; \
2020-12-24 03:26:47.285501 +0000 build-fedora4: if [ -r qubes-src/linux-kernel/Makefile.builder ]; then \
2020-12-24 03:26:47.285509 +0000 build-fedora4: .echo -n "Updating qubes-src/linux-kernel... "; \
2020-12-24 03:26:47.285516 +0000 build-fedora4: .if [ "0" -eq 1 ]; then \
2020-12-24 03:26:47.285525 +0000 build-fedora4: ..vtag=`git -C qubes-src/linux-kernel tag --points-at HEAD --list v*`; \
2020-12-24 03:26:47.285549 +0000 build-fedora4: ..if [ -z "$vtag" ]; then \
2020-12-24 03:26:47.285558 +0000 build-fedora4: ...echo "no version tag"; \
2020-12-24 03:26:47.285564 +0000 build-fedora4: ...exit 0; \
2020-12-24 03:26:47.285570 +0000 build-fedora4: ..fi; \
2020-12-24 03:26:47.285576 +0000 build-fedora4: .fi; \
2020-12-24 03:26:47.285584 +0000 build-fedora4: .if [ "linux-kernel" = linux-template-builder ]; then
2020-12-24 03:26:47.285594 +0000 build-fedora4: export TEMPLATE_NAME=$(MAKEFLAGS= make -s -C qubes-src/linux-template-builder DIST=fc31 template-name)
2020-12-24 03:26:47.285601 +0000 build-fedora4: fi
2020-12-24 03:26:47.285619 +0000 build-fedora4: component_packages=$(MAKEFLAGS= make -s -f Makefile.generic DIST=fc31 PACKAGE_SET=vm COMPONENT=`basename qubes-src/linux-kernel` UPDATE_REPO=/home/user/builder-r4.0/$repo_basedir/current/vm/fc31 get-var GET_VAR=PACKAGE_LIST); \
2020-12-24 03:26:47.285628 +0000 build-fedora4: .if [ -z "$component_packages" ]; then \
2020-12-24 03:26:47.285635 +0000 build-fedora4: ..echo "no packages."; \
2020-12-24 03:26:47.285641 +0000 build-fedora4: ..exit 0; \
2020-12-24 03:26:47.285647 +0000 build-fedora4: .fi; \
2020-12-24 03:26:47.285655 +0000 build-fedora4: .make -s -f Makefile.generic DIST=fc31 PACKAGE_SET=vm \
2020-12-24 03:26:47.285662 +0000 build-fedora4: ..COMPONENT=`basename qubes-src/linux-kernel` \
2020-12-24 03:26:47.285670 +0000 build-fedora4: ..SNAPSHOT_REPO=current-testing \
2020-12-24 03:26:47.285676 +0000 build-fedora4: ..TARGET_REPO=current \
2020-12-24 03:26:47.285685 +0000 build-fedora4: ..UPDATE_REPO=/home/user/builder-r4.0/$repo_basedir/current/vm/fc31 \
2020-12-24 03:26:47.285696 +0000 build-fedora4: ..SNAPSHOT_FILE=/home/user/builder-r4.0/repo-latest-snapshot/current-testing-vm-fc31-`basename qubes-src/linux-kernel` \
2020-12-24 03:26:47.285721 +0000 build-fedora4: ..BUILD_LOG_URL= \
2020-12-24 03:26:47.285729 +0000 build-fedora4: ..update-repo-from-snapshot || exit 1; \
2020-12-24 03:26:47.285739 +0000 build-fedora4: elif make -C qubes-src/linux-kernel -n update-repo-current >/dev/null 2>/dev/null; then \
2020-12-24 03:26:47.285747 +0000 build-fedora4: .echo "Updating qubes-src/linux-kernel... "; \
2020-12-24 03:26:47.285757 +0000 build-fedora4: .DIST=fc31 UPDATE_REPO=/home/user/builder-r4.0/$repo_basedir/current/vm/fc31 \
2020-12-24 03:26:47.285766 +0000 build-fedora4: .make -s -C qubes-src/linux-kernel update-repo-current || exit 1; \
2020-12-24 03:26:47.285771 +0000 build-fedora4: else \
2020-12-24 03:26:47.285779 +0000 build-fedora4: .echo -n "Updating qubes-src/linux-kernel... skipping."; \
2020-12-24 03:26:47.285785 +0000 build-fedora4: fi; \
2020-12-24 03:26:47.285790 +0000 build-fedora4: echo
2020-12-24 03:26:47.375341 +0000 build-fedora4: Updating qubes-src/linux-kernel... no packages.
2020-12-24 03:26:47.375397 +0000 build-fedora4: Makefile:816: update target 'internal-update-repo-current.vm.fc31' due to: internal-update-repo-current.vm.fc31.linux-kernel
2020-12-24 03:26:47.375407 +0000 build-fedora4: true
2020-12-24 03:26:47.377128 +0000 build-fedora4: Makefile:847: target 'internal-update-repo-current.vm.fc32.linux-kernel' does not exist
2020-12-24 03:26:47.377162 +0000 build-fedora4: repo_base_var="LINUX_REPO_fc32_BASEDIR"; \
2020-12-24 03:26:47.377173 +0000 build-fedora4: if [ "linux-kernel" = linux-template-builder ]; then \
2020-12-24 03:26:47.377183 +0000 build-fedora4: .# templates belongs to dom0 repository, even though PACKAGE_SET=vm
2020-12-24 03:26:47.377190 +0000 build-fedora4: repo_base_var="LINUX_REPO__BASEDIR"; \
2020-12-24 03:26:47.377196 +0000 build-fedora4: fi; \
2020-12-24 03:26:47.377204 +0000 build-fedora4: if [ -n "${!repo_base_var}" ]; then \
2020-12-24 03:26:47.377211 +0000 build-fedora4: .repo_basedir="${!repo_base_var}"; \
2020-12-24 03:26:47.377216 +0000 build-fedora4: else \
2020-12-24 03:26:47.377224 +0000 build-fedora4: .repo_basedir="qubes-src/linux-yum/r4.0"; \
2020-12-24 03:26:47.377230 +0000 build-fedora4: fi; \
2020-12-24 03:26:47.377238 +0000 build-fedora4: if [ -r qubes-src/linux-kernel/Makefile.builder ]; then \
2020-12-24 03:26:47.377246 +0000 build-fedora4: .echo -n "Updating qubes-src/linux-kernel... "; \
2020-12-24 03:26:47.377252 +0000 build-fedora4: .if [ "0" -eq 1 ]; then \
2020-12-24 03:26:47.377262 +0000 build-fedora4: ..vtag=`git -C qubes-src/linux-kernel tag --points-at HEAD --list v*`; \
2020-12-24 03:26:47.377269 +0000 build-fedora4: ..if [ -z "$vtag" ]; then \
2020-12-24 03:26:47.377275 +0000 build-fedora4: ...echo "no version tag"; \
2020-12-24 03:26:47.377281 +0000 build-fedora4: ...exit 0; \
2020-12-24 03:26:47.377287 +0000 build-fedora4: ..fi; \
2020-12-24 03:26:47.377293 +0000 build-fedora4: .fi; \
2020-12-24 03:26:47.377301 +0000 build-fedora4: .if [ "linux-kernel" = linux-template-builder ]; then
2020-12-24 03:26:47.377311 +0000 build-fedora4: export TEMPLATE_NAME=$(MAKEFLAGS= make -s -C qubes-src/linux-template-builder DIST=fc32 template-name)
2020-12-24 03:26:47.377317 +0000 build-fedora4: fi
2020-12-24 03:26:47.377336 +0000 build-fedora4: component_packages=$(MAKEFLAGS= make -s -f Makefile.generic DIST=fc32 PACKAGE_SET=vm COMPONENT=`basename qubes-src/linux-kernel` UPDATE_REPO=/home/user/builder-r4.0/$repo_basedir/current/vm/fc32 get-var GET_VAR=PACKAGE_LIST); \
2020-12-24 03:26:47.377344 +0000 build-fedora4: .if [ -z "$component_packages" ]; then \
2020-12-24 03:26:47.377351 +0000 build-fedora4: ..echo "no packages."; \
2020-12-24 03:26:47.377357 +0000 build-fedora4: ..exit 0; \
2020-12-24 03:26:47.377363 +0000 build-fedora4: .fi; \
2020-12-24 03:26:47.377371 +0000 build-fedora4: .make -s -f Makefile.generic DIST=fc32 PACKAGE_SET=vm \
2020-12-24 03:26:47.377378 +0000 build-fedora4: ..COMPONENT=`basename qubes-src/linux-kernel` \
2020-12-24 03:26:47.377400 +0000 build-fedora4: ..SNAPSHOT_REPO=current-testing \
2020-12-24 03:26:47.377408 +0000 build-fedora4: ..TARGET_REPO=current \
2020-12-24 03:26:47.377417 +0000 build-fedora4: ..UPDATE_REPO=/home/user/builder-r4.0/$repo_basedir/current/vm/fc32 \
2020-12-24 03:26:47.377428 +0000 build-fedora4: ..SNAPSHOT_FILE=/home/user/builder-r4.0/repo-latest-snapshot/current-testing-vm-fc32-`basename qubes-src/linux-kernel` \
2020-12-24 03:26:47.377435 +0000 build-fedora4: ..BUILD_LOG_URL= \
2020-12-24 03:26:47.377443 +0000 build-fedora4: ..update-repo-from-snapshot || exit 1; \
2020-12-24 03:26:47.377452 +0000 build-fedora4: elif make -C qubes-src/linux-kernel -n update-repo-current >/dev/null 2>/dev/null; then \
2020-12-24 03:26:47.377460 +0000 build-fedora4: .echo "Updating qubes-src/linux-kernel... "; \
2020-12-24 03:26:47.377469 +0000 build-fedora4: .DIST=fc32 UPDATE_REPO=/home/user/builder-r4.0/$repo_basedir/current/vm/fc32 \
2020-12-24 03:26:47.377478 +0000 build-fedora4: .make -s -C qubes-src/linux-kernel update-repo-current || exit 1; \
2020-12-24 03:26:47.377484 +0000 build-fedora4: else \
2020-12-24 03:26:47.377493 +0000 build-fedora4: .echo -n "Updating qubes-src/linux-kernel... skipping."; \
2020-12-24 03:26:47.377498 +0000 build-fedora4: fi; \
2020-12-24 03:26:47.377504 +0000 build-fedora4: echo
2020-12-24 03:26:47.423830 +0000 build-fedora4: Updating qubes-src/linux-kernel... no packages.
2020-12-24 03:26:47.423886 +0000 build-fedora4: Makefile:816: update target 'internal-update-repo-current.vm.fc32' due to: internal-update-repo-current.vm.fc32.linux-kernel
2020-12-24 03:26:47.423898 +0000 build-fedora4: true
2020-12-24 03:26:47.425657 +0000 build-fedora4: Makefile:847: target 'internal-update-repo-current.vm.fc33.linux-kernel' does not exist
2020-12-24 03:26:47.425696 +0000 build-fedora4: repo_base_var="LINUX_REPO_fc33_BASEDIR"; \
2020-12-24 03:26:47.425711 +0000 build-fedora4: if [ "linux-kernel" = linux-template-builder ]; then \
2020-12-24 03:26:47.425721 +0000 build-fedora4: .# templates belongs to dom0 repository, even though PACKAGE_SET=vm
2020-12-24 03:26:47.425729 +0000 build-fedora4: repo_base_var="LINUX_REPO__BASEDIR"; \
2020-12-24 03:26:47.425735 +0000 build-fedora4: fi; \
2020-12-24 03:26:47.425745 +0000 build-fedora4: if [ -n "${!repo_base_var}" ]; then \
2020-12-24 03:26:47.425754 +0000 build-fedora4: .repo_basedir="${!repo_base_var}"; \
2020-12-24 03:26:47.425760 +0000 build-fedora4: else \
2020-12-24 03:26:47.425768 +0000 build-fedora4: .repo_basedir="qubes-src/linux-yum/r4.0"; \
2020-12-24 03:26:47.425774 +0000 build-fedora4: fi; \
2020-12-24 03:26:47.425782 +0000 build-fedora4: if [ -r qubes-src/linux-kernel/Makefile.builder ]; then \
2020-12-24 03:26:47.425790 +0000 build-fedora4: .echo -n "Updating qubes-src/linux-kernel... "; \
2020-12-24 03:26:47.425799 +0000 build-fedora4: .if [ "0" -eq 1 ]; then \
2020-12-24 03:26:47.425809 +0000 build-fedora4: ..vtag=`git -C qubes-src/linux-kernel tag --points-at HEAD --list v*`; \
2020-12-24 03:26:47.425816 +0000 build-fedora4: ..if [ -z "$vtag" ]; then \
2020-12-24 03:26:47.425823 +0000 build-fedora4: ...echo "no version tag"; \
2020-12-24 03:26:47.425829 +0000 build-fedora4: ...exit 0; \
2020-12-24 03:26:47.425835 +0000 build-fedora4: ..fi; \
2020-12-24 03:26:47.425841 +0000 build-fedora4: .fi; \
2020-12-24 03:26:47.425849 +0000 build-fedora4: .if [ "linux-kernel" = linux-template-builder ]; then
2020-12-24 03:26:47.425860 +0000 build-fedora4: export TEMPLATE_NAME=$(MAKEFLAGS= make -s -C qubes-src/linux-template-builder DIST=fc33 template-name)
2020-12-24 03:26:47.425866 +0000 build-fedora4: fi
2020-12-24 03:26:47.425884 +0000 build-fedora4: component_packages=$(MAKEFLAGS= make -s -f Makefile.generic DIST=fc33 PACKAGE_SET=vm COMPONENT=`basename qubes-src/linux-kernel` UPDATE_REPO=/home/user/builder-r4.0/$repo_basedir/current/vm/fc33 get-var GET_VAR=PACKAGE_LIST); \
2020-12-24 03:26:47.425893 +0000 build-fedora4: .if [ -z "$component_packages" ]; then \
2020-12-24 03:26:47.425915 +0000 build-fedora4: ..echo "no packages."; \
2020-12-24 03:26:47.425922 +0000 build-fedora4: ..exit 0; \
2020-12-24 03:26:47.425930 +0000 build-fedora4: .fi; \
2020-12-24 03:26:47.425940 +0000 build-fedora4: .make -s -f Makefile.generic DIST=fc33 PACKAGE_SET=vm \
2020-12-24 03:26:47.425947 +0000 build-fedora4: ..COMPONENT=`basename qubes-src/linux-kernel` \
2020-12-24 03:26:47.425954 +0000 build-fedora4: ..SNAPSHOT_REPO=current-testing \
2020-12-24 03:26:47.425960 +0000 build-fedora4: ..TARGET_REPO=current \
2020-12-24 03:26:47.425969 +0000 build-fedora4: ..UPDATE_REPO=/home/user/builder-r4.0/$repo_basedir/current/vm/fc33 \
2020-12-24 03:26:47.425983 +0000 build-fedora4: ..SNAPSHOT_FILE=/home/user/builder-r4.0/repo-latest-snapshot/current-testing-vm-fc33-`basename qubes-src/linux-kernel` \
2020-12-24 03:26:47.425988 +0000 build-fedora4: ..BUILD_LOG_URL= \
2020-12-24 03:26:47.425995 +0000 build-fedora4: ..update-repo-from-snapshot || exit 1; \
2020-12-24 03:26:47.426005 +0000 build-fedora4: elif make -C qubes-src/linux-kernel -n update-repo-current >/dev/null 2>/dev/null; then \
2020-12-24 03:26:47.426013 +0000 build-fedora4: .echo "Updating qubes-src/linux-kernel... "; \
2020-12-24 03:26:47.426023 +0000 build-fedora4: .DIST=fc33 UPDATE_REPO=/home/user/builder-r4.0/$repo_basedir/current/vm/fc33 \
2020-12-24 03:26:47.426032 +0000 build-fedora4: .make -s -C qubes-src/linux-kernel update-repo-current || exit 1; \
2020-12-24 03:26:47.426037 +0000 build-fedora4: else \
2020-12-24 03:26:47.426046 +0000 build-fedora4: .echo -n "Updating qubes-src/linux-kernel... skipping."; \
2020-12-24 03:26:47.426051 +0000 build-fedora4: fi; \
2020-12-24 03:26:47.426057 +0000 build-fedora4: echo
2020-12-24 03:26:47.504217 +0000 build-fedora4: Updating qubes-src/linux-kernel... no packages.
2020-12-24 03:26:47.504267 +0000 build-fedora4: Makefile:816: update target 'internal-update-repo-current.vm.fc33' due to: internal-update-repo-current.vm.fc33.linux-kernel
2020-12-24 03:26:47.504278 +0000 build-fedora4: true
2020-12-24 03:26:47.504288 +0000 build-fedora4: Makefile:929: target 'post-update-repo-current' does not exist
2020-12-24 03:26:47.504294 +0000 build-fedora4: true
2020-12-24 03:26:47.504310 +0000 build-fedora4: Makefile:803: update target 'update-repo-current' due to: internal-update-repo-current.vm.fc31 internal-update-repo-current.vm.fc32 internal-update-repo-current.vm.fc33 post-update-repo-current
2020-12-24 03:26:47.504317 +0000 build-fedora4: true
2020-12-24 03:26:47.504322 +0000 build-fedora4: > done
2020-12-24 03:26:47.504332 +0000 > closing log
