2022-10-24 11:24:39.840169 +0000 > starting log
2022-10-24 11:24:39.840693 +0000 build-fedora4: > starting build with log
2022-10-24 11:24:39.840707 +0000 build-fedora4: >> make args: update-repo-current
2022-10-24 11:24:39.840715 +0000 build-fedora4: >> MAKEFLAGS=
2022-10-24 11:24:39.840722 +0000 build-fedora4: >> COMPONENTS=zlib
2022-10-24 11:24:39.840729 +0000 build-fedora4: >> DISTS_VM=fc35 fc36 fc37
2022-10-24 11:24:39.840736 +0000 build-fedora4: >> DIST_DOM0=
2022-10-24 11:24:39.840745 +0000 build-fedora4: >> qubes-builder b7021ac566abccd659dd932f2f557ee90105db4f
2022-10-24 11:24:39.884073 +0000 build-fedora4: >> qubes-builder/qubes-src/zlib 50faca6379f79c86c96591ca4cba35921baad222
2022-10-24 11:24:39.893444 +0000 build-fedora4: ?? zlib-1.2.12.tar.xz.UNTRUSTED
2022-10-24 11:24:39.909520 +0000 build-fedora4: c0220cc1771e72652b1c4cff6d2f516deeff197ae1c60d957f576b875b8bfe899e40756be238dd1aa647523680d79545313cc3a1224b90d697e6e7ae501e6263  zlib-1.2.12.tar.xz.UNTRUSTED
2022-10-24 11:24:40.110230 +0000 build-fedora4: ================================================================================
2022-10-24 11:24:40.110282 +0000 build-fedora4:                            B U I L D   I N F O                                  
2022-10-24 11:24:40.110297 +0000 build-fedora4: Items in red indicate it was automatically generated by configuration file(s)
2022-10-24 11:24:40.110308 +0000 build-fedora4: Items in white indicate it was automatically removed by configuration file(s)
2022-10-24 11:24:40.110319 +0000 build-fedora4: ================================================================================
2022-10-24 11:24:40.110325 +0000 build-fedora4: DISTS_VM:
2022-10-24 11:24:40.120602 +0000 build-fedora4:      fc35, fc36, fc37,
2022-10-24 11:24:40.120640 +0000 build-fedora4: DISTS_ALL:
2022-10-24 11:24:40.135218 +0000 build-fedora4:      vm-fc35, vm-fc36, vm-fc37,
2022-10-24 11:24:40.135256 +0000 build-fedora4: DIST_DOM0:
2022-10-24 11:24:40.143383 +0000 build-fedora4:     
2022-10-24 11:24:40.143422 +0000 build-fedora4: BUILDER_PLUGINS:
2022-10-24 11:24:40.152220 +0000 build-fedora4:      builder-rpm, builder-debian, mgmt-salt, linux-yum, release-configs, builder-github,
2022-10-24 11:24:40.154638 +0000 build-fedora4: COMPONENTS:
2022-10-24 11:24:40.160087 +0000 build-fedora4:      zlib,
2022-10-24 11:24:40.160124 +0000 build-fedora4: GIT_REPOS:
2022-10-24 11:24:40.167671 +0000 build-fedora4:      qubes-src/zlib,
2022-10-24 11:24:40.167711 +0000 build-fedora4: TEMPLATE:
2022-10-24 11:24:40.179542 +0000 build-fedora4:     
2022-10-24 11:24:40.179581 +0000 build-fedora4: TEMPLATE_FLAVOR_DIR:
2022-10-24 11:24:40.187907 +0000 build-fedora4:     
2022-10-24 11:24:40.187961 +0000 build-fedora4: TEMPLATE_ALIAS:
2022-10-24 11:24:40.190792 +0000 build-fedora4:      stretch:stretch+standard, stretch+gnome:stretch+gnome+standard,
2022-10-24 11:24:40.190831 +0000 build-fedora4:      stretch+minimal:stretch+minimal+no-recommends, buster:buster+standard,
2022-10-24 11:24:40.190845 +0000 build-fedora4:      buster+gnome:buster+gnome+standard, buster+minimal:buster+minimal+no-recommends,
2022-10-24 11:24:40.190857 +0000 build-fedora4:      bullseye:bullseye+standard+firmware, bullseye+gnome:bullseye+gnome+standard+firmware,
2022-10-24 11:24:40.190893 +0000 build-fedora4:      bullseye+minimal:bullseye+minimal+no-recommends, bookworm:bookworm+standard,
2022-10-24 11:24:40.190905 +0000 build-fedora4:      bookworm+gnome:bookworm+gnome+standard, bookworm+minimal:bookworm+minimal+no-recommends,
2022-10-24 11:24:40.190918 +0000 build-fedora4:      bionic:bionic+standard, focal:focal+standard, whonix-gateway-15:buster+whonix-gateway+minimal+no-recommends,
2022-10-24 11:24:40.190929 +0000 build-fedora4:      whonix-workstation-15:buster+whonix-workstation+minimal+no-recommends,
2022-10-24 11:24:40.190938 +0000 build-fedora4:      whonix-gateway-16:bullseye+whonix-gateway+minimal+no-recommends,
2022-10-24 11:24:40.190948 +0000 build-fedora4:      whonix-workstation-16:bullseye+whonix-workstation+minimal+no-recommends,
2022-10-24 11:24:40.190955 +0000 build-fedora4: TEMPLATE_LABEL:
2022-10-24 11:24:40.199230 +0000 build-fedora4:      fc35:fedora-35, fc36:fedora-36, fc34:fedora-34 fc34+minimal:fedora-34-minimal fc35+minimal:fedora-35-minimal
2022-10-24 11:24:40.199273 +0000 build-fedora4:      fc36+minimal:fedora-36-minimal fc34+xfce:fedora-34-xfce fc35+xfce:fedora-35-xfce fc36+xfce:fedora-36-xfce
2022-10-24 11:24:40.199287 +0000 build-fedora4:      stretch:debian-9 stretch+standard:debian-9 stretch+xfce:debian-9-xfce buster:debian-10
2022-10-24 11:24:40.199300 +0000 build-fedora4:      buster+standard:debian-10 buster+xfce:debian-10-xfce bullseye:debian-11 bullseye+standard+firmware:debian-11
2022-10-24 11:24:40.199312 +0000 build-fedora4:      bullseye+xfce:debian-11-xfce bookworm:debian-12 bookworm+standard:debian-12 bookworm+xfce:debian-12-xfce
2022-10-24 11:24:40.199323 +0000 build-fedora4:      bionic+standard:bionic focal+standard:focal buster+whonix-gateway+minimal+no-recommends:whonix-gw-15
2022-10-24 11:24:40.199333 +0000 build-fedora4:      buster+whonix-workstation+minimal+no-recommends:whonix-ws-15
2022-10-24 11:24:40.199342 +0000 build-fedora4:      bullseye+whonix-gateway+minimal+no-recommends:whonix-gw-16
2022-10-24 11:24:40.199353 +0000 build-fedora4:      bullseye+whonix-workstation+minimal+no-recommends:whonix-ws-16 centos7:centos-7
2022-10-24 11:24:40.199364 +0000 build-fedora4:      centos7+minimal:centos-7-minimal centos7+xfce:centos-7-xfce centos-stream8:centos-stream-8
2022-10-24 11:24:40.199374 +0000 build-fedora4:      centos-stream8+minimal:centos-stream-8-minimal centos-stream8+xfce:centos-stream-8-xfce
2022-10-24 11:24:40.247182 +0000 build-fedora4: > running make
2022-10-24 11:24:40.321234 +0000 build-fedora4: Makefile:915: target 'internal-update-repo-current.vm.fc35.zlib' does not exist
2022-10-24 11:24:40.321277 +0000 build-fedora4: true
2022-10-24 11:24:40.334847 +0000 build-fedora4: Makefile:832: update target 'internal-update-repo-current.vm.fc35' due to: internal-update-repo-current.vm.fc35.zlib
2022-10-24 11:24:40.334884 +0000 build-fedora4: true
2022-10-24 11:24:40.444796 +0000 build-fedora4: Makefile:915: target 'internal-update-repo-current.vm.fc36.zlib' does not exist
2022-10-24 11:24:40.444843 +0000 build-fedora4: true
2022-10-24 11:24:40.460893 +0000 build-fedora4: Makefile:832: update target 'internal-update-repo-current.vm.fc36' due to: internal-update-repo-current.vm.fc36.zlib
2022-10-24 11:24:40.460946 +0000 build-fedora4: true
2022-10-24 11:24:40.509194 +0000 build-fedora4: Makefile:915: target 'internal-update-repo-current.vm.fc37.zlib' does not exist
2022-10-24 11:24:40.509243 +0000 build-fedora4: true
2022-10-24 11:24:40.515361 +0000 build-fedora4: Makefile:832: update target 'internal-update-repo-current.vm.fc37' due to: internal-update-repo-current.vm.fc37.zlib
2022-10-24 11:24:40.515398 +0000 build-fedora4: true
2022-10-24 11:24:40.519134 +0000 build-fedora4: Makefile:923: target 'post-update-repo-current' does not exist
2022-10-24 11:24:40.519172 +0000 build-fedora4: for dist in  fc35 fc36 fc37; do \
2022-10-24 11:24:40.519183 +0000 build-fedora4: .repo_base_var="LINUX_REPO_${dist//-/_}_BASEDIR"; \
2022-10-24 11:24:40.519191 +0000 build-fedora4: .if [ -n "${!repo_base_var}" ]; then \
2022-10-24 11:24:40.519199 +0000 build-fedora4: ..repo_basedir="${!repo_base_var}"; \
2022-10-24 11:24:40.519208 +0000 build-fedora4: .else \
2022-10-24 11:24:40.519216 +0000 build-fedora4: ..repo_basedir="qubes-src/linux-yum/r4.1"; \
2022-10-24 11:24:40.519222 +0000 build-fedora4: .fi; \
2022-10-24 11:24:40.519230 +0000 build-fedora4: .repos_to_update="$repos_to_update $repo_basedir"; \
2022-10-24 11:24:40.519236 +0000 build-fedora4: done; \
2022-10-24 11:24:40.519242 +0000 build-fedora4: pkgset_dist= ; \
2022-10-24 11:24:40.519249 +0000 build-fedora4: for dist in ; do \
2022-10-24 11:24:40.519257 +0000 build-fedora4: .pkgset_dist="$pkgset_dist dom0/$dist"; \
2022-10-24 11:24:40.519262 +0000 build-fedora4: done; \
2022-10-24 11:24:40.519269 +0000 build-fedora4: for dist in fc35 fc36 fc37; do \
2022-10-24 11:24:40.519277 +0000 build-fedora4: .pkgset_dist="$pkgset_dist vm/$dist"; \
2022-10-24 11:24:40.519300 +0000 build-fedora4: done; \
2022-10-24 11:24:40.519310 +0000 build-fedora4: for repo in `echo $repos_to_update|tr ' ' '\n'|sort|uniq`; do \
2022-10-24 11:24:40.519317 +0000 build-fedora4: .[ -z "$repo" ] && continue; \
2022-10-24 11:24:40.519326 +0000 build-fedora4: .[ -x "$repo/../update_repo-current.sh" ] || continue; \
2022-10-24 11:24:40.519335 +0000 build-fedora4: .(cd $repo/.. && ./update_repo-current.sh r4.1 $pkgset_dist); \
2022-10-24 11:24:40.519340 +0000 build-fedora4: done
2022-10-24 11:24:40.553021 +0000 build-fedora4: ~/builder-r4.1/qubes-src/linux-yum ~/builder-r4.1/qubes-src/linux-yum
2022-10-24 11:24:40.648703 +0000 build-fedora4: --> Processing repo: r4.1/current/vm/fc35...
2022-10-24 11:24:40.967883 +0000 build-fedora4: warning: Found bdb_ro Packages database while attempting sqlite backend: using bdb_ro backend.
2022-10-24 11:24:52.552233 +0000 build-fedora4: --> Processing repo: r4.1/current/vm/fc36...
2022-10-24 11:24:52.892106 +0000 build-fedora4: warning: Found bdb_ro Packages database while attempting sqlite backend: using bdb_ro backend.
2022-10-24 11:25:02.302335 +0000 build-fedora4: --> Processing repo: r4.1/current/vm/fc37...
2022-10-24 11:25:02.441023 +0000 build-fedora4: warning: Found bdb_ro Packages database while attempting sqlite backend: using bdb_ro backend.
2022-10-24 11:25:02.891978 +0000 build-fedora4: Done.
2022-10-24 11:25:02.912809 +0000 build-fedora4: ~/builder-r4.1/qubes-src/linux-yum ~/builder-r4.1/qubes-src/linux-yum
2022-10-24 11:25:02.926654 +0000 build-fedora4: Syncing r4.1...
2022-10-24 11:25:03.169394 +0000 build-fedora4: sending incremental file list
2022-10-24 11:25:03.228604 +0000 build-fedora4: .d..t...... fc35/
2022-10-24 11:25:03.228648 +0000 build-fedora4: <f..t...... fc35/repodata/repomd.xml.asc
2022-10-24 11:25:03.228665 +0000 build-fedora4: .            833 100%    0.00kB/s    0:00:00  .            833 100%    0.00kB/s    0:00:00 (xfr#1, to-chk=574/589)
2022-10-24 11:25:03.489001 +0000 build-fedora4: sending incremental file list
2022-10-24 11:25:03.522720 +0000 build-fedora4: .d..t...... fc36/
2022-10-24 11:25:03.522764 +0000 build-fedora4: <f..t...... fc36/repodata/repomd.xml.asc
2022-10-24 11:25:03.522780 +0000 build-fedora4: .            833 100%    0.00kB/s    0:00:00  .            833 100%    0.00kB/s    0:00:00 (xfr#1, to-chk=431/446)
2022-10-24 11:25:03.802833 +0000 build-fedora4: sending incremental file list
2022-10-24 11:25:03.846703 +0000 build-fedora4: .d..t...... fc37/
2022-10-24 11:25:03.846750 +0000 build-fedora4: <f..t...... fc37/repodata/repomd.xml.asc
2022-10-24 11:25:03.846767 +0000 build-fedora4: .            833 100%    0.00kB/s    0:00:00  .            833 100%    0.00kB/s    0:00:00 (xfr#1, to-chk=4/19)
2022-10-24 11:25:04.705735 +0000 build-fedora4: Makefile:819: update target 'update-repo-current' due to: internal-update-repo-current.vm.fc35 internal-update-repo-current.vm.fc36 internal-update-repo-current.vm.fc37 post-update-repo-current
2022-10-24 11:25:04.705783 +0000 build-fedora4: true
2022-10-24 11:25:04.705793 +0000 build-fedora4: > done
2022-10-24 11:25:04.705803 +0000 > closing log
