2023-09-10 02:35:52.341487 +0000 > starting log
2023-09-10 02:35:52.344548 +0000 build-fedora4: > starting build with log
2023-09-10 02:35:52.344563 +0000 build-fedora4: >> make args: update-repo-current
2023-09-10 02:35:52.344571 +0000 build-fedora4: >> MAKEFLAGS=
2023-09-10 02:35:52.344578 +0000 build-fedora4: >> COMPONENTS=linux-firmware
2023-09-10 02:35:52.344584 +0000 build-fedora4: >> DISTS_VM=fc37 fc38
2023-09-10 02:35:52.344590 +0000 build-fedora4: >> DIST_DOM0=
2023-09-10 02:35:52.344599 +0000 build-fedora4: >> qubes-builder 5407d687d1b542537e873f3b69f4985eaec360ba
2023-09-10 02:35:52.344627 +0000 build-fedora4: >> qubes-builder/qubes-src/linux-firmware c11b3bc0692f23019cd2db4fce2316f78a3ba962
2023-09-10 02:35:52.344637 +0000 build-fedora4: ?? linux-firmware-20230117.tar.xz.UNTRUSTED
2023-09-10 02:35:52.344645 +0000 build-fedora4: !! linux-firmware-20230625.tar.xz
2023-09-10 02:35:52.344651 +0000 build-fedora4: !! microcode_amd_fam17h.bin
2023-09-10 02:35:52.344663 +0000 build-fedora4: d6c41172f8ef9daa11cdc2b865ef3e8c7a3ff1286fc0bacc5117e29731fbe70e7d346ac08e7d937f3042ea5be6cc5bfc95efffb9883895309b448466dc58b039  linux-firmware-20230117.tar.xz.UNTRUSTED
2023-09-10 02:35:52.690741 +0000 build-fedora4: 0e48aa7f63495485426d37491c7cb61843165625bd47f912c5d83628c6de871759f1a78be3af3d651f7c396bd87dff07e21ba7afc47896c1c143106d5f16d351  linux-firmware-20230625.tar.xz
2023-09-10 02:35:52.692397 +0000 build-fedora4: 5b75f1096082a643539a5005a82c87e429868aad80ea15b4f97b5d139950181569624367048cb88f8dcf66c3f042f8209143567404fe4d168be73d5eb9c741cf  microcode_amd_fam17h.bin
2023-09-10 02:35:52.921447 +0000 build-fedora4: ================================================================================
2023-09-10 02:35:52.921492 +0000 build-fedora4:                            B U I L D   I N F O                                  
2023-09-10 02:35:52.921504 +0000 build-fedora4: Items in red indicate it was automatically generated by configuration file(s)
2023-09-10 02:35:52.921514 +0000 build-fedora4: Items in white indicate it was automatically removed by configuration file(s)
2023-09-10 02:35:52.921524 +0000 build-fedora4: ================================================================================
2023-09-10 02:35:52.921530 +0000 build-fedora4: DISTS_VM:
2023-09-10 02:35:52.933663 +0000 build-fedora4:      fc37, fc38,
2023-09-10 02:35:52.935209 +0000 build-fedora4: DISTS_ALL:
2023-09-10 02:35:52.941027 +0000 build-fedora4:      vm-fc37, vm-fc38,
2023-09-10 02:35:52.943307 +0000 build-fedora4: DIST_DOM0:
2023-09-10 02:35:52.961560 +0000 build-fedora4:     
2023-09-10 02:35:52.961598 +0000 build-fedora4: BUILDER_PLUGINS:
2023-09-10 02:35:52.971280 +0000 build-fedora4:      builder-rpm, builder-debian, mgmt-salt, linux-yum, release-configs, builder-github,
2023-09-10 02:35:52.976345 +0000 build-fedora4: COMPONENTS:
2023-09-10 02:35:52.988945 +0000 build-fedora4:      linux-firmware,
2023-09-10 02:35:52.988979 +0000 build-fedora4: GIT_REPOS:
2023-09-10 02:35:53.002812 +0000 build-fedora4:      qubes-src/linux-firmware,
2023-09-10 02:35:53.002848 +0000 build-fedora4: TEMPLATE:
2023-09-10 02:35:53.013303 +0000 build-fedora4:     
2023-09-10 02:35:53.014682 +0000 build-fedora4: TEMPLATE_FLAVOR_DIR:
2023-09-10 02:35:53.022968 +0000 build-fedora4:     
2023-09-10 02:35:53.023002 +0000 build-fedora4: TEMPLATE_ALIAS:
2023-09-10 02:35:53.027874 +0000 build-fedora4:      stretch:stretch+standard, stretch+gnome:stretch+gnome+standard,
2023-09-10 02:35:53.027909 +0000 build-fedora4:      stretch+minimal:stretch+minimal+no-recommends, buster:buster+gnome,
2023-09-10 02:35:53.027920 +0000 build-fedora4:      buster+minimal:buster+minimal+no-recommends, bullseye:bullseye+gnome+firmware,
2023-09-10 02:35:53.027929 +0000 build-fedora4:      bullseye+minimal:bullseye+minimal+no-recommends, bookworm:bookworm+gnome+firmware,
2023-09-10 02:35:53.027938 +0000 build-fedora4:      bookworm+minimal:bookworm+minimal+no-recommends, bionic:bionic+standard,
2023-09-10 02:35:53.027947 +0000 build-fedora4:      focal:focal+standard, whonix-gateway-15:buster+whonix-gateway+minimal+no-recommends,
2023-09-10 02:35:53.027971 +0000 build-fedora4:      whonix-workstation-15:buster+whonix-workstation+minimal+no-recommends,
2023-09-10 02:35:53.027981 +0000 build-fedora4:      whonix-gateway-16:bullseye+whonix-gateway+minimal+no-recommends,
2023-09-10 02:35:53.027989 +0000 build-fedora4:      whonix-workstation-16:bullseye+whonix-workstation+minimal+no-recommends,
2023-09-10 02:35:53.050544 +0000 build-fedora4: TEMPLATE_LABEL:
2023-09-10 02:35:53.062844 +0000 build-fedora4:      fc37:fedora-37, fc38:fedora-38, fc34:fedora-34 fc35:fedora-35 fc36:fedora-36 fc34+minimal:fedora-34-minimal
2023-09-10 02:35:53.062883 +0000 build-fedora4:      fc35+minimal:fedora-35-minimal fc36+minimal:fedora-36-minimal fc37+minimal:fedora-37-minimal
2023-09-10 02:35:53.062895 +0000 build-fedora4:      fc38+minimal:fedora-38-minimal fc34+xfce:fedora-34-xfce fc35+xfce:fedora-35-xfce fc36+xfce:fedora-36-xfce
2023-09-10 02:35:53.062905 +0000 build-fedora4:      fc37+xfce:fedora-37-xfce fc38+xfce:fedora-38-xfce stretch:debian-9 stretch+standard:debian-9
2023-09-10 02:35:53.062914 +0000 build-fedora4:      stretch+xfce:debian-9-xfce buster+gnome:debian-10 buster+xfce:debian-10-xfce bullseye:debian-11
2023-09-10 02:35:53.062923 +0000 build-fedora4:      bullseye+standard+firmware:debian-11 bullseye+xfce:debian-11-xfce bookworm:debian-12
2023-09-10 02:35:53.062931 +0000 build-fedora4:      bookworm+standard:debian-12 bookworm+xfce:debian-12-xfce bionic+standard:bionic
2023-09-10 02:35:53.062940 +0000 build-fedora4:      focal+standard:focal buster+whonix-gateway+minimal+no-recommends:whonix-gw-15
2023-09-10 02:35:53.062947 +0000 build-fedora4:      buster+whonix-workstation+minimal+no-recommends:whonix-ws-15
2023-09-10 02:35:53.062955 +0000 build-fedora4:      bullseye+whonix-gateway+minimal+no-recommends:whonix-gw-16
2023-09-10 02:35:53.062963 +0000 build-fedora4:      bullseye+whonix-workstation+minimal+no-recommends:whonix-ws-16 centos7:centos-7
2023-09-10 02:35:53.062972 +0000 build-fedora4:      centos7+minimal:centos-7-minimal centos7+xfce:centos-7-xfce centos-stream8:centos-stream-8
2023-09-10 02:35:53.062981 +0000 build-fedora4:      centos-stream8+minimal:centos-stream-8-minimal centos-stream8+xfce:centos-stream-8-xfce
2023-09-10 02:35:53.121521 +0000 build-fedora4: > running make
2023-09-10 02:35:53.158979 +0000 build-fedora4: Makefile:915: update target 'internal-update-repo-current.vm.fc37.linux-firmware' due to: target does not exist
2023-09-10 02:35:53.159018 +0000 build-fedora4: true
2023-09-10 02:35:53.169063 +0000 build-fedora4: Makefile:832: update target 'internal-update-repo-current.vm.fc37' due to: internal-update-repo-current.vm.fc37.linux-firmware
2023-09-10 02:35:53.169098 +0000 build-fedora4: true
2023-09-10 02:35:53.174769 +0000 build-fedora4: Makefile:915: update target 'internal-update-repo-current.vm.fc38.linux-firmware' due to: target does not exist
2023-09-10 02:35:53.174802 +0000 build-fedora4: true
2023-09-10 02:35:53.184676 +0000 build-fedora4: Makefile:832: update target 'internal-update-repo-current.vm.fc38' due to: internal-update-repo-current.vm.fc38.linux-firmware
2023-09-10 02:35:53.184728 +0000 build-fedora4: true
2023-09-10 02:35:53.186289 +0000 build-fedora4: Makefile:923: update target 'post-update-repo-current' due to: target does not exist
2023-09-10 02:35:53.186322 +0000 build-fedora4: for dist in  fc37 fc38; do \
2023-09-10 02:35:53.186333 +0000 build-fedora4: .repo_base_var="LINUX_REPO_${dist//-/_}_BASEDIR"; \
2023-09-10 02:35:53.186341 +0000 build-fedora4: .if [ -n "${!repo_base_var}" ]; then \
2023-09-10 02:35:53.186348 +0000 build-fedora4: ..repo_basedir="${!repo_base_var}"; \
2023-09-10 02:35:53.186354 +0000 build-fedora4: .else \
2023-09-10 02:35:53.186361 +0000 build-fedora4: ..repo_basedir="qubes-src/linux-yum/r4.1"; \
2023-09-10 02:35:53.186366 +0000 build-fedora4: .fi; \
2023-09-10 02:35:53.186374 +0000 build-fedora4: .repos_to_update="$repos_to_update $repo_basedir"; \
2023-09-10 02:35:53.186395 +0000 build-fedora4: done; \
2023-09-10 02:35:53.186402 +0000 build-fedora4: pkgset_dist= ; \
2023-09-10 02:35:53.186409 +0000 build-fedora4: for dist in ; do \
2023-09-10 02:35:53.186416 +0000 build-fedora4: .pkgset_dist="$pkgset_dist dom0/$dist"; \
2023-09-10 02:35:53.186422 +0000 build-fedora4: done; \
2023-09-10 02:35:53.186428 +0000 build-fedora4: for dist in fc37 fc38; do \
2023-09-10 02:35:53.186435 +0000 build-fedora4: .pkgset_dist="$pkgset_dist vm/$dist"; \
2023-09-10 02:35:53.186441 +0000 build-fedora4: done; \
2023-09-10 02:35:53.186449 +0000 build-fedora4: for repo in `echo $repos_to_update|tr ' ' '\n'|sort|uniq`; do \
2023-09-10 02:35:53.186455 +0000 build-fedora4: .[ -z "$repo" ] && continue; \
2023-09-10 02:35:53.186463 +0000 build-fedora4: .[ -x "$repo/../update_repo-current.sh" ] || continue; \
2023-09-10 02:35:53.186470 +0000 build-fedora4: .(cd $repo/.. && ./update_repo-current.sh r4.1 $pkgset_dist); \
2023-09-10 02:35:53.186476 +0000 build-fedora4: done
2023-09-10 02:35:53.237287 +0000 build-fedora4: ~/builder-r4.1/qubes-src/linux-yum ~/builder-r4.1/qubes-src/linux-yum
2023-09-10 02:35:53.276332 +0000 build-fedora4: --> Processing repo: r4.1/current/vm/fc37...
2023-09-10 02:35:53.759278 +0000 build-fedora4: warning: Found bdb_ro Packages database while attempting sqlite backend: using bdb_ro backend.
2023-09-10 02:36:24.753033 +0000 build-fedora4: --> Processing repo: r4.1/current/vm/fc38...
2023-09-10 02:36:25.136828 +0000 build-fedora4: warning: Found bdb_ro Packages database while attempting sqlite backend: using bdb_ro backend.
2023-09-10 02:36:48.260747 +0000 build-fedora4: Done.
2023-09-10 02:36:48.272090 +0000 build-fedora4: ~/builder-r4.1/qubes-src/linux-yum ~/builder-r4.1/qubes-src/linux-yum
2023-09-10 02:36:48.289895 +0000 build-fedora4: Syncing r4.1...
2023-09-10 02:36:49.867551 +0000 build-fedora4: sending incremental file list
2023-09-10 02:36:49.943627 +0000 build-fedora4: .d..t...... fc37/
2023-09-10 02:36:49.943694 +0000 build-fedora4: <f..t...... fc37/repodata/repomd.xml.asc
2023-09-10 02:36:49.943708 +0000 build-fedora4: .            833 100%    0.00kB/s    0:00:00  .            833 100%    0.00kB/s    0:00:00 (xfr#1, to-chk=681/696)
2023-09-10 02:36:50.235512 +0000 build-fedora4: sending incremental file list
2023-09-10 02:36:50.301049 +0000 build-fedora4: .d..t...... fc38/
2023-09-10 02:36:50.301090 +0000 build-fedora4: <f..t...... fc38/repodata/repomd.xml.asc
2023-09-10 02:36:50.301103 +0000 build-fedora4: .            833 100%    0.00kB/s    0:00:00  .            833 100%    0.00kB/s    0:00:00 (xfr#1, to-chk=392/407)
2023-09-10 02:36:51.237544 +0000 build-fedora4: Makefile:819: update target 'update-repo-current' due to: internal-update-repo-current.vm.fc37 internal-update-repo-current.vm.fc38 post-update-repo-current
2023-09-10 02:36:51.237592 +0000 build-fedora4: true
2023-09-10 02:36:51.244365 +0000 build-fedora4: > done
2023-09-10 02:36:51.244403 +0000 > closing log
