2021-06-23 13:55:04.037392 +0000 > starting log
2021-06-23 13:55:04.037765 +0000 build-fedora4: > starting build with log
2021-06-23 13:55:04.037778 +0000 build-fedora4: >> make args: update-repo-current
2021-06-23 13:55:04.037786 +0000 build-fedora4: >> MAKEFLAGS=
2021-06-23 13:55:04.037794 +0000 build-fedora4: >> COMPONENTS=app-linux-snapd-helper
2021-06-23 13:55:04.037820 +0000 build-fedora4: >> DISTS_VM=
2021-06-23 13:55:04.037827 +0000 build-fedora4: >> DIST_DOM0=
2021-06-23 13:55:04.037835 +0000 build-fedora4: >> qubes-builder 1716c6e56661512b9615a165f715909364d06236
2021-06-23 13:55:04.037845 +0000 build-fedora4: >> qubes-builder/qubes-src/app-linux-snapd-helper e371887a28af7dbb68aca7699937cb4c3f693c40
2021-06-23 13:55:04.040155 +0000 build-fedora4: ================================================================================
2021-06-23 13:55:04.040194 +0000 build-fedora4:                            B U I L D   I N F O                                  
2021-06-23 13:55:04.040206 +0000 build-fedora4: Items in red indicate it was automatically generated by configuration file(s)
2021-06-23 13:55:04.040216 +0000 build-fedora4: Items in white indicate it was automatically removed by configuration file(s)
2021-06-23 13:55:04.040226 +0000 build-fedora4: ================================================================================
2021-06-23 13:55:04.040232 +0000 build-fedora4: DISTS_VM:
2021-06-23 13:55:04.046126 +0000 build-fedora4:     
2021-06-23 13:55:04.046162 +0000 build-fedora4: DISTS_ALL:
2021-06-23 13:55:04.055249 +0000 build-fedora4:      dom0-fc32,
2021-06-23 13:55:04.055288 +0000 build-fedora4: DIST_DOM0:
2021-06-23 13:55:04.063411 +0000 build-fedora4:      fc32,
2021-06-23 13:55:04.063449 +0000 build-fedora4: BUILDER_PLUGINS:
2021-06-23 13:55:04.135178 +0000 build-fedora4:      builder-rpm, builder-debian, mgmt-salt, linux-yum, release-configs, builder-github,
2021-06-23 13:55:04.147430 +0000 build-fedora4: COMPONENTS:
2021-06-23 13:55:04.156597 +0000 build-fedora4:      app-linux-snapd-helper,
2021-06-23 13:55:04.156638 +0000 build-fedora4: GIT_REPOS:
2021-06-23 13:55:04.176879 +0000 build-fedora4:      qubes-src/app-linux-snapd-helper,
2021-06-23 13:55:04.176920 +0000 build-fedora4: TEMPLATE:
2021-06-23 13:55:04.193573 +0000 build-fedora4:     
2021-06-23 13:55:04.193617 +0000 build-fedora4: TEMPLATE_FLAVOR_DIR:
2021-06-23 13:55:04.203689 +0000 build-fedora4:     
2021-06-23 13:55:04.210928 +0000 build-fedora4: TEMPLATE_ALIAS:
2021-06-23 13:55:04.242469 +0000 build-fedora4:      stretch:stretch+standard, stretch+gnome:stretch+gnome+standard,
2021-06-23 13:55:04.242517 +0000 build-fedora4:      stretch+minimal:stretch+minimal+no-recommends, buster:buster+standard,
2021-06-23 13:55:04.242529 +0000 build-fedora4:      buster+gnome:buster+gnome+standard, buster+minimal:buster+minimal+no-recommends,
2021-06-23 13:55:04.242539 +0000 build-fedora4:      bullseye:bullseye+standard, bullseye+gnome:bullseye+gnome+standard,
2021-06-23 13:55:04.242549 +0000 build-fedora4:      bullseye+minimal:bullseye+minimal+no-recommends, bionic:bionic+standard,
2021-06-23 13:55:04.242559 +0000 build-fedora4:      focal:focal+standard, whonix-gateway-14:stretch+whonix-gateway+minimal+no-recommends,
2021-06-23 13:55:04.242569 +0000 build-fedora4:      whonix-workstation-14:stretch+whonix-workstation+minimal+no-recommends,
2021-06-23 13:55:04.242578 +0000 build-fedora4:      whonix-gateway-15:buster+whonix-gateway+minimal+no-recommends,
2021-06-23 13:55:04.242587 +0000 build-fedora4:      whonix-workstation-15:buster+whonix-workstation+minimal+no-recommends,
2021-06-23 13:55:04.242593 +0000 build-fedora4: TEMPLATE_LABEL:
2021-06-23 13:55:04.256702 +0000 build-fedora4:      fc32:fedora-32 fc33:fedora-33 fc34:fedora-34 fc35:fedora-35 fc32+minimal:fedora-32-minimal
2021-06-23 13:55:04.256747 +0000 build-fedora4:      fc33+minimal:fedora-33-minimal fc34+minimal:fedora-34-minimal fc35+minimal:fedora-35-minimal
2021-06-23 13:55:04.256759 +0000 build-fedora4:      fc32+xfce:fedora-32-xfce fc33+xfce:fedora-33-xfce fc34+xfce:fedora-34-xfce
2021-06-23 13:55:04.256787 +0000 build-fedora4:      fc35+xfce:fedora-35-xfce stretch:debian-9 stretch+standard:debian-9 stretch+xfce:debian-9-xfce
2021-06-23 13:55:04.256816 +0000 build-fedora4:      buster:debian-10 buster+standard:debian-10 buster+xfce:debian-10-xfce bullseye:debian-11
2021-06-23 13:55:04.256827 +0000 build-fedora4:      bullseye+standard:debian-11 bullseye+xfce:debian-11-xfce bionic+standard:bionic
2021-06-23 13:55:04.256837 +0000 build-fedora4:      focal+standard:focal stretch+whonix-gateway+minimal+no-recommends:whonix-gw-14
2021-06-23 13:55:04.256846 +0000 build-fedora4:      stretch+whonix-workstation+minimal+no-recommends:whonix-ws-14
2021-06-23 13:55:04.256855 +0000 build-fedora4:      buster+whonix-gateway+minimal+no-recommends:whonix-gw-15
2021-06-23 13:55:04.256864 +0000 build-fedora4:      buster+whonix-workstation+minimal+no-recommends:whonix-ws-15 centos7:centos-7
2021-06-23 13:55:04.256875 +0000 build-fedora4:      centos7+minimal:centos-7-minimal centos7+xfce:centos-7-xfce centos-stream8:centos-stream-8
2021-06-23 13:55:04.256885 +0000 build-fedora4:      centos-stream8+minimal:centos-stream-8-minimal centos-stream8+xfce:centos-stream-8-xfce
2021-06-23 13:55:04.328274 +0000 build-fedora4: > running make
2021-06-23 13:55:04.413441 +0000 build-fedora4: Makefile:909: target 'internal-update-repo-current.dom0.fc32.app-linux-snapd-helper' does not exist
2021-06-23 13:55:04.413485 +0000 build-fedora4: true
2021-06-23 13:55:04.420906 +0000 build-fedora4: Makefile:917: target 'post-update-repo-current' does not exist
2021-06-23 13:55:04.420944 +0000 build-fedora4: for dist in fc32 ; do \
2021-06-23 13:55:04.420956 +0000 build-fedora4: .repo_base_var="LINUX_REPO_${dist//-/_}_BASEDIR"; \
2021-06-23 13:55:04.420964 +0000 build-fedora4: .if [ -n "${!repo_base_var}" ]; then \
2021-06-23 13:55:04.420972 +0000 build-fedora4: ..repo_basedir="${!repo_base_var}"; \
2021-06-23 13:55:04.420980 +0000 build-fedora4: .else \
2021-06-23 13:55:04.420988 +0000 build-fedora4: ..repo_basedir="qubes-src/linux-yum/r4.1"; \
2021-06-23 13:55:04.420994 +0000 build-fedora4: .fi; \
2021-06-23 13:55:04.421001 +0000 build-fedora4: .repos_to_update="$repos_to_update $repo_basedir"; \
2021-06-23 13:55:04.421007 +0000 build-fedora4: done; \
2021-06-23 13:55:04.421013 +0000 build-fedora4: pkgset_dist= ; \
2021-06-23 13:55:04.421019 +0000 build-fedora4: for dist in fc32; do \
2021-06-23 13:55:04.421026 +0000 build-fedora4: .pkgset_dist="$pkgset_dist dom0/$dist"; \
2021-06-23 13:55:04.421032 +0000 build-fedora4: done; \
2021-06-23 13:55:04.421037 +0000 build-fedora4: for dist in ; do \
2021-06-23 13:55:04.421045 +0000 build-fedora4: .pkgset_dist="$pkgset_dist vm/$dist"; \
2021-06-23 13:55:04.421050 +0000 build-fedora4: done; \
2021-06-23 13:55:04.421058 +0000 build-fedora4: for repo in `echo $repos_to_update|tr ' ' '\n'|sort|uniq`; do \
2021-06-23 13:55:04.421065 +0000 build-fedora4: .[ -z "$repo" ] && continue; \
2021-06-23 13:55:04.421073 +0000 build-fedora4: .[ -x "$repo/../update_repo-current.sh" ] || continue; \
2021-06-23 13:55:04.421082 +0000 build-fedora4: .(cd $repo/.. && ./update_repo-current.sh r4.1 $pkgset_dist); \
2021-06-23 13:55:04.421087 +0000 build-fedora4: done
2021-06-23 13:55:04.462546 +0000 build-fedora4: ~/builder-r4.1-dom0/qubes-src/linux-yum ~/builder-r4.1-dom0/qubes-src/linux-yum
2021-06-23 13:55:04.528810 +0000 build-fedora4: --> Processing repo: r4.1/current/dom0/fc32...
2021-06-23 13:55:04.609832 +0000 build-fedora4: warning: Found bdb Packages database while attempting sqlite backend: using bdb backend.
2021-06-23 13:59:01.283831 +0000 build-fedora4: Done.
2021-06-23 13:59:01.322948 +0000 build-fedora4: ~/builder-r4.1-dom0/qubes-src/linux-yum ~/builder-r4.1-dom0/qubes-src/linux-yum
2021-06-23 13:59:01.333156 +0000 build-fedora4: Syncing r4.1...
2021-06-23 13:59:02.296511 +0000 build-fedora4: sending incremental file list
2021-06-23 13:59:02.413272 +0000 build-fedora4: .d..t...... fc32/
2021-06-23 13:59:02.413340 +0000 build-fedora4: .d..t...... fc32/repodata/
2021-06-23 13:59:02.413352 +0000 build-fedora4: <f..t...... fc32/repodata/.gitignore
2021-06-23 13:59:02.413366 +0000 build-fedora4: .             38 100%    0.00kB/s    0:00:00  .             38 100%    0.00kB/s    0:00:00 (xfr#1, to-chk=621/626)
2021-06-23 13:59:02.413379 +0000 build-fedora4: <f..t...... fc32/repodata/1d04d3f476b9039f9ec511570a5a0606b57225382d9d9788d5305156041dd1f8-comps.xml
2021-06-23 13:59:02.413392 +0000 build-fedora4: .            700   0%  683.59kB/s    0:00:00  .        107,187 100%  102.22MB/s    0:00:00 (xfr#2, to-chk=620/626)
2021-06-23 13:59:02.413404 +0000 build-fedora4: <f..t...... fc32/repodata/3d712669964d0c876bb741c4abb72f90a44faa952ee5914822ab3c129971f94a-filelists.xml.gz
2021-06-23 13:59:02.416177 +0000 build-fedora4: .            920   0%  898.44kB/s    0:00:00  .        849,582 100%  202.56MB/s    0:00:00 (xfr#3, to-chk=619/626)
2021-06-23 13:59:02.416219 +0000 build-fedora4: <f..t...... fc32/repodata/6b9a5365cf092286b50c22fb10ee268390fbb0ba78bcc1995e9feecd2841e7e9-other.xml.gz
2021-06-23 13:59:02.417448 +0000 build-fedora4: .            700   1%  170.90kB/s    0:00:00  .         46,728 100%   11.14MB/s    0:00:00 (xfr#4, to-chk=618/626)
2021-06-23 13:59:02.417483 +0000 build-fedora4: <f..t...... fc32/repodata/792c41b2c08792947b6a36031262dfc19a3706f22b4d0e03f16e2d65edb25248-primary.sqlite.bz2
2021-06-23 13:59:02.418796 +0000 build-fedora4: .            712   0%  139.06kB/s    0:00:03  .        510,947 100%   69.61MB/s    0:00:00 (xfr#5, to-chk=617/626)
2021-06-23 13:59:02.418831 +0000 build-fedora4: <f..t...... fc32/repodata/799206c2a6e46f7f5434f3b484eca9a4668d23a97d9b578c245cd30a8b268724-primary.xml.gz
2021-06-23 13:59:02.420419 +0000 build-fedora4: .            700   0%   97.66kB/s    0:00:01  .        195,861 100%   23.35MB/s    0:00:00 (xfr#6, to-chk=616/626)
2021-06-23 13:59:02.444991 +0000 build-fedora4: <f..t...... fc32/repodata/d353b4bb87a4cbbc6da7cb2c9aac162361c7846f521de6bf0baa04053b61f143-filelists.sqlite.bz2
2021-06-23 13:59:02.477928 +0000 build-fedora4: .          1,096   0%   32.43kB/s    0:00:37  .      1,209,996 100%   17.75MB/s    0:00:00 (xfr#7, to-chk=615/626)
2021-06-23 13:59:02.477976 +0000 build-fedora4: <f..t...... fc32/repodata/de955edbfbd86e597dd4b17a64005e7461053f5273739e25c935282736ee93a7-other.sqlite.bz2
2021-06-23 13:59:02.480614 +0000 build-fedora4: .            700   0%   10.52kB/s    0:00:08  .         93,493 100%    1.33MB/s    0:00:00 (xfr#8, to-chk=614/626)
2021-06-23 13:59:02.480655 +0000 build-fedora4: <f..t...... fc32/repodata/ff1728e943d67d8cbe098281df44e4a96b9f1cb74d7914c07acfaead64f1aee4-comps.xml.gz
2021-06-23 13:59:02.480669 +0000 build-fedora4: .            700   2%   10.05kB/s    0:00:02  .         25,276 100%  362.99kB/s    0:00:00 (xfr#9, to-chk=613/626)
2021-06-23 13:59:02.480678 +0000 build-fedora4: <f..t...... fc32/repodata/repomd.xml
2021-06-23 13:59:02.480690 +0000 build-fedora4: .          3,863 100%   55.48kB/s    0:00:00  .          3,863 100%   55.48kB/s    0:00:00 (xfr#10, to-chk=612/626)
2021-06-23 13:59:02.480698 +0000 build-fedora4: <f..t...... fc32/repodata/repomd.xml.asc
2021-06-23 13:59:02.481910 +0000 build-fedora4: .            833 100%   11.79kB/s    0:00:00  .            833 100%   11.79kB/s    0:00:00 (xfr#11, to-chk=611/626)
2021-06-23 13:59:03.286735 +0000 build-fedora4: Makefile:813: update target 'update-repo-current' due to: internal-update-repo-current.dom0.fc32.app-linux-snapd-helper post-update-repo-current
2021-06-23 13:59:03.286783 +0000 build-fedora4: true
2021-06-23 13:59:03.424190 +0000 build-fedora4: > done
2021-06-23 13:59:03.455262 +0000 > closing log
