2023-10-17 00:34:40.024779 +0000 > starting log
2023-10-17 00:34:40.025032 +0000 build-fedora4: > starting build with log
2023-10-17 00:34:40.025046 +0000 build-fedora4: >> make args: update-repo-current
2023-10-17 00:34:40.025054 +0000 build-fedora4: >> MAKEFLAGS=
2023-10-17 00:34:40.025062 +0000 build-fedora4: >> COMPONENTS=app-yubikey
2023-10-17 00:34:40.025068 +0000 build-fedora4: >> DISTS_VM=fc37 fc38
2023-10-17 00:34:40.025074 +0000 build-fedora4: >> DIST_DOM0=
2023-10-17 00:34:40.025083 +0000 build-fedora4: >> qubes-builder 9b3260ddee54989a7d18fd6c6907dd81d3d2be7a
2023-10-17 00:34:40.025097 +0000 build-fedora4: >> qubes-builder/qubes-src/app-yubikey 229bb29c04d02cc3004b29a02f4a9a0d5177f548
2023-10-17 00:34:40.025107 +0000 build-fedora4: ================================================================================
2023-10-17 00:34:40.025116 +0000 build-fedora4:                            B U I L D   I N F O                                  
2023-10-17 00:34:40.025124 +0000 build-fedora4: Items in red indicate it was automatically generated by configuration file(s)
2023-10-17 00:34:40.025133 +0000 build-fedora4: Items in white indicate it was automatically removed by configuration file(s)
2023-10-17 00:34:40.025141 +0000 build-fedora4: ================================================================================
2023-10-17 00:34:40.025147 +0000 build-fedora4: DISTS_VM:
2023-10-17 00:34:40.025153 +0000 build-fedora4:      fc37, fc38,
2023-10-17 00:34:40.025159 +0000 build-fedora4: DISTS_ALL:
2023-10-17 00:34:40.025165 +0000 build-fedora4:      vm-fc37, vm-fc38,
2023-10-17 00:34:40.025171 +0000 build-fedora4: DIST_DOM0:
2023-10-17 00:34:40.025177 +0000 build-fedora4:     
2023-10-17 00:34:40.025183 +0000 build-fedora4: BUILDER_PLUGINS:
2023-10-17 00:34:40.025191 +0000 build-fedora4:      builder-rpm, builder-debian, mgmt-salt, linux-yum, release-configs, builder-github,
2023-10-17 00:34:40.025197 +0000 build-fedora4: COMPONENTS:
2023-10-17 00:34:40.025203 +0000 build-fedora4:      app-yubikey,
2023-10-17 00:34:40.025209 +0000 build-fedora4: GIT_REPOS:
2023-10-17 00:34:40.025215 +0000 build-fedora4:      qubes-src/app-yubikey,
2023-10-17 00:34:40.025220 +0000 build-fedora4: TEMPLATE:
2023-10-17 00:34:40.025226 +0000 build-fedora4:     
2023-10-17 00:34:40.025232 +0000 build-fedora4: TEMPLATE_FLAVOR_DIR:
2023-10-17 00:34:40.025238 +0000 build-fedora4:     
2023-10-17 00:34:40.025243 +0000 build-fedora4: TEMPLATE_ALIAS:
2023-10-17 00:34:40.025251 +0000 build-fedora4:      stretch:stretch+standard, stretch+gnome:stretch+gnome+standard,
2023-10-17 00:34:40.025259 +0000 build-fedora4:      stretch+minimal:stretch+minimal+no-recommends, buster:buster+gnome,
2023-10-17 00:34:40.025267 +0000 build-fedora4:      buster+minimal:buster+minimal+no-recommends, bullseye:bullseye+gnome+firmware,
2023-10-17 00:34:40.025276 +0000 build-fedora4:      bullseye+minimal:bullseye+minimal+no-recommends, bookworm:bookworm+gnome+firmware,
2023-10-17 00:34:40.025284 +0000 build-fedora4:      bookworm+minimal:bookworm+minimal+no-recommends, bionic:bionic+standard,
2023-10-17 00:34:40.025293 +0000 build-fedora4:      focal:focal+standard, whonix-gateway-15:buster+whonix-gateway+minimal+no-recommends,
2023-10-17 00:34:40.025301 +0000 build-fedora4:      whonix-workstation-15:buster+whonix-workstation+minimal+no-recommends,
2023-10-17 00:34:40.025308 +0000 build-fedora4:      whonix-gateway-16:bullseye+whonix-gateway+minimal+no-recommends,
2023-10-17 00:34:40.025316 +0000 build-fedora4:      whonix-workstation-16:bullseye+whonix-workstation+minimal+no-recommends,
2023-10-17 00:34:40.025322 +0000 build-fedora4: TEMPLATE_LABEL:
2023-10-17 00:34:40.025332 +0000 build-fedora4:      fc37:fedora-37, fc38:fedora-38, fc34:fedora-34 fc35:fedora-35 fc36:fedora-36 fc34+minimal:fedora-34-minimal
2023-10-17 00:34:40.025341 +0000 build-fedora4:      fc35+minimal:fedora-35-minimal fc36+minimal:fedora-36-minimal fc37+minimal:fedora-37-minimal
2023-10-17 00:34:40.025350 +0000 build-fedora4:      fc38+minimal:fedora-38-minimal fc34+xfce:fedora-34-xfce fc35+xfce:fedora-35-xfce fc36+xfce:fedora-36-xfce
2023-10-17 00:34:40.025367 +0000 build-fedora4:      fc37+xfce:fedora-37-xfce fc38+xfce:fedora-38-xfce stretch:debian-9 stretch+standard:debian-9
2023-10-17 00:34:40.025377 +0000 build-fedora4:      stretch+xfce:debian-9-xfce buster+gnome:debian-10 buster+xfce:debian-10-xfce bullseye:debian-11
2023-10-17 00:34:40.025386 +0000 build-fedora4:      bullseye+standard+firmware:debian-11 bullseye+xfce:debian-11-xfce bookworm:debian-12
2023-10-17 00:34:40.025394 +0000 build-fedora4:      bookworm+standard:debian-12 bookworm+xfce:debian-12-xfce bionic+standard:bionic
2023-10-17 00:34:40.025402 +0000 build-fedora4:      focal+standard:focal buster+whonix-gateway+minimal+no-recommends:whonix-gw-15
2023-10-17 00:34:40.025410 +0000 build-fedora4:      buster+whonix-workstation+minimal+no-recommends:whonix-ws-15
2023-10-17 00:34:40.025418 +0000 build-fedora4:      bullseye+whonix-gateway+minimal+no-recommends:whonix-gw-16
2023-10-17 00:34:40.025426 +0000 build-fedora4:      bullseye+whonix-workstation+minimal+no-recommends:whonix-ws-16 centos7:centos-7
2023-10-17 00:34:40.025435 +0000 build-fedora4:      centos7+minimal:centos-7-minimal centos7+xfce:centos-7-xfce centos-stream8:centos-stream-8
2023-10-17 00:34:40.025444 +0000 build-fedora4:      centos-stream8+minimal:centos-stream-8-minimal centos-stream8+xfce:centos-stream-8-xfce
2023-10-17 00:34:40.025450 +0000 build-fedora4: > running make
2023-10-17 00:34:40.025459 +0000 build-fedora4: Makefile:863: update target 'internal-update-repo-current.vm.fc37.app-yubikey' due to: target does not exist
2023-10-17 00:34:40.025467 +0000 build-fedora4: repo_base_var="LINUX_REPO_${DIST//-/_}_BASEDIR"; \
2023-10-17 00:34:40.025474 +0000 build-fedora4: if [ "app-yubikey" = linux-template-builder ]; then \
2023-10-17 00:34:40.025483 +0000 build-fedora4: .# templates belongs to dom0 repository, even though PACKAGE_SET=vm
2023-10-17 00:34:40.025490 +0000 build-fedora4: repo_base_var="LINUX_REPO__BASEDIR"; \
2023-10-17 00:34:40.025496 +0000 build-fedora4: fi; \
2023-10-17 00:34:40.025519 +0000 build-fedora4: if [ -n "${!repo_base_var}" ]; then \
2023-10-17 00:34:40.025528 +0000 build-fedora4: .repo_basedir="${!repo_base_var}"; \
2023-10-17 00:34:40.025534 +0000 build-fedora4: else \
2023-10-17 00:34:40.025541 +0000 build-fedora4: .repo_basedir="qubes-src/linux-yum/r4.1"; \
2023-10-17 00:34:40.025547 +0000 build-fedora4: fi; \
2023-10-17 00:34:40.025554 +0000 build-fedora4: if [ -r qubes-src/app-yubikey/Makefile.builder ]; then \
2023-10-17 00:34:40.025561 +0000 build-fedora4: .echo -n "Updating qubes-src/app-yubikey... "; \
2023-10-17 00:34:40.025567 +0000 build-fedora4: .if [ "0" -eq 1 ]; then \
2023-10-17 00:34:40.025576 +0000 build-fedora4: ..vtag=`git -C qubes-src/app-yubikey tag --points-at HEAD --list v*`; \
2023-10-17 00:34:40.025582 +0000 build-fedora4: ..if [ -z "$vtag" ]; then \
2023-10-17 00:34:40.025589 +0000 build-fedora4: ...echo "no version tag"; \
2023-10-17 00:34:40.025594 +0000 build-fedora4: ...exit 0; \
2023-10-17 00:34:40.025600 +0000 build-fedora4: ..fi; \
2023-10-17 00:34:40.025606 +0000 build-fedora4: .fi; \
2023-10-17 00:34:40.025613 +0000 build-fedora4: .if [ "app-yubikey" = linux-template-builder ]; then
2023-10-17 00:34:40.025622 +0000 build-fedora4: export TEMPLATE_NAME=$(MAKEFLAGS= make -s -C qubes-src/linux-template-builder DIST=fc37 template-name)
2023-10-17 00:34:40.025627 +0000 build-fedora4: fi
2023-10-17 00:34:40.025641 +0000 build-fedora4: component_packages=$(MAKEFLAGS= make -s -f Makefile.generic DIST=fc37 PACKAGE_SET=vm COMPONENT=`basename qubes-src/app-yubikey` UPDATE_REPO=/home/user/builder-r4.1/$repo_basedir/current/vm/fc37 get-var GET_VAR=PACKAGE_LIST); \
2023-10-17 00:34:40.025648 +0000 build-fedora4: .if [ -z "$component_packages" ]; then \
2023-10-17 00:34:40.025667 +0000 build-fedora4: ..echo "no packages."; \
2023-10-17 00:34:40.025674 +0000 build-fedora4: ..exit 0; \
2023-10-17 00:34:40.025680 +0000 build-fedora4: .fi; \
2023-10-17 00:34:40.025694 +0000 build-fedora4: .make -s -f Makefile.generic DIST=fc37 PACKAGE_SET=vm \
2023-10-17 00:34:40.025702 +0000 build-fedora4: ..COMPONENT=`basename qubes-src/app-yubikey` \
2023-10-17 00:34:40.025709 +0000 build-fedora4: ..SNAPSHOT_REPO=current-testing \
2023-10-17 00:34:40.025715 +0000 build-fedora4: ..TARGET_REPO=current \
2023-10-17 00:34:40.025723 +0000 build-fedora4: ..UPDATE_REPO=/home/user/builder-r4.1/$repo_basedir/current/vm/fc37 \
2023-10-17 00:34:40.025732 +0000 build-fedora4: ..SNAPSHOT_FILE=/home/user/builder-r4.1/repo-latest-snapshot/current-testing-vm-fc37-`basename qubes-src/app-yubikey` \
2023-10-17 00:34:40.025739 +0000 build-fedora4: ..BUILD_LOG_URL= \
2023-10-17 00:34:40.025745 +0000 build-fedora4: ..update-repo-from-snapshot || exit 1; \
2023-10-17 00:34:40.025754 +0000 build-fedora4: elif make -C qubes-src/app-yubikey -n update-repo-current >/dev/null 2>/dev/null; then \
2023-10-17 00:34:40.025761 +0000 build-fedora4: .echo "Updating qubes-src/app-yubikey... "; \
2023-10-17 00:34:40.025769 +0000 build-fedora4: .DIST=fc37 UPDATE_REPO=/home/user/builder-r4.1/$repo_basedir/current/vm/fc37 \
2023-10-17 00:34:40.025777 +0000 build-fedora4: .make -s -C qubes-src/app-yubikey update-repo-current || exit 1; \
2023-10-17 00:34:40.025782 +0000 build-fedora4: else \
2023-10-17 00:34:40.025790 +0000 build-fedora4: .echo -n "Updating qubes-src/app-yubikey... skipping."; \
2023-10-17 00:34:40.025795 +0000 build-fedora4: fi; \
2023-10-17 00:34:40.025801 +0000 build-fedora4: echo
2023-10-17 00:34:40.025807 +0000 build-fedora4: Updating qubes-src/app-yubikey... no packages.
2023-10-17 00:34:40.025816 +0000 build-fedora4: Makefile:832: update target 'internal-update-repo-current.vm.fc37' due to: target does not exist
2023-10-17 00:34:40.025822 +0000 build-fedora4: true
2023-10-17 00:34:40.025831 +0000 build-fedora4: Makefile:863: update target 'internal-update-repo-current.vm.fc38.app-yubikey' due to: target does not exist
2023-10-17 00:34:40.025838 +0000 build-fedora4: repo_base_var="LINUX_REPO_${DIST//-/_}_BASEDIR"; \
2023-10-17 00:34:40.025845 +0000 build-fedora4: if [ "app-yubikey" = linux-template-builder ]; then \
2023-10-17 00:34:40.025853 +0000 build-fedora4: .# templates belongs to dom0 repository, even though PACKAGE_SET=vm
2023-10-17 00:34:40.025859 +0000 build-fedora4: repo_base_var="LINUX_REPO__BASEDIR"; \
2023-10-17 00:34:40.025865 +0000 build-fedora4: fi; \
2023-10-17 00:34:40.025871 +0000 build-fedora4: if [ -n "${!repo_base_var}" ]; then \
2023-10-17 00:34:40.025878 +0000 build-fedora4: .repo_basedir="${!repo_base_var}"; \
2023-10-17 00:34:40.025883 +0000 build-fedora4: else \
2023-10-17 00:34:40.025890 +0000 build-fedora4: .repo_basedir="qubes-src/linux-yum/r4.1"; \
2023-10-17 00:34:40.025896 +0000 build-fedora4: fi; \
2023-10-17 00:34:40.025903 +0000 build-fedora4: if [ -r qubes-src/app-yubikey/Makefile.builder ]; then \
2023-10-17 00:34:40.025910 +0000 build-fedora4: .echo -n "Updating qubes-src/app-yubikey... "; \
2023-10-17 00:34:40.025916 +0000 build-fedora4: .if [ "0" -eq 1 ]; then \
2023-10-17 00:34:40.025924 +0000 build-fedora4: ..vtag=`git -C qubes-src/app-yubikey tag --points-at HEAD --list v*`; \
2023-10-17 00:34:40.025930 +0000 build-fedora4: ..if [ -z "$vtag" ]; then \
2023-10-17 00:34:40.025937 +0000 build-fedora4: ...echo "no version tag"; \
2023-10-17 00:34:40.025943 +0000 build-fedora4: ...exit 0; \
2023-10-17 00:34:40.025948 +0000 build-fedora4: ..fi; \
2023-10-17 00:34:40.025954 +0000 build-fedora4: .fi; \
2023-10-17 00:34:40.025961 +0000 build-fedora4: .if [ "app-yubikey" = linux-template-builder ]; then
2023-10-17 00:34:40.025970 +0000 build-fedora4: export TEMPLATE_NAME=$(MAKEFLAGS= make -s -C qubes-src/linux-template-builder DIST=fc38 template-name)
2023-10-17 00:34:40.025976 +0000 build-fedora4: fi
2023-10-17 00:34:40.025989 +0000 build-fedora4: component_packages=$(MAKEFLAGS= make -s -f Makefile.generic DIST=fc38 PACKAGE_SET=vm COMPONENT=`basename qubes-src/app-yubikey` UPDATE_REPO=/home/user/builder-r4.1/$repo_basedir/current/vm/fc38 get-var GET_VAR=PACKAGE_LIST); \
2023-10-17 00:34:40.026000 +0000 build-fedora4: .if [ -z "$component_packages" ]; then \
2023-10-17 00:34:40.026007 +0000 build-fedora4: ..echo "no packages."; \
2023-10-17 00:34:40.026013 +0000 build-fedora4: ..exit 0; \
2023-10-17 00:34:40.026019 +0000 build-fedora4: .fi; \
2023-10-17 00:34:40.026026 +0000 build-fedora4: .make -s -f Makefile.generic DIST=fc38 PACKAGE_SET=vm \
2023-10-17 00:34:40.026033 +0000 build-fedora4: ..COMPONENT=`basename qubes-src/app-yubikey` \
2023-10-17 00:34:40.026040 +0000 build-fedora4: ..SNAPSHOT_REPO=current-testing \
2023-10-17 00:34:40.026046 +0000 build-fedora4: ..TARGET_REPO=current \
2023-10-17 00:34:40.026054 +0000 build-fedora4: ..UPDATE_REPO=/home/user/builder-r4.1/$repo_basedir/current/vm/fc38 \
2023-10-17 00:34:40.026064 +0000 build-fedora4: ..SNAPSHOT_FILE=/home/user/builder-r4.1/repo-latest-snapshot/current-testing-vm-fc38-`basename qubes-src/app-yubikey` \
2023-10-17 00:34:40.026070 +0000 build-fedora4: ..BUILD_LOG_URL= \
2023-10-17 00:34:40.026077 +0000 build-fedora4: ..update-repo-from-snapshot || exit 1; \
2023-10-17 00:34:40.026085 +0000 build-fedora4: elif make -C qubes-src/app-yubikey -n update-repo-current >/dev/null 2>/dev/null; then \
2023-10-17 00:34:40.026092 +0000 build-fedora4: .echo "Updating qubes-src/app-yubikey... "; \
2023-10-17 00:34:40.026100 +0000 build-fedora4: .DIST=fc38 UPDATE_REPO=/home/user/builder-r4.1/$repo_basedir/current/vm/fc38 \
2023-10-17 00:34:40.026108 +0000 build-fedora4: .make -s -C qubes-src/app-yubikey update-repo-current || exit 1; \
2023-10-17 00:34:40.026114 +0000 build-fedora4: else \
2023-10-17 00:34:40.026121 +0000 build-fedora4: .echo -n "Updating qubes-src/app-yubikey... skipping."; \
2023-10-17 00:34:40.026127 +0000 build-fedora4: fi; \
2023-10-17 00:34:40.026132 +0000 build-fedora4: echo
2023-10-17 00:34:40.026139 +0000 build-fedora4: Updating qubes-src/app-yubikey... no packages.
2023-10-17 00:34:40.026148 +0000 build-fedora4: Makefile:832: update target 'internal-update-repo-current.vm.fc38' due to: target does not exist
2023-10-17 00:34:40.026153 +0000 build-fedora4: true
2023-10-17 00:34:40.026161 +0000 build-fedora4: Makefile:945: update target 'post-update-repo-current' due to: target does not exist
2023-10-17 00:34:40.026167 +0000 build-fedora4: true
2023-10-17 00:34:40.026175 +0000 build-fedora4: Makefile:819: update target 'update-repo-current' due to: target does not exist
2023-10-17 00:34:40.026180 +0000 build-fedora4: true
2023-10-17 00:34:40.026186 +0000 build-fedora4: > done
2023-10-17 00:34:40.026193 +0000 > closing log
