2023-02-27 14:14:46.079365 +0000 > starting log
2023-02-27 14:14:46.081255 +0000 build-fedora4: > starting build with log
2023-02-27 14:14:46.081292 +0000 build-fedora4: >> make args: update-repo-current
2023-02-27 14:14:46.081300 +0000 build-fedora4: >> MAKEFLAGS=
2023-02-27 14:14:46.081308 +0000 build-fedora4: >> COMPONENTS=anaconda-addon
2023-02-27 14:14:46.081315 +0000 build-fedora4: >> DISTS_VM=fc36 fc37
2023-02-27 14:14:46.081321 +0000 build-fedora4: >> DIST_DOM0=
2023-02-27 14:14:46.081330 +0000 build-fedora4: >> qubes-builder 3b0d445fd93ec403c33635a9aea6d3c8423ba38f
2023-02-27 14:14:46.081339 +0000 build-fedora4: >> qubes-builder/qubes-src/anaconda-addon 8f34bac0e76be3a71c3dd3732427a7e73d332211
2023-02-27 14:14:46.081349 +0000 build-fedora4: ================================================================================
2023-02-27 14:14:46.081359 +0000 build-fedora4:                            B U I L D   I N F O                                  
2023-02-27 14:14:46.081368 +0000 build-fedora4: Items in red indicate it was automatically generated by configuration file(s)
2023-02-27 14:14:46.081378 +0000 build-fedora4: Items in white indicate it was automatically removed by configuration file(s)
2023-02-27 14:14:46.081387 +0000 build-fedora4: ================================================================================
2023-02-27 14:14:46.081393 +0000 build-fedora4: DISTS_VM:
2023-02-27 14:14:46.081399 +0000 build-fedora4:      fc36, fc37,
2023-02-27 14:14:46.081405 +0000 build-fedora4: DISTS_ALL:
2023-02-27 14:14:46.081411 +0000 build-fedora4:      vm-fc36, vm-fc37,
2023-02-27 14:14:46.081422 +0000 build-fedora4: DIST_DOM0:
2023-02-27 14:14:46.081427 +0000 build-fedora4:     
2023-02-27 14:14:46.091558 +0000 build-fedora4: BUILDER_PLUGINS:
2023-02-27 14:14:46.102490 +0000 build-fedora4:      builder-rpm, builder-debian, mgmt-salt, linux-yum, release-configs, builder-github,
2023-02-27 14:14:46.102533 +0000 build-fedora4: COMPONENTS:
2023-02-27 14:14:46.115829 +0000 build-fedora4:      anaconda-addon,
2023-02-27 14:14:46.119058 +0000 build-fedora4: GIT_REPOS:
2023-02-27 14:14:46.127693 +0000 build-fedora4:      qubes-src/anaconda-addon,
2023-02-27 14:14:46.127730 +0000 build-fedora4: TEMPLATE:
2023-02-27 14:14:46.140522 +0000 build-fedora4:     
2023-02-27 14:14:46.140566 +0000 build-fedora4: TEMPLATE_FLAVOR_DIR:
2023-02-27 14:14:46.151356 +0000 build-fedora4:     
2023-02-27 14:14:46.151395 +0000 build-fedora4: TEMPLATE_ALIAS:
2023-02-27 14:14:46.162840 +0000 build-fedora4:      stretch:stretch+standard, stretch+gnome:stretch+gnome+standard,
2023-02-27 14:14:46.162881 +0000 build-fedora4:      stretch+minimal:stretch+minimal+no-recommends, buster:buster+standard,
2023-02-27 14:14:46.162894 +0000 build-fedora4:      buster+gnome:buster+gnome+standard, buster+minimal:buster+minimal+no-recommends,
2023-02-27 14:14:46.162906 +0000 build-fedora4:      bullseye:bullseye+standard+firmware, bullseye+gnome:bullseye+gnome+standard+firmware,
2023-02-27 14:14:46.162916 +0000 build-fedora4:      bullseye+minimal:bullseye+minimal+no-recommends, bookworm:bookworm+standard,
2023-02-27 14:14:46.162926 +0000 build-fedora4:      bookworm+gnome:bookworm+gnome+standard, bookworm+minimal:bookworm+minimal+no-recommends,
2023-02-27 14:14:46.162960 +0000 build-fedora4:      bionic:bionic+standard, focal:focal+standard, whonix-gateway-15:buster+whonix-gateway+minimal+no-recommends,
2023-02-27 14:14:46.162972 +0000 build-fedora4:      whonix-workstation-15:buster+whonix-workstation+minimal+no-recommends,
2023-02-27 14:14:46.162981 +0000 build-fedora4:      whonix-gateway-16:bullseye+whonix-gateway+minimal+no-recommends,
2023-02-27 14:14:46.162990 +0000 build-fedora4:      whonix-workstation-16:bullseye+whonix-workstation+minimal+no-recommends,
2023-02-27 14:14:46.162997 +0000 build-fedora4: TEMPLATE_LABEL:
2023-02-27 14:14:46.167393 +0000 build-fedora4:      fc36:fedora-36, fc37:fedora-37, fc34:fedora-34 fc35:fedora-35 fc34+minimal:fedora-34-minimal
2023-02-27 14:14:46.167438 +0000 build-fedora4:      fc35+minimal:fedora-35-minimal fc36+minimal:fedora-36-minimal fc37+minimal:fedora-37-minimal
2023-02-27 14:14:46.167468 +0000 build-fedora4:      fc34+xfce:fedora-34-xfce fc35+xfce:fedora-35-xfce fc36+xfce:fedora-36-xfce fc37+xfce:fedora-37-xfce
2023-02-27 14:14:46.167481 +0000 build-fedora4:      stretch:debian-9 stretch+standard:debian-9 stretch+xfce:debian-9-xfce buster:debian-10
2023-02-27 14:14:46.167493 +0000 build-fedora4:      buster+standard:debian-10 buster+xfce:debian-10-xfce bullseye:debian-11 bullseye+standard+firmware:debian-11
2023-02-27 14:14:46.167505 +0000 build-fedora4:      bullseye+xfce:debian-11-xfce bookworm:debian-12 bookworm+standard:debian-12 bookworm+xfce:debian-12-xfce
2023-02-27 14:14:46.167515 +0000 build-fedora4:      bionic+standard:bionic focal+standard:focal buster+whonix-gateway+minimal+no-recommends:whonix-gw-15
2023-02-27 14:14:46.167524 +0000 build-fedora4:      buster+whonix-workstation+minimal+no-recommends:whonix-ws-15
2023-02-27 14:14:46.167534 +0000 build-fedora4:      bullseye+whonix-gateway+minimal+no-recommends:whonix-gw-16
2023-02-27 14:14:46.167543 +0000 build-fedora4:      bullseye+whonix-workstation+minimal+no-recommends:whonix-ws-16 centos7:centos-7
2023-02-27 14:14:46.167554 +0000 build-fedora4:      centos7+minimal:centos-7-minimal centos7+xfce:centos-7-xfce centos-stream8:centos-stream-8
2023-02-27 14:14:46.167564 +0000 build-fedora4:      centos-stream8+minimal:centos-stream-8-minimal centos-stream8+xfce:centos-stream-8-xfce
2023-02-27 14:14:46.203411 +0000 build-fedora4: > running make
2023-02-27 14:14:46.233176 +0000 build-fedora4: Makefile:863: target 'internal-update-repo-current.vm.fc36.anaconda-addon' does not exist
2023-02-27 14:14:46.233220 +0000 build-fedora4: repo_base_var="LINUX_REPO_${DIST//-/_}_BASEDIR"; \
2023-02-27 14:14:46.233232 +0000 build-fedora4: if [ "anaconda-addon" = linux-template-builder ]; then \
2023-02-27 14:14:46.233242 +0000 build-fedora4: .# templates belongs to dom0 repository, even though PACKAGE_SET=vm
2023-02-27 14:14:46.233250 +0000 build-fedora4: repo_base_var="LINUX_REPO__BASEDIR"; \
2023-02-27 14:14:46.233256 +0000 build-fedora4: fi; \
2023-02-27 14:14:46.233264 +0000 build-fedora4: if [ -n "${!repo_base_var}" ]; then \
2023-02-27 14:14:46.233271 +0000 build-fedora4: .repo_basedir="${!repo_base_var}"; \
2023-02-27 14:14:46.233277 +0000 build-fedora4: else \
2023-02-27 14:14:46.233284 +0000 build-fedora4: .repo_basedir="qubes-src/linux-yum/r4.1"; \
2023-02-27 14:14:46.233290 +0000 build-fedora4: fi; \
2023-02-27 14:14:46.233298 +0000 build-fedora4: if [ -r qubes-src/anaconda-addon/Makefile.builder ]; then \
2023-02-27 14:14:46.233306 +0000 build-fedora4: .echo -n "Updating qubes-src/anaconda-addon... "; \
2023-02-27 14:14:46.233313 +0000 build-fedora4: .if [ "0" -eq 1 ]; then \
2023-02-27 14:14:46.233322 +0000 build-fedora4: ..vtag=`git -C qubes-src/anaconda-addon tag --points-at HEAD --list v*`; \
2023-02-27 14:14:46.233329 +0000 build-fedora4: ..if [ -z "$vtag" ]; then \
2023-02-27 14:14:46.233336 +0000 build-fedora4: ...echo "no version tag"; \
2023-02-27 14:14:46.233342 +0000 build-fedora4: ...exit 0; \
2023-02-27 14:14:46.233347 +0000 build-fedora4: ..fi; \
2023-02-27 14:14:46.233353 +0000 build-fedora4: .fi; \
2023-02-27 14:14:46.233361 +0000 build-fedora4: .if [ "anaconda-addon" = linux-template-builder ]; then
2023-02-27 14:14:46.233372 +0000 build-fedora4: export TEMPLATE_NAME=$(MAKEFLAGS= make -s -C qubes-src/linux-template-builder DIST=fc36 template-name)
2023-02-27 14:14:46.233378 +0000 build-fedora4: fi
2023-02-27 14:14:46.233397 +0000 build-fedora4: component_packages=$(MAKEFLAGS= make -s -f Makefile.generic DIST=fc36 PACKAGE_SET=vm COMPONENT=`basename qubes-src/anaconda-addon` UPDATE_REPO=/home/user/builder-r4.1/$repo_basedir/current/vm/fc36 get-var GET_VAR=PACKAGE_LIST); \
2023-02-27 14:14:46.233405 +0000 build-fedora4: .if [ -z "$component_packages" ]; then \
2023-02-27 14:14:46.233412 +0000 build-fedora4: ..echo "no packages."; \
2023-02-27 14:14:46.233422 +0000 build-fedora4: ..exit 0; \
2023-02-27 14:14:46.233446 +0000 build-fedora4: .fi; \
2023-02-27 14:14:46.233456 +0000 build-fedora4: .make -s -f Makefile.generic DIST=fc36 PACKAGE_SET=vm \
2023-02-27 14:14:46.233463 +0000 build-fedora4: ..COMPONENT=`basename qubes-src/anaconda-addon` \
2023-02-27 14:14:46.233470 +0000 build-fedora4: ..SNAPSHOT_REPO=current-testing \
2023-02-27 14:14:46.233477 +0000 build-fedora4: ..TARGET_REPO=current \
2023-02-27 14:14:46.233486 +0000 build-fedora4: ..UPDATE_REPO=/home/user/builder-r4.1/$repo_basedir/current/vm/fc36 \
2023-02-27 14:14:46.233498 +0000 build-fedora4: ..SNAPSHOT_FILE=/home/user/builder-r4.1/repo-latest-snapshot/current-testing-vm-fc36-`basename qubes-src/anaconda-addon` \
2023-02-27 14:14:46.233504 +0000 build-fedora4: ..BUILD_LOG_URL= \
2023-02-27 14:14:46.233512 +0000 build-fedora4: ..update-repo-from-snapshot || exit 1; \
2023-02-27 14:14:46.233522 +0000 build-fedora4: elif make -C qubes-src/anaconda-addon -n update-repo-current >/dev/null 2>/dev/null; then \
2023-02-27 14:14:46.233530 +0000 build-fedora4: .echo "Updating qubes-src/anaconda-addon... "; \
2023-02-27 14:14:46.233539 +0000 build-fedora4: .DIST=fc36 UPDATE_REPO=/home/user/builder-r4.1/$repo_basedir/current/vm/fc36 \
2023-02-27 14:14:46.233549 +0000 build-fedora4: .make -s -C qubes-src/anaconda-addon update-repo-current || exit 1; \
2023-02-27 14:14:46.233554 +0000 build-fedora4: else \
2023-02-27 14:14:46.233563 +0000 build-fedora4: .echo -n "Updating qubes-src/anaconda-addon... skipping."; \
2023-02-27 14:14:46.233568 +0000 build-fedora4: fi; \
2023-02-27 14:14:46.233573 +0000 build-fedora4: echo
2023-02-27 14:14:46.339961 +0000 build-fedora4: Updating qubes-src/anaconda-addon... no packages.
2023-02-27 14:14:46.340031 +0000 build-fedora4: Makefile:832: update target 'internal-update-repo-current.vm.fc36' due to: internal-update-repo-current.vm.fc36.anaconda-addon
2023-02-27 14:14:46.340042 +0000 build-fedora4: true
2023-02-27 14:14:46.345990 +0000 build-fedora4: Makefile:863: target 'internal-update-repo-current.vm.fc37.anaconda-addon' does not exist
2023-02-27 14:14:46.346029 +0000 build-fedora4: repo_base_var="LINUX_REPO_${DIST//-/_}_BASEDIR"; \
2023-02-27 14:14:46.346040 +0000 build-fedora4: if [ "anaconda-addon" = linux-template-builder ]; then \
2023-02-27 14:14:46.346050 +0000 build-fedora4: .# templates belongs to dom0 repository, even though PACKAGE_SET=vm
2023-02-27 14:14:46.346058 +0000 build-fedora4: repo_base_var="LINUX_REPO__BASEDIR"; \
2023-02-27 14:14:46.346064 +0000 build-fedora4: fi; \
2023-02-27 14:14:46.346072 +0000 build-fedora4: if [ -n "${!repo_base_var}" ]; then \
2023-02-27 14:14:46.346079 +0000 build-fedora4: .repo_basedir="${!repo_base_var}"; \
2023-02-27 14:14:46.346084 +0000 build-fedora4: else \
2023-02-27 14:14:46.346092 +0000 build-fedora4: .repo_basedir="qubes-src/linux-yum/r4.1"; \
2023-02-27 14:14:46.346097 +0000 build-fedora4: fi; \
2023-02-27 14:14:46.346106 +0000 build-fedora4: if [ -r qubes-src/anaconda-addon/Makefile.builder ]; then \
2023-02-27 14:14:46.346114 +0000 build-fedora4: .echo -n "Updating qubes-src/anaconda-addon... "; \
2023-02-27 14:14:46.346120 +0000 build-fedora4: .if [ "0" -eq 1 ]; then \
2023-02-27 14:14:46.346130 +0000 build-fedora4: ..vtag=`git -C qubes-src/anaconda-addon tag --points-at HEAD --list v*`; \
2023-02-27 14:14:46.346136 +0000 build-fedora4: ..if [ -z "$vtag" ]; then \
2023-02-27 14:14:46.346143 +0000 build-fedora4: ...echo "no version tag"; \
2023-02-27 14:14:46.346149 +0000 build-fedora4: ...exit 0; \
2023-02-27 14:14:46.346154 +0000 build-fedora4: ..fi; \
2023-02-27 14:14:46.346160 +0000 build-fedora4: .fi; \
2023-02-27 14:14:46.346168 +0000 build-fedora4: .if [ "anaconda-addon" = linux-template-builder ]; then
2023-02-27 14:14:46.346179 +0000 build-fedora4: export TEMPLATE_NAME=$(MAKEFLAGS= make -s -C qubes-src/linux-template-builder DIST=fc37 template-name)
2023-02-27 14:14:46.346185 +0000 build-fedora4: fi
2023-02-27 14:14:46.346203 +0000 build-fedora4: component_packages=$(MAKEFLAGS= make -s -f Makefile.generic DIST=fc37 PACKAGE_SET=vm COMPONENT=`basename qubes-src/anaconda-addon` UPDATE_REPO=/home/user/builder-r4.1/$repo_basedir/current/vm/fc37 get-var GET_VAR=PACKAGE_LIST); \
2023-02-27 14:14:46.346228 +0000 build-fedora4: .if [ -z "$component_packages" ]; then \
2023-02-27 14:14:46.346236 +0000 build-fedora4: ..echo "no packages."; \
2023-02-27 14:14:46.346242 +0000 build-fedora4: ..exit 0; \
2023-02-27 14:14:46.346247 +0000 build-fedora4: .fi; \
2023-02-27 14:14:46.346255 +0000 build-fedora4: .make -s -f Makefile.generic DIST=fc37 PACKAGE_SET=vm \
2023-02-27 14:14:46.346263 +0000 build-fedora4: ..COMPONENT=`basename qubes-src/anaconda-addon` \
2023-02-27 14:14:46.346270 +0000 build-fedora4: ..SNAPSHOT_REPO=current-testing \
2023-02-27 14:14:46.346277 +0000 build-fedora4: ..TARGET_REPO=current \
2023-02-27 14:14:46.346286 +0000 build-fedora4: ..UPDATE_REPO=/home/user/builder-r4.1/$repo_basedir/current/vm/fc37 \
2023-02-27 14:14:46.346297 +0000 build-fedora4: ..SNAPSHOT_FILE=/home/user/builder-r4.1/repo-latest-snapshot/current-testing-vm-fc37-`basename qubes-src/anaconda-addon` \
2023-02-27 14:14:46.346304 +0000 build-fedora4: ..BUILD_LOG_URL= \
2023-02-27 14:14:46.346311 +0000 build-fedora4: ..update-repo-from-snapshot || exit 1; \
2023-02-27 14:14:46.346321 +0000 build-fedora4: elif make -C qubes-src/anaconda-addon -n update-repo-current >/dev/null 2>/dev/null; then \
2023-02-27 14:14:46.346329 +0000 build-fedora4: .echo "Updating qubes-src/anaconda-addon... "; \
2023-02-27 14:14:46.346338 +0000 build-fedora4: .DIST=fc37 UPDATE_REPO=/home/user/builder-r4.1/$repo_basedir/current/vm/fc37 \
2023-02-27 14:14:46.346347 +0000 build-fedora4: .make -s -C qubes-src/anaconda-addon update-repo-current || exit 1; \
2023-02-27 14:14:46.346352 +0000 build-fedora4: else \
2023-02-27 14:14:46.346361 +0000 build-fedora4: .echo -n "Updating qubes-src/anaconda-addon... skipping."; \
2023-02-27 14:14:46.346366 +0000 build-fedora4: fi; \
2023-02-27 14:14:46.346371 +0000 build-fedora4: echo
2023-02-27 14:14:46.478561 +0000 build-fedora4: Updating qubes-src/anaconda-addon... no packages.
2023-02-27 14:14:46.480781 +0000 build-fedora4: Makefile:832: update target 'internal-update-repo-current.vm.fc37' due to: internal-update-repo-current.vm.fc37.anaconda-addon
2023-02-27 14:14:46.480818 +0000 build-fedora4: true
2023-02-27 14:14:46.485807 +0000 build-fedora4: Makefile:945: target 'post-update-repo-current' does not exist
2023-02-27 14:14:46.485842 +0000 build-fedora4: true
2023-02-27 14:14:46.485859 +0000 build-fedora4: Makefile:819: update target 'update-repo-current' due to: internal-update-repo-current.vm.fc36 internal-update-repo-current.vm.fc37 post-update-repo-current
2023-02-27 14:14:46.485866 +0000 build-fedora4: true
2023-02-27 14:14:46.490961 +0000 build-fedora4: > done
2023-02-27 14:14:46.491001 +0000 > closing log
