2019-08-07 13:49:22.555207 +0000 > starting log
2019-08-07 13:49:22.556208 +0000 build-fedora4: > starting build with log
2019-08-07 13:49:22.556230 +0000 build-fedora4: >> make args: update-repo-current
2019-08-07 13:49:22.556241 +0000 build-fedora4: >> MAKEFLAGS=
2019-08-07 13:49:22.556249 +0000 build-fedora4: >> COMPONENTS=lorax
2019-08-07 13:49:22.556256 +0000 build-fedora4: >> DISTS_VM=
2019-08-07 13:49:22.556263 +0000 build-fedora4: >> DIST_DOM0=
2019-08-07 13:49:22.556272 +0000 build-fedora4: >> qubes-builder 5ba5acf9ff52617b146006640ad734a116028cbd
2019-08-07 13:49:22.556280 +0000 build-fedora4: ?? rpmdb/Basenames
2019-08-07 13:49:22.556287 +0000 build-fedora4: ?? rpmdb/Conflictname
2019-08-07 13:49:22.556294 +0000 build-fedora4: ?? rpmdb/Dirnames
2019-08-07 13:49:22.556301 +0000 build-fedora4: ?? rpmdb/Enhancename
2019-08-07 13:49:22.556309 +0000 build-fedora4: ?? rpmdb/Filetriggername
2019-08-07 13:49:22.556316 +0000 build-fedora4: ?? rpmdb/Group
2019-08-07 13:49:22.556323 +0000 build-fedora4: ?? rpmdb/Installtid
2019-08-07 13:49:22.556346 +0000 build-fedora4: ?? rpmdb/Name
2019-08-07 13:49:22.556355 +0000 build-fedora4: ?? rpmdb/Obsoletename
2019-08-07 13:49:22.556362 +0000 build-fedora4: ?? rpmdb/Packages
2019-08-07 13:49:22.556369 +0000 build-fedora4: ?? rpmdb/Providename
2019-08-07 13:49:22.556376 +0000 build-fedora4: ?? rpmdb/Recommendname
2019-08-07 13:49:22.556383 +0000 build-fedora4: ?? rpmdb/Requirename
2019-08-07 13:49:22.556390 +0000 build-fedora4: ?? rpmdb/Sha1header
2019-08-07 13:49:22.556397 +0000 build-fedora4: ?? rpmdb/Sigmd5
2019-08-07 13:49:22.556404 +0000 build-fedora4: ?? rpmdb/Suggestname
2019-08-07 13:49:22.556411 +0000 build-fedora4: ?? rpmdb/Supplementname
2019-08-07 13:49:22.556418 +0000 build-fedora4: ?? rpmdb/Transfiletriggername
2019-08-07 13:49:22.556425 +0000 build-fedora4: ?? rpmdb/Triggername
2019-08-07 13:49:22.556432 +0000 build-fedora4: ?? rpmdb/__db.001
2019-08-07 13:49:22.556439 +0000 build-fedora4: ?? rpmdb/__db.002
2019-08-07 13:49:22.556445 +0000 build-fedora4: ?? rpmdb/__db.003
2019-08-07 13:49:22.556458 +0000 build-fedora4: 008b0cf1adb1626188d91420f233827deaf7adfb5b47362456f36d85ad23847c1f71868df26c8a9c779ea682938cf8a5cc7bb544e1efd26b60e5d0503fcfc084  rpmdb/Basenames
2019-08-07 13:49:22.556472 +0000 build-fedora4: 884a0ec7889cd47f6292cbf31ac87d46111b8bc4c3b7adef52ac8a9fe710a35f03a004539d8e161f3d8cc91e8da7a284881dbdcb49498eddf53c21bbfc216006  rpmdb/Conflictname
2019-08-07 13:49:22.556485 +0000 build-fedora4: c274c5bcc12f25c49757f116195f584f9c756c501470b1b2305c1686a9514f3259f98c8695a2974166f1e7240506a7ac58f5c913e86e81ef818cd397d4459975  rpmdb/Dirnames
2019-08-07 13:49:22.556497 +0000 build-fedora4: c928ff933ecd0a85f6ef0d02394749635c82190144ff53d9a6db682ccec4cfae212cf52c837c02d3fdf98486f0e2e2b758e7d89ab4df8e7598043dee93415279  rpmdb/Enhancename
2019-08-07 13:49:22.556510 +0000 build-fedora4: 8d3566f32829ba98f3d1e4ac5f0acee5cbd0fbdbc7175d389697014059888449783eb752a5b099dc66085bd4914ae81f05868469c68f57de3660cc06ff594e61  rpmdb/Filetriggername
2019-08-07 13:49:22.556523 +0000 build-fedora4: ee84857b49168c7774cb0d4024cbdeb1d82e25d2beeffcb671f6de2a2ce4af2e7cff22fcca3fb9df7e9f0d790fde595494687a1c0f01c1c05359c10eb0dc15ba  rpmdb/Group
2019-08-07 13:49:22.556536 +0000 build-fedora4: ca1dc65a2ca4521523e74c549262810c66158a8e4232eaf181ba891519f2cc9c0cc08be39791794fad25e474b92caea9547c9f03dc9504019fc623bf718c46a3  rpmdb/Installtid
2019-08-07 13:49:22.556548 +0000 build-fedora4: c633583c7bc3ebb69a8cfda02fbcf132a252b73a2f27fefa9aad3d0867740b12657083fe98ae7466187d48214d424801dd6c5c7eec9a0647d25ad5b7d9ebdba7  rpmdb/Name
2019-08-07 13:49:22.556561 +0000 build-fedora4: 657a8a73d94bc235266cbbb0e392c256beeb15114b3875cbb37a96e5c4b28d9714a166cd9d4d53f97888fea9a76e2626443d2421e3598a68c5e27b8aca5a9326  rpmdb/Obsoletename
2019-08-07 13:49:22.556574 +0000 build-fedora4: 9a21e8769b1e99ddb8960da3b51bb2d1b1ceec19d506f632c412d855c9fa5b86b165dc3dca5421cafd5a6cd731d385b28e6ed408f44a27c2b681fa7d2ff7c21f  rpmdb/Packages
2019-08-07 13:49:22.556586 +0000 build-fedora4: 63eb33f1e606e06004828e4497d56259e2d8eaf5940e98191e571454f3be702a2cd2c700641bd262d7ed15f3be717b07e7ee42e0672eb251b8c597c12062bcce  rpmdb/Providename
2019-08-07 13:49:22.556605 +0000 build-fedora4: b624b7c431628fce95f90366559a719bff8c0cfcd15827b9b05778ed21657efb6b31c186b3a0748fb0e20c2e23052fbb5b448d09bb7e64ff74db83ee12913d81  rpmdb/Recommendname
2019-08-07 13:49:22.556618 +0000 build-fedora4: 3f7f3fb436b518830d848b40e766faa20bb7afadd40113ae505844621ad9a652617fb1b27c89ab1f86630975aeb17a6b93665093c86d0b16a28f4b3ebd520453  rpmdb/Requirename
2019-08-07 13:49:22.556631 +0000 build-fedora4: 5ae8757a2070ecc3a43fb18ffa735526ff33830463461e70e9497869ed9b27ffa8af9c80b28b0277fb10243e3141d314cacb6b2bed63a42a83621323b286d6a6  rpmdb/Sha1header
2019-08-07 13:49:22.556643 +0000 build-fedora4: ff3f02f723f565cf9fda2f55aa8b1b3f94a0ebd6941a4db346554dc52171052328bf740313f11b0cb2f5dc2c57a677e151203c9ca39714154a80ea1a69ab245c  rpmdb/Sigmd5
2019-08-07 13:49:22.556656 +0000 build-fedora4: cc8c53cb1a50b572c3024630d5dd2be8b2fd6b0646bf16a5044ee70e8d0021aea7043b8018d66835c702fa2eead38a3b831415e6d758771641e408b21f0e8385  rpmdb/Suggestname
2019-08-07 13:49:22.556669 +0000 build-fedora4: ffa57bfe2644a54f63bf25139edb1c791fe06886e3ac3f8fac1a62b56deb808a94a15f21e506f0d021f050f941e8d6575c098cd4d44f2cead72e52f4e6750c3a  rpmdb/Supplementname
2019-08-07 13:49:22.556682 +0000 build-fedora4: c5d4acb597592645746a98a913caaae1b6bc57c26960c3b532d4a666bc40c05e92fde3db5b657eb1af87f83025d4ffd3f4a92ad755e3e4ed0cbb1f10ff1d3725  rpmdb/Transfiletriggername
2019-08-07 13:49:22.556695 +0000 build-fedora4: 2bbb7203986ebcd053c23a28845abe24d04dc5134d250e764b0a86ca50bfd5dcdb4b898974be1c7eeedb3b2a734014e21b9e8e59bd283e6c1dd2cb540cbb3e30  rpmdb/Triggername
2019-08-07 13:49:22.556708 +0000 build-fedora4: 0b55b26ea4700684d33370f06c5ac8f2d7ef093d786e590eadd6b9d178437443da51ba36952c83c89fad760390b1888c9c5cfbf83d6fc9d8627cb86c82b068e1  rpmdb/__db.001
2019-08-07 13:49:22.556720 +0000 build-fedora4: 5297ab576756ccf2befb017c8ac3a374b84ac979e7a6cec0652749ab8734a7d9fe86a5284eb16f3feda505e5bc73eccdd053bbc1520574f152791b7365d44b2a  rpmdb/__db.002
2019-08-07 13:49:22.556733 +0000 build-fedora4: ec498f7b10428daf9c5309e8eaec33118a4c0a0d829fc68bfdc6c1443ebaea07e5eb56b1151fae1da8e8e6f1d6a140d2bbc5f94d06ea1438a57e8e910b645460  rpmdb/__db.003
2019-08-07 13:49:22.556743 +0000 build-fedora4: >> qubes-builder/qubes-src/lorax 9ae67b006c341fd30c426ec5511092d0a474419f
2019-08-07 13:49:22.556752 +0000 build-fedora4: !! pkgs/dom0-fc29/composer-cli-29.21-1.fc29.x86_64.rpm
2019-08-07 13:49:22.556760 +0000 build-fedora4: !! pkgs/dom0-fc29/lorax-29.21-1.fc29.src.rpm
2019-08-07 13:49:22.556769 +0000 build-fedora4: !! pkgs/dom0-fc29/lorax-29.21-1.fc29.x86_64.rpm
2019-08-07 13:49:22.556782 +0000 build-fedora4: !! pkgs/dom0-fc29/lorax-composer-29.21-1.fc29.x86_64.rpm
2019-08-07 13:49:22.556792 +0000 build-fedora4: !! pkgs/dom0-fc29/lorax-lmc-novirt-29.21-1.fc29.x86_64.rpm
2019-08-07 13:49:22.556800 +0000 build-fedora4: !! pkgs/dom0-fc29/lorax-lmc-virt-29.21-1.fc29.x86_64.rpm
2019-08-07 13:49:22.556809 +0000 build-fedora4: !! pkgs/dom0-fc29/lorax-templates-generic-29.21-1.fc29.x86_64.rpm
2019-08-07 13:49:22.556817 +0000 build-fedora4: !! pkgs/dom0-fc29/lorax.spec.list
2019-08-07 13:49:22.556831 +0000 build-fedora4: 8c78b32d0030ac97d52d073aa673d7e1767b03ec683f8df6f6d6de2334f4cf9c4240b84a412bc4f9e5eb160d863af9d0dd5d0bb95eafc328294d97afc5bff0be  pkgs/dom0-fc29/composer-cli-29.21-1.fc29.x86_64.rpm
2019-08-07 13:49:22.559277 +0000 build-fedora4: f9b7cff255abfe4e5e38c44d1a25c4f60142af2dfb0ac550edf466eb3d2cfb4d0ec99ecd53e4331573e0ec5a4b79ec0c67dd441ef5893995545b64e78939bc36  pkgs/dom0-fc29/lorax-29.21-1.fc29.src.rpm
2019-08-07 13:49:22.560403 +0000 build-fedora4: 1e75c6b013c43aaf95c0e4ab4dc8349a5ec585b11e03c4df56e4d86b927cbb004a1032fbc01667ec0e60cad633ed513f549c8138c48dfcf04a1a1f7eb2fd3b4b  pkgs/dom0-fc29/lorax-29.21-1.fc29.x86_64.rpm
2019-08-07 13:49:22.561224 +0000 build-fedora4: d51cd8c81b72f72b0663a9b9f572b2c39983fe07f6dd0b5868487d727b63ed49da8c83e139b3f72d66cfb5ab024ddb7c265ea736ec5b5cfd276c9d9bc7a999b1  pkgs/dom0-fc29/lorax-composer-29.21-1.fc29.x86_64.rpm
2019-08-07 13:49:22.561640 +0000 build-fedora4: b0f41df07bb29389fd486d4638dc5c2c08c349d58297aa081369e309e93711a99679e16d88cb8f395b62bf1318331a6e7b4bdc61e945414b217cd17b032bf9eb  pkgs/dom0-fc29/lorax-lmc-novirt-29.21-1.fc29.x86_64.rpm
2019-08-07 13:49:22.561884 +0000 build-fedora4: 6476641ac54328e89c09e5c1a2edd15b9601348a247329782f133085fe0ba1dc2e966e30f5a9729ccd2fd0a4ae62814b1c0c15e659e3c9272320d47581592d3d  pkgs/dom0-fc29/lorax-lmc-virt-29.21-1.fc29.x86_64.rpm
2019-08-07 13:49:22.562330 +0000 build-fedora4: db02e31a280b25ebbe1709eb8ade6bf6e4e7a81cde1513261f5e701bb09903d501e1e42f8210316e1f811268c9df1be72aa28b4ecd337e6effaf58221daa08e8  pkgs/dom0-fc29/lorax-templates-generic-29.21-1.fc29.x86_64.rpm
2019-08-07 13:49:22.562607 +0000 build-fedora4: 950f4c5059f3ace1e80c3dbbed69129945c01888a0774cf97de4d846e3e506e2cfe4664d15432d57eff36a1887ae9c84dcaa22914abb021e99b96e8df5293d36  pkgs/dom0-fc29/lorax.spec.list
2019-08-07 13:49:22.599516 +0000 build-fedora4: ================================================================================
2019-08-07 13:49:22.599562 +0000 build-fedora4:                            B U I L D   I N F O                                  
2019-08-07 13:49:22.599576 +0000 build-fedora4: Items in red indicate it was automatically generated by configuration file(s)
2019-08-07 13:49:22.599588 +0000 build-fedora4: Items in white indicate it was automatically removed by configuration file(s)
2019-08-07 13:49:22.599599 +0000 build-fedora4: ================================================================================
2019-08-07 13:49:22.599607 +0000 build-fedora4: DISTS_VM:
2019-08-07 13:49:22.600987 +0000 build-fedora4:     
2019-08-07 13:49:22.601445 +0000 build-fedora4: DISTS_ALL:
2019-08-07 13:49:22.602575 +0000 build-fedora4:      dom0-fc29,
2019-08-07 13:49:22.603039 +0000 build-fedora4: DIST_DOM0:
2019-08-07 13:49:22.604692 +0000 build-fedora4:      fc29,
2019-08-07 13:49:22.605808 +0000 build-fedora4: BUILDER_PLUGINS:
2019-08-07 13:49:22.606134 +0000 build-fedora4:      builder-rpm, builder-debian, mgmt-salt, linux-yum, builder-github,
2019-08-07 13:49:22.606707 +0000 build-fedora4: COMPONENTS:
2019-08-07 13:49:22.607967 +0000 build-fedora4:      lorax,
2019-08-07 13:49:22.608561 +0000 build-fedora4: GIT_REPOS:
2019-08-07 13:49:22.609812 +0000 build-fedora4:      qubes-src/lorax,
2019-08-07 13:49:22.610450 +0000 build-fedora4: TEMPLATE:
2019-08-07 13:49:22.612225 +0000 build-fedora4:     
2019-08-07 13:49:22.612261 +0000 build-fedora4: TEMPLATE_FLAVOR_DIR:
2019-08-07 13:49:22.613682 +0000 build-fedora4:     
2019-08-07 13:49:22.614836 +0000 build-fedora4: TEMPLATE_ALIAS:
2019-08-07 13:49:22.615093 +0000 build-fedora4:      stretch:stretch+standard, stretch+gnome:stretch+gnome+standard,
2019-08-07 13:49:22.615118 +0000 build-fedora4:      stretch+minimal:stretch+minimal+no-recommends, buster:buster+standard, buster+gnome:buster+gnome+standard,
2019-08-07 13:49:22.615134 +0000 build-fedora4:      buster+minimal:buster+minimal+no-recommends, whonix-gateway-14:stretch+whonix-gateway+minimal+no-recommends,
2019-08-07 13:49:22.615146 +0000 build-fedora4:      whonix-workstation-14:stretch+whonix-workstation+minimal+no-recommends,
2019-08-07 13:49:22.615157 +0000 build-fedora4:      whonix-gateway-15:buster+whonix-gateway+minimal+no-recommends,
2019-08-07 13:49:22.615167 +0000 build-fedora4:      whonix-workstation-15:buster+whonix-workstation+minimal+no-recommends,
2019-08-07 13:49:22.615177 +0000 build-fedora4:      whonix-gateway:jessie+whonix-gateway+minimal+no-recommends,
2019-08-07 13:49:22.615187 +0000 build-fedora4:      whonix-workstation:jessie+whonix-workstation+minimal+no-recommends,
2019-08-07 13:49:22.615539 +0000 build-fedora4: TEMPLATE_LABEL:
2019-08-07 13:49:22.616761 +0000 build-fedora4:      fc29:fedora-29 fc30:fedora-30 fc29+minimal:fedora-29-minimal fc29+xfce:fedora-29-xfce
2019-08-07 13:49:22.616801 +0000 build-fedora4:      fc30+minimal:fedora-30-minimal fc30+xfce:fedora-30-xfce stretch:debian-9 stretch+standard:debian-9
2019-08-07 13:49:22.616816 +0000 build-fedora4:      buster:debian-10 buster+standard:debian-10 centos7:centos-7 centos7+minimal:centos-7-minimal
2019-08-07 13:49:22.616838 +0000 build-fedora4:      centos7+xfce:centos-7-xfce stretch+whonix-gateway+minimal+no-recommends:whonix-gw-14
2019-08-07 13:49:22.616850 +0000 build-fedora4:      stretch+whonix-workstation+minimal+no-recommends:whonix-ws-14
2019-08-07 13:49:22.616860 +0000 build-fedora4:      buster+whonix-gateway+minimal+no-recommends:whonix-gw-15
2019-08-07 13:49:22.616872 +0000 build-fedora4:      buster+whonix-workstation+minimal+no-recommends:whonix-ws-15
2019-08-07 13:49:22.616882 +0000 build-fedora4:      jessie+whonix-gateway+minimal+no-recommends:whonix-gw
2019-08-07 13:49:22.616891 +0000 build-fedora4:      jessie+whonix-workstation+minimal+no-recommends:whonix-ws
2019-08-07 13:49:22.630030 +0000 build-fedora4: > running make
2019-08-07 13:49:22.640717 +0000 build-fedora4: Makefile:812: target 'internal-update-repo-current.dom0.fc29.lorax' does not exist
2019-08-07 13:49:22.640865 +0000 build-fedora4: repo_base_var="LINUX_REPO_fc29_BASEDIR"; \
2019-08-07 13:49:22.640885 +0000 build-fedora4: if [ "lorax" = linux-template-builder ]; then \
2019-08-07 13:49:22.640899 +0000 build-fedora4: .# templates belongs to dom0 repository, even though PACKAGE_SET=vm
2019-08-07 13:49:22.640909 +0000 build-fedora4: repo_base_var="LINUX_REPO_fc29_BASEDIR"; \
2019-08-07 13:49:22.640917 +0000 build-fedora4: fi; \
2019-08-07 13:49:22.640927 +0000 build-fedora4: if [ -n "${!repo_base_var}" ]; then \
2019-08-07 13:49:22.640935 +0000 build-fedora4: .repo_basedir="${!repo_base_var}"; \
2019-08-07 13:49:22.640943 +0000 build-fedora4: else \
2019-08-07 13:49:22.640951 +0000 build-fedora4: .repo_basedir="qubes-src/linux-yum/r4.1"; \
2019-08-07 13:49:22.640958 +0000 build-fedora4: fi; \
2019-08-07 13:49:22.640967 +0000 build-fedora4: if [ -r qubes-src/lorax/Makefile.builder ]; then \
2019-08-07 13:49:22.640979 +0000 build-fedora4: .echo -n "Updating qubes-src/lorax... "; \
2019-08-07 13:49:22.640987 +0000 build-fedora4: .if [ "0" -eq 1 ]; then \
2019-08-07 13:49:22.640998 +0000 build-fedora4: ..vtag=`git -C qubes-src/lorax tag --points-at HEAD --list v*`; \
2019-08-07 13:49:22.641006 +0000 build-fedora4: ..if [ -z "$vtag" ]; then \
2019-08-07 13:49:22.641014 +0000 build-fedora4: ...echo "no version tag"; \
2019-08-07 13:49:22.641021 +0000 build-fedora4: ...exit 0; \
2019-08-07 13:49:22.641027 +0000 build-fedora4: ..fi; \
2019-08-07 13:49:22.641034 +0000 build-fedora4: .fi; \
2019-08-07 13:49:22.641043 +0000 build-fedora4: .if [ "lorax" = linux-template-builder ]; then
2019-08-07 13:49:22.641054 +0000 build-fedora4: export TEMPLATE_NAME=$(MAKEFLAGS= make -s -C qubes-src/linux-template-builder DIST=fc29 template-name)
2019-08-07 13:49:22.641062 +0000 build-fedora4: fi
2019-08-07 13:49:22.641079 +0000 build-fedora4: component_packages=$(MAKEFLAGS= make -s -f Makefile.generic DIST=fc29 PACKAGE_SET=dom0 COMPONENT=`basename qubes-src/lorax` UPDATE_REPO=/home/user/builder-r4.1-dom0/$repo_basedir/current/dom0/fc29 get-var GET_VAR=PACKAGE_LIST); \
2019-08-07 13:49:22.641089 +0000 build-fedora4: .if [ -z "$component_packages" ]; then \
2019-08-07 13:49:22.641097 +0000 build-fedora4: ..echo "no packages."; \
2019-08-07 13:49:22.641104 +0000 build-fedora4: ..exit 0; \
2019-08-07 13:49:22.641111 +0000 build-fedora4: .fi; \
2019-08-07 13:49:22.641120 +0000 build-fedora4: .make -s -f Makefile.generic DIST=fc29 PACKAGE_SET=dom0 \
2019-08-07 13:49:22.641128 +0000 build-fedora4: ..COMPONENT=`basename qubes-src/lorax` \
2019-08-07 13:49:22.641136 +0000 build-fedora4: ..SNAPSHOT_REPO=current-testing \
2019-08-07 13:49:22.641144 +0000 build-fedora4: ..TARGET_REPO=current \
2019-08-07 13:49:22.641154 +0000 build-fedora4: ..UPDATE_REPO=/home/user/builder-r4.1-dom0/$repo_basedir/current/dom0/fc29 \
2019-08-07 13:49:22.641166 +0000 build-fedora4: ..SNAPSHOT_FILE=/home/user/builder-r4.1-dom0/repo-latest-snapshot/current-testing-dom0-fc29-`basename qubes-src/lorax` \
2019-08-07 13:49:22.641174 +0000 build-fedora4: ..BUILD_LOG_URL= \
2019-08-07 13:49:22.641182 +0000 build-fedora4: ..update-repo-from-snapshot || exit 1; \
2019-08-07 13:49:22.641204 +0000 build-fedora4: elif make -C qubes-src/lorax -n update-repo-current >/dev/null 2>/dev/null; then \
2019-08-07 13:49:22.641213 +0000 build-fedora4: .echo "Updating qubes-src/lorax... "; \
2019-08-07 13:49:22.641223 +0000 build-fedora4: .DIST=fc29 UPDATE_REPO=/home/user/builder-r4.1-dom0/$repo_basedir/current/dom0/fc29 \
2019-08-07 13:49:22.641233 +0000 build-fedora4: .make -s -C qubes-src/lorax update-repo-current || exit 1; \
2019-08-07 13:49:22.641240 +0000 build-fedora4: else \
2019-08-07 13:49:22.641249 +0000 build-fedora4: .echo -n "Updating qubes-src/lorax... skipping."; \
2019-08-07 13:49:22.641256 +0000 build-fedora4: fi; \
2019-08-07 13:49:22.641263 +0000 build-fedora4: echo
2019-08-07 13:49:22.665100 +0000 build-fedora4: Updating qubes-src/lorax... Makefile.generic:212: target 'update-repo-date-check' does not exist
2019-08-07 13:49:22.665155 +0000 build-fedora4: if ! [ -r /home/user/builder-r4.1-dom0/repo-latest-snapshot/current-testing-dom0-fc29-lorax ]; then \
2019-08-07 13:49:22.665174 +0000 build-fedora4: .echo "`tput bold`*** Packages weren't uploaded to current-testing! ***`tput sgr0`"; \
2019-08-07 13:49:22.665185 +0000 build-fedora4: .exit 1; \
2019-08-07 13:49:22.665195 +0000 build-fedora4: fi
2019-08-07 13:49:22.672635 +0000 build-fedora4: touch -t `date -d "7 days ago" +%Y%m%d%H%M` /tmp/age-compare-file
2019-08-07 13:49:22.675447 +0000 build-fedora4: if ! [ /home/user/builder-r4.1-dom0/repo-latest-snapshot/current-testing-dom0-fc29-lorax -ot /tmp/age-compare-file ]; then \
2019-08-07 13:49:22.675501 +0000 build-fedora4: .echo "`tput bold`*** Packages weren't in current-testing for at least 7 days! ***`tput sgr0`"; \
2019-08-07 13:49:22.675514 +0000 build-fedora4: .exit 1; \
2019-08-07 13:49:22.675523 +0000 build-fedora4: fi
2019-08-07 13:49:22.676576 +0000 build-fedora4: rm -f /tmp/age-compare-file
2019-08-07 13:49:22.680322 +0000 build-fedora4: /home/user/builder-r4.1-dom0/qubes-src/builder-rpm/Makefile.rpmbuilder:169: target 'update-repo-from-snapshot-do' does not exist
2019-08-07 13:49:22.680436 +0000 build-fedora4: for f in pkgs/dom0-fc29/composer-cli-29.21-1.fc29.x86_64.rpm pkgs/dom0-fc29/lorax-29.21-1.fc29.src.rpm pkgs/dom0-fc29/lorax-29.21-1.fc29.x86_64.rpm pkgs/dom0-fc29/lorax-composer-29.21-1.fc29.x86_64.rpm pkgs/dom0-fc29/lorax-lmc-novirt-29.21-1.fc29.x86_64.rpm pkgs/dom0-fc29/lorax-lmc-virt-29.21-1.fc29.x86_64.rpm pkgs/dom0-fc29/lorax-templates-generic-29.21-1.fc29.x86_64.rpm; do \
2019-08-07 13:49:22.680464 +0000 build-fedora4: .ln -f /home/user/builder-r4.1-dom0/qubes-src/linux-yum/r4.1/current-testing/dom0/fc29/rpm/`basename $f` /home/user/builder-r4.1-dom0/qubes-src/linux-yum/r4.1/current/dom0/fc29/rpm/ || exit 1; \
2019-08-07 13:49:22.680476 +0000 build-fedora4: done
2019-08-07 13:49:22.700800 +0000 build-fedora4: /home/user/builder-r4.1-dom0/qubes-src/builder-github//Makefile.github:18: target 'notify-github' does not exist
2019-08-07 13:49:22.700851 +0000 build-fedora4: [ -z "composer-cli-29.21-1.fc29" ] || /home/user/builder-r4.1-dom0/qubes-src/builder-github//notify-issues \
2019-08-07 13:49:22.700865 +0000 build-fedora4: .--build-log="" \
2019-08-07 13:49:22.700874 +0000 build-fedora4: .upload \
2019-08-07 13:49:22.700882 +0000 build-fedora4: ."r4.1" \
2019-08-07 13:49:22.700890 +0000 build-fedora4: ."qubes-src/lorax" \
2019-08-07 13:49:22.700899 +0000 build-fedora4: ."composer-cli-29.21-1.fc29" \
2019-08-07 13:49:22.700907 +0000 build-fedora4: ."fc29" \
2019-08-07 13:49:22.700914 +0000 build-fedora4: ."dom0" \
2019-08-07 13:49:22.700921 +0000 build-fedora4: ."current" \
2019-08-07 13:49:22.700931 +0000 build-fedora4: ."/home/user/github-notify-state/r4.1-lorax-dom0-fc29-current"
2019-08-07 13:49:22.771428 +0000 build-fedora4: fatal: No tags can describe 'e5713a16218baa52de5e3a7a1d55972bb9477c85'.
2019-08-07 13:49:22.771473 +0000 build-fedora4: Try --always, or create some tags.
2019-08-07 13:49:30.159320 +0000 build-fedora4: WARNING: /home/user/github-notify-state/r4.1-lorax-dom0-fc29-current does not exist, initializing with the current state
2019-08-07 13:49:30.161545 +0000 build-fedora4: 
2019-08-07 13:49:30.161592 +0000 build-fedora4: Makefile:866: target 'post-update-repo-current' does not exist
2019-08-07 13:49:30.161606 +0000 build-fedora4: for dist in fc29 ; do \
2019-08-07 13:49:30.161619 +0000 build-fedora4: .repo_base_var="LINUX_REPO_${dist}_BASEDIR"; \
2019-08-07 13:49:30.161630 +0000 build-fedora4: .if [ -n "${!repo_base_var}" ]; then \
2019-08-07 13:49:30.161640 +0000 build-fedora4: ..repo_basedir="${!repo_base_var}"; \
2019-08-07 13:49:30.161649 +0000 build-fedora4: .else \
2019-08-07 13:49:30.161659 +0000 build-fedora4: ..repo_basedir="qubes-src/linux-yum/r4.1"; \
2019-08-07 13:49:30.161668 +0000 build-fedora4: .fi; \
2019-08-07 13:49:30.161678 +0000 build-fedora4: .repos_to_update="$repos_to_update $repo_basedir"; \
2019-08-07 13:49:30.161686 +0000 build-fedora4: done; \
2019-08-07 13:49:30.161694 +0000 build-fedora4: pkgset_dist= ; \
2019-08-07 13:49:30.161703 +0000 build-fedora4: for dist in fc29; do \
2019-08-07 13:49:30.161712 +0000 build-fedora4: .pkgset_dist="$pkgset_dist dom0/$dist"; \
2019-08-07 13:49:30.161720 +0000 build-fedora4: done; \
2019-08-07 13:49:30.161728 +0000 build-fedora4: for dist in ; do \
2019-08-07 13:49:30.161738 +0000 build-fedora4: .pkgset_dist="$pkgset_dist vm/$dist"; \
2019-08-07 13:49:30.161746 +0000 build-fedora4: done; \
2019-08-07 13:49:30.161756 +0000 build-fedora4: for repo in `echo $repos_to_update|tr ' ' '\n'|sort|uniq`; do \
2019-08-07 13:49:30.161765 +0000 build-fedora4: .[ -z "$repo" ] && continue; \
2019-08-07 13:49:30.161777 +0000 build-fedora4: .[ -x "$repo/../update_repo-current.sh" ] || continue; \
2019-08-07 13:49:30.161787 +0000 build-fedora4: .(cd $repo/.. && ./update_repo-current.sh r4.1 $pkgset_dist); \
2019-08-07 13:49:30.161795 +0000 build-fedora4: done
2019-08-07 13:49:30.186430 +0000 build-fedora4: which: no mkmetalink in (/usr/local/sbin:/usr/local/bin:/usr/sbin:/usr/bin:/home/user/.local/bin:/home/user/bin:/home/user/builder-r4.1-dom0/qubes-src/builder-rpm/tools)
2019-08-07 13:49:30.194664 +0000 build-fedora4: --> Processing repo: r4.1/current/dom0/fc29...
2019-08-07 13:49:30.392738 +0000 build-fedora4: --> Processing repo: r4.1/current/vm/centos7...
2019-08-07 13:49:30.427268 +0000 build-fedora4: --> Processing repo: r4.1/current/vm/fc29...
2019-08-07 13:49:30.456266 +0000 build-fedora4: --> Processing repo: r4.1/current/vm/fc30...
2019-08-07 13:49:30.494699 +0000 build-fedora4: Done.
2019-08-07 13:49:30.497696 +0000 build-fedora4: ~/builder-r4.1-dom0/qubes-src/linux-yum ~/builder-r4.1-dom0/qubes-src/linux-yum
2019-08-07 13:49:30.498641 +0000 build-fedora4: Syncing r4.1...
2019-08-07 13:49:31.012086 +0000 build-fedora4: sending incremental file list
2019-08-07 13:49:31.082120 +0000 build-fedora4: .d..t...... current-testing/
2019-08-07 13:49:31.082173 +0000 build-fedora4: .d..t...... current-testing/dom0/
2019-08-07 13:49:31.082187 +0000 build-fedora4: .d..t...... current-testing/dom0/fc25/
2019-08-07 13:49:31.082199 +0000 build-fedora4: .d..t...... current-testing/dom0/fc29/
2019-08-07 13:49:31.082212 +0000 build-fedora4: .L..t...... current-testing/dom0/fc29/comps.xml -> ../../../comps-dom0.xml
2019-08-07 13:49:31.082223 +0000 build-fedora4: .d..t...... current-testing/dom0/fc29/rpm/
2019-08-07 13:49:31.082234 +0000 build-fedora4: <f..t...... current-testing/dom0/fc29/rpm/.gitignore
2019-08-07 13:49:31.082649 +0000 build-fedora4: .              6 100%    0.00kB/s    0:00:00  .              6 100%    0.00kB/s    0:00:00 (xfr#1, to-chk=546/556)
2019-08-07 13:49:31.082676 +0000 build-fedora4: .d..t...... current-testing/vm/
2019-08-07 13:49:31.082688 +0000 build-fedora4: .d..t...... current-testing/vm/centos7/
2019-08-07 13:49:31.082701 +0000 build-fedora4: .L..t...... current-testing/vm/centos7/comps.xml -> ../../../comps-vm.xml
2019-08-07 13:49:31.082711 +0000 build-fedora4: .d..t...... current-testing/vm/centos7/rpm/
2019-08-07 13:49:31.082722 +0000 build-fedora4: <f..t...... current-testing/vm/centos7/rpm/.gitignore
2019-08-07 13:49:31.082946 +0000 build-fedora4: .              6 100%    5.86kB/s    0:00:00  .              6 100%    5.86kB/s    0:00:00 (xfr#2, to-chk=88/556)
2019-08-07 13:49:31.082981 +0000 build-fedora4: .d..t...... current-testing/vm/fc26/
2019-08-07 13:49:31.082993 +0000 build-fedora4: .d..t...... current-testing/vm/fc27/
2019-08-07 13:49:31.083002 +0000 build-fedora4: .d..t...... current-testing/vm/fc28/
2019-08-07 13:49:31.083012 +0000 build-fedora4: .d..t...... current-testing/vm/fc29/
2019-08-07 13:49:31.083024 +0000 build-fedora4: .L..t...... current-testing/vm/fc29/comps.xml -> ../../../comps-vm.xml
2019-08-07 13:49:31.083034 +0000 build-fedora4: .d..t...... current-testing/vm/fc29/rpm/
2019-08-07 13:49:31.083044 +0000 build-fedora4: <f..t...... current-testing/vm/fc29/rpm/.gitignore
2019-08-07 13:49:31.083266 +0000 build-fedora4: .              6 100%    5.86kB/s    0:00:00  .              6 100%    5.86kB/s    0:00:00 (xfr#3, to-chk=85/556)
2019-08-07 13:49:31.083285 +0000 build-fedora4: .d..t...... current-testing/vm/fc30/
2019-08-07 13:49:31.083296 +0000 build-fedora4: .L..t...... current-testing/vm/fc30/comps.xml -> ../../../comps-vm.xml
2019-08-07 13:49:31.083305 +0000 build-fedora4: .d..t...... current-testing/vm/fc30/rpm/
2019-08-07 13:49:31.083317 +0000 build-fedora4: <f..t...... current-testing/vm/fc30/rpm/.gitignore
2019-08-07 13:49:31.083676 +0000 build-fedora4: .              6 100%    5.86kB/s    0:00:00  .              6 100%    5.86kB/s    0:00:00 (xfr#4, to-chk=82/556)
2019-08-07 13:49:31.083702 +0000 build-fedora4: .d..t...... current/
2019-08-07 13:49:31.083714 +0000 build-fedora4: .d..t...... current/dom0/
2019-08-07 13:49:31.083723 +0000 build-fedora4: .d..t...... current/dom0/fc29/
2019-08-07 13:49:31.083734 +0000 build-fedora4: .L..t...... current/dom0/fc29/comps.xml -> ../../../comps-dom0.xml
2019-08-07 13:49:31.083743 +0000 build-fedora4: .d..t...... current/dom0/fc29/rpm/
2019-08-07 13:49:31.083752 +0000 build-fedora4: <f..t...... current/dom0/fc29/rpm/.gitignore
2019-08-07 13:49:31.083983 +0000 build-fedora4: .              6 100%    5.86kB/s    0:00:00  .              6 100%    5.86kB/s    0:00:00 (xfr#5, to-chk=76/556)
2019-08-07 13:49:31.084009 +0000 build-fedora4: hf+++++++++ current/dom0/fc29/rpm/composer-cli-29.21-1.fc29.x86_64.rpm => current-testing/dom0/fc29/rpm/composer-cli-29.21-1.fc29.x86_64.rpm
2019-08-07 13:49:31.084023 +0000 build-fedora4: hf+++++++++ current/dom0/fc29/rpm/lorax-29.21-1.fc29.src.rpm => current-testing/dom0/fc29/rpm/lorax-29.21-1.fc29.src.rpm
2019-08-07 13:49:31.084036 +0000 build-fedora4: hf+++++++++ current/dom0/fc29/rpm/lorax-29.21-1.fc29.x86_64.rpm => current-testing/dom0/fc29/rpm/lorax-29.21-1.fc29.x86_64.rpm
2019-08-07 13:49:31.084050 +0000 build-fedora4: hf+++++++++ current/dom0/fc29/rpm/lorax-composer-29.21-1.fc29.x86_64.rpm => current-testing/dom0/fc29/rpm/lorax-composer-29.21-1.fc29.x86_64.rpm
2019-08-07 13:49:31.084084 +0000 build-fedora4: hf+++++++++ current/dom0/fc29/rpm/lorax-lmc-novirt-29.21-1.fc29.x86_64.rpm => current-testing/dom0/fc29/rpm/lorax-lmc-novirt-29.21-1.fc29.x86_64.rpm
2019-08-07 13:49:31.084098 +0000 build-fedora4: hf+++++++++ current/dom0/fc29/rpm/lorax-lmc-virt-29.21-1.fc29.x86_64.rpm => current-testing/dom0/fc29/rpm/lorax-lmc-virt-29.21-1.fc29.x86_64.rpm
2019-08-07 13:49:31.084111 +0000 build-fedora4: hf+++++++++ current/dom0/fc29/rpm/lorax-templates-generic-29.21-1.fc29.x86_64.rpm => current-testing/dom0/fc29/rpm/lorax-templates-generic-29.21-1.fc29.x86_64.rpm
2019-08-07 13:49:31.084120 +0000 build-fedora4: .d..t...... current/vm/
2019-08-07 13:49:31.084128 +0000 build-fedora4: .d..t...... current/vm/centos7/
2019-08-07 13:49:31.084138 +0000 build-fedora4: .L..t...... current/vm/centos7/comps.xml -> ../../../comps-vm.xml
2019-08-07 13:49:31.084146 +0000 build-fedora4: .d..t...... current/vm/centos7/rpm/
2019-08-07 13:49:31.084155 +0000 build-fedora4: <f..t...... current/vm/centos7/rpm/.gitignore
2019-08-07 13:49:31.084322 +0000 build-fedora4: .              6 100%    5.86kB/s    0:00:00  .              6 100%    5.86kB/s    0:00:00 (xfr#6, to-chk=22/556)
2019-08-07 13:49:31.084350 +0000 build-fedora4: .d..t...... current/vm/fc29/
2019-08-07 13:49:31.084361 +0000 build-fedora4: .L..t...... current/vm/fc29/comps.xml -> ../../../comps-vm.xml
2019-08-07 13:49:31.084370 +0000 build-fedora4: .d..t...... current/vm/fc29/rpm/
2019-08-07 13:49:31.084379 +0000 build-fedora4: <f..t...... current/vm/fc29/rpm/.gitignore
2019-08-07 13:49:31.084542 +0000 build-fedora4: .              6 100%    2.93kB/s    0:00:00  .              6 100%    2.93kB/s    0:00:00 (xfr#7, to-chk=19/556)
2019-08-07 13:49:31.084559 +0000 build-fedora4: .d..t...... current/vm/fc30/
2019-08-07 13:49:31.084570 +0000 build-fedora4: .L..t...... current/vm/fc30/comps.xml -> ../../../comps-vm.xml
2019-08-07 13:49:31.084579 +0000 build-fedora4: .d..t...... current/vm/fc30/rpm/
2019-08-07 13:49:31.084588 +0000 build-fedora4: <f..t...... current/vm/fc30/rpm/.gitignore
2019-08-07 13:49:31.084749 +0000 build-fedora4: .              6 100%    2.93kB/s    0:00:00  .              6 100%    2.93kB/s    0:00:00 (xfr#8, to-chk=16/556)
2019-08-07 13:49:31.084767 +0000 build-fedora4: .d..t...... security-testing/
2019-08-07 13:49:31.084776 +0000 build-fedora4: .d..t...... security-testing/dom0/
2019-08-07 13:49:31.084785 +0000 build-fedora4: .d..t...... security-testing/dom0/fc29/
2019-08-07 13:49:31.084794 +0000 build-fedora4: .d..t...... security-testing/dom0/fc29/rpm/
2019-08-07 13:49:31.084803 +0000 build-fedora4: <f..t...... security-testing/dom0/fc29/rpm/.gitignore
2019-08-07 13:49:31.084982 +0000 build-fedora4: .              6 100%    2.93kB/s    0:00:00  .              6 100%    2.93kB/s    0:00:00 (xfr#9, to-chk=11/556)
2019-08-07 13:49:31.085000 +0000 build-fedora4: .d..t...... security-testing/vm/
2019-08-07 13:49:31.085010 +0000 build-fedora4: .d..t...... security-testing/vm/centos7/
2019-08-07 13:49:31.085020 +0000 build-fedora4: .L..t...... security-testing/vm/centos7/comps.xml -> ../../../comps-vm.xml
2019-08-07 13:49:31.085029 +0000 build-fedora4: .d..t...... security-testing/vm/centos7/rpm/
2019-08-07 13:49:31.085038 +0000 build-fedora4: <f..t...... security-testing/vm/centos7/rpm/.gitignore
2019-08-07 13:49:31.085225 +0000 build-fedora4: .              6 100%    2.93kB/s    0:00:00  .              6 100%    2.93kB/s    0:00:00 (xfr#10, to-chk=5/556)
2019-08-07 13:49:31.085243 +0000 build-fedora4: .d..t...... security-testing/vm/fc29/
2019-08-07 13:49:31.085253 +0000 build-fedora4: .d..t...... security-testing/vm/fc29/rpm/
2019-08-07 13:49:31.085262 +0000 build-fedora4: <f..t...... security-testing/vm/fc29/rpm/.gitignore
2019-08-07 13:49:31.085444 +0000 build-fedora4: .              6 100%    2.93kB/s    0:00:00  .              6 100%    2.93kB/s    0:00:00 (xfr#11, to-chk=3/556)
2019-08-07 13:49:31.085461 +0000 build-fedora4: .d..t...... security-testing/vm/fc30/
2019-08-07 13:49:31.085473 +0000 build-fedora4: .L..t...... security-testing/vm/fc30/comps.xml -> ../../../comps-vm.xml
2019-08-07 13:49:31.085482 +0000 build-fedora4: .d..t...... security-testing/vm/fc30/rpm/
2019-08-07 13:49:31.085490 +0000 build-fedora4: <f..t...... security-testing/vm/fc30/rpm/.gitignore
2019-08-07 13:49:31.085699 +0000 build-fedora4: .              6 100%    1.95kB/s    0:00:00  .              6 100%    1.95kB/s    0:00:00 (xfr#12, to-chk=0/556)
2019-08-07 13:49:31.521661 +0000 build-fedora4: --> Processing repo: r4.1/current/dom0/fc25...
2019-08-07 13:49:32.372412 +0000 build-fedora4: --> Processing repo: r4.1/current/dom0/fc29...
2019-08-07 13:49:33.632698 +0000 build-fedora4: --> Processing repo: r4.1/current/vm/centos7...
2019-08-07 13:49:34.580728 +0000 build-fedora4: --> Processing repo: r4.1/current/vm/fc25...
2019-08-07 13:49:35.463437 +0000 build-fedora4: --> Processing repo: r4.1/current/vm/fc26...
2019-08-07 13:49:36.319968 +0000 build-fedora4: --> Processing repo: r4.1/current/vm/fc27...
2019-08-07 13:49:37.170565 +0000 build-fedora4: --> Processing repo: r4.1/current/vm/fc28...
2019-08-07 13:49:38.058520 +0000 build-fedora4: --> Processing repo: r4.1/current/vm/fc29...
2019-08-07 13:49:38.995070 +0000 build-fedora4: --> Processing repo: r4.1/current/vm/fc30...
2019-08-07 13:49:39.945078 +0000 build-fedora4: Done.
2019-08-07 13:49:40.043550 +0000 build-fedora4: --> Processing repo: r4.1/current-testing/dom0/fc25...
2019-08-07 13:49:40.913746 +0000 build-fedora4: --> Processing repo: r4.1/current-testing/dom0/fc29...
2019-08-07 13:50:17.505048 +0000 build-fedora4: --> Processing repo: r4.1/current-testing/vm/centos7...
2019-08-07 13:50:18.740159 +0000 build-fedora4: --> Processing repo: r4.1/current-testing/vm/fc25...
2019-08-07 13:50:19.608034 +0000 build-fedora4: --> Processing repo: r4.1/current-testing/vm/fc26...
2019-08-07 13:50:20.473483 +0000 build-fedora4: --> Processing repo: r4.1/current-testing/vm/fc27...
2019-08-07 13:50:21.318495 +0000 build-fedora4: --> Processing repo: r4.1/current-testing/vm/fc28...
2019-08-07 13:50:22.168089 +0000 build-fedora4: --> Processing repo: r4.1/current-testing/vm/fc29...
2019-08-07 13:50:23.506726 +0000 build-fedora4: --> Processing repo: r4.1/current-testing/vm/fc30...
2019-08-07 13:50:24.699685 +0000 build-fedora4: Done.
2019-08-07 13:50:24.795380 +0000 build-fedora4: --> Processing repo: r4.1/security-testing/dom0/fc21...
2019-08-07 13:50:25.647183 +0000 build-fedora4: --> Processing repo: r4.1/security-testing/dom0/fc25...
2019-08-07 13:50:26.492466 +0000 build-fedora4: --> Processing repo: r4.1/security-testing/dom0/fc29...
2019-08-07 13:50:27.367848 +0000 build-fedora4: --> Processing repo: r4.1/security-testing/vm/centos7...
2019-08-07 13:50:28.188066 +0000 build-fedora4: --> Processing repo: r4.1/security-testing/vm/fc26...
2019-08-07 13:50:29.037778 +0000 build-fedora4: --> Processing repo: r4.1/security-testing/vm/fc27...
2019-08-07 13:50:29.878682 +0000 build-fedora4: --> Processing repo: r4.1/security-testing/vm/fc28...
2019-08-07 13:50:30.723708 +0000 build-fedora4: --> Processing repo: r4.1/security-testing/vm/fc29...
2019-08-07 13:50:31.575680 +0000 build-fedora4: --> Processing repo: r4.1/security-testing/vm/fc30...
2019-08-07 13:50:32.427256 +0000 build-fedora4: Done.
2019-08-07 13:50:32.428224 +0000 build-fedora4: ~/builder-r4.1-dom0/qubes-src/linux-yum
2019-08-07 13:50:32.428790 +0000 build-fedora4: Makefile:772: update target 'update-repo-current' due to: internal-update-repo-current.dom0.fc29.lorax post-update-repo-current
2019-08-07 13:50:32.428820 +0000 build-fedora4: true
2019-08-07 13:50:32.430233 +0000 build-fedora4: > done
2019-08-07 13:51:32.489174 +0000 > closing log
