2022-03-10 16:21:48.951301 +0000 > starting log
2022-03-10 16:21:48.953058 +0000 build-fedora4: > starting build with log
2022-03-10 16:21:48.953079 +0000 build-fedora4: >> make args: update-repo-security-testing
2022-03-10 16:21:48.953089 +0000 build-fedora4: >> MAKEFLAGS=
2022-03-10 16:21:48.953098 +0000 build-fedora4: >> COMPONENTS=lvm2
2022-03-10 16:21:48.953107 +0000 build-fedora4: >> DISTS_VM=fc32 fc33 fc34 fc35
2022-03-10 16:21:48.953114 +0000 build-fedora4: >> DIST_DOM0=
2022-03-10 16:21:48.953125 +0000 build-fedora4: >> qubes-builder 1fb9d931e2644a4e8819f486db9c08140bd8e1c7
2022-03-10 16:21:48.953137 +0000 build-fedora4: >> qubes-builder/qubes-src/lvm2 9716b12b2905eb28aa2ae0bfe92e82926ba4bb88
2022-03-10 16:21:48.953145 +0000 build-fedora4: !! LVM2.2.03.09.tgz
2022-03-10 16:21:48.953153 +0000 build-fedora4: !! LVM2.2.03.09.tgz.asc
2022-03-10 16:21:48.973605 +0000 build-fedora4: 8540e46a6025ab14b592ccd9493b3224ffc0f962739a0a8de6d7b25c65c6ad96fc83ddb0e3d877b123a5e1b104476d0c20ccee2ead6d322257ec82ad1e3362d4  LVM2.2.03.09.tgz
2022-03-10 16:21:48.973662 +0000 build-fedora4: 82c8194a4e53e5222d59a1a72f07768f332ed406e02292ea719cecd4e3f075340fa8206761d2c4cc2312b686ba78f41945242117aef43e42c24fdd1645983094  LVM2.2.03.09.tgz.asc
2022-03-10 16:21:49.299309 +0000 build-fedora4: ================================================================================
2022-03-10 16:21:49.300702 +0000 build-fedora4:                            B U I L D   I N F O                                  
2022-03-10 16:21:49.300748 +0000 build-fedora4: Items in red indicate it was automatically generated by configuration file(s)
2022-03-10 16:21:49.300764 +0000 build-fedora4: Items in white indicate it was automatically removed by configuration file(s)
2022-03-10 16:21:49.300777 +0000 build-fedora4: ================================================================================
2022-03-10 16:21:49.300785 +0000 build-fedora4: DISTS_VM:
2022-03-10 16:21:49.329180 +0000 build-fedora4:      fc32, fc33, fc34, fc35,
2022-03-10 16:21:49.329231 +0000 build-fedora4: DISTS_ALL:
2022-03-10 16:21:49.366572 +0000 build-fedora4:      vm-fc32, vm-fc33, vm-fc34, vm-fc35,
2022-03-10 16:21:49.366623 +0000 build-fedora4: DIST_DOM0:
2022-03-10 16:21:49.372895 +0000 build-fedora4:     
2022-03-10 16:21:49.372938 +0000 build-fedora4: BUILDER_PLUGINS:
2022-03-10 16:21:49.375677 +0000 build-fedora4:      builder-rpm, builder-debian, mgmt-salt, linux-yum, release-configs, builder-github,
2022-03-10 16:21:49.375718 +0000 build-fedora4: COMPONENTS:
2022-03-10 16:21:49.381653 +0000 build-fedora4:      lvm2,
2022-03-10 16:21:49.382339 +0000 build-fedora4: GIT_REPOS:
2022-03-10 16:21:49.407000 +0000 build-fedora4:      qubes-src/lvm2,
2022-03-10 16:21:49.408917 +0000 build-fedora4: TEMPLATE:
2022-03-10 16:21:49.414192 +0000 build-fedora4:     
2022-03-10 16:21:49.414235 +0000 build-fedora4: TEMPLATE_FLAVOR_DIR:
2022-03-10 16:21:49.419099 +0000 build-fedora4:     
2022-03-10 16:21:49.419786 +0000 build-fedora4: TEMPLATE_ALIAS:
2022-03-10 16:21:49.426150 +0000 build-fedora4:      stretch:stretch+standard, stretch+gnome:stretch+gnome+standard,
2022-03-10 16:21:49.426196 +0000 build-fedora4:      stretch+minimal:stretch+minimal+no-recommends, buster:buster+standard,
2022-03-10 16:21:49.426212 +0000 build-fedora4:      buster+gnome:buster+gnome+standard, buster+minimal:buster+minimal+no-recommends,
2022-03-10 16:21:49.426225 +0000 build-fedora4:      bullseye:bullseye+standard+firmware, bullseye+gnome:bullseye+gnome+standard+firmware,
2022-03-10 16:21:49.426238 +0000 build-fedora4:      bullseye+minimal:bullseye+minimal+no-recommends, bookworm:bookworm+standard,
2022-03-10 16:21:49.426251 +0000 build-fedora4:      bookworm+gnome:bookworm+gnome+standard, bookworm+minimal:bookworm+minimal+no-recommends,
2022-03-10 16:21:49.426266 +0000 build-fedora4:      bionic:bionic+standard, focal:focal+standard, whonix-gateway-15:buster+whonix-gateway+minimal+no-recommends,
2022-03-10 16:21:49.426278 +0000 build-fedora4:      whonix-workstation-15:buster+whonix-workstation+minimal+no-recommends,
2022-03-10 16:21:49.426308 +0000 build-fedora4:      whonix-gateway-16:bullseye+whonix-gateway+minimal+no-recommends,
2022-03-10 16:21:49.426321 +0000 build-fedora4:      whonix-workstation-16:bullseye+whonix-workstation+minimal+no-recommends,
2022-03-10 16:21:49.426329 +0000 build-fedora4: TEMPLATE_LABEL:
2022-03-10 16:21:49.436101 +0000 build-fedora4:      fc34:fedora-34, fc35:fedora-35, fc36:fedora-36 fc34+minimal:fedora-34-minimal fc35+minimal:fedora-35-minimal
2022-03-10 16:21:49.436152 +0000 build-fedora4:      fc36+minimal:fedora-36-minimal fc34+xfce:fedora-34-xfce fc35+xfce:fedora-35-xfce fc36+xfce:fedora-36-xfce
2022-03-10 16:21:49.436169 +0000 build-fedora4:      stretch:debian-9 stretch+standard:debian-9 stretch+xfce:debian-9-xfce buster:debian-10
2022-03-10 16:21:49.436184 +0000 build-fedora4:      buster+standard:debian-10 buster+xfce:debian-10-xfce bullseye:debian-11 bullseye+standard+firmware:debian-11
2022-03-10 16:21:49.436199 +0000 build-fedora4:      bullseye+xfce:debian-11-xfce bookworm:debian-12 bookworm+standard:debian-12 bookworm+xfce:debian-12-xfce
2022-03-10 16:21:49.436213 +0000 build-fedora4:      bionic+standard:bionic focal+standard:focal buster+whonix-gateway+minimal+no-recommends:whonix-gw-15
2022-03-10 16:21:49.436224 +0000 build-fedora4:      buster+whonix-workstation+minimal+no-recommends:whonix-ws-15
2022-03-10 16:21:49.436235 +0000 build-fedora4:      bullseye+whonix-gateway+minimal+no-recommends:whonix-gw-16
2022-03-10 16:21:49.436248 +0000 build-fedora4:      bullseye+whonix-workstation+minimal+no-recommends:whonix-ws-16 centos7:centos-7
2022-03-10 16:21:49.436261 +0000 build-fedora4:      centos7+minimal:centos-7-minimal centos7+xfce:centos-7-xfce centos-stream8:centos-stream-8
2022-03-10 16:21:49.436274 +0000 build-fedora4:      centos-stream8+minimal:centos-stream-8-minimal centos-stream8+xfce:centos-stream-8-xfce
2022-03-10 16:21:49.581074 +0000 build-fedora4: > running make
2022-03-10 16:21:49.742126 +0000 build-fedora4: Makefile:863: target 'internal-update-repo-security-testing.vm.fc32.lvm2' does not exist
2022-03-10 16:21:49.742183 +0000 build-fedora4: repo_base_var="LINUX_REPO_${DIST//-/_}_BASEDIR"; \
2022-03-10 16:21:49.742199 +0000 build-fedora4: if [ "lvm2" = linux-template-builder ]; then \
2022-03-10 16:21:49.742214 +0000 build-fedora4: .# templates belongs to dom0 repository, even though PACKAGE_SET=vm
2022-03-10 16:21:49.742225 +0000 build-fedora4: repo_base_var="LINUX_REPO__BASEDIR"; \
2022-03-10 16:21:49.742234 +0000 build-fedora4: fi; \
2022-03-10 16:21:49.742245 +0000 build-fedora4: if [ -n "${!repo_base_var}" ]; then \
2022-03-10 16:21:49.742255 +0000 build-fedora4: .repo_basedir="${!repo_base_var}"; \
2022-03-10 16:21:49.742263 +0000 build-fedora4: else \
2022-03-10 16:21:49.742274 +0000 build-fedora4: .repo_basedir="qubes-src/linux-yum/r4.1"; \
2022-03-10 16:21:49.742282 +0000 build-fedora4: fi; \
2022-03-10 16:21:49.742293 +0000 build-fedora4: if [ -r qubes-src/lvm2/Makefile.builder ]; then \
2022-03-10 16:21:49.742303 +0000 build-fedora4: .echo -n "Updating qubes-src/lvm2... "; \
2022-03-10 16:21:49.742313 +0000 build-fedora4: .if [ "0" -eq 1 ]; then \
2022-03-10 16:21:49.742325 +0000 build-fedora4: ..vtag=`git -C qubes-src/lvm2 tag --points-at HEAD --list v*`; \
2022-03-10 16:21:49.742334 +0000 build-fedora4: ..if [ -z "$vtag" ]; then \
2022-03-10 16:21:49.742344 +0000 build-fedora4: ...echo "no version tag"; \
2022-03-10 16:21:49.742352 +0000 build-fedora4: ...exit 0; \
2022-03-10 16:21:49.742359 +0000 build-fedora4: ..fi; \
2022-03-10 16:21:49.742367 +0000 build-fedora4: .fi; \
2022-03-10 16:21:49.742377 +0000 build-fedora4: .if [ "lvm2" = linux-template-builder ]; then
2022-03-10 16:21:49.742392 +0000 build-fedora4: export TEMPLATE_NAME=$(MAKEFLAGS= make -s -C qubes-src/linux-template-builder DIST=fc32 template-name)
2022-03-10 16:21:49.742400 +0000 build-fedora4: fi
2022-03-10 16:21:49.742425 +0000 build-fedora4: component_packages=$(MAKEFLAGS= make -s -f Makefile.generic DIST=fc32 PACKAGE_SET=vm COMPONENT=`basename qubes-src/lvm2` UPDATE_REPO=/home/user/builder-r4.1/$repo_basedir/security-testing/vm/fc32 get-var GET_VAR=PACKAGE_LIST); \
2022-03-10 16:21:49.742458 +0000 build-fedora4: .if [ -z "$component_packages" ]; then \
2022-03-10 16:21:49.742469 +0000 build-fedora4: ..echo "no packages."; \
2022-03-10 16:21:49.742477 +0000 build-fedora4: ..exit 0; \
2022-03-10 16:21:49.742484 +0000 build-fedora4: .fi; \
2022-03-10 16:21:49.742495 +0000 build-fedora4: .make -s -f Makefile.generic DIST=fc32 PACKAGE_SET=vm \
2022-03-10 16:21:49.742505 +0000 build-fedora4: ..COMPONENT=`basename qubes-src/lvm2` \
2022-03-10 16:21:49.742515 +0000 build-fedora4: ..SNAPSHOT_REPO=security-testing \
2022-03-10 16:21:49.742524 +0000 build-fedora4: ..TARGET_REPO=security-testing \
2022-03-10 16:21:49.742537 +0000 build-fedora4: ..UPDATE_REPO=/home/user/builder-r4.1/$repo_basedir/security-testing/vm/fc32 \
2022-03-10 16:21:49.742553 +0000 build-fedora4: ..SNAPSHOT_FILE=/home/user/builder-r4.1/repo-latest-snapshot/security-testing-vm-fc32-`basename qubes-src/lvm2` \
2022-03-10 16:21:49.742562 +0000 build-fedora4: ..BUILD_LOG_URL= \
2022-03-10 16:21:49.742571 +0000 build-fedora4: ..update-repo || exit 1; \
2022-03-10 16:21:49.742585 +0000 build-fedora4: elif make -C qubes-src/lvm2 -n update-repo-security-testing >/dev/null 2>/dev/null; then \
2022-03-10 16:21:49.742595 +0000 build-fedora4: .echo "Updating qubes-src/lvm2... "; \
2022-03-10 16:21:49.742609 +0000 build-fedora4: .DIST=fc32 UPDATE_REPO=/home/user/builder-r4.1/$repo_basedir/security-testing/vm/fc32 \
2022-03-10 16:21:49.742621 +0000 build-fedora4: .make -s -C qubes-src/lvm2 update-repo-security-testing || exit 1; \
2022-03-10 16:21:49.742629 +0000 build-fedora4: else \
2022-03-10 16:21:49.742639 +0000 build-fedora4: .echo -n "Updating qubes-src/lvm2... skipping."; \
2022-03-10 16:21:49.742646 +0000 build-fedora4: fi; \
2022-03-10 16:21:49.742653 +0000 build-fedora4: echo
2022-03-10 16:21:50.098694 +0000 build-fedora4: Updating qubes-src/lvm2... no packages.
2022-03-10 16:21:50.098758 +0000 build-fedora4: Makefile:836: update target 'internal-update-repo-security-testing.vm.fc32' due to: internal-update-repo-security-testing.vm.fc32.lvm2
2022-03-10 16:21:50.098771 +0000 build-fedora4: true
2022-03-10 16:21:50.101244 +0000 build-fedora4: Makefile:863: target 'internal-update-repo-security-testing.vm.fc33.lvm2' does not exist
2022-03-10 16:21:50.101288 +0000 build-fedora4: repo_base_var="LINUX_REPO_${DIST//-/_}_BASEDIR"; \
2022-03-10 16:21:50.101301 +0000 build-fedora4: if [ "lvm2" = linux-template-builder ]; then \
2022-03-10 16:21:50.101314 +0000 build-fedora4: .# templates belongs to dom0 repository, even though PACKAGE_SET=vm
2022-03-10 16:21:50.101324 +0000 build-fedora4: repo_base_var="LINUX_REPO__BASEDIR"; \
2022-03-10 16:21:50.101332 +0000 build-fedora4: fi; \
2022-03-10 16:21:50.101341 +0000 build-fedora4: if [ -n "${!repo_base_var}" ]; then \
2022-03-10 16:21:50.101351 +0000 build-fedora4: .repo_basedir="${!repo_base_var}"; \
2022-03-10 16:21:50.101357 +0000 build-fedora4: else \
2022-03-10 16:21:50.101367 +0000 build-fedora4: .repo_basedir="qubes-src/linux-yum/r4.1"; \
2022-03-10 16:21:50.101374 +0000 build-fedora4: fi; \
2022-03-10 16:21:50.101384 +0000 build-fedora4: if [ -r qubes-src/lvm2/Makefile.builder ]; then \
2022-03-10 16:21:50.101394 +0000 build-fedora4: .echo -n "Updating qubes-src/lvm2... "; \
2022-03-10 16:21:50.101403 +0000 build-fedora4: .if [ "0" -eq 1 ]; then \
2022-03-10 16:21:50.101414 +0000 build-fedora4: ..vtag=`git -C qubes-src/lvm2 tag --points-at HEAD --list v*`; \
2022-03-10 16:21:50.101423 +0000 build-fedora4: ..if [ -z "$vtag" ]; then \
2022-03-10 16:21:50.101432 +0000 build-fedora4: ...echo "no version tag"; \
2022-03-10 16:21:50.101439 +0000 build-fedora4: ...exit 0; \
2022-03-10 16:21:50.101446 +0000 build-fedora4: ..fi; \
2022-03-10 16:21:50.101453 +0000 build-fedora4: .fi; \
2022-03-10 16:21:50.101463 +0000 build-fedora4: .if [ "lvm2" = linux-template-builder ]; then
2022-03-10 16:21:50.101497 +0000 build-fedora4: export TEMPLATE_NAME=$(MAKEFLAGS= make -s -C qubes-src/linux-template-builder DIST=fc33 template-name)
2022-03-10 16:21:50.101505 +0000 build-fedora4: fi
2022-03-10 16:21:50.101530 +0000 build-fedora4: component_packages=$(MAKEFLAGS= make -s -f Makefile.generic DIST=fc33 PACKAGE_SET=vm COMPONENT=`basename qubes-src/lvm2` UPDATE_REPO=/home/user/builder-r4.1/$repo_basedir/security-testing/vm/fc33 get-var GET_VAR=PACKAGE_LIST); \
2022-03-10 16:21:50.101540 +0000 build-fedora4: .if [ -z "$component_packages" ]; then \
2022-03-10 16:21:50.101549 +0000 build-fedora4: ..echo "no packages."; \
2022-03-10 16:21:50.101556 +0000 build-fedora4: ..exit 0; \
2022-03-10 16:21:50.101563 +0000 build-fedora4: .fi; \
2022-03-10 16:21:50.101573 +0000 build-fedora4: .make -s -f Makefile.generic DIST=fc33 PACKAGE_SET=vm \
2022-03-10 16:21:50.101582 +0000 build-fedora4: ..COMPONENT=`basename qubes-src/lvm2` \
2022-03-10 16:21:50.101591 +0000 build-fedora4: ..SNAPSHOT_REPO=security-testing \
2022-03-10 16:21:50.101600 +0000 build-fedora4: ..TARGET_REPO=security-testing \
2022-03-10 16:21:50.101612 +0000 build-fedora4: ..UPDATE_REPO=/home/user/builder-r4.1/$repo_basedir/security-testing/vm/fc33 \
2022-03-10 16:21:50.101627 +0000 build-fedora4: ..SNAPSHOT_FILE=/home/user/builder-r4.1/repo-latest-snapshot/security-testing-vm-fc33-`basename qubes-src/lvm2` \
2022-03-10 16:21:50.101636 +0000 build-fedora4: ..BUILD_LOG_URL= \
2022-03-10 16:21:50.101644 +0000 build-fedora4: ..update-repo || exit 1; \
2022-03-10 16:21:50.101658 +0000 build-fedora4: elif make -C qubes-src/lvm2 -n update-repo-security-testing >/dev/null 2>/dev/null; then \
2022-03-10 16:21:50.101667 +0000 build-fedora4: .echo "Updating qubes-src/lvm2... "; \
2022-03-10 16:21:50.101680 +0000 build-fedora4: .DIST=fc33 UPDATE_REPO=/home/user/builder-r4.1/$repo_basedir/security-testing/vm/fc33 \
2022-03-10 16:21:50.101692 +0000 build-fedora4: .make -s -C qubes-src/lvm2 update-repo-security-testing || exit 1; \
2022-03-10 16:21:50.101698 +0000 build-fedora4: else \
2022-03-10 16:21:50.101709 +0000 build-fedora4: .echo -n "Updating qubes-src/lvm2... skipping."; \
2022-03-10 16:21:50.101715 +0000 build-fedora4: fi; \
2022-03-10 16:21:50.101722 +0000 build-fedora4: echo
2022-03-10 16:21:50.705056 +0000 build-fedora4: Updating qubes-src/lvm2... no packages.
2022-03-10 16:21:50.705143 +0000 build-fedora4: Makefile:836: update target 'internal-update-repo-security-testing.vm.fc33' due to: internal-update-repo-security-testing.vm.fc33.lvm2
2022-03-10 16:21:50.705156 +0000 build-fedora4: true
2022-03-10 16:21:50.747497 +0000 build-fedora4: Makefile:863: target 'internal-update-repo-security-testing.vm.fc34.lvm2' does not exist
2022-03-10 16:21:50.747549 +0000 build-fedora4: repo_base_var="LINUX_REPO_${DIST//-/_}_BASEDIR"; \
2022-03-10 16:21:50.747564 +0000 build-fedora4: if [ "lvm2" = linux-template-builder ]; then \
2022-03-10 16:21:50.747579 +0000 build-fedora4: .# templates belongs to dom0 repository, even though PACKAGE_SET=vm
2022-03-10 16:21:50.747589 +0000 build-fedora4: repo_base_var="LINUX_REPO__BASEDIR"; \
2022-03-10 16:21:50.747598 +0000 build-fedora4: fi; \
2022-03-10 16:21:50.747608 +0000 build-fedora4: if [ -n "${!repo_base_var}" ]; then \
2022-03-10 16:21:50.747618 +0000 build-fedora4: .repo_basedir="${!repo_base_var}"; \
2022-03-10 16:21:50.747626 +0000 build-fedora4: else \
2022-03-10 16:21:50.747636 +0000 build-fedora4: .repo_basedir="qubes-src/linux-yum/r4.1"; \
2022-03-10 16:21:50.747643 +0000 build-fedora4: fi; \
2022-03-10 16:21:50.747654 +0000 build-fedora4: if [ -r qubes-src/lvm2/Makefile.builder ]; then \
2022-03-10 16:21:50.747663 +0000 build-fedora4: .echo -n "Updating qubes-src/lvm2... "; \
2022-03-10 16:21:50.747673 +0000 build-fedora4: .if [ "0" -eq 1 ]; then \
2022-03-10 16:21:50.747684 +0000 build-fedora4: ..vtag=`git -C qubes-src/lvm2 tag --points-at HEAD --list v*`; \
2022-03-10 16:21:50.747693 +0000 build-fedora4: ..if [ -z "$vtag" ]; then \
2022-03-10 16:21:50.747722 +0000 build-fedora4: ...echo "no version tag"; \
2022-03-10 16:21:50.747732 +0000 build-fedora4: ...exit 0; \
2022-03-10 16:21:50.747739 +0000 build-fedora4: ..fi; \
2022-03-10 16:21:50.747746 +0000 build-fedora4: .fi; \
2022-03-10 16:21:50.747756 +0000 build-fedora4: .if [ "lvm2" = linux-template-builder ]; then
2022-03-10 16:21:50.747770 +0000 build-fedora4: export TEMPLATE_NAME=$(MAKEFLAGS= make -s -C qubes-src/linux-template-builder DIST=fc34 template-name)
2022-03-10 16:21:50.747778 +0000 build-fedora4: fi
2022-03-10 16:21:50.747802 +0000 build-fedora4: component_packages=$(MAKEFLAGS= make -s -f Makefile.generic DIST=fc34 PACKAGE_SET=vm COMPONENT=`basename qubes-src/lvm2` UPDATE_REPO=/home/user/builder-r4.1/$repo_basedir/security-testing/vm/fc34 get-var GET_VAR=PACKAGE_LIST); \
2022-03-10 16:21:50.747817 +0000 build-fedora4: .if [ -z "$component_packages" ]; then \
2022-03-10 16:21:50.747826 +0000 build-fedora4: ..echo "no packages."; \
2022-03-10 16:21:50.747833 +0000 build-fedora4: ..exit 0; \
2022-03-10 16:21:50.747840 +0000 build-fedora4: .fi; \
2022-03-10 16:21:50.747850 +0000 build-fedora4: .make -s -f Makefile.generic DIST=fc34 PACKAGE_SET=vm \
2022-03-10 16:21:50.747860 +0000 build-fedora4: ..COMPONENT=`basename qubes-src/lvm2` \
2022-03-10 16:21:50.747868 +0000 build-fedora4: ..SNAPSHOT_REPO=security-testing \
2022-03-10 16:21:50.747877 +0000 build-fedora4: ..TARGET_REPO=security-testing \
2022-03-10 16:21:50.747889 +0000 build-fedora4: ..UPDATE_REPO=/home/user/builder-r4.1/$repo_basedir/security-testing/vm/fc34 \
2022-03-10 16:21:50.747904 +0000 build-fedora4: ..SNAPSHOT_FILE=/home/user/builder-r4.1/repo-latest-snapshot/security-testing-vm-fc34-`basename qubes-src/lvm2` \
2022-03-10 16:21:50.747912 +0000 build-fedora4: ..BUILD_LOG_URL= \
2022-03-10 16:21:50.747920 +0000 build-fedora4: ..update-repo || exit 1; \
2022-03-10 16:21:50.747933 +0000 build-fedora4: elif make -C qubes-src/lvm2 -n update-repo-security-testing >/dev/null 2>/dev/null; then \
2022-03-10 16:21:50.747942 +0000 build-fedora4: .echo "Updating qubes-src/lvm2... "; \
2022-03-10 16:21:50.747955 +0000 build-fedora4: .DIST=fc34 UPDATE_REPO=/home/user/builder-r4.1/$repo_basedir/security-testing/vm/fc34 \
2022-03-10 16:21:50.747966 +0000 build-fedora4: .make -s -C qubes-src/lvm2 update-repo-security-testing || exit 1; \
2022-03-10 16:21:50.747972 +0000 build-fedora4: else \
2022-03-10 16:21:50.747983 +0000 build-fedora4: .echo -n "Updating qubes-src/lvm2... skipping."; \
2022-03-10 16:21:50.747989 +0000 build-fedora4: fi; \
2022-03-10 16:21:50.747995 +0000 build-fedora4: echo
2022-03-10 16:21:51.282801 +0000 build-fedora4: Updating qubes-src/lvm2... no packages.
2022-03-10 16:21:51.282867 +0000 build-fedora4: Makefile:836: update target 'internal-update-repo-security-testing.vm.fc34' due to: internal-update-repo-security-testing.vm.fc34.lvm2
2022-03-10 16:21:51.282880 +0000 build-fedora4: true
2022-03-10 16:21:51.328560 +0000 build-fedora4: Makefile:863: target 'internal-update-repo-security-testing.vm.fc35.lvm2' does not exist
2022-03-10 16:21:51.328610 +0000 build-fedora4: repo_base_var="LINUX_REPO_${DIST//-/_}_BASEDIR"; \
2022-03-10 16:21:51.328622 +0000 build-fedora4: if [ "lvm2" = linux-template-builder ]; then \
2022-03-10 16:21:51.328635 +0000 build-fedora4: .# templates belongs to dom0 repository, even though PACKAGE_SET=vm
2022-03-10 16:21:51.328644 +0000 build-fedora4: repo_base_var="LINUX_REPO__BASEDIR"; \
2022-03-10 16:21:51.328651 +0000 build-fedora4: fi; \
2022-03-10 16:21:51.328660 +0000 build-fedora4: if [ -n "${!repo_base_var}" ]; then \
2022-03-10 16:21:51.328669 +0000 build-fedora4: .repo_basedir="${!repo_base_var}"; \
2022-03-10 16:21:51.328676 +0000 build-fedora4: else \
2022-03-10 16:21:51.328685 +0000 build-fedora4: .repo_basedir="qubes-src/linux-yum/r4.1"; \
2022-03-10 16:21:51.328691 +0000 build-fedora4: fi; \
2022-03-10 16:21:51.328703 +0000 build-fedora4: if [ -r qubes-src/lvm2/Makefile.builder ]; then \
2022-03-10 16:21:51.328713 +0000 build-fedora4: .echo -n "Updating qubes-src/lvm2... "; \
2022-03-10 16:21:51.328741 +0000 build-fedora4: .if [ "0" -eq 1 ]; then \
2022-03-10 16:21:51.328753 +0000 build-fedora4: ..vtag=`git -C qubes-src/lvm2 tag --points-at HEAD --list v*`; \
2022-03-10 16:21:51.328761 +0000 build-fedora4: ..if [ -z "$vtag" ]; then \
2022-03-10 16:21:51.328769 +0000 build-fedora4: ...echo "no version tag"; \
2022-03-10 16:21:51.328776 +0000 build-fedora4: ...exit 0; \
2022-03-10 16:21:51.328782 +0000 build-fedora4: ..fi; \
2022-03-10 16:21:51.328789 +0000 build-fedora4: .fi; \
2022-03-10 16:21:51.328798 +0000 build-fedora4: .if [ "lvm2" = linux-template-builder ]; then
2022-03-10 16:21:51.328814 +0000 build-fedora4: export TEMPLATE_NAME=$(MAKEFLAGS= make -s -C qubes-src/linux-template-builder DIST=fc35 template-name)
2022-03-10 16:21:51.328821 +0000 build-fedora4: fi
2022-03-10 16:21:51.328845 +0000 build-fedora4: component_packages=$(MAKEFLAGS= make -s -f Makefile.generic DIST=fc35 PACKAGE_SET=vm COMPONENT=`basename qubes-src/lvm2` UPDATE_REPO=/home/user/builder-r4.1/$repo_basedir/security-testing/vm/fc35 get-var GET_VAR=PACKAGE_LIST); \
2022-03-10 16:21:51.328855 +0000 build-fedora4: .if [ -z "$component_packages" ]; then \
2022-03-10 16:21:51.328862 +0000 build-fedora4: ..echo "no packages."; \
2022-03-10 16:21:51.328869 +0000 build-fedora4: ..exit 0; \
2022-03-10 16:21:51.328876 +0000 build-fedora4: .fi; \
2022-03-10 16:21:51.328886 +0000 build-fedora4: .make -s -f Makefile.generic DIST=fc35 PACKAGE_SET=vm \
2022-03-10 16:21:51.328894 +0000 build-fedora4: ..COMPONENT=`basename qubes-src/lvm2` \
2022-03-10 16:21:51.328903 +0000 build-fedora4: ..SNAPSHOT_REPO=security-testing \
2022-03-10 16:21:51.328911 +0000 build-fedora4: ..TARGET_REPO=security-testing \
2022-03-10 16:21:51.328923 +0000 build-fedora4: ..UPDATE_REPO=/home/user/builder-r4.1/$repo_basedir/security-testing/vm/fc35 \
2022-03-10 16:21:51.328937 +0000 build-fedora4: ..SNAPSHOT_FILE=/home/user/builder-r4.1/repo-latest-snapshot/security-testing-vm-fc35-`basename qubes-src/lvm2` \
2022-03-10 16:21:51.328945 +0000 build-fedora4: ..BUILD_LOG_URL= \
2022-03-10 16:21:51.328953 +0000 build-fedora4: ..update-repo || exit 1; \
2022-03-10 16:21:51.328966 +0000 build-fedora4: elif make -C qubes-src/lvm2 -n update-repo-security-testing >/dev/null 2>/dev/null; then \
2022-03-10 16:21:51.328974 +0000 build-fedora4: .echo "Updating qubes-src/lvm2... "; \
2022-03-10 16:21:51.328987 +0000 build-fedora4: .DIST=fc35 UPDATE_REPO=/home/user/builder-r4.1/$repo_basedir/security-testing/vm/fc35 \
2022-03-10 16:21:51.328997 +0000 build-fedora4: .make -s -C qubes-src/lvm2 update-repo-security-testing || exit 1; \
2022-03-10 16:21:51.329004 +0000 build-fedora4: else \
2022-03-10 16:21:51.329013 +0000 build-fedora4: .echo -n "Updating qubes-src/lvm2... skipping."; \
2022-03-10 16:21:51.329020 +0000 build-fedora4: fi; \
2022-03-10 16:21:51.329026 +0000 build-fedora4: echo
2022-03-10 16:21:51.684487 +0000 build-fedora4: Updating qubes-src/lvm2... no packages.
2022-03-10 16:21:51.684551 +0000 build-fedora4: Makefile:836: update target 'internal-update-repo-security-testing.vm.fc35' due to: internal-update-repo-security-testing.vm.fc35.lvm2
2022-03-10 16:21:51.684563 +0000 build-fedora4: true
2022-03-10 16:21:51.695871 +0000 build-fedora4: Makefile:945: target 'post-update-repo-security-testing' does not exist
2022-03-10 16:21:51.695916 +0000 build-fedora4: true
2022-03-10 16:21:51.710351 +0000 build-fedora4: Makefile:819: update target 'update-repo-security-testing' due to: internal-update-repo-security-testing.vm.fc32 internal-update-repo-security-testing.vm.fc33 internal-update-repo-security-testing.vm.fc34 internal-update-repo-security-testing.vm.fc35 post-update-repo-security-testing
2022-03-10 16:21:51.710399 +0000 build-fedora4: true
2022-03-10 16:21:51.744731 +0000 build-fedora4: > done
2022-03-10 16:21:51.744782 +0000 > closing log
