2021-03-16 15:25:42.724909 +0000 > starting log
2021-03-16 15:25:42.726783 +0000 build-fedora4: > starting build with log
2021-03-16 15:25:42.726813 +0000 build-fedora4: >> make args: update-repo-current
2021-03-16 15:25:42.726829 +0000 build-fedora4: >> MAKEFLAGS=
2021-03-16 15:25:42.726846 +0000 build-fedora4: >> COMPONENTS=mgmt-salt-dom0-virtual-machines
2021-03-16 15:25:42.726859 +0000 build-fedora4: >> DISTS_VM=fc31 fc32 fc33
2021-03-16 15:25:42.726871 +0000 build-fedora4: >> DIST_DOM0=
2021-03-16 15:25:42.726887 +0000 build-fedora4: >> qubes-builder 62be6ed7d4c006c802cf2d567b182570b5d98ef1
2021-03-16 15:25:42.726908 +0000 build-fedora4: >> qubes-builder/qubes-src/mgmt-salt-dom0-virtual-machines b75e6c21b87e552fbaee201fb12897732ed8fb45
2021-03-16 15:25:42.813466 +0000 build-fedora4: ================================================================================
2021-03-16 15:25:42.813645 +0000 build-fedora4:                            B U I L D   I N F O                                  
2021-03-16 15:25:42.813693 +0000 build-fedora4: Items in red indicate it was automatically generated by configuration file(s)
2021-03-16 15:25:42.813716 +0000 build-fedora4: Items in white indicate it was automatically removed by configuration file(s)
2021-03-16 15:25:42.813736 +0000 build-fedora4: ================================================================================
2021-03-16 15:25:42.813757 +0000 build-fedora4: DISTS_VM:
2021-03-16 15:25:42.825190 +0000 build-fedora4:      fc31, fc32, fc33,
2021-03-16 15:25:42.830040 +0000 build-fedora4: DISTS_ALL:
2021-03-16 15:25:42.870355 +0000 build-fedora4:      vm-fc31, vm-fc32, vm-fc33,
2021-03-16 15:25:42.870422 +0000 build-fedora4: DIST_DOM0:
2021-03-16 15:25:42.885520 +0000 build-fedora4:     
2021-03-16 15:25:42.886843 +0000 build-fedora4: BUILDER_PLUGINS:
2021-03-16 15:25:42.953682 +0000 build-fedora4:      builder-rpm, builder-debian, mgmt-salt, linux-yum, release-configs, builder-github,
2021-03-16 15:25:42.953787 +0000 build-fedora4: COMPONENTS:
2021-03-16 15:25:42.970529 +0000 build-fedora4:      mgmt-salt-dom0-virtual-machines,
2021-03-16 15:25:42.970592 +0000 build-fedora4: GIT_REPOS:
2021-03-16 15:25:43.018200 +0000 build-fedora4:      qubes-src/mgmt-salt-dom0-virtual-machines,
2021-03-16 15:25:43.018275 +0000 build-fedora4: TEMPLATE:
2021-03-16 15:25:43.031312 +0000 build-fedora4:     
2021-03-16 15:25:43.031380 +0000 build-fedora4: TEMPLATE_FLAVOR_DIR:
2021-03-16 15:25:43.039144 +0000 build-fedora4:     
2021-03-16 15:25:43.039209 +0000 build-fedora4: TEMPLATE_ALIAS:
2021-03-16 15:25:43.047924 +0000 build-fedora4:      stretch:stretch+standard, stretch+gnome:stretch+gnome+standard,
2021-03-16 15:25:43.047996 +0000 build-fedora4:      stretch+minimal:stretch+minimal+no-recommends, buster:buster+standard, buster+gnome:buster+gnome+standard,
2021-03-16 15:25:43.048020 +0000 build-fedora4:      buster+minimal:buster+minimal+no-recommends, bullseye:bullseye+standard,
2021-03-16 15:25:43.048042 +0000 build-fedora4:      bullseye+gnome:bullseye+gnome+standard, bullseye+minimal:bullseye+minimal+no-recommends,
2021-03-16 15:25:43.048060 +0000 build-fedora4:      whonix-gateway-14:stretch+whonix-gateway+minimal+no-recommends,
2021-03-16 15:25:43.048078 +0000 build-fedora4:      whonix-workstation-14:stretch+whonix-workstation+minimal+no-recommends,
2021-03-16 15:25:43.048095 +0000 build-fedora4:      whonix-gateway-15:buster+whonix-gateway+minimal+no-recommends,
2021-03-16 15:25:43.048113 +0000 build-fedora4:      whonix-workstation-15:buster+whonix-workstation+minimal+no-recommends,
2021-03-16 15:25:43.048125 +0000 build-fedora4: TEMPLATE_LABEL:
2021-03-16 15:25:43.053812 +0000 build-fedora4:      fc31:fedora-31, fc32:fedora-32, fc33:fedora-33, fc30:fedora-30 fc30+minimal:fedora-30-minimal
2021-03-16 15:25:43.053884 +0000 build-fedora4:      fc31+minimal:fedora-31-minimal fc32+minimal:fedora-32-minimal fc33+minimal:fedora-33-minimal
2021-03-16 15:25:43.053909 +0000 build-fedora4:      fc30+xfce:fedora-30-xfce fc31+xfce:fedora-31-xfce fc32+xfce:fedora-32-xfce fc33+xfce:fedora-33-xfce
2021-03-16 15:25:43.053959 +0000 build-fedora4:      stretch:debian-9 stretch+standard:debian-9 stretch+xfce:debian-9-xfce buster:debian-10
2021-03-16 15:25:43.053984 +0000 build-fedora4:      buster+standard:debian-10 buster+xfce:debian-10-xfce bullseye:debian-11 bullseye+standard:debian-11
2021-03-16 15:25:43.054008 +0000 build-fedora4:      bullseye+xfce:debian-11-xfce stretch+whonix-gateway+minimal+no-recommends:whonix-gw-14
2021-03-16 15:25:43.054026 +0000 build-fedora4:      stretch+whonix-workstation+minimal+no-recommends:whonix-ws-14
2021-03-16 15:25:43.054057 +0000 build-fedora4:      buster+whonix-gateway+minimal+no-recommends:whonix-gw-15
2021-03-16 15:25:43.054075 +0000 build-fedora4:      buster+whonix-workstation+minimal+no-recommends:whonix-ws-15 centos7:centos-7
2021-03-16 15:25:43.054093 +0000 build-fedora4:      centos7+minimal:centos-7-minimal centos7+xfce:centos-7-xfce centos8:centos-8
2021-03-16 15:25:43.054109 +0000 build-fedora4:      centos8+minimal:centos-8-minimal centos8+xfce:centos-8-xfce
2021-03-16 15:25:43.254651 +0000 build-fedora4: > running make
2021-03-16 15:25:43.473835 +0000 build-fedora4: Makefile:847: target 'internal-update-repo-current.vm.fc31.mgmt-salt-dom0-virtual-machines' does not exist
2021-03-16 15:25:43.473982 +0000 build-fedora4: repo_base_var="LINUX_REPO_fc31_BASEDIR"; \
2021-03-16 15:25:43.474017 +0000 build-fedora4: if [ "mgmt-salt-dom0-virtual-machines" = linux-template-builder ]; then \
2021-03-16 15:25:43.474039 +0000 build-fedora4: .# templates belongs to dom0 repository, even though PACKAGE_SET=vm
2021-03-16 15:25:43.474055 +0000 build-fedora4: repo_base_var="LINUX_REPO__BASEDIR"; \
2021-03-16 15:25:43.474067 +0000 build-fedora4: fi; \
2021-03-16 15:25:43.474093 +0000 build-fedora4: if [ -n "${!repo_base_var}" ]; then \
2021-03-16 15:25:43.474108 +0000 build-fedora4: .repo_basedir="${!repo_base_var}"; \
2021-03-16 15:25:43.474120 +0000 build-fedora4: else \
2021-03-16 15:25:43.474136 +0000 build-fedora4: .repo_basedir="qubes-src/linux-yum/r4.1"; \
2021-03-16 15:25:43.474147 +0000 build-fedora4: fi; \
2021-03-16 15:25:43.474166 +0000 build-fedora4: if [ -r qubes-src/mgmt-salt-dom0-virtual-machines/Makefile.builder ]; then \
2021-03-16 15:25:43.474184 +0000 build-fedora4: .echo -n "Updating qubes-src/mgmt-salt-dom0-virtual-machines... "; \
2021-03-16 15:25:43.474198 +0000 build-fedora4: .if [ "0" -eq 1 ]; then \
2021-03-16 15:25:43.474219 +0000 build-fedora4: ..vtag=`git -C qubes-src/mgmt-salt-dom0-virtual-machines tag --points-at HEAD --list v*`; \
2021-03-16 15:25:43.474234 +0000 build-fedora4: ..if [ -z "$vtag" ]; then \
2021-03-16 15:25:43.474248 +0000 build-fedora4: ...echo "no version tag"; \
2021-03-16 15:25:43.474260 +0000 build-fedora4: ...exit 0; \
2021-03-16 15:25:43.474273 +0000 build-fedora4: ..fi; \
2021-03-16 15:25:43.474285 +0000 build-fedora4: .fi; \
2021-03-16 15:25:43.474303 +0000 build-fedora4: .if [ "mgmt-salt-dom0-virtual-machines" = linux-template-builder ]; then
2021-03-16 15:25:43.474325 +0000 build-fedora4: export TEMPLATE_NAME=$(MAKEFLAGS= make -s -C qubes-src/linux-template-builder DIST=fc31 template-name)
2021-03-16 15:25:43.474337 +0000 build-fedora4: fi
2021-03-16 15:25:43.474375 +0000 build-fedora4: component_packages=$(MAKEFLAGS= make -s -f Makefile.generic DIST=fc31 PACKAGE_SET=vm COMPONENT=`basename qubes-src/mgmt-salt-dom0-virtual-machines` UPDATE_REPO=/home/user/builder-r4.1/$repo_basedir/current/vm/fc31 get-var GET_VAR=PACKAGE_LIST); \
2021-03-16 15:25:43.474391 +0000 build-fedora4: .if [ -z "$component_packages" ]; then \
2021-03-16 15:25:43.474405 +0000 build-fedora4: ..echo "no packages."; \
2021-03-16 15:25:43.474418 +0000 build-fedora4: ..exit 0; \
2021-03-16 15:25:43.474429 +0000 build-fedora4: .fi; \
2021-03-16 15:25:43.474446 +0000 build-fedora4: .make -s -f Makefile.generic DIST=fc31 PACKAGE_SET=vm \
2021-03-16 15:25:43.474464 +0000 build-fedora4: ..COMPONENT=`basename qubes-src/mgmt-salt-dom0-virtual-machines` \
2021-03-16 15:25:43.474497 +0000 build-fedora4: ..SNAPSHOT_REPO=current-testing \
2021-03-16 15:25:43.474513 +0000 build-fedora4: ..TARGET_REPO=current \
2021-03-16 15:25:43.474531 +0000 build-fedora4: ..UPDATE_REPO=/home/user/builder-r4.1/$repo_basedir/current/vm/fc31 \
2021-03-16 15:25:43.474556 +0000 build-fedora4: ..SNAPSHOT_FILE=/home/user/builder-r4.1/repo-latest-snapshot/current-testing-vm-fc31-`basename qubes-src/mgmt-salt-dom0-virtual-machines` \
2021-03-16 15:25:43.474570 +0000 build-fedora4: ..BUILD_LOG_URL= \
2021-03-16 15:25:43.474585 +0000 build-fedora4: ..update-repo-from-snapshot || exit 1; \
2021-03-16 15:25:43.474607 +0000 build-fedora4: elif make -C qubes-src/mgmt-salt-dom0-virtual-machines -n update-repo-current >/dev/null 2>/dev/null; then \
2021-03-16 15:25:43.474625 +0000 build-fedora4: .echo "Updating qubes-src/mgmt-salt-dom0-virtual-machines... "; \
2021-03-16 15:25:43.474645 +0000 build-fedora4: .DIST=fc31 UPDATE_REPO=/home/user/builder-r4.1/$repo_basedir/current/vm/fc31 \
2021-03-16 15:25:43.474665 +0000 build-fedora4: .make -s -C qubes-src/mgmt-salt-dom0-virtual-machines update-repo-current || exit 1; \
2021-03-16 15:25:43.474677 +0000 build-fedora4: else \
2021-03-16 15:25:43.474696 +0000 build-fedora4: .echo -n "Updating qubes-src/mgmt-salt-dom0-virtual-machines... skipping."; \
2021-03-16 15:25:43.474707 +0000 build-fedora4: fi; \
2021-03-16 15:25:43.474718 +0000 build-fedora4: echo
2021-03-16 15:25:43.677530 +0000 build-fedora4: Updating qubes-src/mgmt-salt-dom0-virtual-machines... no packages.
2021-03-16 15:25:43.677610 +0000 build-fedora4: Makefile:816: update target 'internal-update-repo-current.vm.fc31' due to: internal-update-repo-current.vm.fc31.mgmt-salt-dom0-virtual-machines
2021-03-16 15:25:43.677629 +0000 build-fedora4: true
2021-03-16 15:25:43.677653 +0000 build-fedora4: Makefile:847: target 'internal-update-repo-current.vm.fc32.mgmt-salt-dom0-virtual-machines' does not exist
2021-03-16 15:25:43.677670 +0000 build-fedora4: repo_base_var="LINUX_REPO_fc32_BASEDIR"; \
2021-03-16 15:25:43.677688 +0000 build-fedora4: if [ "mgmt-salt-dom0-virtual-machines" = linux-template-builder ]; then \
2021-03-16 15:25:43.677707 +0000 build-fedora4: .# templates belongs to dom0 repository, even though PACKAGE_SET=vm
2021-03-16 15:25:43.677721 +0000 build-fedora4: repo_base_var="LINUX_REPO__BASEDIR"; \
2021-03-16 15:25:43.677732 +0000 build-fedora4: fi; \
2021-03-16 15:25:43.677783 +0000 build-fedora4: if [ -n "${!repo_base_var}" ]; then \
2021-03-16 15:25:43.677802 +0000 build-fedora4: .repo_basedir="${!repo_base_var}"; \
2021-03-16 15:25:43.677814 +0000 build-fedora4: else \
2021-03-16 15:25:43.677829 +0000 build-fedora4: .repo_basedir="qubes-src/linux-yum/r4.1"; \
2021-03-16 15:25:43.677840 +0000 build-fedora4: fi; \
2021-03-16 15:25:43.677858 +0000 build-fedora4: if [ -r qubes-src/mgmt-salt-dom0-virtual-machines/Makefile.builder ]; then \
2021-03-16 15:25:43.677876 +0000 build-fedora4: .echo -n "Updating qubes-src/mgmt-salt-dom0-virtual-machines... "; \
2021-03-16 15:25:43.677889 +0000 build-fedora4: .if [ "0" -eq 1 ]; then \
2021-03-16 15:25:43.677909 +0000 build-fedora4: ..vtag=`git -C qubes-src/mgmt-salt-dom0-virtual-machines tag --points-at HEAD --list v*`; \
2021-03-16 15:25:43.677924 +0000 build-fedora4: ..if [ -z "$vtag" ]; then \
2021-03-16 15:25:43.677937 +0000 build-fedora4: ...echo "no version tag"; \
2021-03-16 15:25:43.677949 +0000 build-fedora4: ...exit 0; \
2021-03-16 15:25:43.677961 +0000 build-fedora4: ..fi; \
2021-03-16 15:25:43.677972 +0000 build-fedora4: .fi; \
2021-03-16 15:25:43.677990 +0000 build-fedora4: .if [ "mgmt-salt-dom0-virtual-machines" = linux-template-builder ]; then
2021-03-16 15:25:43.678011 +0000 build-fedora4: export TEMPLATE_NAME=$(MAKEFLAGS= make -s -C qubes-src/linux-template-builder DIST=fc32 template-name)
2021-03-16 15:25:43.678022 +0000 build-fedora4: fi
2021-03-16 15:25:43.678063 +0000 build-fedora4: component_packages=$(MAKEFLAGS= make -s -f Makefile.generic DIST=fc32 PACKAGE_SET=vm COMPONENT=`basename qubes-src/mgmt-salt-dom0-virtual-machines` UPDATE_REPO=/home/user/builder-r4.1/$repo_basedir/current/vm/fc32 get-var GET_VAR=PACKAGE_LIST); \
2021-03-16 15:25:43.678102 +0000 build-fedora4: .if [ -z "$component_packages" ]; then \
2021-03-16 15:25:43.678118 +0000 build-fedora4: ..echo "no packages."; \
2021-03-16 15:25:43.678130 +0000 build-fedora4: ..exit 0; \
2021-03-16 15:25:43.678142 +0000 build-fedora4: .fi; \
2021-03-16 15:25:43.678158 +0000 build-fedora4: .make -s -f Makefile.generic DIST=fc32 PACKAGE_SET=vm \
2021-03-16 15:25:43.678176 +0000 build-fedora4: ..COMPONENT=`basename qubes-src/mgmt-salt-dom0-virtual-machines` \
2021-03-16 15:25:43.678190 +0000 build-fedora4: ..SNAPSHOT_REPO=current-testing \
2021-03-16 15:25:43.678207 +0000 build-fedora4: ..TARGET_REPO=current \
2021-03-16 15:25:43.683286 +0000 build-fedora4: ..UPDATE_REPO=/home/user/builder-r4.1/$repo_basedir/current/vm/fc32 \
2021-03-16 15:25:43.683336 +0000 build-fedora4: ..SNAPSHOT_FILE=/home/user/builder-r4.1/repo-latest-snapshot/current-testing-vm-fc32-`basename qubes-src/mgmt-salt-dom0-virtual-machines` \
2021-03-16 15:25:43.683353 +0000 build-fedora4: ..BUILD_LOG_URL= \
2021-03-16 15:25:43.683369 +0000 build-fedora4: ..update-repo-from-snapshot || exit 1; \
2021-03-16 15:25:43.683391 +0000 build-fedora4: elif make -C qubes-src/mgmt-salt-dom0-virtual-machines -n update-repo-current >/dev/null 2>/dev/null; then \
2021-03-16 15:25:43.683409 +0000 build-fedora4: .echo "Updating qubes-src/mgmt-salt-dom0-virtual-machines... "; \
2021-03-16 15:25:43.683427 +0000 build-fedora4: .DIST=fc32 UPDATE_REPO=/home/user/builder-r4.1/$repo_basedir/current/vm/fc32 \
2021-03-16 15:25:43.683447 +0000 build-fedora4: .make -s -C qubes-src/mgmt-salt-dom0-virtual-machines update-repo-current || exit 1; \
2021-03-16 15:25:43.683458 +0000 build-fedora4: else \
2021-03-16 15:25:43.683477 +0000 build-fedora4: .echo -n "Updating qubes-src/mgmt-salt-dom0-virtual-machines... skipping."; \
2021-03-16 15:25:43.683488 +0000 build-fedora4: fi; \
2021-03-16 15:25:43.683499 +0000 build-fedora4: echo
2021-03-16 15:25:43.817833 +0000 build-fedora4: Updating qubes-src/mgmt-salt-dom0-virtual-machines... no packages.
2021-03-16 15:25:43.817993 +0000 build-fedora4: Makefile:816: update target 'internal-update-repo-current.vm.fc32' due to: internal-update-repo-current.vm.fc32.mgmt-salt-dom0-virtual-machines
2021-03-16 15:25:43.818102 +0000 build-fedora4: true
2021-03-16 15:25:43.822875 +0000 build-fedora4: Makefile:847: target 'internal-update-repo-current.vm.fc33.mgmt-salt-dom0-virtual-machines' does not exist
2021-03-16 15:25:43.822952 +0000 build-fedora4: repo_base_var="LINUX_REPO_fc33_BASEDIR"; \
2021-03-16 15:25:43.822976 +0000 build-fedora4: if [ "mgmt-salt-dom0-virtual-machines" = linux-template-builder ]; then \
2021-03-16 15:25:43.822997 +0000 build-fedora4: .# templates belongs to dom0 repository, even though PACKAGE_SET=vm
2021-03-16 15:25:43.823012 +0000 build-fedora4: repo_base_var="LINUX_REPO__BASEDIR"; \
2021-03-16 15:25:43.823024 +0000 build-fedora4: fi; \
2021-03-16 15:25:43.823040 +0000 build-fedora4: if [ -n "${!repo_base_var}" ]; then \
2021-03-16 15:25:43.823055 +0000 build-fedora4: .repo_basedir="${!repo_base_var}"; \
2021-03-16 15:25:43.823066 +0000 build-fedora4: else \
2021-03-16 15:25:43.823082 +0000 build-fedora4: .repo_basedir="qubes-src/linux-yum/r4.1"; \
2021-03-16 15:25:43.823094 +0000 build-fedora4: fi; \
2021-03-16 15:25:43.823113 +0000 build-fedora4: if [ -r qubes-src/mgmt-salt-dom0-virtual-machines/Makefile.builder ]; then \
2021-03-16 15:25:43.823131 +0000 build-fedora4: .echo -n "Updating qubes-src/mgmt-salt-dom0-virtual-machines... "; \
2021-03-16 15:25:43.823145 +0000 build-fedora4: .if [ "0" -eq 1 ]; then \
2021-03-16 15:25:43.823166 +0000 build-fedora4: ..vtag=`git -C qubes-src/mgmt-salt-dom0-virtual-machines tag --points-at HEAD --list v*`; \
2021-03-16 15:25:43.823180 +0000 build-fedora4: ..if [ -z "$vtag" ]; then \
2021-03-16 15:25:43.823226 +0000 build-fedora4: ...echo "no version tag"; \
2021-03-16 15:25:43.823241 +0000 build-fedora4: ...exit 0; \
2021-03-16 15:25:43.823253 +0000 build-fedora4: ..fi; \
2021-03-16 15:25:43.823265 +0000 build-fedora4: .fi; \
2021-03-16 15:25:43.823284 +0000 build-fedora4: .if [ "mgmt-salt-dom0-virtual-machines" = linux-template-builder ]; then
2021-03-16 15:25:43.823306 +0000 build-fedora4: export TEMPLATE_NAME=$(MAKEFLAGS= make -s -C qubes-src/linux-template-builder DIST=fc33 template-name)
2021-03-16 15:25:43.823318 +0000 build-fedora4: fi
2021-03-16 15:25:43.823356 +0000 build-fedora4: component_packages=$(MAKEFLAGS= make -s -f Makefile.generic DIST=fc33 PACKAGE_SET=vm COMPONENT=`basename qubes-src/mgmt-salt-dom0-virtual-machines` UPDATE_REPO=/home/user/builder-r4.1/$repo_basedir/current/vm/fc33 get-var GET_VAR=PACKAGE_LIST); \
2021-03-16 15:25:43.823373 +0000 build-fedora4: .if [ -z "$component_packages" ]; then \
2021-03-16 15:25:43.823387 +0000 build-fedora4: ..echo "no packages."; \
2021-03-16 15:25:43.823399 +0000 build-fedora4: ..exit 0; \
2021-03-16 15:25:43.823410 +0000 build-fedora4: .fi; \
2021-03-16 15:25:43.823427 +0000 build-fedora4: .make -s -f Makefile.generic DIST=fc33 PACKAGE_SET=vm \
2021-03-16 15:25:43.823445 +0000 build-fedora4: ..COMPONENT=`basename qubes-src/mgmt-salt-dom0-virtual-machines` \
2021-03-16 15:25:43.823460 +0000 build-fedora4: ..SNAPSHOT_REPO=current-testing \
2021-03-16 15:25:43.823474 +0000 build-fedora4: ..TARGET_REPO=current \
2021-03-16 15:25:43.823492 +0000 build-fedora4: ..UPDATE_REPO=/home/user/builder-r4.1/$repo_basedir/current/vm/fc33 \
2021-03-16 15:25:43.823517 +0000 build-fedora4: ..SNAPSHOT_FILE=/home/user/builder-r4.1/repo-latest-snapshot/current-testing-vm-fc33-`basename qubes-src/mgmt-salt-dom0-virtual-machines` \
2021-03-16 15:25:43.823530 +0000 build-fedora4: ..BUILD_LOG_URL= \
2021-03-16 15:25:43.823546 +0000 build-fedora4: ..update-repo-from-snapshot || exit 1; \
2021-03-16 15:25:43.823568 +0000 build-fedora4: elif make -C qubes-src/mgmt-salt-dom0-virtual-machines -n update-repo-current >/dev/null 2>/dev/null; then \
2021-03-16 15:25:43.823586 +0000 build-fedora4: .echo "Updating qubes-src/mgmt-salt-dom0-virtual-machines... "; \
2021-03-16 15:25:43.824987 +0000 build-fedora4: .DIST=fc33 UPDATE_REPO=/home/user/builder-r4.1/$repo_basedir/current/vm/fc33 \
2021-03-16 15:25:43.825022 +0000 build-fedora4: .make -s -C qubes-src/mgmt-salt-dom0-virtual-machines update-repo-current || exit 1; \
2021-03-16 15:25:43.825036 +0000 build-fedora4: else \
2021-03-16 15:25:43.825057 +0000 build-fedora4: .echo -n "Updating qubes-src/mgmt-salt-dom0-virtual-machines... skipping."; \
2021-03-16 15:25:43.825069 +0000 build-fedora4: fi; \
2021-03-16 15:25:43.825080 +0000 build-fedora4: echo
2021-03-16 15:25:44.027687 +0000 build-fedora4: Updating qubes-src/mgmt-salt-dom0-virtual-machines... no packages.
2021-03-16 15:25:44.027815 +0000 build-fedora4: Makefile:816: update target 'internal-update-repo-current.vm.fc33' due to: internal-update-repo-current.vm.fc33.mgmt-salt-dom0-virtual-machines
2021-03-16 15:25:44.027837 +0000 build-fedora4: true
2021-03-16 15:25:44.027926 +0000 build-fedora4: Makefile:929: target 'post-update-repo-current' does not exist
2021-03-16 15:25:44.027949 +0000 build-fedora4: true
2021-03-16 15:25:44.030176 +0000 build-fedora4: Makefile:803: update target 'update-repo-current' due to: internal-update-repo-current.vm.fc31 internal-update-repo-current.vm.fc32 internal-update-repo-current.vm.fc33 post-update-repo-current
2021-03-16 15:25:44.030230 +0000 build-fedora4: true
2021-03-16 15:25:44.113231 +0000 build-fedora4: > done
2021-03-16 15:25:44.113301 +0000 > closing log
