2022-11-15 01:58:01.060174 +0000 > starting log
2022-11-15 01:58:01.060793 +0000 build-fedora4: > starting build with log
2022-11-15 01:58:01.060809 +0000 build-fedora4: >> make args: update-repo-current
2022-11-15 01:58:01.060819 +0000 build-fedora4: >> MAKEFLAGS=
2022-11-15 01:58:01.060828 +0000 build-fedora4: >> COMPONENTS=linux-kernel
2022-11-15 01:58:01.060836 +0000 build-fedora4: >> DISTS_VM=fc35 fc36 fc37
2022-11-15 01:58:01.060843 +0000 build-fedora4: >> DIST_DOM0=
2022-11-15 01:58:01.060854 +0000 build-fedora4: >> qubes-builder b7021ac566abccd659dd932f2f557ee90105db4f
2022-11-15 01:58:01.146359 +0000 build-fedora4: >> qubes-builder/qubes-src/linux-kernel 98d1b7dafed7df4b8913d72125dec5dd55e60348
2022-11-15 01:58:01.182602 +0000 build-fedora4: !! linux-5.15.64.tar.sign
2022-11-15 01:58:01.182648 +0000 build-fedora4: !! linux-5.15.64.tar.xz.UNTRUSTED
2022-11-15 01:58:01.182659 +0000 build-fedora4: !! linux-5.15.68.tar.sign
2022-11-15 01:58:01.182669 +0000 build-fedora4: !! linux-5.15.68.tar.xz.UNTRUSTED
2022-11-15 01:58:01.182677 +0000 build-fedora4: !! linux-5.15.74.tar.sign
2022-11-15 01:58:01.182685 +0000 build-fedora4: !! linux-5.15.74.tar.xz.UNTRUSTED
2022-11-15 01:58:01.182693 +0000 build-fedora4: !! linux-5.15.76.tar
2022-11-15 01:58:01.182700 +0000 build-fedora4: !! linux-5.15.76.tar.sign
2022-11-15 01:58:01.182709 +0000 build-fedora4: !! linux-5.15.76.tar.xz.UNTRUSTED
2022-11-15 01:58:01.182720 +0000 build-fedora4: !! macbook12-spi-driver-f85d028a41fbc928048c8ad248735501e76a2ce9.tar
2022-11-15 01:58:01.182731 +0000 build-fedora4: !! macbook12-spi-driver-f85d028a41fbc928048c8ad248735501e76a2ce9.tar.gz.UNTRUSTED
2022-11-15 01:58:01.201517 +0000 build-fedora4: 84c37bcb8a53f8d1f0e8fc3061efb7ab8e2ef476374bc2fc92985c51876bf5895a18fc67d9e35c32065ef35eca3d4bd120705c647e4f4c41e666a24c602dba30  linux-5.15.64.tar.sign
2022-11-15 01:58:04.279844 +0000 build-fedora4: 3445baa4f53ab8108af576ca06596071cb12be7d67d93899c0819fa2feae4fff551e702a91357f798f920a0f7fd6cd38f2c1cb66cf60b6cc10142e503fe21b85  linux-5.15.64.tar.xz.UNTRUSTED
2022-11-15 01:58:04.284708 +0000 build-fedora4: c4928e896e59ce19d63ffe395b77f85507b329592e79b2d6f285cd48e7a57726d3234e529f29dcbf277acc7864aa63ea604a2fab08c7c3e74c1f0d3c046f196f  linux-5.15.68.tar.sign
2022-11-15 01:58:04.844946 +0000 build-fedora4: 9cf96bd623d3a13490c6c719e128d5224672aafb2307dc85a81cb7788c1dc580efd51349fc2c0ac5b9f69feb7b8fcf2dc3feb800a23608d9af0211b10a40797c  linux-5.15.68.tar.xz.UNTRUSTED
2022-11-15 01:58:04.849865 +0000 build-fedora4: d97e81f7a037435f91527f4ca057ae62c2d9f391b14df5dce65fabcb68b0feab2db6724acf1b3a3c56d57014c6f52050cd8fbe8a8248656eb81337ab53e10b22  linux-5.15.74.tar.sign
2022-11-15 01:58:06.218801 +0000 build-fedora4: fe65228eacf7ed9ccbcd96c84a11d5f9c62aee9eefaf7cdbc05bac2d700a4356a8a856d4d756358c28068505903ea419fc03a12a5add1a5890c9adf61fe80b80  linux-5.15.74.tar.xz.UNTRUSTED
2022-11-15 01:58:12.801425 +0000 build-fedora4: c7eef228bac20b322df682854b8d8fe0ccd439c823f38809a08a6abd064be6ec772fed8f0b2c75a95dd4a24881b541c68f6f3a41428e6f2867d3788db4452918  linux-5.15.76.tar
2022-11-15 01:58:12.802678 +0000 build-fedora4: 4a6f18f6ac9f3ee3668778bfa1b1288f78b865fb6e39d20efb65604707ec0260db5ea4cf90b1705672853e3997e1cc8b775439b86925b7c4e5cbcf343a4bee1a  linux-5.15.76.tar.sign
2022-11-15 01:58:13.528694 +0000 build-fedora4: de8466371030827acbe44d8e62b0322f86cbcf13ea90f9540439798ad8bc730f2bd63f62b031eec2002401c81756d6e0a83070e079285e89d416a9360eb328b1  linux-5.15.76.tar.xz.UNTRUSTED
2022-11-15 01:58:13.531480 +0000 build-fedora4: a931dbb4e2d317b2fac056f1eeda27de7babab55b764015619d8008d712dbd924a2d3e2368b4e9b818d5ae2335025629677bbeee83a28b35f3c93de220ab45ae  macbook12-spi-driver-f85d028a41fbc928048c8ad248735501e76a2ce9.tar
2022-11-15 01:58:13.532993 +0000 build-fedora4: 1737964dfd724fb75824fb9519b580464c3b228c645cc17f30f682e2b0440e16c3fcc650de06e4e0f2fb0f66037afaa7a684bb1d1f9e197b6abb1632cf0239cf  macbook12-spi-driver-f85d028a41fbc928048c8ad248735501e76a2ce9.tar.gz.UNTRUSTED
2022-11-15 01:58:13.655672 +0000 build-fedora4: >> qubes-builder/qubes-src/linux-kernel/dummy-backlight 33420931ad20f1e3edc805d0db89da2a73c044cb
2022-11-15 01:58:13.802034 +0000 build-fedora4: >> qubes-builder/qubes-src/linux-kernel/dummy-psu 49475d88d94e079bda8212ddb8489f1654615047
2022-11-15 01:58:13.961156 +0000 build-fedora4: >> qubes-builder/qubes-src/linux-kernel/linux-utils 97271bab41f588b0c9dc8cbcf3ff70bd775e1ec3
2022-11-15 01:58:14.061268 +0000 build-fedora4: ================================================================================
2022-11-15 01:58:14.061321 +0000 build-fedora4:                            B U I L D   I N F O                                  
2022-11-15 01:58:14.061336 +0000 build-fedora4: Items in red indicate it was automatically generated by configuration file(s)
2022-11-15 01:58:14.061349 +0000 build-fedora4: Items in white indicate it was automatically removed by configuration file(s)
2022-11-15 01:58:14.061360 +0000 build-fedora4: ================================================================================
2022-11-15 01:58:14.061367 +0000 build-fedora4: DISTS_VM:
2022-11-15 01:58:14.066532 +0000 build-fedora4:      fc35, fc36, fc37,
2022-11-15 01:58:14.072331 +0000 build-fedora4: DISTS_ALL:
2022-11-15 01:58:14.081974 +0000 build-fedora4:      vm-fc35, vm-fc36, vm-fc37,
2022-11-15 01:58:14.082013 +0000 build-fedora4: DIST_DOM0:
2022-11-15 01:58:14.085850 +0000 build-fedora4:     
2022-11-15 01:58:14.085892 +0000 build-fedora4: BUILDER_PLUGINS:
2022-11-15 01:58:14.090591 +0000 build-fedora4:      builder-rpm, builder-debian, mgmt-salt, linux-yum, release-configs, builder-github,
2022-11-15 01:58:14.091326 +0000 build-fedora4: COMPONENTS:
2022-11-15 01:58:14.097821 +0000 build-fedora4:      linux-kernel,
2022-11-15 01:58:14.097860 +0000 build-fedora4: GIT_REPOS:
2022-11-15 01:58:14.101533 +0000 build-fedora4:      qubes-src/linux-kernel,
2022-11-15 01:58:14.102420 +0000 build-fedora4: TEMPLATE:
2022-11-15 01:58:14.106154 +0000 build-fedora4:     
2022-11-15 01:58:14.107385 +0000 build-fedora4: TEMPLATE_FLAVOR_DIR:
2022-11-15 01:58:14.110314 +0000 build-fedora4:     
2022-11-15 01:58:14.111463 +0000 build-fedora4: TEMPLATE_ALIAS:
2022-11-15 01:58:14.115317 +0000 build-fedora4:      stretch:stretch+standard, stretch+gnome:stretch+gnome+standard,
2022-11-15 01:58:14.115360 +0000 build-fedora4:      stretch+minimal:stretch+minimal+no-recommends, buster:buster+standard,
2022-11-15 01:58:14.115375 +0000 build-fedora4:      buster+gnome:buster+gnome+standard, buster+minimal:buster+minimal+no-recommends,
2022-11-15 01:58:14.115389 +0000 build-fedora4:      bullseye:bullseye+standard+firmware, bullseye+gnome:bullseye+gnome+standard+firmware,
2022-11-15 01:58:14.115401 +0000 build-fedora4:      bullseye+minimal:bullseye+minimal+no-recommends, bookworm:bookworm+standard,
2022-11-15 01:58:14.115433 +0000 build-fedora4:      bookworm+gnome:bookworm+gnome+standard, bookworm+minimal:bookworm+minimal+no-recommends,
2022-11-15 01:58:14.115449 +0000 build-fedora4:      bionic:bionic+standard, focal:focal+standard, whonix-gateway-15:buster+whonix-gateway+minimal+no-recommends,
2022-11-15 01:58:14.115462 +0000 build-fedora4:      whonix-workstation-15:buster+whonix-workstation+minimal+no-recommends,
2022-11-15 01:58:14.115472 +0000 build-fedora4:      whonix-gateway-16:bullseye+whonix-gateway+minimal+no-recommends,
2022-11-15 01:58:14.115484 +0000 build-fedora4:      whonix-workstation-16:bullseye+whonix-workstation+minimal+no-recommends,
2022-11-15 01:58:14.115492 +0000 build-fedora4: TEMPLATE_LABEL:
2022-11-15 01:58:14.121392 +0000 build-fedora4:      fc35:fedora-35, fc36:fedora-36, fc34:fedora-34 fc34+minimal:fedora-34-minimal fc35+minimal:fedora-35-minimal
2022-11-15 01:58:14.121455 +0000 build-fedora4:      fc36+minimal:fedora-36-minimal fc34+xfce:fedora-34-xfce fc35+xfce:fedora-35-xfce fc36+xfce:fedora-36-xfce
2022-11-15 01:58:14.121471 +0000 build-fedora4:      stretch:debian-9 stretch+standard:debian-9 stretch+xfce:debian-9-xfce buster:debian-10
2022-11-15 01:58:14.121486 +0000 build-fedora4:      buster+standard:debian-10 buster+xfce:debian-10-xfce bullseye:debian-11 bullseye+standard+firmware:debian-11
2022-11-15 01:58:14.121519 +0000 build-fedora4:      bullseye+xfce:debian-11-xfce bookworm:debian-12 bookworm+standard:debian-12 bookworm+xfce:debian-12-xfce
2022-11-15 01:58:14.121534 +0000 build-fedora4:      bionic+standard:bionic focal+standard:focal buster+whonix-gateway+minimal+no-recommends:whonix-gw-15
2022-11-15 01:58:14.121545 +0000 build-fedora4:      buster+whonix-workstation+minimal+no-recommends:whonix-ws-15
2022-11-15 01:58:14.121555 +0000 build-fedora4:      bullseye+whonix-gateway+minimal+no-recommends:whonix-gw-16
2022-11-15 01:58:14.121567 +0000 build-fedora4:      bullseye+whonix-workstation+minimal+no-recommends:whonix-ws-16 centos7:centos-7
2022-11-15 01:58:14.121579 +0000 build-fedora4:      centos7+minimal:centos-7-minimal centos7+xfce:centos-7-xfce centos-stream8:centos-stream-8
2022-11-15 01:58:14.121591 +0000 build-fedora4:      centos-stream8+minimal:centos-stream-8-minimal centos-stream8+xfce:centos-stream-8-xfce
2022-11-15 01:58:14.155139 +0000 build-fedora4: > running make
2022-11-15 01:58:14.195641 +0000 build-fedora4: Makefile:863: target 'internal-update-repo-current.vm.fc35.linux-kernel' does not exist
2022-11-15 01:58:14.195683 +0000 build-fedora4: repo_base_var="LINUX_REPO_${DIST//-/_}_BASEDIR"; \
2022-11-15 01:58:14.195698 +0000 build-fedora4: if [ "linux-kernel" = linux-template-builder ]; then \
2022-11-15 01:58:14.195710 +0000 build-fedora4: .# templates belongs to dom0 repository, even though PACKAGE_SET=vm
2022-11-15 01:58:14.195719 +0000 build-fedora4: repo_base_var="LINUX_REPO__BASEDIR"; \
2022-11-15 01:58:14.195725 +0000 build-fedora4: fi; \
2022-11-15 01:58:14.195734 +0000 build-fedora4: if [ -n "${!repo_base_var}" ]; then \
2022-11-15 01:58:14.195742 +0000 build-fedora4: .repo_basedir="${!repo_base_var}"; \
2022-11-15 01:58:14.195751 +0000 build-fedora4: else \
2022-11-15 01:58:14.195760 +0000 build-fedora4: .repo_basedir="qubes-src/linux-yum/r4.1"; \
2022-11-15 01:58:14.195766 +0000 build-fedora4: fi; \
2022-11-15 01:58:14.195776 +0000 build-fedora4: if [ -r qubes-src/linux-kernel/Makefile.builder ]; then \
2022-11-15 01:58:14.195785 +0000 build-fedora4: .echo -n "Updating qubes-src/linux-kernel... "; \
2022-11-15 01:58:14.195793 +0000 build-fedora4: .if [ "0" -eq 1 ]; then \
2022-11-15 01:58:14.195804 +0000 build-fedora4: ..vtag=`git -C qubes-src/linux-kernel tag --points-at HEAD --list v*`; \
2022-11-15 01:58:14.195812 +0000 build-fedora4: ..if [ -z "$vtag" ]; then \
2022-11-15 01:58:14.195820 +0000 build-fedora4: ...echo "no version tag"; \
2022-11-15 01:58:14.195826 +0000 build-fedora4: ...exit 0; \
2022-11-15 01:58:14.195833 +0000 build-fedora4: ..fi; \
2022-11-15 01:58:14.195839 +0000 build-fedora4: .fi; \
2022-11-15 01:58:14.195848 +0000 build-fedora4: .if [ "linux-kernel" = linux-template-builder ]; then
2022-11-15 01:58:14.195861 +0000 build-fedora4: export TEMPLATE_NAME=$(MAKEFLAGS= make -s -C qubes-src/linux-template-builder DIST=fc35 template-name)
2022-11-15 01:58:14.195868 +0000 build-fedora4: fi
2022-11-15 01:58:14.195889 +0000 build-fedora4: component_packages=$(MAKEFLAGS= make -s -f Makefile.generic DIST=fc35 PACKAGE_SET=vm COMPONENT=`basename qubes-src/linux-kernel` UPDATE_REPO=/home/user/builder-r4.1/$repo_basedir/current/vm/fc35 get-var GET_VAR=PACKAGE_LIST); \
2022-11-15 01:58:14.195899 +0000 build-fedora4: .if [ -z "$component_packages" ]; then \
2022-11-15 01:58:14.195907 +0000 build-fedora4: ..echo "no packages."; \
2022-11-15 01:58:14.195913 +0000 build-fedora4: ..exit 0; \
2022-11-15 01:58:14.195919 +0000 build-fedora4: .fi; \
2022-11-15 01:58:14.195929 +0000 build-fedora4: .make -s -f Makefile.generic DIST=fc35 PACKAGE_SET=vm \
2022-11-15 01:58:14.195938 +0000 build-fedora4: ..COMPONENT=`basename qubes-src/linux-kernel` \
2022-11-15 01:58:14.195946 +0000 build-fedora4: ..SNAPSHOT_REPO=current-testing \
2022-11-15 01:58:14.195953 +0000 build-fedora4: ..TARGET_REPO=current \
2022-11-15 01:58:14.195964 +0000 build-fedora4: ..UPDATE_REPO=/home/user/builder-r4.1/$repo_basedir/current/vm/fc35 \
2022-11-15 01:58:14.195993 +0000 build-fedora4: ..SNAPSHOT_FILE=/home/user/builder-r4.1/repo-latest-snapshot/current-testing-vm-fc35-`basename qubes-src/linux-kernel` \
2022-11-15 01:58:14.196002 +0000 build-fedora4: ..BUILD_LOG_URL= \
2022-11-15 01:58:14.196010 +0000 build-fedora4: ..update-repo-from-snapshot || exit 1; \
2022-11-15 01:58:14.196022 +0000 build-fedora4: elif make -C qubes-src/linux-kernel -n update-repo-current >/dev/null 2>/dev/null; then \
2022-11-15 01:58:14.196031 +0000 build-fedora4: .echo "Updating qubes-src/linux-kernel... "; \
2022-11-15 01:58:14.196041 +0000 build-fedora4: .DIST=fc35 UPDATE_REPO=/home/user/builder-r4.1/$repo_basedir/current/vm/fc35 \
2022-11-15 01:58:14.196052 +0000 build-fedora4: .make -s -C qubes-src/linux-kernel update-repo-current || exit 1; \
2022-11-15 01:58:14.196057 +0000 build-fedora4: else \
2022-11-15 01:58:14.196067 +0000 build-fedora4: .echo -n "Updating qubes-src/linux-kernel... skipping."; \
2022-11-15 01:58:14.196073 +0000 build-fedora4: fi; \
2022-11-15 01:58:14.196079 +0000 build-fedora4: echo
2022-11-15 01:58:14.263551 +0000 build-fedora4: Updating qubes-src/linux-kernel... no packages.
2022-11-15 01:58:14.263605 +0000 build-fedora4: Makefile:832: update target 'internal-update-repo-current.vm.fc35' due to: internal-update-repo-current.vm.fc35.linux-kernel
2022-11-15 01:58:14.263617 +0000 build-fedora4: true
2022-11-15 01:58:14.264082 +0000 build-fedora4: Makefile:863: target 'internal-update-repo-current.vm.fc36.linux-kernel' does not exist
2022-11-15 01:58:14.264107 +0000 build-fedora4: repo_base_var="LINUX_REPO_${DIST//-/_}_BASEDIR"; \
2022-11-15 01:58:14.264117 +0000 build-fedora4: if [ "linux-kernel" = linux-template-builder ]; then \
2022-11-15 01:58:14.264128 +0000 build-fedora4: .# templates belongs to dom0 repository, even though PACKAGE_SET=vm
2022-11-15 01:58:14.264136 +0000 build-fedora4: repo_base_var="LINUX_REPO__BASEDIR"; \
2022-11-15 01:58:14.264142 +0000 build-fedora4: fi; \
2022-11-15 01:58:14.264150 +0000 build-fedora4: if [ -n "${!repo_base_var}" ]; then \
2022-11-15 01:58:14.264158 +0000 build-fedora4: .repo_basedir="${!repo_base_var}"; \
2022-11-15 01:58:14.264164 +0000 build-fedora4: else \
2022-11-15 01:58:14.264173 +0000 build-fedora4: .repo_basedir="qubes-src/linux-yum/r4.1"; \
2022-11-15 01:58:14.264178 +0000 build-fedora4: fi; \
2022-11-15 01:58:14.264188 +0000 build-fedora4: if [ -r qubes-src/linux-kernel/Makefile.builder ]; then \
2022-11-15 01:58:14.264196 +0000 build-fedora4: .echo -n "Updating qubes-src/linux-kernel... "; \
2022-11-15 01:58:14.264204 +0000 build-fedora4: .if [ "0" -eq 1 ]; then \
2022-11-15 01:58:14.264214 +0000 build-fedora4: ..vtag=`git -C qubes-src/linux-kernel tag --points-at HEAD --list v*`; \
2022-11-15 01:58:14.264222 +0000 build-fedora4: ..if [ -z "$vtag" ]; then \
2022-11-15 01:58:14.264229 +0000 build-fedora4: ...echo "no version tag"; \
2022-11-15 01:58:14.264236 +0000 build-fedora4: ...exit 0; \
2022-11-15 01:58:14.264242 +0000 build-fedora4: ..fi; \
2022-11-15 01:58:14.264248 +0000 build-fedora4: .fi; \
2022-11-15 01:58:14.264257 +0000 build-fedora4: .if [ "linux-kernel" = linux-template-builder ]; then
2022-11-15 01:58:14.264269 +0000 build-fedora4: export TEMPLATE_NAME=$(MAKEFLAGS= make -s -C qubes-src/linux-template-builder DIST=fc36 template-name)
2022-11-15 01:58:14.264275 +0000 build-fedora4: fi
2022-11-15 01:58:14.264296 +0000 build-fedora4: component_packages=$(MAKEFLAGS= make -s -f Makefile.generic DIST=fc36 PACKAGE_SET=vm COMPONENT=`basename qubes-src/linux-kernel` UPDATE_REPO=/home/user/builder-r4.1/$repo_basedir/current/vm/fc36 get-var GET_VAR=PACKAGE_LIST); \
2022-11-15 01:58:14.264305 +0000 build-fedora4: .if [ -z "$component_packages" ]; then \
2022-11-15 01:58:14.264312 +0000 build-fedora4: ..echo "no packages."; \
2022-11-15 01:58:14.264319 +0000 build-fedora4: ..exit 0; \
2022-11-15 01:58:14.264325 +0000 build-fedora4: .fi; \
2022-11-15 01:58:14.264334 +0000 build-fedora4: .make -s -f Makefile.generic DIST=fc36 PACKAGE_SET=vm \
2022-11-15 01:58:14.264359 +0000 build-fedora4: ..COMPONENT=`basename qubes-src/linux-kernel` \
2022-11-15 01:58:14.264367 +0000 build-fedora4: ..SNAPSHOT_REPO=current-testing \
2022-11-15 01:58:14.264375 +0000 build-fedora4: ..TARGET_REPO=current \
2022-11-15 01:58:14.264385 +0000 build-fedora4: ..UPDATE_REPO=/home/user/builder-r4.1/$repo_basedir/current/vm/fc36 \
2022-11-15 01:58:14.264398 +0000 build-fedora4: ..SNAPSHOT_FILE=/home/user/builder-r4.1/repo-latest-snapshot/current-testing-vm-fc36-`basename qubes-src/linux-kernel` \
2022-11-15 01:58:14.264421 +0000 build-fedora4: ..BUILD_LOG_URL= \
2022-11-15 01:58:14.264432 +0000 build-fedora4: ..update-repo-from-snapshot || exit 1; \
2022-11-15 01:58:14.264443 +0000 build-fedora4: elif make -C qubes-src/linux-kernel -n update-repo-current >/dev/null 2>/dev/null; then \
2022-11-15 01:58:14.264452 +0000 build-fedora4: .echo "Updating qubes-src/linux-kernel... "; \
2022-11-15 01:58:14.264462 +0000 build-fedora4: .DIST=fc36 UPDATE_REPO=/home/user/builder-r4.1/$repo_basedir/current/vm/fc36 \
2022-11-15 01:58:14.264472 +0000 build-fedora4: .make -s -C qubes-src/linux-kernel update-repo-current || exit 1; \
2022-11-15 01:58:14.264478 +0000 build-fedora4: else \
2022-11-15 01:58:14.264487 +0000 build-fedora4: .echo -n "Updating qubes-src/linux-kernel... skipping."; \
2022-11-15 01:58:14.264493 +0000 build-fedora4: fi; \
2022-11-15 01:58:14.264499 +0000 build-fedora4: echo
2022-11-15 01:58:14.322661 +0000 build-fedora4: Updating qubes-src/linux-kernel... no packages.
2022-11-15 01:58:14.322711 +0000 build-fedora4: Makefile:832: update target 'internal-update-repo-current.vm.fc36' due to: internal-update-repo-current.vm.fc36.linux-kernel
2022-11-15 01:58:14.322738 +0000 build-fedora4: true
2022-11-15 01:58:14.328500 +0000 build-fedora4: Makefile:863: target 'internal-update-repo-current.vm.fc37.linux-kernel' does not exist
2022-11-15 01:58:14.328561 +0000 build-fedora4: repo_base_var="LINUX_REPO_${DIST//-/_}_BASEDIR"; \
2022-11-15 01:58:14.328574 +0000 build-fedora4: if [ "linux-kernel" = linux-template-builder ]; then \
2022-11-15 01:58:14.328587 +0000 build-fedora4: .# templates belongs to dom0 repository, even though PACKAGE_SET=vm
2022-11-15 01:58:14.328595 +0000 build-fedora4: repo_base_var="LINUX_REPO__BASEDIR"; \
2022-11-15 01:58:14.328602 +0000 build-fedora4: fi; \
2022-11-15 01:58:14.328611 +0000 build-fedora4: if [ -n "${!repo_base_var}" ]; then \
2022-11-15 01:58:14.328619 +0000 build-fedora4: .repo_basedir="${!repo_base_var}"; \
2022-11-15 01:58:14.328625 +0000 build-fedora4: else \
2022-11-15 01:58:14.328634 +0000 build-fedora4: .repo_basedir="qubes-src/linux-yum/r4.1"; \
2022-11-15 01:58:14.328640 +0000 build-fedora4: fi; \
2022-11-15 01:58:14.328650 +0000 build-fedora4: if [ -r qubes-src/linux-kernel/Makefile.builder ]; then \
2022-11-15 01:58:14.328659 +0000 build-fedora4: .echo -n "Updating qubes-src/linux-kernel... "; \
2022-11-15 01:58:14.328667 +0000 build-fedora4: .if [ "0" -eq 1 ]; then \
2022-11-15 01:58:14.328678 +0000 build-fedora4: ..vtag=`git -C qubes-src/linux-kernel tag --points-at HEAD --list v*`; \
2022-11-15 01:58:14.328686 +0000 build-fedora4: ..if [ -z "$vtag" ]; then \
2022-11-15 01:58:14.328694 +0000 build-fedora4: ...echo "no version tag"; \
2022-11-15 01:58:14.328701 +0000 build-fedora4: ...exit 0; \
2022-11-15 01:58:14.328707 +0000 build-fedora4: ..fi; \
2022-11-15 01:58:14.328713 +0000 build-fedora4: .fi; \
2022-11-15 01:58:14.328723 +0000 build-fedora4: .if [ "linux-kernel" = linux-template-builder ]; then
2022-11-15 01:58:14.328736 +0000 build-fedora4: export TEMPLATE_NAME=$(MAKEFLAGS= make -s -C qubes-src/linux-template-builder DIST=fc37 template-name)
2022-11-15 01:58:14.328742 +0000 build-fedora4: fi
2022-11-15 01:58:14.328767 +0000 build-fedora4: component_packages=$(MAKEFLAGS= make -s -f Makefile.generic DIST=fc37 PACKAGE_SET=vm COMPONENT=`basename qubes-src/linux-kernel` UPDATE_REPO=/home/user/builder-r4.1/$repo_basedir/current/vm/fc37 get-var GET_VAR=PACKAGE_LIST); \
2022-11-15 01:58:14.328793 +0000 build-fedora4: .if [ -z "$component_packages" ]; then \
2022-11-15 01:58:14.328802 +0000 build-fedora4: ..echo "no packages."; \
2022-11-15 01:58:14.328809 +0000 build-fedora4: ..exit 0; \
2022-11-15 01:58:14.328815 +0000 build-fedora4: .fi; \
2022-11-15 01:58:14.328825 +0000 build-fedora4: .make -s -f Makefile.generic DIST=fc37 PACKAGE_SET=vm \
2022-11-15 01:58:14.328834 +0000 build-fedora4: ..COMPONENT=`basename qubes-src/linux-kernel` \
2022-11-15 01:58:14.328842 +0000 build-fedora4: ..SNAPSHOT_REPO=current-testing \
2022-11-15 01:58:14.328850 +0000 build-fedora4: ..TARGET_REPO=current \
2022-11-15 01:58:14.328860 +0000 build-fedora4: ..UPDATE_REPO=/home/user/builder-r4.1/$repo_basedir/current/vm/fc37 \
2022-11-15 01:58:14.328874 +0000 build-fedora4: ..SNAPSHOT_FILE=/home/user/builder-r4.1/repo-latest-snapshot/current-testing-vm-fc37-`basename qubes-src/linux-kernel` \
2022-11-15 01:58:14.328881 +0000 build-fedora4: ..BUILD_LOG_URL= \
2022-11-15 01:58:14.328890 +0000 build-fedora4: ..update-repo-from-snapshot || exit 1; \
2022-11-15 01:58:14.328902 +0000 build-fedora4: elif make -C qubes-src/linux-kernel -n update-repo-current >/dev/null 2>/dev/null; then \
2022-11-15 01:58:14.328911 +0000 build-fedora4: .echo "Updating qubes-src/linux-kernel... "; \
2022-11-15 01:58:14.328922 +0000 build-fedora4: .DIST=fc37 UPDATE_REPO=/home/user/builder-r4.1/$repo_basedir/current/vm/fc37 \
2022-11-15 01:58:14.328932 +0000 build-fedora4: .make -s -C qubes-src/linux-kernel update-repo-current || exit 1; \
2022-11-15 01:58:14.328939 +0000 build-fedora4: else \
2022-11-15 01:58:14.328948 +0000 build-fedora4: .echo -n "Updating qubes-src/linux-kernel... skipping."; \
2022-11-15 01:58:14.328954 +0000 build-fedora4: fi; \
2022-11-15 01:58:14.328960 +0000 build-fedora4: echo
2022-11-15 01:58:14.386156 +0000 build-fedora4: Updating qubes-src/linux-kernel... no packages.
2022-11-15 01:58:14.386208 +0000 build-fedora4: Makefile:832: update target 'internal-update-repo-current.vm.fc37' due to: internal-update-repo-current.vm.fc37.linux-kernel
2022-11-15 01:58:14.386219 +0000 build-fedora4: true
2022-11-15 01:58:14.389975 +0000 build-fedora4: Makefile:945: target 'post-update-repo-current' does not exist
2022-11-15 01:58:14.390013 +0000 build-fedora4: true
2022-11-15 01:58:14.392317 +0000 build-fedora4: Makefile:819: update target 'update-repo-current' due to: internal-update-repo-current.vm.fc35 internal-update-repo-current.vm.fc36 internal-update-repo-current.vm.fc37 post-update-repo-current
2022-11-15 01:58:14.392352 +0000 build-fedora4: true
2022-11-15 01:58:14.400065 +0000 build-fedora4: > done
2022-11-15 01:58:14.400106 +0000 > closing log
