2019-04-22 12:47:05.576874 +0000 > starting log
2019-04-22 12:47:05.577830 +0000 build-fedora4: > starting build with log
2019-04-22 12:47:05.577851 +0000 build-fedora4: >> make args: update-repo-templates-itl
2019-04-22 12:47:05.577861 +0000 build-fedora4: >> MAKEFLAGS=
2019-04-22 12:47:05.577870 +0000 build-fedora4: >> COMPONENTS=linux-template-builder
2019-04-22 12:47:05.577878 +0000 build-fedora4: >> DISTS_VM=
2019-04-22 12:47:05.577885 +0000 build-fedora4: >> DIST_DOM0=fc25
2019-04-22 12:47:05.577894 +0000 build-fedora4: >> qubes-builder 473be9222e7da03efe2b11de370bd923712fffc1
2019-04-22 12:47:05.747443 +0000 build-fedora4: >> qubes-builder/qubes-src/linux-template-builder d8ccdfc8f02e2adae1d969145e90683f1d38e96f
2019-04-22 12:47:05.826050 +0000 build-fedora4: !! build_timestamp_centos-7
2019-04-22 12:47:05.826092 +0000 build-fedora4: !! build_timestamp_centos-7-xfce
2019-04-22 12:47:05.826127 +0000 build-fedora4: !! build_timestamp_whonix-gw-14
2019-04-22 12:47:05.826137 +0000 build-fedora4: !! build_timestamp_whonix-ws-14
2019-04-22 12:47:05.826147 +0000 build-fedora4: !! rpm/noarch/qubes-template-centos-7-4.0.1-201811030010.noarch.rpm
2019-04-22 12:47:05.826159 +0000 build-fedora4: !! rpm/noarch/qubes-template-centos-7-xfce-4.0.1-201811030722.noarch.rpm
2019-04-22 12:47:05.826169 +0000 build-fedora4: !! rpm/noarch/qubes-template-whonix-gw-14-4.0.1-201901231238.noarch.rpm
2019-04-22 12:47:05.826179 +0000 build-fedora4: !! rpm/noarch/qubes-template-whonix-gw-4.0.0-201803270426.noarch.rpm
2019-04-22 12:47:05.826188 +0000 build-fedora4: !! rpm/noarch/qubes-template-whonix-ws-14-4.0.1-201901231238.noarch.rpm
2019-04-22 12:47:05.826198 +0000 build-fedora4: !! rpm/noarch/qubes-template-whonix-ws-4.0.0-201803270504.noarch.rpm
2019-04-22 12:47:05.826206 +0000 build-fedora4: !! rpmbuild/tmp/rpm-tmp.zhr20T
2019-04-22 12:47:05.833496 +0000 build-fedora4: c1b4e5c0ce48b31fb4ac33dda50242e9ace4ccc16793d0c949f7a7fe266a03da0d9d519d3b8f44c093c5b817b8c1d7fc682e134be0314cc3fbdfc43a74870a4a  build_timestamp_centos-7
2019-04-22 12:47:05.834165 +0000 build-fedora4: 86bb6dcc1aabc75eb14e9adb7733c55cec50c8b93a0fbed5d79bb0e8286927b09db02e1ea3b2e7df6555da8e5396fa678484b7e376e1327a0f9f0e80c550001c  build_timestamp_centos-7-xfce
2019-04-22 12:47:05.836161 +0000 build-fedora4: 68f4a943759cf59e6a74b84f1d768b59d2f09634a925930ae3563e6c84440e5d9ca2a90cd2d17fc1a6992c9511f9c77e097b36ce0e8f35804705e5b9ed01a0f8  build_timestamp_whonix-gw-14
2019-04-22 12:47:05.836224 +0000 build-fedora4: 68f4a943759cf59e6a74b84f1d768b59d2f09634a925930ae3563e6c84440e5d9ca2a90cd2d17fc1a6992c9511f9c77e097b36ce0e8f35804705e5b9ed01a0f8  build_timestamp_whonix-ws-14
2019-04-22 12:47:09.272817 +0000 build-fedora4: cda9d6b22d2131521dcf3e8dd60a6cf7ccc17226f88f6481a652aefe79ce090e99dff81b7cabc9cd1d9abc2b0e9ed2e4f12edb1f7d9782c7d00d50f35cb595bf  rpm/noarch/qubes-template-centos-7-4.0.1-201811030010.noarch.rpm
2019-04-22 12:47:11.753790 +0000 build-fedora4: 2f910e0df6e6ae201afead216235b34f0a5ddc3bf93ed068eba4d9576b618041ced795e81c06bfec6f26dfc5be1b638c7397b745babda694f36165420c6a682a  rpm/noarch/qubes-template-centos-7-xfce-4.0.1-201811030722.noarch.rpm
2019-04-22 12:47:13.356965 +0000 build-fedora4: 73d08302475fd4738eb8c6c51114767a559fd1696b27d5fdb59902519f2f3c60ed78d1d22aab062387e0c97e3b037be68730ee0143cf9b35bf1b3969f2262aba  rpm/noarch/qubes-template-whonix-gw-14-4.0.1-201901231238.noarch.rpm
2019-04-22 12:47:14.900971 +0000 build-fedora4: 00f2968390c6e20b910e246e4b3a7be679b4e78dec69ae7fe218bd64464a93f9e41e0572e4088e4a6ec0a24d96565b13e807d6e52883e589d0d507a7b6ce0dfd  rpm/noarch/qubes-template-whonix-gw-4.0.0-201803270426.noarch.rpm
2019-04-22 12:47:17.017400 +0000 build-fedora4: 0464421321845d6b9525c7c8bb3adf69ef4d0441d81527cc28490171d2ac3294e4e316df4417bcebcfbadff24d8fe1fb28ba2b3804eecaaed1173a5d573c60fc  rpm/noarch/qubes-template-whonix-ws-14-4.0.1-201901231238.noarch.rpm
2019-04-22 12:47:19.258774 +0000 build-fedora4: 91482f771b0f40d5da2ec6ee9abeac397160599543d8bf687726f13dc43c951e9960439295518fa830a1fbc3074df76dcf34ea20971e9e9e0a7728aa64644934  rpm/noarch/qubes-template-whonix-ws-4.0.0-201803270504.noarch.rpm
2019-04-22 12:47:19.260419 +0000 build-fedora4: 7e3f197004dfb37fbb18ed114a8d7c0974a2ecdb052363f5d426495ffa5f5db5e51fdc8d6e8a1048b994605de0775b304344ba1f8d040e2977edd7adf2c1cbd5  rpmbuild/tmp/rpm-tmp.zhr20T
2019-04-22 12:47:19.337856 +0000 build-fedora4: ================================================================================
2019-04-22 12:47:19.337904 +0000 build-fedora4:                            B U I L D   I N F O                                  
2019-04-22 12:47:19.337917 +0000 build-fedora4: Items in red indicate it was automatically generated by configuration file(s)
2019-04-22 12:47:19.337929 +0000 build-fedora4: Items in white indicate it was automatically removed by configuration file(s)
2019-04-22 12:47:19.337939 +0000 build-fedora4: ================================================================================
2019-04-22 12:47:19.337947 +0000 build-fedora4: DISTS_VM:
2019-04-22 12:47:19.342761 +0000 build-fedora4:     
2019-04-22 12:47:19.344122 +0000 build-fedora4: DISTS_ALL:
2019-04-22 12:47:19.346438 +0000 build-fedora4:      dom0-fc25,
2019-04-22 12:47:19.346475 +0000 build-fedora4: DIST_DOM0:
2019-04-22 12:47:19.349330 +0000 build-fedora4:      fc25,
2019-04-22 12:47:19.349367 +0000 build-fedora4: BUILDER_PLUGINS:
2019-04-22 12:47:19.351422 +0000 build-fedora4:      builder-rpm, linux-yum, template-configs, builder-github,
2019-04-22 12:47:19.352312 +0000 build-fedora4: COMPONENTS:
2019-04-22 12:47:19.354011 +0000 build-fedora4:      linux-template-builder,
2019-04-22 12:47:19.354274 +0000 build-fedora4: GIT_REPOS:
2019-04-22 12:47:19.356388 +0000 build-fedora4:      qubes-src/linux-template-builder, .,
2019-04-22 12:47:19.356425 +0000 build-fedora4: TEMPLATE:
2019-04-22 12:47:19.358571 +0000 build-fedora4:     
2019-04-22 12:47:19.359607 +0000 build-fedora4: TEMPLATE_FLAVOR_DIR:
2019-04-22 12:47:19.361187 +0000 build-fedora4:      +gnome:/gnome, +flash:/flash, +desktop:/desktop,
2019-04-22 12:47:19.361863 +0000 build-fedora4: TEMPLATE_ALIAS:
2019-04-22 12:47:19.363511 +0000 build-fedora4:      whonix-gateway:jessie+whonix-gateway+minimal+no-recommends,
2019-04-22 12:47:19.363551 +0000 build-fedora4:      whonix-workstation:jessie+whonix-workstation+minimal+no-recommends,
2019-04-22 12:47:19.363565 +0000 build-fedora4:      whonix-gateway-14:stretch+whonix-gateway+minimal+no-recommends,
2019-04-22 12:47:19.363577 +0000 build-fedora4:      whonix-workstation-14:stretch+whonix-workstation+minimal+no-recommends,
2019-04-22 12:47:19.364715 +0000 build-fedora4: TEMPLATE_LABEL:
2019-04-22 12:47:19.366391 +0000 build-fedora4:      centos7:centos-7 centos7+minimal:centos-7-minimal centos7+xfce:centos-7-xfce
2019-04-22 12:47:19.366429 +0000 build-fedora4:      jessie+whonix-gateway+minimal+no-recommends:whonix-gw
2019-04-22 12:47:19.366442 +0000 build-fedora4:      jessie+whonix-workstation+minimal+no-recommends:whonix-ws
2019-04-22 12:47:19.366453 +0000 build-fedora4:      stretch+whonix-gateway+minimal+no-recommends:whonix-gw-14
2019-04-22 12:47:19.366463 +0000 build-fedora4:      stretch+whonix-workstation+minimal+no-recommends:whonix-ws-14
2019-04-22 12:47:19.388001 +0000 build-fedora4: > running make
2019-04-22 12:47:19.404970 +0000 build-fedora4: Makefile:859: target 'post-update-repo-templates-itl' does not exist
2019-04-22 12:47:19.405008 +0000 build-fedora4: for dist in fc25 ; do \
2019-04-22 12:47:19.405021 +0000 build-fedora4: .repo_base_var="LINUX_REPO_${dist}_BASEDIR"; \
2019-04-22 12:47:19.405032 +0000 build-fedora4: .if [ -n "${!repo_base_var}" ]; then \
2019-04-22 12:47:19.405041 +0000 build-fedora4: ..repo_basedir="${!repo_base_var}"; \
2019-04-22 12:47:19.405049 +0000 build-fedora4: .else \
2019-04-22 12:47:19.405082 +0000 build-fedora4: ..repo_basedir="qubes-src/linux-yum/r4.0"; \
2019-04-22 12:47:19.405091 +0000 build-fedora4: .fi; \
2019-04-22 12:47:19.405100 +0000 build-fedora4: .repos_to_update="$repos_to_update $repo_basedir"; \
2019-04-22 12:47:19.405107 +0000 build-fedora4: done; \
2019-04-22 12:47:19.405115 +0000 build-fedora4: pkgset_dist= ; \
2019-04-22 12:47:19.405135 +0000 build-fedora4: for dist in fc25; do \
2019-04-22 12:47:19.405145 +0000 build-fedora4: .pkgset_dist="$pkgset_dist dom0/$dist"; \
2019-04-22 12:47:19.405152 +0000 build-fedora4: done; \
2019-04-22 12:47:19.405159 +0000 build-fedora4: for dist in ; do \
2019-04-22 12:47:19.405168 +0000 build-fedora4: .pkgset_dist="$pkgset_dist vm/$dist"; \
2019-04-22 12:47:19.405175 +0000 build-fedora4: done; \
2019-04-22 12:47:19.405184 +0000 build-fedora4: for repo in `echo $repos_to_update|tr ' ' '\n'|sort|uniq`; do \
2019-04-22 12:47:19.405193 +0000 build-fedora4: .[ -z "$repo" ] && continue; \
2019-04-22 12:47:19.405203 +0000 build-fedora4: .[ -x "$repo/../update_repo-templates-itl.sh" ] || continue; \
2019-04-22 12:47:19.405213 +0000 build-fedora4: .(cd $repo/.. && ./update_repo-templates-itl.sh r4.0 $pkgset_dist); \
2019-04-22 12:47:19.405220 +0000 build-fedora4: done
2019-04-22 12:47:19.417984 +0000 build-fedora4: r4.0/templates-itl
2019-04-22 12:47:19.426275 +0000 build-fedora4: which: no mkmetalink in (/usr/local/sbin:/usr/local/bin:/usr/sbin:/usr/bin:/home/user/.local/bin:/home/user/bin:/home/user/builder-r4.0-templates-community/qubes-src/builder-rpm/tools)
2019-04-22 12:47:19.429953 +0000 build-fedora4: --> Processing repo: r4.0/templates-itl...
2019-04-22 12:47:19.484001 +0000 build-fedora4: Done.
2019-04-22 12:47:19.490979 +0000 build-fedora4: ~/builder-r4.0-templates-community/qubes-src/linux-yum ~/builder-r4.0-templates-community/qubes-src/linux-yum
2019-04-22 12:47:19.492985 +0000 build-fedora4: Syncing r4.0...
2019-04-22 12:47:19.581297 +0000 build-fedora4: sending incremental file list
2019-04-22 12:47:19.612742 +0000 build-fedora4: .d..t...... templates-itl/
2019-04-22 12:47:19.612782 +0000 build-fedora4: .d..t...... templates-itl/rpm/
2019-04-22 12:47:19.612795 +0000 build-fedora4: <f..t...... templates-itl/rpm/.gitignore
2019-04-22 12:47:19.613465 +0000 build-fedora4: .              6 100%    0.00kB/s    0:00:00  .              6 100%    0.00kB/s    0:00:00 (xfr#1, to-chk=0/3)
2019-04-22 12:47:20.055641 +0000 build-fedora4: --> Processing repo: r4.0/templates-itl...
2019-04-22 12:47:20.883029 +0000 build-fedora4: Done.
2019-04-22 12:47:20.883723 +0000 build-fedora4: ~/builder-r4.0-templates-community/qubes-src/linux-yum
2019-04-22 12:47:20.884625 +0000 build-fedora4: Makefile:770: update target 'update-repo-templates-itl' due to: post-update-repo-templates-itl
2019-04-22 12:47:20.884659 +0000 build-fedora4: true
2019-04-22 12:47:20.886165 +0000 build-fedora4: > done
2019-04-22 12:47:20.886200 +0000 > closing log
