2020-12-07 15:21:41.949937 +0000 > starting log
2020-12-07 15:21:41.950411 +0000 build-fedora4: > starting build with log
2020-12-07 15:21:41.950431 +0000 build-fedora4: >> make args: update-repo-current
2020-12-07 15:21:41.950442 +0000 build-fedora4: >> MAKEFLAGS=
2020-12-07 15:21:41.950453 +0000 build-fedora4: >> COMPONENTS=intel-microcode
2020-12-07 15:21:41.950462 +0000 build-fedora4: >> DISTS_VM=fc31 fc32 fc33
2020-12-07 15:21:41.950470 +0000 build-fedora4: >> DIST_DOM0=
2020-12-07 15:21:41.950481 +0000 build-fedora4: >> qubes-builder 74d3b440d5fd8bc6a7690470eaf5b2e4bfc5acdd
2020-12-07 15:21:42.113005 +0000 build-fedora4: >> qubes-builder/qubes-src/intel-microcode 20dc2571f0a35058761c63480dc1a66863d1104a
2020-12-07 15:21:42.344662 +0000 build-fedora4: !! microcode-20190514.tar.gz
2020-12-07 15:21:42.344716 +0000 build-fedora4: !! microcode-20191112.tar.gz
2020-12-07 15:21:42.344729 +0000 build-fedora4: !! microcode-20200609.tar.gz
2020-12-07 15:21:42.344738 +0000 build-fedora4: !! microcode-20201110.tar.gz
2020-12-07 15:21:42.344747 +0000 build-fedora4: !! microcode-20201118.tar.gz
2020-12-07 15:21:42.344756 +0000 build-fedora4: !! microcode_ctl-2.1-19.tar.xz
2020-12-07 15:21:42.501375 +0000 build-fedora4: fd5e82708d4a7f08630a2c51a182814cc4c0fbd88fe473e871b9784c03cb87e804a9ed4c2f3e041696aabfdd60996f2d50a175bea90f1644f6f3205a37215017  microcode-20190514.tar.gz
2020-12-07 15:21:42.542193 +0000 build-fedora4: 34cebf266f9d6cc38b0dd87f8c7fcf42f3c8d9e434560328b0811b4c4834d0f253d834f53bfaf5b4c561bb153b4bcf509620131046bf0afd6038d02bf9a25a13  microcode-20191112.tar.gz
2020-12-07 15:21:42.635720 +0000 build-fedora4: bfcaaea2811214b79445d632e256cd35af82d62f748799d47f7bc2490c5a6fd53f020bcaa3331a96b54c91ded1d17dfd9946b40174694b9a7ad17810f58293ae  microcode-20200609.tar.gz
2020-12-07 15:21:42.718863 +0000 build-fedora4: da0a2614fcd651536a2dc64a2207ab02d8b482453e9d2ae18f628f1cbc3da0aa0734f830264fca5541823693d300f74ae60f7014cbf43b87ff55345c8fd80014  microcode-20201110.tar.gz
2020-12-07 15:21:42.820858 +0000 build-fedora4: 5c54c45c799e3989fce08f69d918c90cdf5f977cc3d30301d177e545bae1a4f385b282c7fc2c43f7464f0fa9426840ee0bc9b248684e66302bbb27c77d5e1d33  microcode-20201118.tar.gz
2020-12-07 15:21:42.837100 +0000 build-fedora4: d6b61ee16a2d38e062dbced78bf9ecd97fbc7ebd78fbe78c86603f3b45f6a6b7952287a99d764d7d988da09600e047d1f9c7404687806c73e80d4e5a466112df  microcode_ctl-2.1-19.tar.xz
2020-12-07 15:21:43.540334 +0000 build-fedora4: ================================================================================
2020-12-07 15:21:43.540417 +0000 build-fedora4:                            B U I L D   I N F O                                  
2020-12-07 15:21:43.540437 +0000 build-fedora4: Items in red indicate it was automatically generated by configuration file(s)
2020-12-07 15:21:43.540453 +0000 build-fedora4: Items in white indicate it was automatically removed by configuration file(s)
2020-12-07 15:21:43.540466 +0000 build-fedora4: ================================================================================
2020-12-07 15:21:43.540475 +0000 build-fedora4: DISTS_VM:
2020-12-07 15:21:43.569660 +0000 build-fedora4:      fc31, fc32, fc33,
2020-12-07 15:21:43.573322 +0000 build-fedora4: DISTS_ALL:
2020-12-07 15:21:43.594030 +0000 build-fedora4:      vm-fc31, vm-fc32, vm-fc33,
2020-12-07 15:21:43.594074 +0000 build-fedora4: DIST_DOM0:
2020-12-07 15:21:43.647574 +0000 build-fedora4:     
2020-12-07 15:21:43.669376 +0000 build-fedora4: BUILDER_PLUGINS:
2020-12-07 15:21:43.715167 +0000 build-fedora4:      builder-rpm, builder-debian, mgmt-salt, linux-yum, release-configs, builder-github,
2020-12-07 15:21:43.718395 +0000 build-fedora4: COMPONENTS:
2020-12-07 15:21:43.735572 +0000 build-fedora4:      intel-microcode,
2020-12-07 15:21:43.741081 +0000 build-fedora4: GIT_REPOS:
2020-12-07 15:21:43.779093 +0000 build-fedora4:      qubes-src/intel-microcode,
2020-12-07 15:21:43.794203 +0000 build-fedora4: TEMPLATE:
2020-12-07 15:21:43.818407 +0000 build-fedora4:     
2020-12-07 15:21:43.820812 +0000 build-fedora4: TEMPLATE_FLAVOR_DIR:
2020-12-07 15:21:43.836797 +0000 build-fedora4:     
2020-12-07 15:21:43.836864 +0000 build-fedora4: TEMPLATE_ALIAS:
2020-12-07 15:21:44.074390 +0000 build-fedora4:      stretch:stretch+standard, stretch+gnome:stretch+gnome+standard,
2020-12-07 15:21:44.074473 +0000 build-fedora4:      stretch+minimal:stretch+minimal+no-recommends, buster:buster+standard, buster+gnome:buster+gnome+standard,
2020-12-07 15:21:44.074492 +0000 build-fedora4:      buster+minimal:buster+minimal+no-recommends, bullseye:bullseye+standard,
2020-12-07 15:21:44.074508 +0000 build-fedora4:      bullseye+gnome:bullseye+gnome+standard, bullseye+minimal:bullseye+minimal+no-recommends,
2020-12-07 15:21:44.074522 +0000 build-fedora4:      whonix-gateway-14:stretch+whonix-gateway+minimal+no-recommends,
2020-12-07 15:21:44.074534 +0000 build-fedora4:      whonix-workstation-14:stretch+whonix-workstation+minimal+no-recommends,
2020-12-07 15:21:44.074546 +0000 build-fedora4:      whonix-gateway-15:buster+whonix-gateway+minimal+no-recommends,
2020-12-07 15:21:44.074559 +0000 build-fedora4:      whonix-workstation-15:buster+whonix-workstation+minimal+no-recommends,
2020-12-07 15:21:44.074568 +0000 build-fedora4: TEMPLATE_LABEL:
2020-12-07 15:21:44.108737 +0000 build-fedora4:      fc31:fedora-31, fc32:fedora-32, fc33:fedora-33, fc30:fedora-30 fc30+minimal:fedora-30-minimal
2020-12-07 15:21:44.108793 +0000 build-fedora4:      fc31+minimal:fedora-31-minimal fc32+minimal:fedora-32-minimal fc33+minimal:fedora-33-minimal
2020-12-07 15:21:44.108812 +0000 build-fedora4:      fc30+xfce:fedora-30-xfce fc31+xfce:fedora-31-xfce fc32+xfce:fedora-32-xfce fc33+xfce:fedora-33-xfce
2020-12-07 15:21:44.108832 +0000 build-fedora4:      stretch:debian-9 stretch+standard:debian-9 stretch+xfce:debian-9-xfce buster:debian-10
2020-12-07 15:21:44.108848 +0000 build-fedora4:      buster+standard:debian-10 buster+xfce:debian-10-xfce bullseye:debian-11 bullseye+standard:debian-11
2020-12-07 15:21:44.108862 +0000 build-fedora4:      bullseye+xfce:debian-11-xfce stretch+whonix-gateway+minimal+no-recommends:whonix-gw-14
2020-12-07 15:21:44.108874 +0000 build-fedora4:      stretch+whonix-workstation+minimal+no-recommends:whonix-ws-14
2020-12-07 15:21:44.108886 +0000 build-fedora4:      buster+whonix-gateway+minimal+no-recommends:whonix-gw-15
2020-12-07 15:21:44.108899 +0000 build-fedora4:      buster+whonix-workstation+minimal+no-recommends:whonix-ws-15 centos7:centos-7
2020-12-07 15:21:44.108912 +0000 build-fedora4:      centos7+minimal:centos-7-minimal centos7+xfce:centos-7-xfce centos8:centos-8
2020-12-07 15:21:44.108924 +0000 build-fedora4:      centos8+minimal:centos-7-minimal centos8+xfce:centos-8-xfce
2020-12-07 15:21:44.211324 +0000 build-fedora4: > running make
2020-12-07 15:21:44.421169 +0000 build-fedora4: Makefile:846: target 'internal-update-repo-current.vm.fc31.intel-microcode' does not exist
2020-12-07 15:21:44.421226 +0000 build-fedora4: repo_base_var="LINUX_REPO_fc31_BASEDIR"; \
2020-12-07 15:21:44.421242 +0000 build-fedora4: if [ "intel-microcode" = linux-template-builder ]; then \
2020-12-07 15:21:44.421256 +0000 build-fedora4: .# templates belongs to dom0 repository, even though PACKAGE_SET=vm
2020-12-07 15:21:44.421266 +0000 build-fedora4: repo_base_var="LINUX_REPO__BASEDIR"; \
2020-12-07 15:21:44.421274 +0000 build-fedora4: fi; \
2020-12-07 15:21:44.421285 +0000 build-fedora4: if [ -n "${!repo_base_var}" ]; then \
2020-12-07 15:21:44.421294 +0000 build-fedora4: .repo_basedir="${!repo_base_var}"; \
2020-12-07 15:21:44.421301 +0000 build-fedora4: else \
2020-12-07 15:21:44.421312 +0000 build-fedora4: .repo_basedir="qubes-src/linux-yum/r4.1"; \
2020-12-07 15:21:44.421319 +0000 build-fedora4: fi; \
2020-12-07 15:21:44.421330 +0000 build-fedora4: if [ -r qubes-src/intel-microcode/Makefile.builder ]; then \
2020-12-07 15:21:44.421340 +0000 build-fedora4: .echo -n "Updating qubes-src/intel-microcode... "; \
2020-12-07 15:21:44.421354 +0000 build-fedora4: .if [ "0" -eq 1 ]; then \
2020-12-07 15:21:44.421367 +0000 build-fedora4: ..vtag=`git -C qubes-src/intel-microcode tag --points-at HEAD --list v*`; \
2020-12-07 15:21:44.421415 +0000 build-fedora4: ..if [ -z "$vtag" ]; then \
2020-12-07 15:21:44.421427 +0000 build-fedora4: ...echo "no version tag"; \
2020-12-07 15:21:44.421435 +0000 build-fedora4: ...exit 0; \
2020-12-07 15:21:44.421443 +0000 build-fedora4: ..fi; \
2020-12-07 15:21:44.421450 +0000 build-fedora4: .fi; \
2020-12-07 15:21:44.421461 +0000 build-fedora4: .if [ "intel-microcode" = linux-template-builder ]; then
2020-12-07 15:21:44.421475 +0000 build-fedora4: export TEMPLATE_NAME=$(MAKEFLAGS= make -s -C qubes-src/linux-template-builder DIST=fc31 template-name)
2020-12-07 15:21:44.421483 +0000 build-fedora4: fi
2020-12-07 15:21:44.421506 +0000 build-fedora4: component_packages=$(MAKEFLAGS= make -s -f Makefile.generic DIST=fc31 PACKAGE_SET=vm COMPONENT=`basename qubes-src/intel-microcode` UPDATE_REPO=/home/user/builder-r4.1/$repo_basedir/current/vm/fc31 get-var GET_VAR=PACKAGE_LIST); \
2020-12-07 15:21:44.421518 +0000 build-fedora4: .if [ -z "$component_packages" ]; then \
2020-12-07 15:21:44.421526 +0000 build-fedora4: ..echo "no packages."; \
2020-12-07 15:21:44.421534 +0000 build-fedora4: ..exit 0; \
2020-12-07 15:21:44.421541 +0000 build-fedora4: .fi; \
2020-12-07 15:21:44.421552 +0000 build-fedora4: .make -s -f Makefile.generic DIST=fc31 PACKAGE_SET=vm \
2020-12-07 15:21:44.421562 +0000 build-fedora4: ..COMPONENT=`basename qubes-src/intel-microcode` \
2020-12-07 15:21:44.421571 +0000 build-fedora4: ..SNAPSHOT_REPO=current-testing \
2020-12-07 15:21:44.421579 +0000 build-fedora4: ..TARGET_REPO=current \
2020-12-07 15:21:44.421591 +0000 build-fedora4: ..UPDATE_REPO=/home/user/builder-r4.1/$repo_basedir/current/vm/fc31 \
2020-12-07 15:21:44.421606 +0000 build-fedora4: ..SNAPSHOT_FILE=/home/user/builder-r4.1/repo-latest-snapshot/current-testing-vm-fc31-`basename qubes-src/intel-microcode` \
2020-12-07 15:21:44.421615 +0000 build-fedora4: ..BUILD_LOG_URL= \
2020-12-07 15:21:44.421624 +0000 build-fedora4: ..update-repo-from-snapshot || exit 1; \
2020-12-07 15:21:44.421637 +0000 build-fedora4: elif make -C qubes-src/intel-microcode -n update-repo-current >/dev/null 2>/dev/null; then \
2020-12-07 15:21:44.421648 +0000 build-fedora4: .echo "Updating qubes-src/intel-microcode... "; \
2020-12-07 15:21:44.421660 +0000 build-fedora4: .DIST=fc31 UPDATE_REPO=/home/user/builder-r4.1/$repo_basedir/current/vm/fc31 \
2020-12-07 15:21:44.421671 +0000 build-fedora4: .make -s -C qubes-src/intel-microcode update-repo-current || exit 1; \
2020-12-07 15:21:44.421679 +0000 build-fedora4: else \
2020-12-07 15:21:44.421690 +0000 build-fedora4: .echo -n "Updating qubes-src/intel-microcode... skipping."; \
2020-12-07 15:21:44.421697 +0000 build-fedora4: fi; \
2020-12-07 15:21:44.421703 +0000 build-fedora4: echo
2020-12-07 15:21:44.877520 +0000 build-fedora4: Updating qubes-src/intel-microcode... no packages.
2020-12-07 15:21:44.883078 +0000 build-fedora4: Makefile:815: update target 'internal-update-repo-current.vm.fc31' due to: internal-update-repo-current.vm.fc31.intel-microcode
2020-12-07 15:21:44.883120 +0000 build-fedora4: true
2020-12-07 15:21:44.888683 +0000 build-fedora4: Makefile:846: target 'internal-update-repo-current.vm.fc32.intel-microcode' does not exist
2020-12-07 15:21:44.888728 +0000 build-fedora4: repo_base_var="LINUX_REPO_fc32_BASEDIR"; \
2020-12-07 15:21:44.888743 +0000 build-fedora4: if [ "intel-microcode" = linux-template-builder ]; then \
2020-12-07 15:21:44.888757 +0000 build-fedora4: .# templates belongs to dom0 repository, even though PACKAGE_SET=vm
2020-12-07 15:21:44.888767 +0000 build-fedora4: repo_base_var="LINUX_REPO__BASEDIR"; \
2020-12-07 15:21:44.888775 +0000 build-fedora4: fi; \
2020-12-07 15:21:44.888785 +0000 build-fedora4: if [ -n "${!repo_base_var}" ]; then \
2020-12-07 15:21:44.888795 +0000 build-fedora4: .repo_basedir="${!repo_base_var}"; \
2020-12-07 15:21:44.888802 +0000 build-fedora4: else \
2020-12-07 15:21:44.888813 +0000 build-fedora4: .repo_basedir="qubes-src/linux-yum/r4.1"; \
2020-12-07 15:21:44.888847 +0000 build-fedora4: fi; \
2020-12-07 15:21:44.888859 +0000 build-fedora4: if [ -r qubes-src/intel-microcode/Makefile.builder ]; then \
2020-12-07 15:21:44.888870 +0000 build-fedora4: .echo -n "Updating qubes-src/intel-microcode... "; \
2020-12-07 15:21:44.888879 +0000 build-fedora4: .if [ "0" -eq 1 ]; then \
2020-12-07 15:21:44.888892 +0000 build-fedora4: ..vtag=`git -C qubes-src/intel-microcode tag --points-at HEAD --list v*`; \
2020-12-07 15:21:44.888902 +0000 build-fedora4: ..if [ -z "$vtag" ]; then \
2020-12-07 15:21:44.888911 +0000 build-fedora4: ...echo "no version tag"; \
2020-12-07 15:21:44.888919 +0000 build-fedora4: ...exit 0; \
2020-12-07 15:21:44.888927 +0000 build-fedora4: ..fi; \
2020-12-07 15:21:44.888934 +0000 build-fedora4: .fi; \
2020-12-07 15:21:44.888945 +0000 build-fedora4: .if [ "intel-microcode" = linux-template-builder ]; then
2020-12-07 15:21:44.888960 +0000 build-fedora4: export TEMPLATE_NAME=$(MAKEFLAGS= make -s -C qubes-src/linux-template-builder DIST=fc32 template-name)
2020-12-07 15:21:44.888968 +0000 build-fedora4: fi
2020-12-07 15:21:44.888992 +0000 build-fedora4: component_packages=$(MAKEFLAGS= make -s -f Makefile.generic DIST=fc32 PACKAGE_SET=vm COMPONENT=`basename qubes-src/intel-microcode` UPDATE_REPO=/home/user/builder-r4.1/$repo_basedir/current/vm/fc32 get-var GET_VAR=PACKAGE_LIST); \
2020-12-07 15:21:44.889003 +0000 build-fedora4: .if [ -z "$component_packages" ]; then \
2020-12-07 15:21:44.889012 +0000 build-fedora4: ..echo "no packages."; \
2020-12-07 15:21:44.889020 +0000 build-fedora4: ..exit 0; \
2020-12-07 15:21:44.889027 +0000 build-fedora4: .fi; \
2020-12-07 15:21:44.889038 +0000 build-fedora4: .make -s -f Makefile.generic DIST=fc32 PACKAGE_SET=vm \
2020-12-07 15:21:44.889049 +0000 build-fedora4: ..COMPONENT=`basename qubes-src/intel-microcode` \
2020-12-07 15:21:44.889058 +0000 build-fedora4: ..SNAPSHOT_REPO=current-testing \
2020-12-07 15:21:44.889067 +0000 build-fedora4: ..TARGET_REPO=current \
2020-12-07 15:21:44.889078 +0000 build-fedora4: ..UPDATE_REPO=/home/user/builder-r4.1/$repo_basedir/current/vm/fc32 \
2020-12-07 15:21:44.889094 +0000 build-fedora4: ..SNAPSHOT_FILE=/home/user/builder-r4.1/repo-latest-snapshot/current-testing-vm-fc32-`basename qubes-src/intel-microcode` \
2020-12-07 15:21:44.889103 +0000 build-fedora4: ..BUILD_LOG_URL= \
2020-12-07 15:21:44.889113 +0000 build-fedora4: ..update-repo-from-snapshot || exit 1; \
2020-12-07 15:21:44.889126 +0000 build-fedora4: elif make -C qubes-src/intel-microcode -n update-repo-current >/dev/null 2>/dev/null; then \
2020-12-07 15:21:44.889137 +0000 build-fedora4: .echo "Updating qubes-src/intel-microcode... "; \
2020-12-07 15:21:44.889149 +0000 build-fedora4: .DIST=fc32 UPDATE_REPO=/home/user/builder-r4.1/$repo_basedir/current/vm/fc32 \
2020-12-07 15:21:44.889161 +0000 build-fedora4: .make -s -C qubes-src/intel-microcode update-repo-current || exit 1; \
2020-12-07 15:21:44.889169 +0000 build-fedora4: else \
2020-12-07 15:21:44.889180 +0000 build-fedora4: .echo -n "Updating qubes-src/intel-microcode... skipping."; \
2020-12-07 15:21:44.889187 +0000 build-fedora4: fi; \
2020-12-07 15:21:44.889195 +0000 build-fedora4: echo
2020-12-07 15:21:45.163524 +0000 build-fedora4: Updating qubes-src/intel-microcode... no packages.
2020-12-07 15:21:45.165809 +0000 build-fedora4: Makefile:815: update target 'internal-update-repo-current.vm.fc32' due to: internal-update-repo-current.vm.fc32.intel-microcode
2020-12-07 15:21:45.165856 +0000 build-fedora4: true
2020-12-07 15:21:45.176741 +0000 build-fedora4: Makefile:846: target 'internal-update-repo-current.vm.fc33.intel-microcode' does not exist
2020-12-07 15:21:45.176787 +0000 build-fedora4: repo_base_var="LINUX_REPO_fc33_BASEDIR"; \
2020-12-07 15:21:45.176802 +0000 build-fedora4: if [ "intel-microcode" = linux-template-builder ]; then \
2020-12-07 15:21:45.176816 +0000 build-fedora4: .# templates belongs to dom0 repository, even though PACKAGE_SET=vm
2020-12-07 15:21:45.176832 +0000 build-fedora4: repo_base_var="LINUX_REPO__BASEDIR"; \
2020-12-07 15:21:45.176857 +0000 build-fedora4: fi; \
2020-12-07 15:21:45.176869 +0000 build-fedora4: if [ -n "${!repo_base_var}" ]; then \
2020-12-07 15:21:45.176879 +0000 build-fedora4: .repo_basedir="${!repo_base_var}"; \
2020-12-07 15:21:45.176886 +0000 build-fedora4: else \
2020-12-07 15:21:45.176896 +0000 build-fedora4: .repo_basedir="qubes-src/linux-yum/r4.1"; \
2020-12-07 15:21:45.176904 +0000 build-fedora4: fi; \
2020-12-07 15:21:45.176915 +0000 build-fedora4: if [ -r qubes-src/intel-microcode/Makefile.builder ]; then \
2020-12-07 15:21:45.176925 +0000 build-fedora4: .echo -n "Updating qubes-src/intel-microcode... "; \
2020-12-07 15:21:45.176934 +0000 build-fedora4: .if [ "0" -eq 1 ]; then \
2020-12-07 15:21:45.176947 +0000 build-fedora4: ..vtag=`git -C qubes-src/intel-microcode tag --points-at HEAD --list v*`; \
2020-12-07 15:21:45.176970 +0000 build-fedora4: ..if [ -z "$vtag" ]; then \
2020-12-07 15:21:45.176980 +0000 build-fedora4: ...echo "no version tag"; \
2020-12-07 15:21:45.176988 +0000 build-fedora4: ...exit 0; \
2020-12-07 15:21:45.176996 +0000 build-fedora4: ..fi; \
2020-12-07 15:21:45.177003 +0000 build-fedora4: .fi; \
2020-12-07 15:21:45.177015 +0000 build-fedora4: .if [ "intel-microcode" = linux-template-builder ]; then
2020-12-07 15:21:45.177029 +0000 build-fedora4: export TEMPLATE_NAME=$(MAKEFLAGS= make -s -C qubes-src/linux-template-builder DIST=fc33 template-name)
2020-12-07 15:21:45.177038 +0000 build-fedora4: fi
2020-12-07 15:21:45.177063 +0000 build-fedora4: component_packages=$(MAKEFLAGS= make -s -f Makefile.generic DIST=fc33 PACKAGE_SET=vm COMPONENT=`basename qubes-src/intel-microcode` UPDATE_REPO=/home/user/builder-r4.1/$repo_basedir/current/vm/fc33 get-var GET_VAR=PACKAGE_LIST); \
2020-12-07 15:21:45.177075 +0000 build-fedora4: .if [ -z "$component_packages" ]; then \
2020-12-07 15:21:45.177084 +0000 build-fedora4: ..echo "no packages."; \
2020-12-07 15:21:45.177092 +0000 build-fedora4: ..exit 0; \
2020-12-07 15:21:45.177100 +0000 build-fedora4: .fi; \
2020-12-07 15:21:45.177111 +0000 build-fedora4: .make -s -f Makefile.generic DIST=fc33 PACKAGE_SET=vm \
2020-12-07 15:21:45.177122 +0000 build-fedora4: ..COMPONENT=`basename qubes-src/intel-microcode` \
2020-12-07 15:21:45.177131 +0000 build-fedora4: ..SNAPSHOT_REPO=current-testing \
2020-12-07 15:21:45.177140 +0000 build-fedora4: ..TARGET_REPO=current \
2020-12-07 15:21:45.177153 +0000 build-fedora4: ..UPDATE_REPO=/home/user/builder-r4.1/$repo_basedir/current/vm/fc33 \
2020-12-07 15:21:45.177169 +0000 build-fedora4: ..SNAPSHOT_FILE=/home/user/builder-r4.1/repo-latest-snapshot/current-testing-vm-fc33-`basename qubes-src/intel-microcode` \
2020-12-07 15:21:45.177178 +0000 build-fedora4: ..BUILD_LOG_URL= \
2020-12-07 15:21:45.177188 +0000 build-fedora4: ..update-repo-from-snapshot || exit 1; \
2020-12-07 15:21:45.177202 +0000 build-fedora4: elif make -C qubes-src/intel-microcode -n update-repo-current >/dev/null 2>/dev/null; then \
2020-12-07 15:21:45.177213 +0000 build-fedora4: .echo "Updating qubes-src/intel-microcode... "; \
2020-12-07 15:21:45.177226 +0000 build-fedora4: .DIST=fc33 UPDATE_REPO=/home/user/builder-r4.1/$repo_basedir/current/vm/fc33 \
2020-12-07 15:21:45.177239 +0000 build-fedora4: .make -s -C qubes-src/intel-microcode update-repo-current || exit 1; \
2020-12-07 15:21:45.177246 +0000 build-fedora4: else \
2020-12-07 15:21:45.177258 +0000 build-fedora4: .echo -n "Updating qubes-src/intel-microcode... skipping."; \
2020-12-07 15:21:45.177265 +0000 build-fedora4: fi; \
2020-12-07 15:21:45.177273 +0000 build-fedora4: echo
2020-12-07 15:21:45.639288 +0000 build-fedora4: Updating qubes-src/intel-microcode... no packages.
2020-12-07 15:21:45.639386 +0000 build-fedora4: Makefile:815: update target 'internal-update-repo-current.vm.fc33' due to: internal-update-repo-current.vm.fc33.intel-microcode
2020-12-07 15:21:45.639403 +0000 build-fedora4: true
2020-12-07 15:21:45.647820 +0000 build-fedora4: Makefile:928: target 'post-update-repo-current' does not exist
2020-12-07 15:21:45.647880 +0000 build-fedora4: true
2020-12-07 15:21:45.658876 +0000 build-fedora4: Makefile:802: update target 'update-repo-current' due to: internal-update-repo-current.vm.fc31 internal-update-repo-current.vm.fc32 internal-update-repo-current.vm.fc33 post-update-repo-current
2020-12-07 15:21:45.658922 +0000 build-fedora4: true
2020-12-07 15:21:45.701127 +0000 build-fedora4: > done
2020-12-07 15:21:45.701180 +0000 > closing log
