2020-10-28 14:16:31.107141 +0000 > starting log
2020-10-28 14:16:31.107525 +0000 build-fedora4: > starting build with log
2020-10-28 14:16:31.107551 +0000 build-fedora4: >> make args: DISTS_VM= DIST_DOM0=fc25 BUILD_LOGS_URL= dist-upgrade-dom0-fc25=https://github.com/QubesOS/build-logs/tree/master/build-fedora4/log_2020-10-28_14-16-14 GIT_URL_dist_upgrade=https://github.com/QubesOS/qubes-dist-upgrade sign-all update-repo-current-testing
2020-10-28 14:16:31.107559 +0000 build-fedora4: >> MAKEFLAGS=
2020-10-28 14:16:31.107567 +0000 build-fedora4: >> COMPONENTS=dist-upgrade
2020-10-28 14:16:31.107573 +0000 build-fedora4: >> DISTS_VM=
2020-10-28 14:16:31.107579 +0000 build-fedora4: >> DIST_DOM0=
2020-10-28 14:16:31.107587 +0000 build-fedora4: >> qubes-builder 8ef499dbfb6b918bebeedc1adafd9a5da5dc7966
2020-10-28 14:16:31.107596 +0000 build-fedora4: >> qubes-builder/qubes-src/dist-upgrade ad591c8467021b1235b725db91c71d7735dfabee
2020-10-28 14:16:31.107605 +0000 build-fedora4: !! pkgs/dom0-fc25/noarch/qubes-dist-upgrade-4.0.0-1.noarch.rpm
2020-10-28 14:16:31.107613 +0000 build-fedora4: !! pkgs/dom0-fc25/qubes-dist-upgrade.spec.list
2020-10-28 14:16:31.107628 +0000 build-fedora4: 0d3c8ec626a91181054e91e435da4ca585470b23869c1797bcd4a565447186a04b412f957f91d086d7bd4245b1f2d7ccff648229b123e2d5d0dd5f39b664b066  pkgs/dom0-fc25/noarch/qubes-dist-upgrade-4.0.0-1.noarch.rpm
2020-10-28 14:16:31.107642 +0000 build-fedora4: 8d2731005303d74ad6747d1e95739c2cd3e4765da2f5054626c40be2f285167cc1c028f9c24591a8a6db3d5bcba0f5358df36adf1dfe1ef0c60541424254a971  pkgs/dom0-fc25/qubes-dist-upgrade.spec.list
2020-10-28 14:16:31.107652 +0000 build-fedora4: ================================================================================
2020-10-28 14:16:31.107661 +0000 build-fedora4:                            B U I L D   I N F O                                  
2020-10-28 14:16:31.107670 +0000 build-fedora4: Items in red indicate it was automatically generated by configuration file(s)
2020-10-28 14:16:31.107679 +0000 build-fedora4: Items in white indicate it was automatically removed by configuration file(s)
2020-10-28 14:16:31.107689 +0000 build-fedora4: ================================================================================
2020-10-28 14:16:31.107694 +0000 build-fedora4: DISTS_VM:
2020-10-28 14:16:31.107700 +0000 build-fedora4:     
2020-10-28 14:16:31.107705 +0000 build-fedora4: DISTS_ALL:
2020-10-28 14:16:31.107711 +0000 build-fedora4:      dom0-fc25,
2020-10-28 14:16:31.107717 +0000 build-fedora4: DIST_DOM0:
2020-10-28 14:16:31.107722 +0000 build-fedora4:      fc25,
2020-10-28 14:16:31.107728 +0000 build-fedora4: BUILDER_PLUGINS:
2020-10-28 14:16:31.107738 +0000 build-fedora4:      builder-rpm, builder-debian, mgmt-salt, linux-yum, release-configs, builder-github,
2020-10-28 14:16:31.107744 +0000 build-fedora4: COMPONENTS:
2020-10-28 14:16:31.107750 +0000 build-fedora4:      dist-upgrade,
2020-10-28 14:16:31.107755 +0000 build-fedora4: GIT_REPOS:
2020-10-28 14:16:31.107762 +0000 build-fedora4:      qubes-src/dist-upgrade,
2020-10-28 14:16:31.107767 +0000 build-fedora4: TEMPLATE:
2020-10-28 14:16:31.107773 +0000 build-fedora4:     
2020-10-28 14:16:31.107779 +0000 build-fedora4: TEMPLATE_FLAVOR_DIR:
2020-10-28 14:16:31.107784 +0000 build-fedora4:     
2020-10-28 14:16:31.107790 +0000 build-fedora4: TEMPLATE_ALIAS:
2020-10-28 14:16:31.107799 +0000 build-fedora4:      stretch:stretch+standard, stretch+gnome:stretch+gnome+standard,
2020-10-28 14:16:31.107809 +0000 build-fedora4:      stretch+minimal:stretch+minimal+no-recommends, buster:buster+standard, buster+gnome:buster+gnome+standard,
2020-10-28 14:16:31.107819 +0000 build-fedora4:      buster+minimal:buster+minimal+no-recommends, bullseye:bullseye+standard,
2020-10-28 14:16:31.107829 +0000 build-fedora4:      bullseye+gnome:bullseye+gnome+standard, bullseye+minimal:bullseye+minimal+no-recommends,
2020-10-28 14:16:31.107837 +0000 build-fedora4:      whonix-gateway-14:stretch+whonix-gateway+minimal+no-recommends,
2020-10-28 14:16:31.107846 +0000 build-fedora4:      whonix-workstation-14:stretch+whonix-workstation+minimal+no-recommends,
2020-10-28 14:16:31.107860 +0000 build-fedora4:      whonix-gateway-15:buster+whonix-gateway+minimal+no-recommends,
2020-10-28 14:16:31.107870 +0000 build-fedora4:      whonix-workstation-15:buster+whonix-workstation+minimal+no-recommends,
2020-10-28 14:16:31.107878 +0000 build-fedora4:      whonix-gateway:jessie+whonix-gateway+minimal+no-recommends,
2020-10-28 14:16:31.107887 +0000 build-fedora4:      whonix-workstation:jessie+whonix-workstation+minimal+no-recommends,
2020-10-28 14:16:31.107893 +0000 build-fedora4: TEMPLATE_LABEL:
2020-10-28 14:16:31.107903 +0000 build-fedora4:      fc25:fedora-25 fc30:fedora-30 fc31:fedora-31 fc32:fedora-32 fc30+minimal:fedora-30-minimal
2020-10-28 14:16:31.107913 +0000 build-fedora4:      fc31+minimal:fedora-31-minimal fc32+minimal:fedora-32-minimal fc30+xfce:fedora-30-xfce
2020-10-28 14:16:31.107923 +0000 build-fedora4:      fc31+xfce:fedora-31-xfce fc32+xfce:fedora-32-xfce stretch:debian-9 stretch+standard:debian-9
2020-10-28 14:16:31.107932 +0000 build-fedora4:      stretch+xfce:debian-9-xfce buster:debian-10 buster+standard:debian-10
2020-10-28 14:16:31.107941 +0000 build-fedora4:      buster+xfce:debian-10-xfce bullseye:debian-11 bullseye+standard:debian-11
2020-10-28 14:16:31.107951 +0000 build-fedora4:      bullseye+xfce:debian-11-xfce stretch+whonix-gateway+minimal+no-recommends:whonix-gw-14
2020-10-28 14:16:31.107960 +0000 build-fedora4:      stretch+whonix-workstation+minimal+no-recommends:whonix-ws-14
2020-10-28 14:16:31.107968 +0000 build-fedora4:      buster+whonix-gateway+minimal+no-recommends:whonix-gw-15
2020-10-28 14:16:31.107977 +0000 build-fedora4:      buster+whonix-workstation+minimal+no-recommends:whonix-ws-15 centos7:centos-7
2020-10-28 14:16:31.107987 +0000 build-fedora4:      centos7+minimal:centos-7-minimal centos7+xfce:centos-7-xfce centos8:centos-8
2020-10-28 14:16:31.107995 +0000 build-fedora4:      centos8+minimal:centos-8-minimal centos8+xfce:centos-8-xfce
2020-10-28 14:16:31.108003 +0000 build-fedora4:      jessie+whonix-gateway+minimal+no-recommends:whonix-gw
2020-10-28 14:16:31.108011 +0000 build-fedora4:      jessie+whonix-workstation+minimal+no-recommends:whonix-ws
2020-10-28 14:16:31.109097 +0000 build-fedora4: > running make
2020-10-28 14:16:31.120364 +0000 build-fedora4: Makefile:280: target 'sign.dom0.fc25.dist-upgrade' does not exist
2020-10-28 14:16:31.120447 +0000 build-fedora4: if [ -n "dist-upgrade" -a "0" -ne 0 ]; then BRANCH=release4.0; branch_var="BRANCH_dist_upgrade"; [ -n "${!branch_var}" ] && BRANCH="${!branch_var}"; pushd qubes-src/dist-upgrade > /dev/null; CURRENT_BRANCH=`git symbolic-ref --short HEAD 2>/dev/null || git describe --tags --exact-match HEAD`; if [ "$BRANCH" != "$CURRENT_BRANCH" ]; then echo "-> ERROR: Wrong branch $branch_var=$CURRENT_BRANCH (expected $BRANCH)"; exit 1; fi; popd > /dev/null; fi
2020-10-28 14:16:31.120461 +0000 build-fedora4: SIGN_KEY=5817A43B283DE5A9181A522E1848792F9E2795E9; \
2020-10-28 14:16:31.120470 +0000 build-fedora4: sign_key_var="SIGN_KEY_${DIST%%+*}"; \
2020-10-28 14:16:31.120478 +0000 build-fedora4: [ -n "${!sign_key_var}" ] && SIGN_KEY="${!sign_key_var}"; \
2020-10-28 14:16:31.120486 +0000 build-fedora4: if [ "dist-upgrade" = linux-template-builder ]; then
2020-10-28 14:16:31.120497 +0000 build-fedora4: export TEMPLATE_NAME=$(MAKEFLAGS= make -s -C qubes-src/linux-template-builder DIST=fc25 template-name)
2020-10-28 14:16:31.120504 +0000 build-fedora4: fi
2020-10-28 14:16:31.120512 +0000 build-fedora4: if [ -r qubes-src/dist-upgrade/Makefile.builder ]; then \
2020-10-28 14:16:31.120520 +0000 build-fedora4: .make --no-print-directory -f Makefile.generic \
2020-10-28 14:16:31.120526 +0000 build-fedora4: ..DIST=fc25 \
2020-10-28 14:16:31.120533 +0000 build-fedora4: ..PACKAGE_SET=dom0 \
2020-10-28 14:16:31.120540 +0000 build-fedora4: ..COMPONENT=dist-upgrade \
2020-10-28 14:16:31.120547 +0000 build-fedora4: ..SIGN_KEY=$SIGN_KEY \
2020-10-28 14:16:31.120553 +0000 build-fedora4: ..sign || exit 1; \
2020-10-28 14:16:31.120577 +0000 build-fedora4: elif [ -d qubes-src/dist-upgrade/rpm ]; then \
2020-10-28 14:16:31.120585 +0000 build-fedora4: .# Old mechanism supported only for RPM
2020-10-28 14:16:31.120594 +0000 build-fedora4: FILE_LIST=""; for RPM in qubes-src/dist-upgrade/rpm/*/*.rpm; do \
2020-10-28 14:16:31.120603 +0000 build-fedora4: ..if ! qubes-src/installer-qubes-os/rpm_verify $RPM > /dev/null; then \
2020-10-28 14:16:31.120610 +0000 build-fedora4: ...FILE_LIST="$FILE_LIST $RPM" ;\
2020-10-28 14:16:31.120616 +0000 build-fedora4: ..fi ;\
2020-10-28 14:16:31.120622 +0000 build-fedora4: .done ; \
2020-10-28 14:16:31.120629 +0000 build-fedora4: .if [ -n "$FILE_LIST" ]; then \
2020-10-28 14:16:31.120635 +0000 build-fedora4: ..echo "--> Signing..."; \
2020-10-28 14:16:31.120643 +0000 build-fedora4: ..RPMSIGN_OPTS=--digest-algo=sha256; \
2020-10-28 14:16:31.120649 +0000 build-fedora4: ..if [ -n "$SIGN_KEY" ]; then \
2020-10-28 14:16:31.120657 +0000 build-fedora4: ...RPMSIGN_OPTS="--key-id=$SIGN_KEY"; \
2020-10-28 14:16:31.120662 +0000 build-fedora4: ..fi; \
2020-10-28 14:16:31.120671 +0000 build-fedora4: ..setsid -w rpmsign "$RPMSIGN_OPTS" --addsign $FILE_LIST </dev/null ;\
2020-10-28 14:16:31.120677 +0000 build-fedora4: .fi; \
2020-10-28 14:16:31.120682 +0000 build-fedora4: fi
2020-10-28 14:16:31.127487 +0000 build-fedora4: + ERR_OUTPUT=/dev/stderr
2020-10-28 14:16:31.127532 +0000 build-fedora4: + '[' 2 -lt 2 ']'
2020-10-28 14:16:31.127753 +0000 build-fedora4: ++ basename qubes-src/dist-upgrade/qubes-dist-upgrade.spec.in
2020-10-28 14:16:31.128892 +0000 build-fedora4: + [[ xqubes-dist-upgrade.spec.in == \x\.\i\n ]]
2020-10-28 14:16:31.128934 +0000 build-fedora4: + '[' -r qubes-src/dist-upgrade/qubes-dist-upgrade.spec.in ']'
2020-10-28 14:16:31.129264 +0000 build-fedora4: ++ mktemp --tmpdir tmp.XXXXXX.spec
2020-10-28 14:16:31.129950 +0000 build-fedora4: + tmp_spec=/tmp/tmp.WeEQK0.spec
2020-10-28 14:16:31.130300 +0000 build-fedora4: ++ dirname /home/user/builder-r4.0-dom0/qubes-src/builder-rpm/scripts/query-spec
2020-10-28 14:16:31.131176 +0000 build-fedora4: + /home/user/builder-r4.0-dom0/qubes-src/builder-rpm/scripts/generate-spec qubes-src/dist-upgrade/qubes-dist-upgrade.spec.in /tmp/tmp.WeEQK0.spec
2020-10-28 14:16:31.132391 +0000 build-fedora4: + '[' 2 -lt 2 ']'
2020-10-28 14:16:31.132555 +0000 build-fedora4: + '[' -z qubes-src/dist-upgrade ']'
2020-10-28 14:16:31.132578 +0000 build-fedora4: + cp qubes-src/dist-upgrade/qubes-dist-upgrade.spec.in qubes-src/dist-upgrade/qubes-dist-upgrade.spec.in.tmp
2020-10-28 14:16:31.133995 +0000 build-fedora4: + read -r ver
2020-10-28 14:16:31.134224 +0000 build-fedora4: + '[' x = x ']'
2020-10-28 14:16:31.134253 +0000 build-fedora4: + sed -i 's|@VERSION@|4.0.0|g' qubes-src/dist-upgrade/qubes-dist-upgrade.spec.in.tmp
2020-10-28 14:16:31.135713 +0000 build-fedora4: + vnum=1
2020-10-28 14:16:31.135747 +0000 build-fedora4: + read -r ver
2020-10-28 14:16:31.135896 +0000 build-fedora4: + '[' -e qubes-src/dist-upgrade/rel ']'
2020-10-28 14:16:31.135918 +0000 build-fedora4: + grep -q @REL@ qubes-src/dist-upgrade/qubes-dist-upgrade.spec.in.tmp
2020-10-28 14:16:31.137244 +0000 build-fedora4: + sed -i -e s:@BACKEND_VMM@:xen:g qubes-src/dist-upgrade/qubes-dist-upgrade.spec.in.tmp
2020-10-28 14:16:31.138854 +0000 build-fedora4: + grep -q @CHANGELOG@ qubes-src/dist-upgrade/qubes-dist-upgrade.spec.in.tmp
2020-10-28 14:16:31.140341 +0000 build-fedora4: ++ dirname /home/user/builder-r4.0-dom0/qubes-src/builder-rpm/scripts/generate-spec
2020-10-28 14:16:31.141182 +0000 build-fedora4: + /home/user/builder-r4.0-dom0/qubes-src/builder-rpm/scripts/generate-changelog qubes-src/dist-upgrade qubes-src/dist-upgrade/qubes-dist-upgrade.spec.in.tmp
2020-10-28 14:16:31.240927 +0000 build-fedora4: + cat qubes-src/dist-upgrade/qubes-dist-upgrade.spec.in.tmp
2020-10-28 14:16:31.241701 +0000 build-fedora4: + rm -rf qubes-src/dist-upgrade/qubes-dist-upgrade.spec.in.tmp
2020-10-28 14:16:31.243097 +0000 build-fedora4: + '[' '%{SOURCE0}' = '%{SOURCE0}' ']'
2020-10-28 14:16:31.243288 +0000 build-fedora4: ++ dirname /home/user/builder-r4.0-dom0/qubes-src/builder-rpm/scripts/query-spec
2020-10-28 14:16:31.244093 +0000 build-fedora4: + /home/user/builder-r4.0-dom0/qubes-src/builder-rpm/scripts/../tools/spectool --list-files --source 0 /tmp/tmp.WeEQK0.spec
2020-10-28 14:16:31.294643 +0000 build-fedora4: + rm -f /tmp/tmp.WeEQK0.spec
2020-10-28 14:16:31.297579 +0000 build-fedora4: /home/user/builder-r4.0-dom0/qubes-src/builder-rpm/Makefile.rpmbuilder:182: target 'sign-prep' does not exist
2020-10-28 14:16:31.297613 +0000 build-fedora4: if [ -n "qubes-gpg-client-wrapper" ]; then \
2020-10-28 14:16:31.297625 +0000 build-fedora4: .mkdir -p /home/user/builder-r4.0-dom0/keyrings/rpmdb; \
2020-10-28 14:16:31.297634 +0000 build-fedora4: .tmpname=$(mktemp); \
2020-10-28 14:16:31.297646 +0000 build-fedora4: .qubes-gpg-client-wrapper --armor --export "5817A43B283DE5A9181A522E1848792F9E2795E9" > "$tmpname"; \
2020-10-28 14:16:31.297658 +0000 build-fedora4: .rpmkeys --dbpath=/home/user/builder-r4.0-dom0/keyrings/rpmdb --import "$tmpname"; \
2020-10-28 14:16:31.297666 +0000 build-fedora4: .rm -f "$tmpname"; \
2020-10-28 14:16:31.297673 +0000 build-fedora4: fi
2020-10-28 14:16:31.305417 +0000 build-fedora4: + ERR_OUTPUT=/dev/stderr
2020-10-28 14:16:31.305459 +0000 build-fedora4: + '[' 2 -lt 2 ']'
2020-10-28 14:16:31.306265 +0000 build-fedora4: ++ basename qubes-src/dist-upgrade/qubes-dist-upgrade.spec.in
2020-10-28 14:16:31.306700 +0000 build-fedora4: + [[ xqubes-dist-upgrade.spec.in == \x\.\i\n ]]
2020-10-28 14:16:31.306725 +0000 build-fedora4: + '[' -r qubes-src/dist-upgrade/qubes-dist-upgrade.spec.in ']'
2020-10-28 14:16:31.307453 +0000 build-fedora4: ++ mktemp --tmpdir tmp.XXXXXX.spec
2020-10-28 14:16:31.307752 +0000 build-fedora4: + tmp_spec=/tmp/tmp.dQGnPL.spec
2020-10-28 14:16:31.307921 +0000 build-fedora4: ++ dirname /home/user/builder-r4.0-dom0/qubes-src/builder-rpm/scripts/query-spec
2020-10-28 14:16:31.308788 +0000 build-fedora4: + /home/user/builder-r4.0-dom0/qubes-src/builder-rpm/scripts/generate-spec qubes-src/dist-upgrade/qubes-dist-upgrade.spec.in /tmp/tmp.dQGnPL.spec
2020-10-28 14:16:31.309899 +0000 build-fedora4: + '[' 2 -lt 2 ']'
2020-10-28 14:16:31.309925 +0000 build-fedora4: + '[' -z qubes-src/dist-upgrade ']'
2020-10-28 14:16:31.310053 +0000 build-fedora4: + cp qubes-src/dist-upgrade/qubes-dist-upgrade.spec.in qubes-src/dist-upgrade/qubes-dist-upgrade.spec.in.tmp
2020-10-28 14:16:31.311388 +0000 build-fedora4: + read -r ver
2020-10-28 14:16:31.311583 +0000 build-fedora4: + '[' x = x ']'
2020-10-28 14:16:31.311604 +0000 build-fedora4: + sed -i 's|@VERSION@|4.0.0|g' qubes-src/dist-upgrade/qubes-dist-upgrade.spec.in.tmp
2020-10-28 14:16:31.312960 +0000 build-fedora4: + vnum=1
2020-10-28 14:16:31.312994 +0000 build-fedora4: + read -r ver
2020-10-28 14:16:31.313003 +0000 build-fedora4: + '[' -e qubes-src/dist-upgrade/rel ']'
2020-10-28 14:16:31.313155 +0000 build-fedora4: + grep -q @REL@ qubes-src/dist-upgrade/qubes-dist-upgrade.spec.in.tmp
2020-10-28 14:16:31.314093 +0000 build-fedora4: + sed -i -e s:@BACKEND_VMM@:xen:g qubes-src/dist-upgrade/qubes-dist-upgrade.spec.in.tmp
2020-10-28 14:16:31.315632 +0000 build-fedora4: + grep -q @CHANGELOG@ qubes-src/dist-upgrade/qubes-dist-upgrade.spec.in.tmp
2020-10-28 14:16:31.316999 +0000 build-fedora4: ++ dirname /home/user/builder-r4.0-dom0/qubes-src/builder-rpm/scripts/generate-spec
2020-10-28 14:16:31.317718 +0000 build-fedora4: + /home/user/builder-r4.0-dom0/qubes-src/builder-rpm/scripts/generate-changelog qubes-src/dist-upgrade qubes-src/dist-upgrade/qubes-dist-upgrade.spec.in.tmp
2020-10-28 14:16:31.418347 +0000 build-fedora4: + cat qubes-src/dist-upgrade/qubes-dist-upgrade.spec.in.tmp
2020-10-28 14:16:31.419111 +0000 build-fedora4: + rm -rf qubes-src/dist-upgrade/qubes-dist-upgrade.spec.in.tmp
2020-10-28 14:16:31.420397 +0000 build-fedora4: + '[' '%{SOURCE0}' = '%{SOURCE0}' ']'
2020-10-28 14:16:31.420577 +0000 build-fedora4: ++ dirname /home/user/builder-r4.0-dom0/qubes-src/builder-rpm/scripts/query-spec
2020-10-28 14:16:31.421391 +0000 build-fedora4: + /home/user/builder-r4.0-dom0/qubes-src/builder-rpm/scripts/../tools/spectool --list-files --source 0 /tmp/tmp.dQGnPL.spec
2020-10-28 14:16:31.472526 +0000 build-fedora4: + rm -f /tmp/tmp.dQGnPL.spec
2020-10-28 14:16:31.593494 +0000 build-fedora4: /home/user/builder-r4.0-dom0/qubes-src/builder-rpm/Makefile.rpmbuilder:198: update target 'sign' due to: sign-prep
2020-10-28 14:16:31.593541 +0000 build-fedora4: cd qubes-src/dist-upgrade && for pkg in pkgs/dom0-fc25/noarch/qubes-dist-upgrade-4.0.0-1.noarch.rpm ; do \
2020-10-28 14:16:31.593553 +0000 build-fedora4: .if [ "${pkg##*.}" = "buildinfo" ]; then \
2020-10-28 14:16:31.593570 +0000 build-fedora4: ../home/user/builder-r4.0-dom0/qubes-src/builder-rpm/scripts/update-rpmbuildinfo "$pkg" | qubes-gpg-client-wrapper --clearsign --local-user 5817A43B283DE5A9181A522E1848792F9E2795E9 > "$pkg".tmp && \
2020-10-28 14:16:31.593579 +0000 build-fedora4: ..mv -f "$pkg".tmp "$pkg"; \
2020-10-28 14:16:31.593587 +0000 build-fedora4: .elif ! rpm -K $pkg | grep -qi pgp; then \
2020-10-28 14:16:31.593599 +0000 build-fedora4: ..setsid -w rpmsign  --digest-algo=sha256 --key-id=5817A43B283DE5A9181A522E1848792F9E2795E9 --addsign $pkg </dev/null || exit 1; \
2020-10-28 14:16:31.593606 +0000 build-fedora4: .fi; \
2020-10-28 14:16:31.593612 +0000 build-fedora4: done
2020-10-28 14:16:31.601141 +0000 build-fedora4: + ERR_OUTPUT=/dev/stderr
2020-10-28 14:16:31.601181 +0000 build-fedora4: + '[' 2 -lt 2 ']'
2020-10-28 14:16:31.602096 +0000 build-fedora4: ++ basename qubes-src/dist-upgrade/qubes-dist-upgrade.spec.in
2020-10-28 14:16:31.602395 +0000 build-fedora4: + [[ xqubes-dist-upgrade.spec.in == \x\.\i\n ]]
2020-10-28 14:16:31.602418 +0000 build-fedora4: + '[' -r qubes-src/dist-upgrade/qubes-dist-upgrade.spec.in ']'
2020-10-28 14:16:31.602570 +0000 build-fedora4: ++ mktemp --tmpdir tmp.XXXXXX.spec
2020-10-28 14:16:31.603348 +0000 build-fedora4: + tmp_spec=/tmp/tmp.ADGjQy.spec
2020-10-28 14:16:31.603500 +0000 build-fedora4: ++ dirname /home/user/builder-r4.0-dom0/qubes-src/builder-rpm/scripts/query-spec
2020-10-28 14:16:31.604306 +0000 build-fedora4: + /home/user/builder-r4.0-dom0/qubes-src/builder-rpm/scripts/generate-spec qubes-src/dist-upgrade/qubes-dist-upgrade.spec.in /tmp/tmp.ADGjQy.spec
2020-10-28 14:16:31.605356 +0000 build-fedora4: + '[' 2 -lt 2 ']'
2020-10-28 14:16:31.605379 +0000 build-fedora4: + '[' -z qubes-src/dist-upgrade ']'
2020-10-28 14:16:31.605395 +0000 build-fedora4: + cp qubes-src/dist-upgrade/qubes-dist-upgrade.spec.in qubes-src/dist-upgrade/qubes-dist-upgrade.spec.in.tmp
2020-10-28 14:16:31.606714 +0000 build-fedora4: + read -r ver
2020-10-28 14:16:31.606743 +0000 build-fedora4: + '[' x = x ']'
2020-10-28 14:16:31.606759 +0000 build-fedora4: + sed -i 's|@VERSION@|4.0.0|g' qubes-src/dist-upgrade/qubes-dist-upgrade.spec.in.tmp
2020-10-28 14:16:31.608249 +0000 build-fedora4: + vnum=1
2020-10-28 14:16:31.608303 +0000 build-fedora4: + read -r ver
2020-10-28 14:16:31.608315 +0000 build-fedora4: + '[' -e qubes-src/dist-upgrade/rel ']'
2020-10-28 14:16:31.608325 +0000 build-fedora4: + grep -q @REL@ qubes-src/dist-upgrade/qubes-dist-upgrade.spec.in.tmp
2020-10-28 14:16:31.609387 +0000 build-fedora4: + sed -i -e s:@BACKEND_VMM@:xen:g qubes-src/dist-upgrade/qubes-dist-upgrade.spec.in.tmp
2020-10-28 14:16:31.610923 +0000 build-fedora4: + grep -q @CHANGELOG@ qubes-src/dist-upgrade/qubes-dist-upgrade.spec.in.tmp
2020-10-28 14:16:31.612176 +0000 build-fedora4: ++ dirname /home/user/builder-r4.0-dom0/qubes-src/builder-rpm/scripts/generate-spec
2020-10-28 14:16:31.613874 +0000 build-fedora4: + /home/user/builder-r4.0-dom0/qubes-src/builder-rpm/scripts/generate-changelog qubes-src/dist-upgrade qubes-src/dist-upgrade/qubes-dist-upgrade.spec.in.tmp
2020-10-28 14:16:31.714211 +0000 build-fedora4: + cat qubes-src/dist-upgrade/qubes-dist-upgrade.spec.in.tmp
2020-10-28 14:16:31.715410 +0000 build-fedora4: + rm -rf qubes-src/dist-upgrade/qubes-dist-upgrade.spec.in.tmp
2020-10-28 14:16:31.716404 +0000 build-fedora4: + '[' '%{SOURCE0}' = '%{SOURCE0}' ']'
2020-10-28 14:16:31.716577 +0000 build-fedora4: ++ dirname /home/user/builder-r4.0-dom0/qubes-src/builder-rpm/scripts/query-spec
2020-10-28 14:16:31.717397 +0000 build-fedora4: + /home/user/builder-r4.0-dom0/qubes-src/builder-rpm/scripts/../tools/spectool --list-files --source 0 /tmp/tmp.ADGjQy.spec
2020-10-28 14:16:31.768206 +0000 build-fedora4: + rm -f /tmp/tmp.ADGjQy.spec
2020-10-28 14:16:32.247170 +0000 build-fedora4: pkgs/dom0-fc25/noarch/qubes-dist-upgrade-4.0.0-1.noarch.rpm:
2020-10-28 14:16:32.251844 +0000 build-fedora4: Makefile:831: target 'internal-update-repo-current-testing.dom0.fc25.dist-upgrade' does not exist
2020-10-28 14:16:32.251883 +0000 build-fedora4: repo_base_var="LINUX_REPO_fc25_BASEDIR"; \
2020-10-28 14:16:32.251895 +0000 build-fedora4: if [ "dist-upgrade" = linux-template-builder ]; then \
2020-10-28 14:16:32.251905 +0000 build-fedora4: .# templates belongs to dom0 repository, even though PACKAGE_SET=vm
2020-10-28 14:16:32.251913 +0000 build-fedora4: repo_base_var="LINUX_REPO_fc25_BASEDIR"; \
2020-10-28 14:16:32.251919 +0000 build-fedora4: fi; \
2020-10-28 14:16:32.251927 +0000 build-fedora4: if [ -n "${!repo_base_var}" ]; then \
2020-10-28 14:16:32.251934 +0000 build-fedora4: .repo_basedir="${!repo_base_var}"; \
2020-10-28 14:16:32.251939 +0000 build-fedora4: else \
2020-10-28 14:16:32.251947 +0000 build-fedora4: .repo_basedir="qubes-src/linux-yum/r4.0"; \
2020-10-28 14:16:32.251952 +0000 build-fedora4: fi; \
2020-10-28 14:16:32.251960 +0000 build-fedora4: if [ -r qubes-src/dist-upgrade/Makefile.builder ]; then \
2020-10-28 14:16:32.251968 +0000 build-fedora4: .echo -n "Updating qubes-src/dist-upgrade... "; \
2020-10-28 14:16:32.251975 +0000 build-fedora4: .if [ "0" -eq 1 ]; then \
2020-10-28 14:16:32.251984 +0000 build-fedora4: ..vtag=`git -C qubes-src/dist-upgrade tag --points-at HEAD --list v*`; \
2020-10-28 14:16:32.251990 +0000 build-fedora4: ..if [ -z "$vtag" ]; then \
2020-10-28 14:16:32.251997 +0000 build-fedora4: ...echo "no version tag"; \
2020-10-28 14:16:32.252003 +0000 build-fedora4: ...exit 0; \
2020-10-28 14:16:32.252009 +0000 build-fedora4: ..fi; \
2020-10-28 14:16:32.252014 +0000 build-fedora4: .fi; \
2020-10-28 14:16:32.252022 +0000 build-fedora4: .if [ "dist-upgrade" = linux-template-builder ]; then
2020-10-28 14:16:32.252032 +0000 build-fedora4: export TEMPLATE_NAME=$(MAKEFLAGS= make -s -C qubes-src/linux-template-builder DIST=fc25 template-name)
2020-10-28 14:16:32.252038 +0000 build-fedora4: fi
2020-10-28 14:16:32.252056 +0000 build-fedora4: component_packages=$(MAKEFLAGS= make -s -f Makefile.generic DIST=fc25 PACKAGE_SET=dom0 COMPONENT=`basename qubes-src/dist-upgrade` UPDATE_REPO=/home/user/builder-r4.0-dom0/$repo_basedir/current-testing/dom0/fc25 get-var GET_VAR=PACKAGE_LIST); \
2020-10-28 14:16:32.252065 +0000 build-fedora4: .if [ -z "$component_packages" ]; then \
2020-10-28 14:16:32.252072 +0000 build-fedora4: ..echo "no packages."; \
2020-10-28 14:16:32.252078 +0000 build-fedora4: ..exit 0; \
2020-10-28 14:16:32.252083 +0000 build-fedora4: .fi; \
2020-10-28 14:16:32.252091 +0000 build-fedora4: .make -s -f Makefile.generic DIST=fc25 PACKAGE_SET=dom0 \
2020-10-28 14:16:32.252099 +0000 build-fedora4: ..COMPONENT=`basename qubes-src/dist-upgrade` \
2020-10-28 14:16:32.252106 +0000 build-fedora4: ..SNAPSHOT_REPO=current-testing \
2020-10-28 14:16:32.252112 +0000 build-fedora4: ..TARGET_REPO=current-testing \
2020-10-28 14:16:32.252122 +0000 build-fedora4: ..UPDATE_REPO=/home/user/builder-r4.0-dom0/$repo_basedir/current-testing/dom0/fc25 \
2020-10-28 14:16:32.252134 +0000 build-fedora4: ..SNAPSHOT_FILE=/home/user/builder-r4.0-dom0/repo-latest-snapshot/current-testing-dom0-fc25-`basename qubes-src/dist-upgrade` \
2020-10-28 14:16:32.252145 +0000 build-fedora4: ..BUILD_LOG_URL=https://github.com/QubesOS/build-logs/tree/master/build-fedora4/log_2020-10-28_14-16-14 \
2020-10-28 14:16:32.252152 +0000 build-fedora4: ..update-repo || exit 1; \
2020-10-28 14:16:32.252180 +0000 build-fedora4: elif make -C qubes-src/dist-upgrade -n update-repo-current-testing >/dev/null 2>/dev/null; then \
2020-10-28 14:16:32.252193 +0000 build-fedora4: .echo "Updating qubes-src/dist-upgrade... "; \
2020-10-28 14:16:32.252204 +0000 build-fedora4: .DIST=fc25 UPDATE_REPO=/home/user/builder-r4.0-dom0/$repo_basedir/current-testing/dom0/fc25 \
2020-10-28 14:16:32.252213 +0000 build-fedora4: .make -s -C qubes-src/dist-upgrade update-repo-current-testing || exit 1; \
2020-10-28 14:16:32.252218 +0000 build-fedora4: else \
2020-10-28 14:16:32.252227 +0000 build-fedora4: .echo -n "Updating qubes-src/dist-upgrade... skipping."; \
2020-10-28 14:16:32.252232 +0000 build-fedora4: fi; \
2020-10-28 14:16:32.252260 +0000 build-fedora4: echo
2020-10-28 14:16:32.272232 +0000 build-fedora4: Updating qubes-src/dist-upgrade... + ERR_OUTPUT=/dev/stderr
2020-10-28 14:16:32.272282 +0000 build-fedora4: + '[' 2 -lt 2 ']'
2020-10-28 14:16:32.273851 +0000 build-fedora4: ++ basename qubes-src/dist-upgrade/qubes-dist-upgrade.spec.in
2020-10-28 14:16:32.273885 +0000 build-fedora4: + [[ xqubes-dist-upgrade.spec.in == \x\.\i\n ]]
2020-10-28 14:16:32.273895 +0000 build-fedora4: + '[' -r qubes-src/dist-upgrade/qubes-dist-upgrade.spec.in ']'
2020-10-28 14:16:32.275121 +0000 build-fedora4: ++ mktemp --tmpdir tmp.XXXXXX.spec
2020-10-28 14:16:32.276896 +0000 build-fedora4: + tmp_spec=/tmp/tmp.qRYu8U.spec
2020-10-28 14:16:32.277442 +0000 build-fedora4: ++ dirname /home/user/builder-r4.0-dom0/qubes-src/builder-rpm/scripts/query-spec
2020-10-28 14:16:32.279266 +0000 build-fedora4: + /home/user/builder-r4.0-dom0/qubes-src/builder-rpm/scripts/generate-spec qubes-src/dist-upgrade/qubes-dist-upgrade.spec.in /tmp/tmp.qRYu8U.spec
2020-10-28 14:16:32.282735 +0000 build-fedora4: + '[' 2 -lt 2 ']'
2020-10-28 14:16:32.282770 +0000 build-fedora4: + '[' -z qubes-src/dist-upgrade ']'
2020-10-28 14:16:32.282784 +0000 build-fedora4: + cp qubes-src/dist-upgrade/qubes-dist-upgrade.spec.in qubes-src/dist-upgrade/qubes-dist-upgrade.spec.in.tmp
2020-10-28 14:16:32.284006 +0000 build-fedora4: + read -r ver
2020-10-28 14:16:32.284036 +0000 build-fedora4: + '[' x = x ']'
2020-10-28 14:16:32.284049 +0000 build-fedora4: + sed -i 's|@VERSION@|4.0.0|g' qubes-src/dist-upgrade/qubes-dist-upgrade.spec.in.tmp
2020-10-28 14:16:32.286634 +0000 build-fedora4: + vnum=1
2020-10-28 14:16:32.286669 +0000 build-fedora4: + read -r ver
2020-10-28 14:16:32.286679 +0000 build-fedora4: + '[' -e qubes-src/dist-upgrade/rel ']'
2020-10-28 14:16:32.286689 +0000 build-fedora4: + grep -q @REL@ qubes-src/dist-upgrade/qubes-dist-upgrade.spec.in.tmp
2020-10-28 14:16:32.287708 +0000 build-fedora4: + sed -i -e s:@BACKEND_VMM@:xen:g qubes-src/dist-upgrade/qubes-dist-upgrade.spec.in.tmp
2020-10-28 14:16:32.289758 +0000 build-fedora4: + grep -q @CHANGELOG@ qubes-src/dist-upgrade/qubes-dist-upgrade.spec.in.tmp
2020-10-28 14:16:32.298981 +0000 build-fedora4: ++ dirname /home/user/builder-r4.0-dom0/qubes-src/builder-rpm/scripts/generate-spec
2020-10-28 14:16:32.300065 +0000 build-fedora4: + /home/user/builder-r4.0-dom0/qubes-src/builder-rpm/scripts/generate-changelog qubes-src/dist-upgrade qubes-src/dist-upgrade/qubes-dist-upgrade.spec.in.tmp
2020-10-28 14:16:32.697371 +0000 build-fedora4: + cat qubes-src/dist-upgrade/qubes-dist-upgrade.spec.in.tmp
2020-10-28 14:16:32.697420 +0000 build-fedora4: + rm -rf qubes-src/dist-upgrade/qubes-dist-upgrade.spec.in.tmp
2020-10-28 14:16:32.701093 +0000 build-fedora4: + '[' '%{SOURCE0}' = '%{SOURCE0}' ']'
2020-10-28 14:16:32.701132 +0000 build-fedora4: ++ dirname /home/user/builder-r4.0-dom0/qubes-src/builder-rpm/scripts/query-spec
2020-10-28 14:16:32.762415 +0000 build-fedora4: + /home/user/builder-r4.0-dom0/qubes-src/builder-rpm/scripts/../tools/spectool --list-files --source 0 /tmp/tmp.qRYu8U.spec
2020-10-28 14:16:32.931051 +0000 build-fedora4: + rm -f /tmp/tmp.qRYu8U.spec
2020-10-28 14:16:32.948756 +0000 build-fedora4: + ERR_OUTPUT=/dev/stderr
2020-10-28 14:16:32.951412 +0000 build-fedora4: + '[' 2 -lt 2 ']'
2020-10-28 14:16:32.951465 +0000 build-fedora4: ++ basename qubes-src/dist-upgrade/qubes-dist-upgrade.spec.in
2020-10-28 14:16:32.952535 +0000 build-fedora4: + [[ xqubes-dist-upgrade.spec.in == \x\.\i\n ]]
2020-10-28 14:16:32.952569 +0000 build-fedora4: + '[' -r qubes-src/dist-upgrade/qubes-dist-upgrade.spec.in ']'
2020-10-28 14:16:32.953135 +0000 build-fedora4: ++ mktemp --tmpdir tmp.XXXXXX.spec
2020-10-28 14:16:32.956680 +0000 build-fedora4: + tmp_spec=/tmp/tmp.ouQr2z.spec
2020-10-28 14:16:32.957473 +0000 build-fedora4: ++ dirname /home/user/builder-r4.0-dom0/qubes-src/builder-rpm/scripts/query-spec
2020-10-28 14:16:32.963878 +0000 build-fedora4: + /home/user/builder-r4.0-dom0/qubes-src/builder-rpm/scripts/generate-spec qubes-src/dist-upgrade/qubes-dist-upgrade.spec.in /tmp/tmp.ouQr2z.spec
2020-10-28 14:16:32.963913 +0000 build-fedora4: + '[' 2 -lt 2 ']'
2020-10-28 14:16:32.963924 +0000 build-fedora4: + '[' -z qubes-src/dist-upgrade ']'
2020-10-28 14:16:32.963936 +0000 build-fedora4: + cp qubes-src/dist-upgrade/qubes-dist-upgrade.spec.in qubes-src/dist-upgrade/qubes-dist-upgrade.spec.in.tmp
2020-10-28 14:16:32.963943 +0000 build-fedora4: + read -r ver
2020-10-28 14:16:32.963950 +0000 build-fedora4: + '[' x = x ']'
2020-10-28 14:16:32.963960 +0000 build-fedora4: + sed -i 's|@VERSION@|4.0.0|g' qubes-src/dist-upgrade/qubes-dist-upgrade.spec.in.tmp
2020-10-28 14:16:32.963966 +0000 build-fedora4: + vnum=1
2020-10-28 14:16:32.963972 +0000 build-fedora4: + read -r ver
2020-10-28 14:16:32.963979 +0000 build-fedora4: + '[' -e qubes-src/dist-upgrade/rel ']'
2020-10-28 14:16:32.963988 +0000 build-fedora4: + grep -q @REL@ qubes-src/dist-upgrade/qubes-dist-upgrade.spec.in.tmp
2020-10-28 14:16:32.963998 +0000 build-fedora4: + sed -i -e s:@BACKEND_VMM@:xen:g qubes-src/dist-upgrade/qubes-dist-upgrade.spec.in.tmp
2020-10-28 14:16:32.965487 +0000 build-fedora4: + grep -q @CHANGELOG@ qubes-src/dist-upgrade/qubes-dist-upgrade.spec.in.tmp
2020-10-28 14:16:32.970877 +0000 build-fedora4: ++ dirname /home/user/builder-r4.0-dom0/qubes-src/builder-rpm/scripts/generate-spec
2020-10-28 14:16:32.970920 +0000 build-fedora4: + /home/user/builder-r4.0-dom0/qubes-src/builder-rpm/scripts/generate-changelog qubes-src/dist-upgrade qubes-src/dist-upgrade/qubes-dist-upgrade.spec.in.tmp
2020-10-28 14:16:33.454443 +0000 build-fedora4: + cat qubes-src/dist-upgrade/qubes-dist-upgrade.spec.in.tmp
2020-10-28 14:16:33.478720 +0000 build-fedora4: + rm -rf qubes-src/dist-upgrade/qubes-dist-upgrade.spec.in.tmp
2020-10-28 14:16:33.480880 +0000 build-fedora4: + '[' '%{SOURCE0}' = '%{SOURCE0}' ']'
2020-10-28 14:16:33.487969 +0000 build-fedora4: ++ dirname /home/user/builder-r4.0-dom0/qubes-src/builder-rpm/scripts/query-spec
2020-10-28 14:16:33.488010 +0000 build-fedora4: + /home/user/builder-r4.0-dom0/qubes-src/builder-rpm/scripts/../tools/spectool --list-files --source 0 /tmp/tmp.ouQr2z.spec
2020-10-28 14:16:33.593312 +0000 build-fedora4: + rm -f /tmp/tmp.ouQr2z.spec
2020-10-28 14:16:33.644444 +0000 build-fedora4: + ERR_OUTPUT=/dev/stderr
2020-10-28 14:16:33.645581 +0000 build-fedora4: + '[' 2 -lt 2 ']'
2020-10-28 14:16:33.651639 +0000 build-fedora4: ++ basename qubes-src/dist-upgrade/qubes-dist-upgrade.spec.in
2020-10-28 14:16:33.651676 +0000 build-fedora4: + [[ xqubes-dist-upgrade.spec.in == \x\.\i\n ]]
2020-10-28 14:16:33.654273 +0000 build-fedora4: + '[' -r qubes-src/dist-upgrade/qubes-dist-upgrade.spec.in ']'
2020-10-28 14:16:33.654328 +0000 build-fedora4: ++ mktemp --tmpdir tmp.XXXXXX.spec
2020-10-28 14:16:33.654338 +0000 build-fedora4: + tmp_spec=/tmp/tmp.bx9Mvo.spec
2020-10-28 14:16:33.654348 +0000 build-fedora4: ++ dirname /home/user/builder-r4.0-dom0/qubes-src/builder-rpm/scripts/query-spec
2020-10-28 14:16:33.654363 +0000 build-fedora4: + /home/user/builder-r4.0-dom0/qubes-src/builder-rpm/scripts/generate-spec qubes-src/dist-upgrade/qubes-dist-upgrade.spec.in /tmp/tmp.bx9Mvo.spec
2020-10-28 14:16:33.656282 +0000 build-fedora4: + '[' 2 -lt 2 ']'
2020-10-28 14:16:33.656334 +0000 build-fedora4: + '[' -z qubes-src/dist-upgrade ']'
2020-10-28 14:16:33.656363 +0000 build-fedora4: + cp qubes-src/dist-upgrade/qubes-dist-upgrade.spec.in qubes-src/dist-upgrade/qubes-dist-upgrade.spec.in.tmp
2020-10-28 14:16:33.661083 +0000 build-fedora4: + read -r ver
2020-10-28 14:16:33.661120 +0000 build-fedora4: + '[' x = x ']'
2020-10-28 14:16:33.661134 +0000 build-fedora4: + sed -i 's|@VERSION@|4.0.0|g' qubes-src/dist-upgrade/qubes-dist-upgrade.spec.in.tmp
2020-10-28 14:16:33.661142 +0000 build-fedora4: + vnum=1
2020-10-28 14:16:33.661148 +0000 build-fedora4: + read -r ver
2020-10-28 14:16:33.661156 +0000 build-fedora4: + '[' -e qubes-src/dist-upgrade/rel ']'
2020-10-28 14:16:33.661165 +0000 build-fedora4: + grep -q @REL@ qubes-src/dist-upgrade/qubes-dist-upgrade.spec.in.tmp
2020-10-28 14:16:33.661175 +0000 build-fedora4: + sed -i -e s:@BACKEND_VMM@:xen:g qubes-src/dist-upgrade/qubes-dist-upgrade.spec.in.tmp
2020-10-28 14:16:33.670731 +0000 build-fedora4: + grep -q @CHANGELOG@ qubes-src/dist-upgrade/qubes-dist-upgrade.spec.in.tmp
2020-10-28 14:16:33.673529 +0000 build-fedora4: ++ dirname /home/user/builder-r4.0-dom0/qubes-src/builder-rpm/scripts/generate-spec
2020-10-28 14:16:33.683866 +0000 build-fedora4: + /home/user/builder-r4.0-dom0/qubes-src/builder-rpm/scripts/generate-changelog qubes-src/dist-upgrade qubes-src/dist-upgrade/qubes-dist-upgrade.spec.in.tmp
2020-10-28 14:16:34.183752 +0000 build-fedora4: + cat qubes-src/dist-upgrade/qubes-dist-upgrade.spec.in.tmp
2020-10-28 14:16:34.202077 +0000 build-fedora4: + rm -rf qubes-src/dist-upgrade/qubes-dist-upgrade.spec.in.tmp
2020-10-28 14:16:34.208251 +0000 build-fedora4: + '[' '%{SOURCE0}' = '%{SOURCE0}' ']'
2020-10-28 14:16:34.208472 +0000 build-fedora4: ++ dirname /home/user/builder-r4.0-dom0/qubes-src/builder-rpm/scripts/query-spec
2020-10-28 14:16:34.209533 +0000 build-fedora4: + /home/user/builder-r4.0-dom0/qubes-src/builder-rpm/scripts/../tools/spectool --list-files --source 0 /tmp/tmp.bx9Mvo.spec
2020-10-28 14:16:34.334155 +0000 build-fedora4: + rm -f /tmp/tmp.bx9Mvo.spec
2020-10-28 14:16:34.351328 +0000 build-fedora4: /home/user/builder-r4.0-dom0/qubes-src/builder-rpm/Makefile.rpmbuilder:157: target 'update-repo-do' does not exist
2020-10-28 14:16:34.351370 +0000 build-fedora4: mkdir -p /home/user/builder-r4.0-dom0/qubes-src/linux-yum/r4.0/current-testing/dom0/fc25/rpm
2020-10-28 14:16:34.374184 +0000 build-fedora4: + ERR_OUTPUT=/dev/stderr
2020-10-28 14:16:34.374228 +0000 build-fedora4: + '[' 2 -lt 2 ']'
2020-10-28 14:16:34.374240 +0000 build-fedora4: ++ basename qubes-src/dist-upgrade/qubes-dist-upgrade.spec.in
2020-10-28 14:16:34.374249 +0000 build-fedora4: + [[ xqubes-dist-upgrade.spec.in == \x\.\i\n ]]
2020-10-28 14:16:34.374258 +0000 build-fedora4: + '[' -r qubes-src/dist-upgrade/qubes-dist-upgrade.spec.in ']'
2020-10-28 14:16:34.374286 +0000 build-fedora4: ++ mktemp --tmpdir tmp.XXXXXX.spec
2020-10-28 14:16:34.374294 +0000 build-fedora4: + tmp_spec=/tmp/tmp.dkwq02.spec
2020-10-28 14:16:34.374303 +0000 build-fedora4: ++ dirname /home/user/builder-r4.0-dom0/qubes-src/builder-rpm/scripts/query-spec
2020-10-28 14:16:34.374317 +0000 build-fedora4: + /home/user/builder-r4.0-dom0/qubes-src/builder-rpm/scripts/generate-spec qubes-src/dist-upgrade/qubes-dist-upgrade.spec.in /tmp/tmp.dkwq02.spec
2020-10-28 14:16:34.374324 +0000 build-fedora4: + '[' 2 -lt 2 ']'
2020-10-28 14:16:34.374331 +0000 build-fedora4: + '[' -z qubes-src/dist-upgrade ']'
2020-10-28 14:16:34.374345 +0000 build-fedora4: + cp qubes-src/dist-upgrade/qubes-dist-upgrade.spec.in qubes-src/dist-upgrade/qubes-dist-upgrade.spec.in.tmp
2020-10-28 14:16:34.374352 +0000 build-fedora4: + read -r ver
2020-10-28 14:16:34.374358 +0000 build-fedora4: + '[' x = x ']'
2020-10-28 14:16:34.374368 +0000 build-fedora4: + sed -i 's|@VERSION@|4.0.0|g' qubes-src/dist-upgrade/qubes-dist-upgrade.spec.in.tmp
2020-10-28 14:16:34.377818 +0000 build-fedora4: + vnum=1
2020-10-28 14:16:34.377852 +0000 build-fedora4: + read -r ver
2020-10-28 14:16:34.377863 +0000 build-fedora4: + '[' -e qubes-src/dist-upgrade/rel ']'
2020-10-28 14:16:34.377888 +0000 build-fedora4: + grep -q @REL@ qubes-src/dist-upgrade/qubes-dist-upgrade.spec.in.tmp
2020-10-28 14:16:34.379176 +0000 build-fedora4: + sed -i -e s:@BACKEND_VMM@:xen:g qubes-src/dist-upgrade/qubes-dist-upgrade.spec.in.tmp
2020-10-28 14:16:34.380580 +0000 build-fedora4: + grep -q @CHANGELOG@ qubes-src/dist-upgrade/qubes-dist-upgrade.spec.in.tmp
2020-10-28 14:16:34.382075 +0000 build-fedora4: ++ dirname /home/user/builder-r4.0-dom0/qubes-src/builder-rpm/scripts/generate-spec
2020-10-28 14:16:34.382781 +0000 build-fedora4: + /home/user/builder-r4.0-dom0/qubes-src/builder-rpm/scripts/generate-changelog qubes-src/dist-upgrade qubes-src/dist-upgrade/qubes-dist-upgrade.spec.in.tmp
2020-10-28 14:16:34.816170 +0000 build-fedora4: + cat qubes-src/dist-upgrade/qubes-dist-upgrade.spec.in.tmp
2020-10-28 14:16:34.817957 +0000 build-fedora4: + rm -rf qubes-src/dist-upgrade/qubes-dist-upgrade.spec.in.tmp
2020-10-28 14:16:34.822100 +0000 build-fedora4: + '[' '%{SOURCE0}' = '%{SOURCE0}' ']'
2020-10-28 14:16:34.822138 +0000 build-fedora4: ++ dirname /home/user/builder-r4.0-dom0/qubes-src/builder-rpm/scripts/query-spec
2020-10-28 14:16:34.823997 +0000 build-fedora4: + /home/user/builder-r4.0-dom0/qubes-src/builder-rpm/scripts/../tools/spectool --list-files --source 0 /tmp/tmp.dkwq02.spec
2020-10-28 14:16:35.110821 +0000 build-fedora4: + rm -f /tmp/tmp.dkwq02.spec
2020-10-28 14:16:35.122867 +0000 build-fedora4: if [ -n "pkgs/dom0-fc25/noarch/qubes-dist-upgrade-4.0.0-1.noarch.rpm" ]; then \
2020-10-28 14:16:35.122914 +0000 build-fedora4: .cd qubes-src/dist-upgrade && ln -f pkgs/dom0-fc25/noarch/qubes-dist-upgrade-4.0.0-1.noarch.rpm  /home/user/builder-r4.0-dom0/qubes-src/linux-yum/r4.0/current-testing/dom0/fc25/rpm/; \
2020-10-28 14:16:35.122923 +0000 build-fedora4: else \
2020-10-28 14:16:35.122935 +0000 build-fedora4: .echo "`tput bold`No packages defined by qubes-dist-upgrade.spec, syntax error?`tput sgr0`"; \
2020-10-28 14:16:35.122942 +0000 build-fedora4: .exit 1; \
2020-10-28 14:16:35.122948 +0000 build-fedora4: fi
2020-10-28 14:16:35.130870 +0000 build-fedora4: cd qubes-src/dist-upgrade && echo pkgs/dom0-fc25/noarch/qubes-dist-upgrade-4.0.0-1.noarch.rpm  > /home/user/builder-r4.0-dom0/repo-latest-snapshot/current-testing-dom0-fc25-dist-upgrade
2020-10-28 14:16:35.159041 +0000 build-fedora4: /home/user/builder-r4.0-dom0/qubes-src/builder-github//Makefile.github:18: target 'notify-github' does not exist
2020-10-28 14:16:35.159085 +0000 build-fedora4: [ -z "qubes-dist-upgrade-4.0.0-1" ] || /home/user/builder-r4.0-dom0/qubes-src/builder-github//notify-issues \
2020-10-28 14:16:35.159099 +0000 build-fedora4: .--build-log="https://github.com/QubesOS/build-logs/tree/master/build-fedora4/log_2020-10-28_14-16-14" \
2020-10-28 14:16:35.159106 +0000 build-fedora4: .upload \
2020-10-28 14:16:35.159113 +0000 build-fedora4: ."r4.0" \
2020-10-28 14:16:35.159120 +0000 build-fedora4: ."qubes-src/dist-upgrade" \
2020-10-28 14:16:35.159127 +0000 build-fedora4: ."qubes-dist-upgrade-4.0.0-1" \
2020-10-28 14:16:35.159133 +0000 build-fedora4: ."fc25" \
2020-10-28 14:16:35.159139 +0000 build-fedora4: ."dom0" \
2020-10-28 14:16:35.159145 +0000 build-fedora4: ."current-testing" \
2020-10-28 14:16:35.159155 +0000 build-fedora4: ."/home/user/github-notify-state/r4.0-dist-upgrade-dom0-fc25-current-testing" \
2020-10-28 14:16:35.159164 +0000 build-fedora4: ."/home/user/github-notify-state/r4.0-dist-upgrade-dom0-fc25-current"
