2023-08-28 00:13:48.656762 +0000 > starting log
2023-08-28 00:13:48.657012 +0000 build-fedora4: > starting build with log
2023-08-28 00:13:48.657025 +0000 build-fedora4: >> make args: update-repo-current
2023-08-28 00:13:48.657033 +0000 build-fedora4: >> MAKEFLAGS=
2023-08-28 00:13:48.657040 +0000 build-fedora4: >> COMPONENTS=core-admin
2023-08-28 00:13:48.657047 +0000 build-fedora4: >> DISTS_VM=fc37 fc38
2023-08-28 00:13:48.657053 +0000 build-fedora4: >> DIST_DOM0=
2023-08-28 00:13:48.657062 +0000 build-fedora4: >> qubes-builder 5407d687d1b542537e873f3b69f4985eaec360ba
2023-08-28 00:13:48.657075 +0000 build-fedora4: >> qubes-builder/qubes-src/core-admin 05d8ce971b7b59e29fb6a37dd88c2f46058cab0b
2023-08-28 00:13:48.899211 +0000 build-fedora4: ================================================================================
2023-08-28 00:13:48.899258 +0000 build-fedora4:                            B U I L D   I N F O                                  
2023-08-28 00:13:48.899271 +0000 build-fedora4: Items in red indicate it was automatically generated by configuration file(s)
2023-08-28 00:13:48.899281 +0000 build-fedora4: Items in white indicate it was automatically removed by configuration file(s)
2023-08-28 00:13:48.899290 +0000 build-fedora4: ================================================================================
2023-08-28 00:13:48.899296 +0000 build-fedora4: DISTS_VM:
2023-08-28 00:13:48.909528 +0000 build-fedora4:      fc37, fc38,
2023-08-28 00:13:48.909565 +0000 build-fedora4: DISTS_ALL:
2023-08-28 00:13:48.909574 +0000 build-fedora4:      vm-fc37, vm-fc38,
2023-08-28 00:13:48.909581 +0000 build-fedora4: DIST_DOM0:
2023-08-28 00:13:48.917566 +0000 build-fedora4:     
2023-08-28 00:13:48.917602 +0000 build-fedora4: BUILDER_PLUGINS:
2023-08-28 00:13:48.930487 +0000 build-fedora4:      builder-rpm, builder-debian, mgmt-salt, linux-yum, release-configs, builder-github,
2023-08-28 00:13:48.933726 +0000 build-fedora4: COMPONENTS:
2023-08-28 00:13:48.939209 +0000 build-fedora4:      core-admin,
2023-08-28 00:13:48.943658 +0000 build-fedora4: GIT_REPOS:
2023-08-28 00:13:48.946276 +0000 build-fedora4:      qubes-src/core-admin,
2023-08-28 00:13:48.948530 +0000 build-fedora4: TEMPLATE:
2023-08-28 00:13:48.959960 +0000 build-fedora4:     
2023-08-28 00:13:48.959996 +0000 build-fedora4: TEMPLATE_FLAVOR_DIR:
2023-08-28 00:13:48.968379 +0000 build-fedora4:     
2023-08-28 00:13:48.971117 +0000 build-fedora4: TEMPLATE_ALIAS:
2023-08-28 00:13:48.972739 +0000 build-fedora4:      stretch:stretch+standard, stretch+gnome:stretch+gnome+standard,
2023-08-28 00:13:48.972773 +0000 build-fedora4:      stretch+minimal:stretch+minimal+no-recommends, buster:buster+gnome,
2023-08-28 00:13:48.972785 +0000 build-fedora4:      buster+minimal:buster+minimal+no-recommends, bullseye:bullseye+gnome+firmware,
2023-08-28 00:13:48.972796 +0000 build-fedora4:      bullseye+minimal:bullseye+minimal+no-recommends, bookworm:bookworm+gnome+firmware,
2023-08-28 00:13:48.972805 +0000 build-fedora4:      bookworm+minimal:bookworm+minimal+no-recommends, bionic:bionic+standard,
2023-08-28 00:13:48.972814 +0000 build-fedora4:      focal:focal+standard, whonix-gateway-15:buster+whonix-gateway+minimal+no-recommends,
2023-08-28 00:13:48.972822 +0000 build-fedora4:      whonix-workstation-15:buster+whonix-workstation+minimal+no-recommends,
2023-08-28 00:13:48.972830 +0000 build-fedora4:      whonix-gateway-16:bullseye+whonix-gateway+minimal+no-recommends,
2023-08-28 00:13:48.972838 +0000 build-fedora4:      whonix-workstation-16:bullseye+whonix-workstation+minimal+no-recommends,
2023-08-28 00:13:48.975142 +0000 build-fedora4: TEMPLATE_LABEL:
2023-08-28 00:13:48.979750 +0000 build-fedora4:      fc37:fedora-37, fc38:fedora-38, fc34:fedora-34 fc35:fedora-35 fc36:fedora-36 fc34+minimal:fedora-34-minimal
2023-08-28 00:13:48.979788 +0000 build-fedora4:      fc35+minimal:fedora-35-minimal fc36+minimal:fedora-36-minimal fc37+minimal:fedora-37-minimal
2023-08-28 00:13:48.979801 +0000 build-fedora4:      fc38+minimal:fedora-38-minimal fc34+xfce:fedora-34-xfce fc35+xfce:fedora-35-xfce fc36+xfce:fedora-36-xfce
2023-08-28 00:13:48.979827 +0000 build-fedora4:      fc37+xfce:fedora-37-xfce fc38+xfce:fedora-38-xfce stretch:debian-9 stretch+standard:debian-9
2023-08-28 00:13:48.979837 +0000 build-fedora4:      stretch+xfce:debian-9-xfce buster+gnome:debian-10 buster+xfce:debian-10-xfce bullseye:debian-11
2023-08-28 00:13:48.979846 +0000 build-fedora4:      bullseye+standard+firmware:debian-11 bullseye+xfce:debian-11-xfce bookworm:debian-12
2023-08-28 00:13:48.979855 +0000 build-fedora4:      bookworm+standard:debian-12 bookworm+xfce:debian-12-xfce bionic+standard:bionic
2023-08-28 00:13:48.979863 +0000 build-fedora4:      focal+standard:focal buster+whonix-gateway+minimal+no-recommends:whonix-gw-15
2023-08-28 00:13:48.979871 +0000 build-fedora4:      buster+whonix-workstation+minimal+no-recommends:whonix-ws-15
2023-08-28 00:13:48.979879 +0000 build-fedora4:      bullseye+whonix-gateway+minimal+no-recommends:whonix-gw-16
2023-08-28 00:13:48.979887 +0000 build-fedora4:      bullseye+whonix-workstation+minimal+no-recommends:whonix-ws-16 centos7:centos-7
2023-08-28 00:13:48.979895 +0000 build-fedora4:      centos7+minimal:centos-7-minimal centos7+xfce:centos-7-xfce centos-stream8:centos-stream-8
2023-08-28 00:13:48.979904 +0000 build-fedora4:      centos-stream8+minimal:centos-stream-8-minimal centos-stream8+xfce:centos-stream-8-xfce
2023-08-28 00:13:49.014713 +0000 build-fedora4: > running make
2023-08-28 00:13:49.055299 +0000 build-fedora4: Makefile:863: update target 'internal-update-repo-current.vm.fc37.core-admin' due to: target does not exist
2023-08-28 00:13:49.055341 +0000 build-fedora4: repo_base_var="LINUX_REPO_${DIST//-/_}_BASEDIR"; \
2023-08-28 00:13:49.055351 +0000 build-fedora4: if [ "core-admin" = linux-template-builder ]; then \
2023-08-28 00:13:49.055361 +0000 build-fedora4: .# templates belongs to dom0 repository, even though PACKAGE_SET=vm
2023-08-28 00:13:49.055368 +0000 build-fedora4: repo_base_var="LINUX_REPO__BASEDIR"; \
2023-08-28 00:13:49.055374 +0000 build-fedora4: fi; \
2023-08-28 00:13:49.055382 +0000 build-fedora4: if [ -n "${!repo_base_var}" ]; then \
2023-08-28 00:13:49.055388 +0000 build-fedora4: .repo_basedir="${!repo_base_var}"; \
2023-08-28 00:13:49.055394 +0000 build-fedora4: else \
2023-08-28 00:13:49.055401 +0000 build-fedora4: .repo_basedir="qubes-src/linux-yum/r4.1"; \
2023-08-28 00:13:49.055408 +0000 build-fedora4: fi; \
2023-08-28 00:13:49.055415 +0000 build-fedora4: if [ -r qubes-src/core-admin/Makefile.builder ]; then \
2023-08-28 00:13:49.055422 +0000 build-fedora4: .echo -n "Updating qubes-src/core-admin... "; \
2023-08-28 00:13:49.055429 +0000 build-fedora4: .if [ "0" -eq 1 ]; then \
2023-08-28 00:13:49.055437 +0000 build-fedora4: ..vtag=`git -C qubes-src/core-admin tag --points-at HEAD --list v*`; \
2023-08-28 00:13:49.055444 +0000 build-fedora4: ..if [ -z "$vtag" ]; then \
2023-08-28 00:13:49.055450 +0000 build-fedora4: ...echo "no version tag"; \
2023-08-28 00:13:49.055456 +0000 build-fedora4: ...exit 0; \
2023-08-28 00:13:49.055462 +0000 build-fedora4: ..fi; \
2023-08-28 00:13:49.055468 +0000 build-fedora4: .fi; \
2023-08-28 00:13:49.055475 +0000 build-fedora4: .if [ "core-admin" = linux-template-builder ]; then
2023-08-28 00:13:49.055484 +0000 build-fedora4: export TEMPLATE_NAME=$(MAKEFLAGS= make -s -C qubes-src/linux-template-builder DIST=fc37 template-name)
2023-08-28 00:13:49.055490 +0000 build-fedora4: fi
2023-08-28 00:13:49.055505 +0000 build-fedora4: component_packages=$(MAKEFLAGS= make -s -f Makefile.generic DIST=fc37 PACKAGE_SET=vm COMPONENT=`basename qubes-src/core-admin` UPDATE_REPO=/home/user/builder-r4.1/$repo_basedir/current/vm/fc37 get-var GET_VAR=PACKAGE_LIST); \
2023-08-28 00:13:49.055513 +0000 build-fedora4: .if [ -z "$component_packages" ]; then \
2023-08-28 00:13:49.055519 +0000 build-fedora4: ..echo "no packages."; \
2023-08-28 00:13:49.055525 +0000 build-fedora4: ..exit 0; \
2023-08-28 00:13:49.055531 +0000 build-fedora4: .fi; \
2023-08-28 00:13:49.055554 +0000 build-fedora4: .make -s -f Makefile.generic DIST=fc37 PACKAGE_SET=vm \
2023-08-28 00:13:49.055562 +0000 build-fedora4: ..COMPONENT=`basename qubes-src/core-admin` \
2023-08-28 00:13:49.055569 +0000 build-fedora4: ..SNAPSHOT_REPO=current-testing \
2023-08-28 00:13:49.055575 +0000 build-fedora4: ..TARGET_REPO=current \
2023-08-28 00:13:49.055583 +0000 build-fedora4: ..UPDATE_REPO=/home/user/builder-r4.1/$repo_basedir/current/vm/fc37 \
2023-08-28 00:13:49.055593 +0000 build-fedora4: ..SNAPSHOT_FILE=/home/user/builder-r4.1/repo-latest-snapshot/current-testing-vm-fc37-`basename qubes-src/core-admin` \
2023-08-28 00:13:49.055600 +0000 build-fedora4: ..BUILD_LOG_URL= \
2023-08-28 00:13:49.055607 +0000 build-fedora4: ..update-repo-from-snapshot || exit 1; \
2023-08-28 00:13:49.055616 +0000 build-fedora4: elif make -C qubes-src/core-admin -n update-repo-current >/dev/null 2>/dev/null; then \
2023-08-28 00:13:49.055623 +0000 build-fedora4: .echo "Updating qubes-src/core-admin... "; \
2023-08-28 00:13:49.055631 +0000 build-fedora4: .DIST=fc37 UPDATE_REPO=/home/user/builder-r4.1/$repo_basedir/current/vm/fc37 \
2023-08-28 00:13:49.055639 +0000 build-fedora4: .make -s -C qubes-src/core-admin update-repo-current || exit 1; \
2023-08-28 00:13:49.055645 +0000 build-fedora4: else \
2023-08-28 00:13:49.055653 +0000 build-fedora4: .echo -n "Updating qubes-src/core-admin... skipping."; \
2023-08-28 00:13:49.055658 +0000 build-fedora4: fi; \
2023-08-28 00:13:49.055664 +0000 build-fedora4: echo
2023-08-28 00:13:49.296677 +0000 build-fedora4: Updating qubes-src/core-admin... no packages.
2023-08-28 00:13:49.296730 +0000 build-fedora4: Makefile:832: update target 'internal-update-repo-current.vm.fc37' due to: internal-update-repo-current.vm.fc37.core-admin
2023-08-28 00:13:49.296740 +0000 build-fedora4: true
2023-08-28 00:13:49.296751 +0000 build-fedora4: Makefile:863: update target 'internal-update-repo-current.vm.fc38.core-admin' due to: target does not exist
2023-08-28 00:13:49.296759 +0000 build-fedora4: repo_base_var="LINUX_REPO_${DIST//-/_}_BASEDIR"; \
2023-08-28 00:13:49.296767 +0000 build-fedora4: if [ "core-admin" = linux-template-builder ]; then \
2023-08-28 00:13:49.296775 +0000 build-fedora4: .# templates belongs to dom0 repository, even though PACKAGE_SET=vm
2023-08-28 00:13:49.296782 +0000 build-fedora4: repo_base_var="LINUX_REPO__BASEDIR"; \
2023-08-28 00:13:49.296788 +0000 build-fedora4: fi; \
2023-08-28 00:13:49.296795 +0000 build-fedora4: if [ -n "${!repo_base_var}" ]; then \
2023-08-28 00:13:49.296801 +0000 build-fedora4: .repo_basedir="${!repo_base_var}"; \
2023-08-28 00:13:49.296807 +0000 build-fedora4: else \
2023-08-28 00:13:49.296814 +0000 build-fedora4: .repo_basedir="qubes-src/linux-yum/r4.1"; \
2023-08-28 00:13:49.296819 +0000 build-fedora4: fi; \
2023-08-28 00:13:49.296827 +0000 build-fedora4: if [ -r qubes-src/core-admin/Makefile.builder ]; then \
2023-08-28 00:13:49.296834 +0000 build-fedora4: .echo -n "Updating qubes-src/core-admin... "; \
2023-08-28 00:13:49.296841 +0000 build-fedora4: .if [ "0" -eq 1 ]; then \
2023-08-28 00:13:49.296849 +0000 build-fedora4: ..vtag=`git -C qubes-src/core-admin tag --points-at HEAD --list v*`; \
2023-08-28 00:13:49.296856 +0000 build-fedora4: ..if [ -z "$vtag" ]; then \
2023-08-28 00:13:49.296863 +0000 build-fedora4: ...echo "no version tag"; \
2023-08-28 00:13:49.296869 +0000 build-fedora4: ...exit 0; \
2023-08-28 00:13:49.296875 +0000 build-fedora4: ..fi; \
2023-08-28 00:13:49.296881 +0000 build-fedora4: .fi; \
2023-08-28 00:13:49.296888 +0000 build-fedora4: .if [ "core-admin" = linux-template-builder ]; then
2023-08-28 00:13:49.296900 +0000 build-fedora4: export TEMPLATE_NAME=$(MAKEFLAGS= make -s -C qubes-src/linux-template-builder DIST=fc38 template-name)
2023-08-28 00:13:49.296907 +0000 build-fedora4: fi
2023-08-28 00:13:49.296921 +0000 build-fedora4: component_packages=$(MAKEFLAGS= make -s -f Makefile.generic DIST=fc38 PACKAGE_SET=vm COMPONENT=`basename qubes-src/core-admin` UPDATE_REPO=/home/user/builder-r4.1/$repo_basedir/current/vm/fc38 get-var GET_VAR=PACKAGE_LIST); \
2023-08-28 00:13:49.296945 +0000 build-fedora4: .if [ -z "$component_packages" ]; then \
2023-08-28 00:13:49.296953 +0000 build-fedora4: ..echo "no packages."; \
2023-08-28 00:13:49.296960 +0000 build-fedora4: ..exit 0; \
2023-08-28 00:13:49.296966 +0000 build-fedora4: .fi; \
2023-08-28 00:13:49.296973 +0000 build-fedora4: .make -s -f Makefile.generic DIST=fc38 PACKAGE_SET=vm \
2023-08-28 00:13:49.296981 +0000 build-fedora4: ..COMPONENT=`basename qubes-src/core-admin` \
2023-08-28 00:13:49.296988 +0000 build-fedora4: ..SNAPSHOT_REPO=current-testing \
2023-08-28 00:13:49.296994 +0000 build-fedora4: ..TARGET_REPO=current \
2023-08-28 00:13:49.297002 +0000 build-fedora4: ..UPDATE_REPO=/home/user/builder-r4.1/$repo_basedir/current/vm/fc38 \
2023-08-28 00:13:49.297012 +0000 build-fedora4: ..SNAPSHOT_FILE=/home/user/builder-r4.1/repo-latest-snapshot/current-testing-vm-fc38-`basename qubes-src/core-admin` \
2023-08-28 00:13:49.297019 +0000 build-fedora4: ..BUILD_LOG_URL= \
2023-08-28 00:13:49.297026 +0000 build-fedora4: ..update-repo-from-snapshot || exit 1; \
2023-08-28 00:13:49.297034 +0000 build-fedora4: elif make -C qubes-src/core-admin -n update-repo-current >/dev/null 2>/dev/null; then \
2023-08-28 00:13:49.297042 +0000 build-fedora4: .echo "Updating qubes-src/core-admin... "; \
2023-08-28 00:13:49.297050 +0000 build-fedora4: .DIST=fc38 UPDATE_REPO=/home/user/builder-r4.1/$repo_basedir/current/vm/fc38 \
2023-08-28 00:13:49.297058 +0000 build-fedora4: .make -s -C qubes-src/core-admin update-repo-current || exit 1; \
2023-08-28 00:13:49.297064 +0000 build-fedora4: else \
2023-08-28 00:13:49.297072 +0000 build-fedora4: .echo -n "Updating qubes-src/core-admin... skipping."; \
2023-08-28 00:13:49.297078 +0000 build-fedora4: fi; \
2023-08-28 00:13:49.297083 +0000 build-fedora4: echo
2023-08-28 00:13:49.365839 +0000 build-fedora4: Updating qubes-src/core-admin... no packages.
2023-08-28 00:13:49.365885 +0000 build-fedora4: Makefile:832: update target 'internal-update-repo-current.vm.fc38' due to: internal-update-repo-current.vm.fc38.core-admin
2023-08-28 00:13:49.365895 +0000 build-fedora4: true
2023-08-28 00:13:49.367469 +0000 build-fedora4: Makefile:945: update target 'post-update-repo-current' due to: target does not exist
2023-08-28 00:13:49.367502 +0000 build-fedora4: true
2023-08-28 00:13:49.376303 +0000 build-fedora4: Makefile:819: update target 'update-repo-current' due to: internal-update-repo-current.vm.fc37 internal-update-repo-current.vm.fc38 post-update-repo-current
2023-08-28 00:13:49.376338 +0000 build-fedora4: true
2023-08-28 00:13:49.383927 +0000 build-fedora4: > done
2023-08-28 00:13:49.383964 +0000 > closing log
