2019-10-28 04:03:53.744533 +0000 > starting log
2019-10-28 04:03:53.745470 +0000 build-fedora4: > starting build with log
2019-10-28 04:03:53.745490 +0000 build-fedora4: >> make args: DISTS_VM=fc30 DIST_DOM0= qubes
2019-10-28 04:03:53.745528 +0000 build-fedora4: >> MAKEFLAGS=
2019-10-28 04:03:53.745538 +0000 build-fedora4: >> COMPONENTS=manager
2019-10-28 04:03:53.745546 +0000 build-fedora4: >> DISTS_VM=
2019-10-28 04:03:53.745556 +0000 build-fedora4: >> DIST_DOM0=
2019-10-28 04:03:53.745565 +0000 build-fedora4: >> qubes-builder 826ee2f102b70aa01bba229083d13a499faeb8da
2019-10-28 04:03:53.745692 +0000 build-fedora4: ?? rpmdb/Basenames
2019-10-28 04:03:53.745709 +0000 build-fedora4: ?? rpmdb/Conflictname
2019-10-28 04:03:53.745717 +0000 build-fedora4: ?? rpmdb/Dirnames
2019-10-28 04:03:53.745725 +0000 build-fedora4: ?? rpmdb/Enhancename
2019-10-28 04:03:53.745732 +0000 build-fedora4: ?? rpmdb/Filetriggername
2019-10-28 04:03:53.745739 +0000 build-fedora4: ?? rpmdb/Group
2019-10-28 04:03:53.745746 +0000 build-fedora4: ?? rpmdb/Installtid
2019-10-28 04:03:53.745753 +0000 build-fedora4: ?? rpmdb/Name
2019-10-28 04:03:53.745760 +0000 build-fedora4: ?? rpmdb/Obsoletename
2019-10-28 04:03:53.745767 +0000 build-fedora4: ?? rpmdb/Packages
2019-10-28 04:03:53.745774 +0000 build-fedora4: ?? rpmdb/Providename
2019-10-28 04:03:53.745781 +0000 build-fedora4: ?? rpmdb/Recommendname
2019-10-28 04:03:53.745788 +0000 build-fedora4: ?? rpmdb/Requirename
2019-10-28 04:03:53.745795 +0000 build-fedora4: ?? rpmdb/Sha1header
2019-10-28 04:03:53.745801 +0000 build-fedora4: ?? rpmdb/Sigmd5
2019-10-28 04:03:53.745809 +0000 build-fedora4: ?? rpmdb/Suggestname
2019-10-28 04:03:53.745816 +0000 build-fedora4: ?? rpmdb/Supplementname
2019-10-28 04:03:53.745823 +0000 build-fedora4: ?? rpmdb/Transfiletriggername
2019-10-28 04:03:53.745831 +0000 build-fedora4: ?? rpmdb/Triggername
2019-10-28 04:03:53.745837 +0000 build-fedora4: ?? rpmdb/__db.001
2019-10-28 04:03:53.745844 +0000 build-fedora4: ?? rpmdb/__db.002
2019-10-28 04:03:53.745851 +0000 build-fedora4: ?? rpmdb/__db.003
2019-10-28 04:03:53.752111 +0000 build-fedora4: 6831da3b3536fbcaacf77af16d9b3019ae33dc0c2c55abc999a0ff809ab1b4beed6b9dfe137c66ae76e50ce56dbb0db1f92deea42cf0cb836803a76f5e9d42ba  rpmdb/Basenames
2019-10-28 04:03:53.752588 +0000 build-fedora4: e59d3a5d076363b46fceeeab57bbc90bd71ff42d0541189629a055a297850c14f4ab2a6da2ff5e808848aa567eae6605969039744d4a8dd956219af64c275ee4  rpmdb/Conflictname
2019-10-28 04:03:53.752618 +0000 build-fedora4: cd495f3df6b92da84825ebd3c4a7cd96f88f5cb19bf9d53c089ef22a8064e00f8922234ddd35845a872fb1939d6eaf528d6eae448e09d0119c4bd1205d19260e  rpmdb/Dirnames
2019-10-28 04:03:53.752965 +0000 build-fedora4: 1f382ed60196e0c045009dfb96419c2fcf427de30e17342e15dea3f720d5600569e6dc5235261eb244c52793b599ea6fa988ee10d38424eb3dc9c1c2ef953e05  rpmdb/Enhancename
2019-10-28 04:03:53.753314 +0000 build-fedora4: 8b08ed3fa741164d4f04e2a9527118a564eb3e1c3861521cfdb859c87b8656622a1929e435a087fc86d7aca63c1ef1cdc3e300e5c9bcbe7b931c94b4cb29aada  rpmdb/Filetriggername
2019-10-28 04:03:53.754659 +0000 build-fedora4: 58fb74f98b1623c5e8435a62e1107c6912de3f922c0e643bb5095c53f5472e428ef77e7b21c279df236fa3fb5b48cdb375f6f89fc578ce7053db09254ae902ee  rpmdb/Group
2019-10-28 04:03:53.755276 +0000 build-fedora4: 4601016d9bf9a1399916d65abe8db15cb504d11c69991dd3fec0e5f72e9f954f55d8edc2eebc063afc6bcb4133f4042f8cd6c524fdf883b0667179997b3cb0be  rpmdb/Installtid
2019-10-28 04:03:53.755641 +0000 build-fedora4: 37634714409cd3698d28f3007fa4e5080289584c43f8e3b90581c6f73a1b4690b17296aceac9eeb9110dab02192cc5903df7ef3d5b473911a02344500a50802f  rpmdb/Name
2019-10-28 04:03:53.757151 +0000 build-fedora4: 47f9d35d51b8defcf9c70416912d74f2cca1b6110ed29d57cae35e0822a4e0b851c7ac72c6275b7cfbdee00bfaac3017e81beffcdc58454a397809da092d2070  rpmdb/Obsoletename
2019-10-28 04:03:53.757191 +0000 build-fedora4: 172a2f054b0d3feef69ea0cde8eb3490c96d3fa1bfd802e0e9d1919d248e4f65ddce8d3ce5e130a9515ec2b6e9c895fb9ae77549fc598d08761e151c34208222  rpmdb/Packages
2019-10-28 04:03:53.757208 +0000 build-fedora4: 7615c3ddd6e0fefdceb1a31722024dab301d64f0e5e9e0139f5aeef3d3fbbd956b001cfaa46a739bee14660099329f7fa9bf305c2f732e4f1d1d657e7a0606ef  rpmdb/Providename
2019-10-28 04:03:53.757234 +0000 build-fedora4: 93b74e5a164f8b6cb82080958d1c5cdf3a676cdbbcb09db90cc435600db90a4a47fb233c0dc34aa781a5113af7fed60fdd6cba42518e8737996588aaaa137555  rpmdb/Recommendname
2019-10-28 04:03:53.758420 +0000 build-fedora4: 4af589cd8bdc9da86b23492a41711ab74592eee19d0728fafb5793df18882f5675a6798b730eadaf7f0d8cdf2bdd94de063e186dafd137ae3a0466baa4326956  rpmdb/Requirename
2019-10-28 04:03:53.758457 +0000 build-fedora4: 1f8ac505d1acfbffa3aeb89a6eac9cf2d24a17669a558062238b64f0ed8a5f1528bae02912d7d262e846360ab4553999007ef42b0ff10804e6d5a73699e2d520  rpmdb/Sha1header
2019-10-28 04:03:53.758474 +0000 build-fedora4: 8f83610963a826ebe92efe1cf5b12a5d459e57867ca9d5a2c80148c861c79b32d0e96b64a01998fee569daa67c3c6d4a1aa6d3ee03d9c07438bb7a493a023ead  rpmdb/Sigmd5
2019-10-28 04:03:53.758489 +0000 build-fedora4: 95807a7d9d50e1f6882d19b27a217278ac08997b186356ee030b7f9c87a7932ec38730efc1c690a1c3f2af7fb87b32ba801a835ba87aa44fb273eebd2801b8a0  rpmdb/Suggestname
2019-10-28 04:03:53.758524 +0000 build-fedora4: 7c7df54d681699112d106e2ccf068dfab48726b29e345be52956d996bf2b08a1275291e7f0a6456d38df99dd816c88f1c58f53d08de433e656ef68ab02124163  rpmdb/Supplementname
2019-10-28 04:03:53.758912 +0000 build-fedora4: fdc239c015e7d652d1347df4c0240677617dc4a124ad9fc4e5c249c5d6da2e23598defff77922eb22d0bc6721c8fe422a695aec2f1c38b37b88f704700884776  rpmdb/Transfiletriggername
2019-10-28 04:03:53.759265 +0000 build-fedora4: 20810e2b044fc756d071012cbdb19c15719e03528b447137765dd6d37952bbc3d1a0eff2e13b1a0bbee93ec9ea2466acf620074ab5344b7234d62c8989a6d637  rpmdb/Triggername
2019-10-28 04:03:53.762179 +0000 build-fedora4: 52bf6ef9d9479194dea471a3cff9f823214c5007faef7e1a17ac12104fc159fcd5d366a08764c340cfa4a6beb5372c160a5dc7552382026e6669dfc5d2f10004  rpmdb/__db.001
2019-10-28 04:03:53.763151 +0000 build-fedora4: 57c1ec052e6c0ed2af4424131f4ea49efd8de71a909b9674c5faeaa4c76bb0afcb9ffcf0a30f506442f45c8591a08480e9847b7ad1f37b54579d27246fd6a570  rpmdb/__db.002
2019-10-28 04:03:53.764410 +0000 build-fedora4: 10c345fcb3f9148647669f7eee909fa2bced489baa06b70c7fc6b7f55fb16bf55fd001cc448480afbce9ab88042f103bf1b45539e19a93cb2e0a1b30d79cb9e0  rpmdb/__db.003
2019-10-28 04:03:53.787186 +0000 build-fedora4: >> qubes-builder/qubes-src/manager 15a2e745d5eae087262ddffafcc051723b725a1d
2019-10-28 04:03:53.838392 +0000 build-fedora4: !! pkgs/vm-fc29/qmgr.spec.list
2019-10-28 04:03:53.838431 +0000 build-fedora4: !! pkgs/vm-fc29/qubes-manager-4.1.1-1.fc29.noarch.rpm
2019-10-28 04:03:53.838444 +0000 build-fedora4: !! pkgs/vm-fc29/qubes-manager-4.1.1-1.fc29.src.rpm
2019-10-28 04:03:53.838455 +0000 build-fedora4: !! pkgs/vm-fc29/qubes-manager-4.1.1-1.fc29.x86_64.buildinfo
2019-10-28 04:03:53.848285 +0000 build-fedora4: f06a7f664c1e879d3ed5d2362da66a33f5462dbd18afb2a915aa201f484077a103f7edd626e209ab5e44c9afdbdf382d93dfe61b73d0867cf9f381963e0e2d7b  pkgs/vm-fc29/qmgr.spec.list
2019-10-28 04:03:53.848329 +0000 build-fedora4: 9d924f4bb75a757ba3cdd153ba3707d6a0586668d1255be4f622ef3e61ae72846dc99037c1d56f83788c595f0b4412b899440067e0e8295282fdafdaa0fea9bd  pkgs/vm-fc29/qubes-manager-4.1.1-1.fc29.noarch.rpm
2019-10-28 04:03:53.848972 +0000 build-fedora4: 9767a501c232f59fbae85dd79ad634e89455411c958f80f5812bc7bfb7f190ab48dcfec976ef2e4559aed5f64a14d5305b9e5f31ae5d5aca656bf24752adba5e  pkgs/vm-fc29/qubes-manager-4.1.1-1.fc29.src.rpm
2019-10-28 04:03:53.849415 +0000 build-fedora4: 4c177705d24a3ab590cd1d400b43241c6f40fe779cdfa1c4deced8e410da5efe19ec0e7746f818686dc916f048c02f6fbcd7b3f897ac80cb079457f199ae7de1  pkgs/vm-fc29/qubes-manager-4.1.1-1.fc29.x86_64.buildinfo
2019-10-28 04:03:53.902947 +0000 build-fedora4: ================================================================================
2019-10-28 04:03:53.902986 +0000 build-fedora4:                            B U I L D   I N F O                                  
2019-10-28 04:03:53.903000 +0000 build-fedora4: Items in red indicate it was automatically generated by configuration file(s)
2019-10-28 04:03:53.903011 +0000 build-fedora4: Items in white indicate it was automatically removed by configuration file(s)
2019-10-28 04:03:53.903035 +0000 build-fedora4: ================================================================================
2019-10-28 04:03:53.903043 +0000 build-fedora4: DISTS_VM:
2019-10-28 04:03:53.906550 +0000 build-fedora4:      fc29, fc30, fc31,
2019-10-28 04:03:53.907530 +0000 build-fedora4: DISTS_ALL:
2019-10-28 04:03:53.908641 +0000 build-fedora4:      vm-fc29, vm-fc30, vm-fc31,
2019-10-28 04:03:53.909771 +0000 build-fedora4: DIST_DOM0:
2019-10-28 04:03:53.910982 +0000 build-fedora4:     
2019-10-28 04:03:53.911023 +0000 build-fedora4: BUILDER_PLUGINS:
2019-10-28 04:03:53.914392 +0000 build-fedora4:      builder-rpm, builder-debian, mgmt-salt, linux-yum, release-configs, builder-github,
2019-10-28 04:03:53.914428 +0000 build-fedora4: COMPONENTS:
2019-10-28 04:03:53.916378 +0000 build-fedora4:      manager,
2019-10-28 04:03:53.917656 +0000 build-fedora4: GIT_REPOS:
2019-10-28 04:03:53.921354 +0000 build-fedora4:      qubes-src/manager,
2019-10-28 04:03:53.921389 +0000 build-fedora4: TEMPLATE:
2019-10-28 04:03:53.922476 +0000 build-fedora4:     
2019-10-28 04:03:53.924817 +0000 build-fedora4: TEMPLATE_FLAVOR_DIR:
2019-10-28 04:03:53.925576 +0000 build-fedora4:     
2019-10-28 04:03:53.926840 +0000 build-fedora4: TEMPLATE_ALIAS:
2019-10-28 04:03:53.927390 +0000 build-fedora4:      stretch:stretch+standard, stretch+gnome:stretch+gnome+standard,
2019-10-28 04:03:53.927422 +0000 build-fedora4:      stretch+minimal:stretch+minimal+no-recommends, buster:buster+standard, buster+gnome:buster+gnome+standard,
2019-10-28 04:03:53.927436 +0000 build-fedora4:      buster+minimal:buster+minimal+no-recommends, bullseye:bullseye+standard,
2019-10-28 04:03:53.927449 +0000 build-fedora4:      bullseye+gnome:bullseye+gnome+standard, bullseye+minimal:bullseye+minimal+no-recommends,
2019-10-28 04:03:53.927459 +0000 build-fedora4:      whonix-gateway-14:stretch+whonix-gateway+minimal+no-recommends,
2019-10-28 04:03:53.927469 +0000 build-fedora4:      whonix-workstation-14:stretch+whonix-workstation+minimal+no-recommends,
2019-10-28 04:03:53.927479 +0000 build-fedora4:      whonix-gateway-15:buster+whonix-gateway+minimal+no-recommends,
2019-10-28 04:03:53.927489 +0000 build-fedora4:      whonix-workstation-15:buster+whonix-workstation+minimal+no-recommends,
2019-10-28 04:03:53.929782 +0000 build-fedora4: TEMPLATE_LABEL:
2019-10-28 04:03:53.929823 +0000 build-fedora4:      fc29:fedora-29, fc30:fedora-30, fc31:fedora-31, fc29+minimal:fedora-29-minimal
2019-10-28 04:03:53.929838 +0000 build-fedora4:      fc30+minimal:fedora-30-minimal fc31+minimal:fedora-31-minimal fc29+xfce:fedora-29-xfce
2019-10-28 04:03:53.929849 +0000 build-fedora4:      fc30+xfce:fedora-30-xfce fc31+xfce:fedora-31-xfce stretch:debian-9
2019-10-28 04:03:53.929861 +0000 build-fedora4:      stretch+standard:debian-9 buster:debian-10 buster+standard:debian-10 bullseye:debian-11
2019-10-28 04:03:53.929871 +0000 build-fedora4:      bullseye+standard:bullseye-11 stretch+whonix-gateway+minimal+no-recommends:whonix-gw-14
2019-10-28 04:03:53.929881 +0000 build-fedora4:      stretch+whonix-workstation+minimal+no-recommends:whonix-ws-14
2019-10-28 04:03:53.929890 +0000 build-fedora4:      buster+whonix-gateway+minimal+no-recommends:whonix-gw-15
2019-10-28 04:03:53.929900 +0000 build-fedora4:      buster+whonix-workstation+minimal+no-recommends:whonix-ws-15 centos7:centos-7
2019-10-28 04:03:53.929910 +0000 build-fedora4:      centos7+minimal:centos-7-minimal centos7+xfce:centos-7-xfce
2019-10-28 04:03:53.951769 +0000 build-fedora4: > running make
2019-10-28 04:03:53.977057 +0000 build-fedora4: Makefile:1005: target 'build-info' does not exist
2019-10-28 04:03:53.977097 +0000 build-fedora4: echo "================================================================================"
2019-10-28 04:03:53.977112 +0000 build-fedora4: echo "                           B U I L D   I N F O                                  "
2019-10-28 04:03:53.977123 +0000 build-fedora4: echo -e "Items in red indicate it was automatically generated by configuration file(s)"
2019-10-28 04:03:53.977144 +0000 build-fedora4: echo -e "Items in white indicate it was automatically removed by configuration file(s)"
2019-10-28 04:03:53.977155 +0000 build-fedora4: echo "================================================================================"
2019-10-28 04:03:53.977166 +0000 build-fedora4: # (1): Item Color, (2): Label, (3): Item, (4): Original item used to compare if changed
2019-10-28 04:03:53.977176 +0000 build-fedora4: echo -e "DISTS_VM:"; echo -e " fc30," | fmt -w110  | sed -e 's/^/    /'
2019-10-28 04:03:53.977186 +0000 build-fedora4: echo -e "DISTS_ALL:"; echo -e " vm-fc30," | fmt -w110  | sed -e 's/^/    /'
2019-10-28 04:03:53.977196 +0000 build-fedora4: echo -e "DIST_DOM0:"; echo -e " " | fmt -w110  | sed -e 's/^/    /'
2019-10-28 04:03:53.977210 +0000 build-fedora4: echo -e "BUILDER_PLUGINS:"; echo -e " builder-rpm, builder-debian, mgmt-salt, linux-yum, release-configs, builder-github," | fmt -w110  | sed -e 's/^/    /'
2019-10-28 04:03:53.977221 +0000 build-fedora4: echo -e "COMPONENTS:"; echo -e " manager," | fmt -w110  | sed -e 's/^/    /'
2019-10-28 04:03:53.977231 +0000 build-fedora4: echo -e "GIT_REPOS:"; echo -e " qubes-src/manager," | fmt -w110  | sed -e 's/^/    /'
2019-10-28 04:03:53.977241 +0000 build-fedora4: echo -e "TEMPLATE:"; echo -e " " | fmt -w110  | sed -e 's/^/    /'
2019-10-28 04:03:53.977251 +0000 build-fedora4: echo -e "TEMPLATE_FLAVOR_DIR:"; echo -e " " | fmt -w110  | sed -e 's/^/    /'
2019-10-28 04:03:53.977288 +0000 build-fedora4: echo -e "TEMPLATE_ALIAS:"; echo -e " stretch:stretch+standard, stretch+gnome:stretch+gnome+standard, stretch+minimal:stretch+minimal+no-recommends, buster:buster+standard, buster+gnome:buster+gnome+standard, buster+minimal:buster+minimal+no-recommends, bullseye:bullseye+standard, bullseye+gnome:bullseye+gnome+standard, bullseye+minimal:bullseye+minimal+no-recommends, whonix-gateway-14:stretch+whonix-gateway+minimal+no-recommends, whonix-workstation-14:stretch+whonix-workstation+minimal+no-recommends, whonix-gateway-15:buster+whonix-gateway+minimal+no-recommends, whonix-workstation-15:buster+whonix-workstation+minimal+no-recommends," | fmt -w110  | sed -e 's/^/    /'
2019-10-28 04:03:53.977328 +0000 build-fedora4: echo -e "TEMPLATE_LABEL:"; echo -e " fc30:fedora-30, fc29:fedora-29 fc31:fedora-31 fc29+minimal:fedora-29-minimal fc30+minimal:fedora-30-minimal fc31+minimal:fedora-31-minimal fc29+xfce:fedora-29-xfce fc30+xfce:fedora-30-xfce fc31+xfce:fedora-31-xfce stretch:debian-9 stretch+standard:debian-9 buster:debian-10 buster+standard:debian-10 bullseye:debian-11 bullseye+standard:bullseye-11 stretch+whonix-gateway+minimal+no-recommends:whonix-gw-14 stretch+whonix-workstation+minimal+no-recommends:whonix-ws-14 buster+whonix-gateway+minimal+no-recommends:whonix-gw-15 buster+whonix-workstation+minimal+no-recommends:whonix-ws-15 centos7:centos-7 centos7+minimal:centos-7-minimal centos7+xfce:centos-7-xfce" | fmt -w110  | sed -e 's/^/    /'
2019-10-28 04:03:53.977339 +0000 build-fedora4: for component in manager; do \
2019-10-28 04:03:53.977350 +0000 build-fedora4: .component_env_var=`make -s get-var GET_VAR=ENV_${component//-/_}`; \
2019-10-28 04:03:53.977364 +0000 build-fedora4: .if [ ! -z "$component_env_var" ]; then echo -e "ENV_${component//-/_}:"; echo -e " ${component_env_var}, """ | fmt -w110  | sed -e 's/^/    /'; fi; \
2019-10-28 04:03:53.977372 +0000 build-fedora4: done
2019-10-28 04:03:53.981149 +0000 build-fedora4: ================================================================================
2019-10-28 04:03:53.981185 +0000 build-fedora4:                            B U I L D   I N F O                                  
2019-10-28 04:03:53.981199 +0000 build-fedora4: Items in red indicate it was automatically generated by configuration file(s)
2019-10-28 04:03:53.981210 +0000 build-fedora4: Items in white indicate it was automatically removed by configuration file(s)
2019-10-28 04:03:53.981220 +0000 build-fedora4: ================================================================================
2019-10-28 04:03:53.981237 +0000 build-fedora4: DISTS_VM:
2019-10-28 04:03:53.986087 +0000 build-fedora4:      fc30,
2019-10-28 04:03:53.986121 +0000 build-fedora4: DISTS_ALL:
2019-10-28 04:03:53.990258 +0000 build-fedora4:      vm-fc30,
2019-10-28 04:03:53.990446 +0000 build-fedora4: DIST_DOM0:
2019-10-28 04:03:53.992499 +0000 build-fedora4:     
2019-10-28 04:03:53.992534 +0000 build-fedora4: BUILDER_PLUGINS:
2019-10-28 04:03:53.994077 +0000 build-fedora4:      builder-rpm, builder-debian, mgmt-salt, linux-yum, release-configs, builder-github,
2019-10-28 04:03:53.996164 +0000 build-fedora4: COMPONENTS:
2019-10-28 04:03:53.997989 +0000 build-fedora4:      manager,
2019-10-28 04:03:53.999375 +0000 build-fedora4: GIT_REPOS:
2019-10-28 04:03:53.999410 +0000 build-fedora4:      qubes-src/manager,
2019-10-28 04:03:54.000044 +0000 build-fedora4: TEMPLATE:
2019-10-28 04:03:54.003149 +0000 build-fedora4:     
2019-10-28 04:03:54.003923 +0000 build-fedora4: TEMPLATE_FLAVOR_DIR:
2019-10-28 04:03:54.006429 +0000 build-fedora4:     
2019-10-28 04:03:54.006464 +0000 build-fedora4: TEMPLATE_ALIAS:
2019-10-28 04:03:54.009159 +0000 build-fedora4:      stretch:stretch+standard, stretch+gnome:stretch+gnome+standard,
2019-10-28 04:03:54.009198 +0000 build-fedora4:      stretch+minimal:stretch+minimal+no-recommends, buster:buster+standard, buster+gnome:buster+gnome+standard,
2019-10-28 04:03:54.009213 +0000 build-fedora4:      buster+minimal:buster+minimal+no-recommends, bullseye:bullseye+standard,
2019-10-28 04:03:54.009226 +0000 build-fedora4:      bullseye+gnome:bullseye+gnome+standard, bullseye+minimal:bullseye+minimal+no-recommends,
2019-10-28 04:03:54.009236 +0000 build-fedora4:      whonix-gateway-14:stretch+whonix-gateway+minimal+no-recommends,
2019-10-28 04:03:54.009246 +0000 build-fedora4:      whonix-workstation-14:stretch+whonix-workstation+minimal+no-recommends,
2019-10-28 04:03:54.009256 +0000 build-fedora4:      whonix-gateway-15:buster+whonix-gateway+minimal+no-recommends,
2019-10-28 04:03:54.009266 +0000 build-fedora4:      whonix-workstation-15:buster+whonix-workstation+minimal+no-recommends,
2019-10-28 04:03:54.009273 +0000 build-fedora4: TEMPLATE_LABEL:
2019-10-28 04:03:54.012581 +0000 build-fedora4:      fc30:fedora-30, fc29:fedora-29 fc31:fedora-31 fc29+minimal:fedora-29-minimal fc30+minimal:fedora-30-minimal
2019-10-28 04:03:54.012620 +0000 build-fedora4:      fc31+minimal:fedora-31-minimal fc29+xfce:fedora-29-xfce fc30+xfce:fedora-30-xfce fc31+xfce:fedora-31-xfce
2019-10-28 04:03:54.012635 +0000 build-fedora4:      stretch:debian-9 stretch+standard:debian-9 buster:debian-10 buster+standard:debian-10 bullseye:debian-11
2019-10-28 04:03:54.012647 +0000 build-fedora4:      bullseye+standard:bullseye-11 stretch+whonix-gateway+minimal+no-recommends:whonix-gw-14
2019-10-28 04:03:54.012658 +0000 build-fedora4:      stretch+whonix-workstation+minimal+no-recommends:whonix-ws-14
2019-10-28 04:03:54.012668 +0000 build-fedora4:      buster+whonix-gateway+minimal+no-recommends:whonix-gw-15
2019-10-28 04:03:54.012679 +0000 build-fedora4:      buster+whonix-workstation+minimal+no-recommends:whonix-ws-15 centos7:centos-7
2019-10-28 04:03:54.012689 +0000 build-fedora4:      centos7+minimal:centos-7-minimal centos7+xfce:centos-7-xfce
2019-10-28 04:03:54.033972 +0000 build-fedora4: ENV_manager:
2019-10-28 04:03:54.034011 +0000 build-fedora4:      Makefile:1063: target 'get-var' does not exist
2019-10-28 04:03:54.034024 +0000 build-fedora4:     GET_VAR=${!GET_VAR}; \ echo "${GET_VAR}",
2019-10-28 04:03:54.036468 +0000 build-fedora4: Makefile:216: target 'check-depend.rpm' does not exist
2019-10-28 04:03:54.036536 +0000 build-fedora4: echo "Currently installed dependencies:" && rpm -q --whatprovides PyYAML createrepo_c debootstrap devscripts dpkg-dev git pbuilder perl-Digest-MD5 perl-Digest-SHA python2-sh rpm-build rpm-sign rpmdevtools wget || \
2019-10-28 04:03:54.036554 +0000 build-fedora4: .{ echo "ERROR: call 'make install-deps' to install missing dependencies"; exit 1; }
2019-10-28 04:03:54.036672 +0000 build-fedora4: Currently installed dependencies:
2019-10-28 04:03:54.042095 +0000 build-fedora4: python2-pyyaml-5.1-1.fc30.x86_64
2019-10-28 04:03:54.043458 +0000 build-fedora4: createrepo_c-0.15.1-1.fc30.x86_64
2019-10-28 04:03:54.043677 +0000 build-fedora4: debootstrap-1.0.116-1.fc30.noarch
2019-10-28 04:03:54.044323 +0000 build-fedora4: devscripts-2.19.3-1.fc30.x86_64
2019-10-28 04:03:54.045546 +0000 build-fedora4: dpkg-dev-1.18.25-8.fc30.noarch
2019-10-28 04:03:54.045815 +0000 build-fedora4: git-2.21.0-1.fc30.x86_64
2019-10-28 04:03:54.051010 +0000 build-fedora4: pbuilder-0.230.2-1.fc30.noarch
2019-10-28 04:03:54.051046 +0000 build-fedora4: perl-Digest-MD5-2.55-418.fc30.x86_64
2019-10-28 04:03:54.051057 +0000 build-fedora4: perl-Digest-SHA-6.02-5.fc30.x86_64
2019-10-28 04:03:54.051067 +0000 build-fedora4: python2-sh-1.12.14-10.fc30.noarch
2019-10-28 04:03:54.051075 +0000 build-fedora4: rpm-build-4.14.2.1-5.fc30.x86_64
2019-10-28 04:03:54.051083 +0000 build-fedora4: rpm-sign-4.14.2.1-5.fc30.x86_64
2019-10-28 04:03:54.051091 +0000 build-fedora4: rpmdevtools-8.10-8.fc30.noarch
2019-10-28 04:03:54.051098 +0000 build-fedora4: wget-1.20.3-1.fc30.x86_64
2019-10-28 04:03:54.051109 +0000 build-fedora4: Makefile:238: update target 'manager-dom0' due to: check-depend
2019-10-28 04:03:54.051135 +0000 build-fedora4: if [ -n "manager" -a "0" -ne 0 ]; then BRANCH=master; branch_var="BRANCH_manager"; [ -n "${!branch_var}" ] && BRANCH="${!branch_var}"; pushd qubes-src/manager > /dev/null; CURRENT_BRANCH=`git symbolic-ref --short HEAD 2>/dev/null || git describe --tags --exact-match HEAD`; if [ "$BRANCH" != "$CURRENT_BRANCH" ]; then echo "-> ERROR: Wrong branch $branch_var=$CURRENT_BRANCH (expected $BRANCH)"; exit 1; fi; popd > /dev/null; fi
2019-10-28 04:03:54.051148 +0000 build-fedora4: Makefile:226: update target 'manager-vm' due to: check-depend
2019-10-28 04:03:54.051173 +0000 build-fedora4: if [ -n "manager" -a "0" -ne 0 ]; then BRANCH=master; branch_var="BRANCH_manager"; [ -n "${!branch_var}" ] && BRANCH="${!branch_var}"; pushd qubes-src/manager > /dev/null; CURRENT_BRANCH=`git symbolic-ref --short HEAD 2>/dev/null || git describe --tags --exact-match HEAD`; if [ "$BRANCH" != "$CURRENT_BRANCH" ]; then echo "-> ERROR: Wrong branch $branch_var=$CURRENT_BRANCH (expected $BRANCH)"; exit 1; fi; popd > /dev/null; fi
2019-10-28 04:03:54.051184 +0000 build-fedora4: if [ -r qubes-src/manager/Makefile.builder ]; then \
2019-10-28 04:03:54.051192 +0000 build-fedora4: .for DIST in fc30; do \
2019-10-28 04:03:54.051205 +0000 build-fedora4: ..make --no-print-directory DIST=$DIST PACKAGE_SET=vm COMPONENT=manager ENV_COMPONENT= -f Makefile.generic all || exit 1; \
2019-10-28 04:03:54.051213 +0000 build-fedora4: .done; \
2019-10-28 04:03:54.051224 +0000 build-fedora4: elif [ -n "`make -n -s -C qubes-src/manager rpms-vm 2> /dev/null`" ]; then \
2019-10-28 04:03:54.051232 +0000 build-fedora4:     for DIST in fc30; do \
2019-10-28 04:03:54.051242 +0000 build-fedora4:         MAKE_TARGET="rpms-vm" ./scripts/build $DIST manager || exit 1; \
2019-10-28 04:03:54.051249 +0000 build-fedora4:     done; \
2019-10-28 04:03:54.051255 +0000 build-fedora4: fi
2019-10-28 04:03:54.065860 +0000 build-fedora4: + ERR_OUTPUT=/dev/stderr
2019-10-28 04:03:54.067366 +0000 build-fedora4: + '[' 2 -lt 2 ']'
2019-10-28 04:03:54.067683 +0000 build-fedora4: ++ basename qubes-src/manager/rpm_spec/qmgr.spec.in
2019-10-28 04:03:54.068800 +0000 build-fedora4: + [[ xqmgr.spec.in == \x\.\i\n ]]
2019-10-28 04:03:54.068833 +0000 build-fedora4: + '[' -r qubes-src/manager/rpm_spec/qmgr.spec.in ']'
2019-10-28 04:03:54.068845 +0000 build-fedora4: ++ mktemp --tmpdir tmp.XXXXXX.spec
2019-10-28 04:03:54.069568 +0000 build-fedora4: + tmp_spec=/tmp/tmp.2aDfOl.spec
2019-10-28 04:03:54.072984 +0000 build-fedora4: ++ dirname /home/user/builder-r4.1/qubes-src/builder-rpm/scripts/query-spec
2019-10-28 04:03:54.073160 +0000 build-fedora4: + /home/user/builder-r4.1/qubes-src/builder-rpm/scripts/generate-spec qubes-src/manager/rpm_spec/qmgr.spec.in /tmp/tmp.2aDfOl.spec
2019-10-28 04:03:54.073181 +0000 build-fedora4: + '[' 2 -lt 2 ']'
2019-10-28 04:03:54.073201 +0000 build-fedora4: + '[' -z qubes-src/manager ']'
2019-10-28 04:03:54.073214 +0000 build-fedora4: + cp qubes-src/manager/rpm_spec/qmgr.spec.in qubes-src/manager/rpm_spec/qmgr.spec.in.tmp
2019-10-28 04:03:54.074847 +0000 build-fedora4: + read -r ver
2019-10-28 04:03:54.075345 +0000 build-fedora4: ++ sed s/-rc/~rc/
2019-10-28 04:03:54.076200 +0000 build-fedora4: ++ echo 4.1.1
2019-10-28 04:03:54.077203 +0000 build-fedora4: + ver=4.1.1
2019-10-28 04:03:54.077232 +0000 build-fedora4: + '[' x = x ']'
2019-10-28 04:03:54.077246 +0000 build-fedora4: + sed -i 's|@VERSION@|4.1.1|g' qubes-src/manager/rpm_spec/qmgr.spec.in.tmp
2019-10-28 04:03:54.083822 +0000 build-fedora4: + vnum=1
2019-10-28 04:03:54.083857 +0000 build-fedora4: + read -r ver
2019-10-28 04:03:54.083870 +0000 build-fedora4: + '[' -e qubes-src/manager/rel ']'
2019-10-28 04:03:54.083882 +0000 build-fedora4: + grep -q @REL@ qubes-src/manager/rpm_spec/qmgr.spec.in.tmp
2019-10-28 04:03:54.084932 +0000 build-fedora4: + sed -i -e s:@BACKEND_VMM@:xen:g qubes-src/manager/rpm_spec/qmgr.spec.in.tmp
2019-10-28 04:03:54.086528 +0000 build-fedora4: + grep -q @CHANGELOG@ qubes-src/manager/rpm_spec/qmgr.spec.in.tmp
2019-10-28 04:03:54.087822 +0000 build-fedora4: ++ dirname /home/user/builder-r4.1/qubes-src/builder-rpm/scripts/generate-spec
2019-10-28 04:03:54.088797 +0000 build-fedora4: + /home/user/builder-r4.1/qubes-src/builder-rpm/scripts/generate-changelog qubes-src/manager qubes-src/manager/rpm_spec/qmgr.spec.in.tmp
2019-10-28 04:03:54.330959 +0000 build-fedora4: + cat qubes-src/manager/rpm_spec/qmgr.spec.in.tmp
2019-10-28 04:03:54.332057 +0000 build-fedora4: + rm -rf qubes-src/manager/rpm_spec/qmgr.spec.in.tmp
2019-10-28 04:03:54.333224 +0000 build-fedora4: + '[' '%{SOURCE0}' = '%{SOURCE0}' ']'
2019-10-28 04:03:54.333260 +0000 build-fedora4: ++ dirname /home/user/builder-r4.1/qubes-src/builder-rpm/scripts/query-spec
2019-10-28 04:03:54.335510 +0000 build-fedora4: + /home/user/builder-r4.1/qubes-src/builder-rpm/scripts/../tools/spectool --list-files --source 0 /tmp/tmp.2aDfOl.spec
2019-10-28 04:03:54.391959 +0000 build-fedora4: + rm -f /tmp/tmp.2aDfOl.spec
2019-10-28 04:03:54.395803 +0000 build-fedora4: Makefile.generic:151: target 'generic-prepare-chroot' does not exist
2019-10-28 04:03:54.395839 +0000 build-fedora4: if [ "`id -u`" = 0 ]; then \
2019-10-28 04:03:54.395857 +0000 build-fedora4: .echo "*******************************************************************************"; \
2019-10-28 04:03:54.395871 +0000 build-fedora4: .echo "***                               ERROR                                      ***"; \
2019-10-28 04:03:54.395882 +0000 build-fedora4: .echo "*** Start the build as normal user, it will use sudo (only) where necessary! ***"; \
2019-10-28 04:03:54.395893 +0000 build-fedora4: .echo "***                                                                          ***"; \
2019-10-28 04:03:54.395904 +0000 build-fedora4: .echo "*******************************************************************************"; \
2019-10-28 04:03:54.395912 +0000 build-fedora4: .exit 1; \
2019-10-28 04:03:54.395920 +0000 build-fedora4: fi
2019-10-28 04:03:54.407773 +0000 build-fedora4: + ERR_OUTPUT=/dev/stderr
2019-10-28 04:03:54.407812 +0000 build-fedora4: + '[' 2 -lt 2 ']'
2019-10-28 04:03:54.409075 +0000 build-fedora4: ++ basename qubes-src/manager/rpm_spec/qmgr.spec.in
2019-10-28 04:03:54.410056 +0000 build-fedora4: + [[ xqmgr.spec.in == \x\.\i\n ]]
2019-10-28 04:03:54.410087 +0000 build-fedora4: + '[' -r qubes-src/manager/rpm_spec/qmgr.spec.in ']'
2019-10-28 04:03:54.410099 +0000 build-fedora4: ++ mktemp --tmpdir tmp.XXXXXX.spec
2019-10-28 04:03:54.411581 +0000 build-fedora4: + tmp_spec=/tmp/tmp.Tlctkr.spec
2019-10-28 04:03:54.411615 +0000 build-fedora4: ++ dirname /home/user/builder-r4.1/qubes-src/builder-rpm/scripts/query-spec
2019-10-28 04:03:54.412762 +0000 build-fedora4: + /home/user/builder-r4.1/qubes-src/builder-rpm/scripts/generate-spec qubes-src/manager/rpm_spec/qmgr.spec.in /tmp/tmp.Tlctkr.spec
2019-10-28 04:03:54.412997 +0000 build-fedora4: + '[' 2 -lt 2 ']'
2019-10-28 04:03:54.413018 +0000 build-fedora4: + '[' -z qubes-src/manager ']'
2019-10-28 04:03:54.413032 +0000 build-fedora4: + cp qubes-src/manager/rpm_spec/qmgr.spec.in qubes-src/manager/rpm_spec/qmgr.spec.in.tmp
2019-10-28 04:03:54.415637 +0000 build-fedora4: + read -r ver
2019-10-28 04:03:54.415671 +0000 build-fedora4: ++ sed s/-rc/~rc/
2019-10-28 04:03:54.415682 +0000 build-fedora4: ++ echo 4.1.1
2019-10-28 04:03:54.418318 +0000 build-fedora4: + ver=4.1.1
2019-10-28 04:03:54.418352 +0000 build-fedora4: + '[' x = x ']'
2019-10-28 04:03:54.418367 +0000 build-fedora4: + sed -i 's|@VERSION@|4.1.1|g' qubes-src/manager/rpm_spec/qmgr.spec.in.tmp
2019-10-28 04:03:54.420064 +0000 build-fedora4: + vnum=1
2019-10-28 04:03:54.420099 +0000 build-fedora4: + read -r ver
2019-10-28 04:03:54.420111 +0000 build-fedora4: + '[' -e qubes-src/manager/rel ']'
2019-10-28 04:03:54.420122 +0000 build-fedora4: + grep -q @REL@ qubes-src/manager/rpm_spec/qmgr.spec.in.tmp
2019-10-28 04:03:54.423575 +0000 build-fedora4: + sed -i -e s:@BACKEND_VMM@:xen:g qubes-src/manager/rpm_spec/qmgr.spec.in.tmp
2019-10-28 04:03:54.424847 +0000 build-fedora4: + grep -q @CHANGELOG@ qubes-src/manager/rpm_spec/qmgr.spec.in.tmp
2019-10-28 04:03:54.425745 +0000 build-fedora4: ++ dirname /home/user/builder-r4.1/qubes-src/builder-rpm/scripts/generate-spec
2019-10-28 04:03:54.427895 +0000 build-fedora4: + /home/user/builder-r4.1/qubes-src/builder-rpm/scripts/generate-changelog qubes-src/manager qubes-src/manager/rpm_spec/qmgr.spec.in.tmp
2019-10-28 04:03:54.648548 +0000 build-fedora4: + cat qubes-src/manager/rpm_spec/qmgr.spec.in.tmp
2019-10-28 04:03:54.649278 +0000 build-fedora4: + rm -rf qubes-src/manager/rpm_spec/qmgr.spec.in.tmp
2019-10-28 04:03:54.651841 +0000 build-fedora4: + '[' '%{SOURCE0}' = '%{SOURCE0}' ']'
2019-10-28 04:03:54.652919 +0000 build-fedora4: ++ dirname /home/user/builder-r4.1/qubes-src/builder-rpm/scripts/query-spec
2019-10-28 04:03:54.653700 +0000 build-fedora4: + /home/user/builder-r4.1/qubes-src/builder-rpm/scripts/../tools/spectool --list-files --source 0 /tmp/tmp.Tlctkr.spec
2019-10-28 04:03:54.704240 +0000 build-fedora4: + rm -f /tmp/tmp.Tlctkr.spec
2019-10-28 04:03:54.711491 +0000 build-fedora4: mkdir -p "/home/user/builder-r4.1/cache/fc30"
2019-10-28 04:03:54.718120 +0000 build-fedora4: /home/user/builder-r4.1/qubes-src/builder-rpm/Makefile-mock.rpmbuilder:50: target 'dist-prepare-chroot' does not exist
2019-10-28 04:03:54.718159 +0000 build-fedora4: mkdir -p /home/user/builder-r4.1/chroot-vm-fc30/home/user/qubes-src
2019-10-28 04:03:54.721686 +0000 build-fedora4: + ERR_OUTPUT=/dev/stderr
2019-10-28 04:03:54.721720 +0000 build-fedora4: + '[' 2 -lt 2 ']'
2019-10-28 04:03:54.722108 +0000 build-fedora4: ++ basename qubes-src/manager/rpm_spec/qmgr.spec.in
2019-10-28 04:03:54.723716 +0000 build-fedora4: + [[ xqmgr.spec.in == \x\.\i\n ]]
2019-10-28 04:03:54.723749 +0000 build-fedora4: + '[' -r qubes-src/manager/rpm_spec/qmgr.spec.in ']'
2019-10-28 04:03:54.723761 +0000 build-fedora4: ++ mktemp --tmpdir tmp.XXXXXX.spec
2019-10-28 04:03:54.724655 +0000 build-fedora4: + tmp_spec=/tmp/tmp.RlCRJk.spec
2019-10-28 04:03:54.724782 +0000 build-fedora4: ++ dirname /home/user/builder-r4.1/qubes-src/builder-rpm/scripts/query-spec
2019-10-28 04:03:54.725162 +0000 build-fedora4: + /home/user/builder-r4.1/qubes-src/builder-rpm/scripts/generate-spec qubes-src/manager/rpm_spec/qmgr.spec.in /tmp/tmp.RlCRJk.spec
2019-10-28 04:03:54.726433 +0000 build-fedora4: + '[' 2 -lt 2 ']'
2019-10-28 04:03:54.726466 +0000 build-fedora4: + '[' -z qubes-src/manager ']'
2019-10-28 04:03:54.726481 +0000 build-fedora4: + cp qubes-src/manager/rpm_spec/qmgr.spec.in qubes-src/manager/rpm_spec/qmgr.spec.in.tmp
2019-10-28 04:03:54.728369 +0000 build-fedora4: + read -r ver
2019-10-28 04:03:54.730250 +0000 build-fedora4: ++ echo 4.1.1
2019-10-28 04:03:54.732799 +0000 build-fedora4: ++ sed s/-rc/~rc/
2019-10-28 04:03:54.733652 +0000 build-fedora4: + ver=4.1.1
2019-10-28 04:03:54.733683 +0000 build-fedora4: + '[' x = x ']'
2019-10-28 04:03:54.733709 +0000 build-fedora4: + sed -i 's|@VERSION@|4.1.1|g' qubes-src/manager/rpm_spec/qmgr.spec.in.tmp
2019-10-28 04:03:54.736296 +0000 build-fedora4: + vnum=1
2019-10-28 04:03:54.736330 +0000 build-fedora4: + read -r ver
2019-10-28 04:03:54.736342 +0000 build-fedora4: + '[' -e qubes-src/manager/rel ']'
2019-10-28 04:03:54.736354 +0000 build-fedora4: + grep -q @REL@ qubes-src/manager/rpm_spec/qmgr.spec.in.tmp
2019-10-28 04:03:54.737357 +0000 build-fedora4: + sed -i -e s:@BACKEND_VMM@:xen:g qubes-src/manager/rpm_spec/qmgr.spec.in.tmp
2019-10-28 04:03:54.739225 +0000 build-fedora4: + grep -q @CHANGELOG@ qubes-src/manager/rpm_spec/qmgr.spec.in.tmp
2019-10-28 04:03:54.742304 +0000 build-fedora4: ++ dirname /home/user/builder-r4.1/qubes-src/builder-rpm/scripts/generate-spec
2019-10-28 04:03:54.742345 +0000 build-fedora4: + /home/user/builder-r4.1/qubes-src/builder-rpm/scripts/generate-changelog qubes-src/manager qubes-src/manager/rpm_spec/qmgr.spec.in.tmp
2019-10-28 04:03:54.950062 +0000 build-fedora4: + cat qubes-src/manager/rpm_spec/qmgr.spec.in.tmp
2019-10-28 04:03:54.950833 +0000 build-fedora4: + rm -rf qubes-src/manager/rpm_spec/qmgr.spec.in.tmp
2019-10-28 04:03:54.951669 +0000 build-fedora4: + '[' '%{SOURCE0}' = '%{SOURCE0}' ']'
2019-10-28 04:03:54.951851 +0000 build-fedora4: ++ dirname /home/user/builder-r4.1/qubes-src/builder-rpm/scripts/query-spec
2019-10-28 04:03:54.952528 +0000 build-fedora4: + /home/user/builder-r4.1/qubes-src/builder-rpm/scripts/../tools/spectool --list-files --source 0 /tmp/tmp.RlCRJk.spec
2019-10-28 04:03:54.995574 +0000 build-fedora4: + rm -f /tmp/tmp.RlCRJk.spec
2019-10-28 04:03:54.999862 +0000 build-fedora4: Makefile.generic:145: target 'generic-prep' does not exist
2019-10-28 04:03:54.999900 +0000 build-fedora4: if [ -e ""build-logs/manager-vm-fc30.log"" ]; then\
2019-10-28 04:03:54.999915 +0000 build-fedora4:    mv -f ""build-logs/manager-vm-fc30.log"" ""build-logs/manager-vm-fc30.log".old";\
2019-10-28 04:03:54.999925 +0000 build-fedora4: fi
2019-10-28 04:03:55.004659 +0000 build-fedora4: + ERR_OUTPUT=/dev/stderr
2019-10-28 04:03:55.004698 +0000 build-fedora4: + '[' 2 -lt 2 ']'
2019-10-28 04:03:55.004990 +0000 build-fedora4: ++ basename qubes-src/manager/rpm_spec/qmgr.spec.in
2019-10-28 04:03:55.005995 +0000 build-fedora4: + [[ xqmgr.spec.in == \x\.\i\n ]]
2019-10-28 04:03:55.006027 +0000 build-fedora4: + '[' -r qubes-src/manager/rpm_spec/qmgr.spec.in ']'
2019-10-28 04:03:55.006166 +0000 build-fedora4: ++ mktemp --tmpdir tmp.XXXXXX.spec
2019-10-28 04:03:55.009504 +0000 build-fedora4: + tmp_spec=/tmp/tmp.B78kSh.spec
2019-10-28 04:03:55.009544 +0000 build-fedora4: ++ dirname /home/user/builder-r4.1/qubes-src/builder-rpm/scripts/query-spec
2019-10-28 04:03:55.009591 +0000 build-fedora4: + /home/user/builder-r4.1/qubes-src/builder-rpm/scripts/generate-spec qubes-src/manager/rpm_spec/qmgr.spec.in /tmp/tmp.B78kSh.spec
2019-10-28 04:03:55.010896 +0000 build-fedora4: + '[' 2 -lt 2 ']'
2019-10-28 04:03:55.010930 +0000 build-fedora4: + '[' -z qubes-src/manager ']'
2019-10-28 04:03:55.011206 +0000 build-fedora4: + cp qubes-src/manager/rpm_spec/qmgr.spec.in qubes-src/manager/rpm_spec/qmgr.spec.in.tmp
2019-10-28 04:03:55.012427 +0000 build-fedora4: + read -r ver
2019-10-28 04:03:55.013120 +0000 build-fedora4: ++ echo 4.1.1
2019-10-28 04:03:55.013241 +0000 build-fedora4: ++ sed s/-rc/~rc/
2019-10-28 04:03:55.014775 +0000 build-fedora4: + ver=4.1.1
2019-10-28 04:03:55.014812 +0000 build-fedora4: + '[' x = x ']'
2019-10-28 04:03:55.014828 +0000 build-fedora4: + sed -i 's|@VERSION@|4.1.1|g' qubes-src/manager/rpm_spec/qmgr.spec.in.tmp
2019-10-28 04:03:55.016529 +0000 build-fedora4: + vnum=1
2019-10-28 04:03:55.016565 +0000 build-fedora4: + read -r ver
2019-10-28 04:03:55.016579 +0000 build-fedora4: + '[' -e qubes-src/manager/rel ']'
2019-10-28 04:03:55.016616 +0000 build-fedora4: + grep -q @REL@ qubes-src/manager/rpm_spec/qmgr.spec.in.tmp
2019-10-28 04:03:55.017676 +0000 build-fedora4: + sed -i -e s:@BACKEND_VMM@:xen:g qubes-src/manager/rpm_spec/qmgr.spec.in.tmp
2019-10-28 04:03:55.019310 +0000 build-fedora4: + grep -q @CHANGELOG@ qubes-src/manager/rpm_spec/qmgr.spec.in.tmp
2019-10-28 04:03:55.020548 +0000 build-fedora4: ++ dirname /home/user/builder-r4.1/qubes-src/builder-rpm/scripts/generate-spec
2019-10-28 04:03:55.021546 +0000 build-fedora4: + /home/user/builder-r4.1/qubes-src/builder-rpm/scripts/generate-changelog qubes-src/manager qubes-src/manager/rpm_spec/qmgr.spec.in.tmp
2019-10-28 04:03:55.174096 +0000 build-fedora4: + cat qubes-src/manager/rpm_spec/qmgr.spec.in.tmp
2019-10-28 04:03:55.174728 +0000 build-fedora4: + rm -rf qubes-src/manager/rpm_spec/qmgr.spec.in.tmp
2019-10-28 04:03:55.175550 +0000 build-fedora4: + '[' '%{SOURCE0}' = '%{SOURCE0}' ']'
2019-10-28 04:03:55.175704 +0000 build-fedora4: ++ dirname /home/user/builder-r4.1/qubes-src/builder-rpm/scripts/query-spec
2019-10-28 04:03:55.176427 +0000 build-fedora4: + /home/user/builder-r4.1/qubes-src/builder-rpm/scripts/../tools/spectool --list-files --source 0 /tmp/tmp.B78kSh.spec
2019-10-28 04:03:55.220047 +0000 build-fedora4: + rm -f /tmp/tmp.B78kSh.spec
2019-10-28 04:03:55.222909 +0000 build-fedora4: /home/user/builder-r4.1/qubes-src/builder-rpm/Makefile.rpmbuilder:112: target 'dist-prep' does not exist
2019-10-28 04:03:55.222945 +0000 build-fedora4: true
2019-10-28 04:03:55.228491 +0000 build-fedora4: + ERR_OUTPUT=/dev/stderr
2019-10-28 04:03:55.228527 +0000 build-fedora4: + '[' 2 -lt 2 ']'
2019-10-28 04:03:55.228664 +0000 build-fedora4: ++ basename qubes-src/manager/rpm_spec/qmgr.spec.in
2019-10-28 04:03:55.229403 +0000 build-fedora4: + [[ xqmgr.spec.in == \x\.\i\n ]]
2019-10-28 04:03:55.229429 +0000 build-fedora4: + '[' -r qubes-src/manager/rpm_spec/qmgr.spec.in ']'
2019-10-28 04:03:55.229551 +0000 build-fedora4: ++ mktemp --tmpdir tmp.XXXXXX.spec
2019-10-28 04:03:55.230338 +0000 build-fedora4: + tmp_spec=/tmp/tmp.qJcjzS.spec
2019-10-28 04:03:55.230890 +0000 build-fedora4: ++ dirname /home/user/builder-r4.1/qubes-src/builder-rpm/scripts/query-spec
2019-10-28 04:03:55.231185 +0000 build-fedora4: + /home/user/builder-r4.1/qubes-src/builder-rpm/scripts/generate-spec qubes-src/manager/rpm_spec/qmgr.spec.in /tmp/tmp.qJcjzS.spec
2019-10-28 04:03:55.232195 +0000 build-fedora4: + '[' 2 -lt 2 ']'
2019-10-28 04:03:55.232222 +0000 build-fedora4: + '[' -z qubes-src/manager ']'
2019-10-28 04:03:55.232450 +0000 build-fedora4: + cp qubes-src/manager/rpm_spec/qmgr.spec.in qubes-src/manager/rpm_spec/qmgr.spec.in.tmp
2019-10-28 04:03:55.233493 +0000 build-fedora4: + read -r ver
2019-10-28 04:03:55.234105 +0000 build-fedora4: ++ echo 4.1.1
2019-10-28 04:03:55.234130 +0000 build-fedora4: ++ sed s/-rc/~rc/
2019-10-28 04:03:55.235577 +0000 build-fedora4: + ver=4.1.1
2019-10-28 04:03:55.235610 +0000 build-fedora4: + '[' x = x ']'
2019-10-28 04:03:55.235624 +0000 build-fedora4: + sed -i 's|@VERSION@|4.1.1|g' qubes-src/manager/rpm_spec/qmgr.spec.in.tmp
2019-10-28 04:03:55.237178 +0000 build-fedora4: + vnum=1
2019-10-28 04:03:55.237211 +0000 build-fedora4: + read -r ver
2019-10-28 04:03:55.237223 +0000 build-fedora4: + '[' -e qubes-src/manager/rel ']'
