2023-11-14 04:32:37.549150 +0000 > starting log
2023-11-14 04:32:37.549412 +0000 build-fedora4: > starting build with log
2023-11-14 04:32:37.549426 +0000 build-fedora4: >> make args: update-repo-current
2023-11-14 04:32:37.549434 +0000 build-fedora4: >> MAKEFLAGS=
2023-11-14 04:32:37.549441 +0000 build-fedora4: >> COMPONENTS=dist-upgrade
2023-11-14 04:32:37.549447 +0000 build-fedora4: >> DISTS_VM=
2023-11-14 04:32:37.549453 +0000 build-fedora4: >> DIST_DOM0=
2023-11-14 04:32:37.549462 +0000 build-fedora4: >> qubes-builder 9b3260ddee54989a7d18fd6c6907dd81d3d2be7a
2023-11-14 04:32:37.549475 +0000 build-fedora4: >> qubes-builder/qubes-src/dist-upgrade b76c1d5a6146cc1ef9992c4bd430ca4dbc5fd0c9
2023-11-14 04:32:37.549484 +0000 build-fedora4: !! pkgs/dom0-fc32/qubes-dist-upgrade-4.1.0-1.fc32.x86_64.buildinfo
2023-11-14 04:32:37.549492 +0000 build-fedora4: !! pkgs/dom0-fc32/qubes-dist-upgrade-4.1.1-1.fc32.x86_64.buildinfo
2023-11-14 04:32:37.549500 +0000 build-fedora4: !! pkgs/dom0-fc32/qubes-dist-upgrade-4.1.2-1.fc32.x86_64.buildinfo
2023-11-14 04:32:37.549508 +0000 build-fedora4: !! pkgs/dom0-fc32/qubes-dist-upgrade-4.1.3-1.fc32.x86_64.buildinfo
2023-11-14 04:32:37.549515 +0000 build-fedora4: !! pkgs/dom0-fc32/qubes-dist-upgrade-4.1.4-1.fc32.x86_64.buildinfo
2023-11-14 04:32:37.549523 +0000 build-fedora4: !! pkgs/dom0-fc32/qubes-dist-upgrade-4.1.5-1.fc32.noarch.rpm
2023-11-14 04:32:37.549530 +0000 build-fedora4: !! pkgs/dom0-fc32/qubes-dist-upgrade-4.1.5-1.fc32.src.rpm
2023-11-14 04:32:37.549537 +0000 build-fedora4: !! pkgs/dom0-fc32/qubes-dist-upgrade-4.1.5-1.fc32.x86_64.buildinfo
2023-11-14 04:32:37.549544 +0000 build-fedora4: !! pkgs/dom0-fc32/qubes-dist-upgrade.spec.list
2023-11-14 04:32:37.549557 +0000 build-fedora4: e7d3065ee4738ade4402a4239d373c512177ca611ef17fc9630dd500c960a92025bdd76f2e5c6a398792ce612461bbe22469e679fe0b32f4babcddcc884f8148  pkgs/dom0-fc32/qubes-dist-upgrade-4.1.0-1.fc32.x86_64.buildinfo
2023-11-14 04:32:37.549569 +0000 build-fedora4: 421562fd29b352b0a19e444506a4c30ef84d598d3abead23be9a71d266c92f5fb0423d7d555d8158979b899d3a5da835177738bd98bbd8a18a43a87b26e09605  pkgs/dom0-fc32/qubes-dist-upgrade-4.1.1-1.fc32.x86_64.buildinfo
2023-11-14 04:32:37.549582 +0000 build-fedora4: 7e0cd14ae119953f4b577af5fb3d7ba59578b11c835a711ed2cffe7ebd24a12692b934c98faf091899c1a048c47425f7db611c936cf70c04a5e09c6e86469288  pkgs/dom0-fc32/qubes-dist-upgrade-4.1.2-1.fc32.x86_64.buildinfo
2023-11-14 04:32:37.549593 +0000 build-fedora4: 8ea0294ec3ea3b62c66f2b9804fd80f5f21d21b3970b8c3724ea2a463f81e06e7b5e43364d444975c3ebf93f9f59d29bd98b5a2ff676e3224df608a73f266553  pkgs/dom0-fc32/qubes-dist-upgrade-4.1.3-1.fc32.x86_64.buildinfo
2023-11-14 04:32:37.549605 +0000 build-fedora4: 02536fb3970e22c8cb9e11afc939e26e633ac7815239800d4ea23231ecdca461f244fee8a1ef5ae46d652aa27c9ffa7679e76eb7658ffd897a7ca5eb74cbde83  pkgs/dom0-fc32/qubes-dist-upgrade-4.1.4-1.fc32.x86_64.buildinfo
2023-11-14 04:32:37.549617 +0000 build-fedora4: c39dbd21acc1581a57a6719096999e3d3e6ad6167d5060638f0897b2c262d7c8cd4fe63890c6d6a98c0a59f7cb00fb1399763b85d73499f80b8dc82398e43dca  pkgs/dom0-fc32/qubes-dist-upgrade-4.1.5-1.fc32.noarch.rpm
2023-11-14 04:32:37.549629 +0000 build-fedora4: f6f80f40b7b99d793a846669004c29dbb865b994c194d93f29868914091b7957d9a3735de25d14f0be1956e022b3c908b926906629f09fef04a5bdbcd33aa800  pkgs/dom0-fc32/qubes-dist-upgrade-4.1.5-1.fc32.src.rpm
2023-11-14 04:32:37.549641 +0000 build-fedora4: 0d07c4dd179eccb75a181b8ccf619a45017654dba744776c334529a6c2fabed87d3004825e2797495577aaaf375c44f426194fb147843dbaa0b9398193b19c8c  pkgs/dom0-fc32/qubes-dist-upgrade-4.1.5-1.fc32.x86_64.buildinfo
2023-11-14 04:32:37.549652 +0000 build-fedora4: 98ad8e863ddcc948baa930a59fcf83b19d6993224e37bc476487c966b6bdc9828a96400104d576b78ecf674b18feb721814d8dbd24ba7f73d2c806fee32eea1d  pkgs/dom0-fc32/qubes-dist-upgrade.spec.list
2023-11-14 04:32:37.549661 +0000 build-fedora4: ================================================================================
2023-11-14 04:32:37.549669 +0000 build-fedora4:                            B U I L D   I N F O                                  
2023-11-14 04:32:37.549684 +0000 build-fedora4: Items in red indicate it was automatically generated by configuration file(s)
2023-11-14 04:32:37.549693 +0000 build-fedora4: Items in white indicate it was automatically removed by configuration file(s)
2023-11-14 04:32:37.549701 +0000 build-fedora4: ================================================================================
2023-11-14 04:32:37.549707 +0000 build-fedora4: DISTS_VM:
2023-11-14 04:32:37.549713 +0000 build-fedora4:     
2023-11-14 04:32:37.549718 +0000 build-fedora4: DISTS_ALL:
2023-11-14 04:32:37.549724 +0000 build-fedora4:      dom0-fc32,
2023-11-14 04:32:37.549869 +0000 build-fedora4: DIST_DOM0:
2023-11-14 04:32:37.549878 +0000 build-fedora4:      fc32,
2023-11-14 04:32:37.549884 +0000 build-fedora4: BUILDER_PLUGINS:
2023-11-14 04:32:37.549893 +0000 build-fedora4:      builder-rpm, builder-debian, mgmt-salt, linux-yum, release-configs, builder-github,
2023-11-14 04:32:37.549899 +0000 build-fedora4: COMPONENTS:
2023-11-14 04:32:37.549905 +0000 build-fedora4:      dist-upgrade,
2023-11-14 04:32:37.549911 +0000 build-fedora4: GIT_REPOS:
2023-11-14 04:32:37.549922 +0000 build-fedora4:      qubes-src/dist-upgrade,
2023-11-14 04:32:37.549927 +0000 build-fedora4: TEMPLATE:
2023-11-14 04:32:37.549933 +0000 build-fedora4:     
2023-11-14 04:32:37.549939 +0000 build-fedora4: TEMPLATE_FLAVOR_DIR:
2023-11-14 04:32:37.549944 +0000 build-fedora4:     
2023-11-14 04:32:37.549950 +0000 build-fedora4: TEMPLATE_ALIAS:
2023-11-14 04:32:37.549958 +0000 build-fedora4:      stretch:stretch+standard, stretch+gnome:stretch+gnome+standard,
2023-11-14 04:32:37.549966 +0000 build-fedora4:      stretch+minimal:stretch+minimal+no-recommends, buster:buster+gnome,
2023-11-14 04:32:37.549974 +0000 build-fedora4:      buster+minimal:buster+minimal+no-recommends, bullseye:bullseye+gnome+firmware,
2023-11-14 04:32:37.549982 +0000 build-fedora4:      bullseye+minimal:bullseye+minimal+no-recommends, bookworm:bookworm+gnome+firmware,
2023-11-14 04:32:37.549990 +0000 build-fedora4:      bookworm+minimal:bookworm+minimal+no-recommends, bionic:bionic+standard,
2023-11-14 04:32:37.549999 +0000 build-fedora4:      focal:focal+standard, whonix-gateway-15:buster+whonix-gateway+minimal+no-recommends,
2023-11-14 04:32:37.550007 +0000 build-fedora4:      whonix-workstation-15:buster+whonix-workstation+minimal+no-recommends,
2023-11-14 04:32:37.550014 +0000 build-fedora4:      whonix-gateway-16:bullseye+whonix-gateway+minimal+no-recommends,
2023-11-14 04:32:37.550022 +0000 build-fedora4:      whonix-workstation-16:bullseye+whonix-workstation+minimal+no-recommends,
2023-11-14 04:32:37.550028 +0000 build-fedora4: TEMPLATE_LABEL:
2023-11-14 04:32:37.550037 +0000 build-fedora4:      fc34:fedora-34 fc35:fedora-35 fc36:fedora-36 fc37:fedora-37 fc38:fedora-38 fc34+minimal:fedora-34-minimal
2023-11-14 04:32:37.550054 +0000 build-fedora4:      fc35+minimal:fedora-35-minimal fc36+minimal:fedora-36-minimal fc37+minimal:fedora-37-minimal
2023-11-14 04:32:37.550064 +0000 build-fedora4:      fc38+minimal:fedora-38-minimal fc34+xfce:fedora-34-xfce fc35+xfce:fedora-35-xfce fc36+xfce:fedora-36-xfce
2023-11-14 04:32:37.550073 +0000 build-fedora4:      fc37+xfce:fedora-37-xfce fc38+xfce:fedora-38-xfce stretch:debian-9 stretch+standard:debian-9
2023-11-14 04:32:37.550081 +0000 build-fedora4:      stretch+xfce:debian-9-xfce buster+gnome:debian-10 buster+xfce:debian-10-xfce bullseye:debian-11
2023-11-14 04:32:37.550090 +0000 build-fedora4:      bullseye+standard+firmware:debian-11 bullseye+xfce:debian-11-xfce bookworm:debian-12
2023-11-14 04:32:37.550099 +0000 build-fedora4:      bookworm+standard:debian-12 bookworm+xfce:debian-12-xfce bionic+standard:bionic
2023-11-14 04:32:37.550107 +0000 build-fedora4:      focal+standard:focal buster+whonix-gateway+minimal+no-recommends:whonix-gw-15
2023-11-14 04:32:37.550115 +0000 build-fedora4:      buster+whonix-workstation+minimal+no-recommends:whonix-ws-15
2023-11-14 04:32:37.550131 +0000 build-fedora4:      bullseye+whonix-gateway+minimal+no-recommends:whonix-gw-16
2023-11-14 04:32:37.550141 +0000 build-fedora4:      bullseye+whonix-workstation+minimal+no-recommends:whonix-ws-16 centos7:centos-7
2023-11-14 04:32:37.550150 +0000 build-fedora4:      centos7+minimal:centos-7-minimal centos7+xfce:centos-7-xfce centos-stream8:centos-stream-8
2023-11-14 04:32:37.550158 +0000 build-fedora4:      centos-stream8+minimal:centos-stream-8-minimal centos-stream8+xfce:centos-stream-8-xfce
2023-11-14 04:32:37.550164 +0000 build-fedora4: > running make
2023-11-14 04:32:37.550173 +0000 build-fedora4: Makefile:863: update target 'internal-update-repo-current.dom0.fc32.dist-upgrade' due to: target does not exist
2023-11-14 04:32:37.550180 +0000 build-fedora4: repo_base_var="LINUX_REPO_${DIST//-/_}_BASEDIR"; \
2023-11-14 04:32:37.550188 +0000 build-fedora4: if [ "dist-upgrade" = linux-template-builder ]; then \
2023-11-14 04:32:37.550196 +0000 build-fedora4: .# templates belongs to dom0 repository, even though PACKAGE_SET=vm
2023-11-14 04:32:37.550202 +0000 build-fedora4: repo_base_var="LINUX_REPO_fc32_BASEDIR"; \
2023-11-14 04:32:37.550208 +0000 build-fedora4: fi; \
2023-11-14 04:32:37.550214 +0000 build-fedora4: if [ -n "${!repo_base_var}" ]; then \
2023-11-14 04:32:37.550221 +0000 build-fedora4: .repo_basedir="${!repo_base_var}"; \
2023-11-14 04:32:37.550226 +0000 build-fedora4: else \
2023-11-14 04:32:37.550233 +0000 build-fedora4: .repo_basedir="qubes-src/linux-yum/r4.1"; \
2023-11-14 04:32:37.550238 +0000 build-fedora4: fi; \
2023-11-14 04:32:37.550245 +0000 build-fedora4: if [ -r qubes-src/dist-upgrade/Makefile.builder ]; then \
2023-11-14 04:32:37.550252 +0000 build-fedora4: .echo -n "Updating qubes-src/dist-upgrade... "; \
2023-11-14 04:32:37.550258 +0000 build-fedora4: .if [ "0" -eq 1 ]; then \
2023-11-14 04:32:37.550266 +0000 build-fedora4: ..vtag=`git -C qubes-src/dist-upgrade tag --points-at HEAD --list v*`; \
2023-11-14 04:32:37.550273 +0000 build-fedora4: ..if [ -z "$vtag" ]; then \
2023-11-14 04:32:37.550279 +0000 build-fedora4: ...echo "no version tag"; \
2023-11-14 04:32:37.550285 +0000 build-fedora4: ...exit 0; \
2023-11-14 04:32:37.550290 +0000 build-fedora4: ..fi; \
2023-11-14 04:32:37.550296 +0000 build-fedora4: .fi; \
2023-11-14 04:32:37.550321 +0000 build-fedora4: .if [ "dist-upgrade" = linux-template-builder ]; then
2023-11-14 04:32:37.550330 +0000 build-fedora4: export TEMPLATE_NAME=$(MAKEFLAGS= make -s -C qubes-src/linux-template-builder DIST=fc32 template-name)
2023-11-14 04:32:37.550336 +0000 build-fedora4: fi
2023-11-14 04:32:37.550350 +0000 build-fedora4: component_packages=$(MAKEFLAGS= make -s -f Makefile.generic DIST=fc32 PACKAGE_SET=dom0 COMPONENT=`basename qubes-src/dist-upgrade` UPDATE_REPO=/home/user/builder-r4.1-dom0/$repo_basedir/current/dom0/fc32 get-var GET_VAR=PACKAGE_LIST); \
2023-11-14 04:32:37.550358 +0000 build-fedora4: .if [ -z "$component_packages" ]; then \
2023-11-14 04:32:37.550364 +0000 build-fedora4: ..echo "no packages."; \
2023-11-14 04:32:37.550369 +0000 build-fedora4: ..exit 0; \
2023-11-14 04:32:37.550375 +0000 build-fedora4: .fi; \
2023-11-14 04:32:37.550382 +0000 build-fedora4: .make -s -f Makefile.generic DIST=fc32 PACKAGE_SET=dom0 \
2023-11-14 04:32:37.550389 +0000 build-fedora4: ..COMPONENT=`basename qubes-src/dist-upgrade` \
2023-11-14 04:32:37.550395 +0000 build-fedora4: ..SNAPSHOT_REPO=current-testing \
2023-11-14 04:32:37.550402 +0000 build-fedora4: ..TARGET_REPO=current \
2023-11-14 04:32:37.550409 +0000 build-fedora4: ..UPDATE_REPO=/home/user/builder-r4.1-dom0/$repo_basedir/current/dom0/fc32 \
2023-11-14 04:32:37.550419 +0000 build-fedora4: ..SNAPSHOT_FILE=/home/user/builder-r4.1-dom0/repo-latest-snapshot/current-testing-dom0-fc32-`basename qubes-src/dist-upgrade` \
2023-11-14 04:32:37.550425 +0000 build-fedora4: ..BUILD_LOG_URL= \
2023-11-14 04:32:37.550432 +0000 build-fedora4: ..update-repo-from-snapshot || exit 1; \
2023-11-14 04:32:37.550446 +0000 build-fedora4: elif make -C qubes-src/dist-upgrade -n update-repo-current >/dev/null 2>/dev/null; then \
2023-11-14 04:32:37.550454 +0000 build-fedora4: .echo "Updating qubes-src/dist-upgrade... "; \
2023-11-14 04:32:37.550462 +0000 build-fedora4: .DIST=fc32 UPDATE_REPO=/home/user/builder-r4.1-dom0/$repo_basedir/current/dom0/fc32 \
2023-11-14 04:32:37.550470 +0000 build-fedora4: .make -s -C qubes-src/dist-upgrade update-repo-current || exit 1; \
2023-11-14 04:32:37.550475 +0000 build-fedora4: else \
2023-11-14 04:32:37.550482 +0000 build-fedora4: .echo -n "Updating qubes-src/dist-upgrade... skipping."; \
2023-11-14 04:32:37.550488 +0000 build-fedora4: fi; \
2023-11-14 04:32:37.550493 +0000 build-fedora4: echo
2023-11-14 04:32:37.550500 +0000 build-fedora4: Updating qubes-src/dist-upgrade... + ERR_OUTPUT=/dev/stderr
2023-11-14 04:32:37.550506 +0000 build-fedora4: + source_dir=qubes-src/dist-upgrade
2023-11-14 04:32:37.550514 +0000 build-fedora4: + spec_file=qubes-src/dist-upgrade/qubes-dist-upgrade.spec
2023-11-14 04:32:37.550520 +0000 build-fedora4: + query_field='%{SOURCE0}'
2023-11-14 04:32:37.550525 +0000 build-fedora4: + dist=fc32
2023-11-14 04:32:37.550531 +0000 build-fedora4: + '[' 4 -lt 4 ']'
2023-11-14 04:32:37.550538 +0000 build-fedora4: ++ basename qubes-src/dist-upgrade/qubes-dist-upgrade.spec
2023-11-14 04:32:37.550545 +0000 build-fedora4: + spec_file_bn=qubes-dist-upgrade.spec
2023-11-14 04:32:37.550555 +0000 build-fedora4: + [[ qubes-dist-upgrade.spec.in == \.\i\n ]]
2023-11-14 04:32:37.550562 +0000 build-fedora4: + '[' -r qubes-src/dist-upgrade/qubes-dist-upgrade.spec.in ']'
2023-11-14 04:32:37.550569 +0000 build-fedora4: ++ mktemp --tmpdir tmp.XXXXXX.spec
2023-11-14 04:32:37.550575 +0000 build-fedora4: + tmp_spec=/tmp/tmp.5bWl77.spec
2023-11-14 04:32:37.550583 +0000 build-fedora4: ++ dirname /home/user/builder-r4.1-dom0/qubes-src/builder-rpm/scripts/query-spec
2023-11-14 04:32:37.550595 +0000 build-fedora4: + /home/user/builder-r4.1-dom0/qubes-src/builder-rpm/scripts/generate-spec qubes-src/dist-upgrade qubes-src/dist-upgrade/qubes-dist-upgrade.spec.in /tmp/tmp.5bWl77.spec
2023-11-14 04:32:37.550601 +0000 build-fedora4: + '[' 3 -lt 3 ']'
2023-11-14 04:32:37.550607 +0000 build-fedora4: + source_dir=qubes-src/dist-upgrade
2023-11-14 04:32:37.550614 +0000 build-fedora4: + input=qubes-src/dist-upgrade/qubes-dist-upgrade.spec.in
2023-11-14 04:32:37.550620 +0000 build-fedora4: + output=/tmp/tmp.5bWl77.spec
2023-11-14 04:32:37.550628 +0000 build-fedora4: + '[' '!' -e qubes-src/dist-upgrade/qubes-dist-upgrade.spec.in ']'
2023-11-14 04:32:37.550665 +0000 build-fedora4: + cp qubes-src/dist-upgrade/qubes-dist-upgrade.spec.in qubes-src/dist-upgrade/qubes-dist-upgrade.spec.in.tmp
2023-11-14 04:32:37.550672 +0000 build-fedora4: + read -r ver
2023-11-14 04:32:37.550678 +0000 build-fedora4: + '[' -z '' ']'
2023-11-14 04:32:37.550686 +0000 build-fedora4: + sed -i 's|@VERSION@|4.1.5|g' qubes-src/dist-upgrade/qubes-dist-upgrade.spec.in.tmp
2023-11-14 04:32:37.550692 +0000 build-fedora4: + vnum=1
2023-11-14 04:32:37.550698 +0000 build-fedora4: + read -r ver
2023-11-14 04:32:37.550704 +0000 build-fedora4: + '[' -e qubes-src/dist-upgrade/rel ']'
2023-11-14 04:32:37.550712 +0000 build-fedora4: + grep -q @REL@ qubes-src/dist-upgrade/qubes-dist-upgrade.spec.in.tmp
2023-11-14 04:32:37.550720 +0000 build-fedora4: + sed -i -e s:@BACKEND_VMM@:xen:g qubes-src/dist-upgrade/qubes-dist-upgrade.spec.in.tmp
2023-11-14 04:32:37.550728 +0000 build-fedora4: + grep -q @CHANGELOG@ qubes-src/dist-upgrade/qubes-dist-upgrade.spec.in.tmp
2023-11-14 04:32:37.550736 +0000 build-fedora4: ++ dirname /home/user/builder-r4.1-dom0/qubes-src/builder-rpm/scripts/generate-spec
2023-11-14 04:32:37.550747 +0000 build-fedora4: + /home/user/builder-r4.1-dom0/qubes-src/builder-rpm/scripts/generate-changelog qubes-src/dist-upgrade qubes-src/dist-upgrade/qubes-dist-upgrade.spec.in.tmp
2023-11-14 04:32:37.728362 +0000 build-fedora4: + cat qubes-src/dist-upgrade/qubes-dist-upgrade.spec.in.tmp
2023-11-14 04:32:37.730127 +0000 build-fedora4: + rm -rf qubes-src/dist-upgrade/qubes-dist-upgrade.spec.in.tmp
2023-11-14 04:32:37.730160 +0000 build-fedora4: + '[' '%{SOURCE0}' = '%{SOURCE0}' ']'
2023-11-14 04:32:37.730170 +0000 build-fedora4: + spectool --list-files --source 0 /tmp/tmp.5bWl77.spec
2023-11-14 04:32:37.903350 +0000 build-fedora4: + rm -f /tmp/tmp.5bWl77.spec
2023-11-14 04:32:37.932667 +0000 build-fedora4: + ERR_OUTPUT=/dev/stderr
2023-11-14 04:32:37.932704 +0000 build-fedora4: + source_dir=qubes-src/dist-upgrade
2023-11-14 04:32:37.932714 +0000 build-fedora4: + spec_file=qubes-src/dist-upgrade/qubes-dist-upgrade.spec
2023-11-14 04:32:37.932721 +0000 build-fedora4: + query_field='%{SOURCE0}'
2023-11-14 04:32:37.933013 +0000 build-fedora4: + dist=fc32
2023-11-14 04:32:37.933029 +0000 build-fedora4: + '[' 4 -lt 4 ']'
2023-11-14 04:32:37.933204 +0000 build-fedora4: ++ basename qubes-src/dist-upgrade/qubes-dist-upgrade.spec
2023-11-14 04:32:37.935474 +0000 build-fedora4: + spec_file_bn=qubes-dist-upgrade.spec
2023-11-14 04:32:37.935501 +0000 build-fedora4: + [[ qubes-dist-upgrade.spec.in == \.\i\n ]]
2023-11-14 04:32:37.935511 +0000 build-fedora4: + '[' -r qubes-src/dist-upgrade/qubes-dist-upgrade.spec.in ']'
2023-11-14 04:32:37.935518 +0000 build-fedora4: ++ mktemp --tmpdir tmp.XXXXXX.spec
2023-11-14 04:32:37.937224 +0000 build-fedora4: + tmp_spec=/tmp/tmp.FsP67o.spec
2023-11-14 04:32:37.937255 +0000 build-fedora4: ++ dirname /home/user/builder-r4.1-dom0/qubes-src/builder-rpm/scripts/query-spec
2023-11-14 04:32:37.937505 +0000 build-fedora4: + /home/user/builder-r4.1-dom0/qubes-src/builder-rpm/scripts/generate-spec qubes-src/dist-upgrade qubes-src/dist-upgrade/qubes-dist-upgrade.spec.in /tmp/tmp.FsP67o.spec
2023-11-14 04:32:37.938946 +0000 build-fedora4: + '[' 3 -lt 3 ']'
2023-11-14 04:32:37.938967 +0000 build-fedora4: + source_dir=qubes-src/dist-upgrade
2023-11-14 04:32:37.939143 +0000 build-fedora4: + input=qubes-src/dist-upgrade/qubes-dist-upgrade.spec.in
2023-11-14 04:32:37.939159 +0000 build-fedora4: + output=/tmp/tmp.FsP67o.spec
2023-11-14 04:32:37.939168 +0000 build-fedora4: + '[' '!' -e qubes-src/dist-upgrade/qubes-dist-upgrade.spec.in ']'
2023-11-14 04:32:37.939177 +0000 build-fedora4: + cp qubes-src/dist-upgrade/qubes-dist-upgrade.spec.in qubes-src/dist-upgrade/qubes-dist-upgrade.spec.in.tmp
2023-11-14 04:32:37.940847 +0000 build-fedora4: + read -r ver
2023-11-14 04:32:37.941039 +0000 build-fedora4: + '[' -z '' ']'
2023-11-14 04:32:37.941060 +0000 build-fedora4: + sed -i 's|@VERSION@|4.1.5|g' qubes-src/dist-upgrade/qubes-dist-upgrade.spec.in.tmp
2023-11-14 04:32:37.944245 +0000 build-fedora4: + vnum=1
2023-11-14 04:32:37.944277 +0000 build-fedora4: + read -r ver
2023-11-14 04:32:37.944286 +0000 build-fedora4: + '[' -e qubes-src/dist-upgrade/rel ']'
2023-11-14 04:32:37.944295 +0000 build-fedora4: + grep -q @REL@ qubes-src/dist-upgrade/qubes-dist-upgrade.spec.in.tmp
2023-11-14 04:32:37.944482 +0000 build-fedora4: + sed -i -e s:@BACKEND_VMM@:xen:g qubes-src/dist-upgrade/qubes-dist-upgrade.spec.in.tmp
2023-11-14 04:32:37.957809 +0000 build-fedora4: + grep -q @CHANGELOG@ qubes-src/dist-upgrade/qubes-dist-upgrade.spec.in.tmp
2023-11-14 04:32:37.960885 +0000 build-fedora4: ++ dirname /home/user/builder-r4.1-dom0/qubes-src/builder-rpm/scripts/generate-spec
2023-11-14 04:32:37.961134 +0000 build-fedora4: + /home/user/builder-r4.1-dom0/qubes-src/builder-rpm/scripts/generate-changelog qubes-src/dist-upgrade qubes-src/dist-upgrade/qubes-dist-upgrade.spec.in.tmp
2023-11-14 04:32:38.276911 +0000 build-fedora4: + cat qubes-src/dist-upgrade/qubes-dist-upgrade.spec.in.tmp
2023-11-14 04:32:38.278038 +0000 build-fedora4: + rm -rf qubes-src/dist-upgrade/qubes-dist-upgrade.spec.in.tmp
2023-11-14 04:32:38.285552 +0000 build-fedora4: + '[' '%{SOURCE0}' = '%{SOURCE0}' ']'
2023-11-14 04:32:38.285588 +0000 build-fedora4: + spectool --list-files --source 0 /tmp/tmp.FsP67o.spec
2023-11-14 04:32:38.498141 +0000 build-fedora4: + rm -f /tmp/tmp.FsP67o.spec
2023-11-14 04:32:38.501588 +0000 build-fedora4: Makefile.generic:229: update target 'update-repo-date-check' due to: target is .PHONY
2023-11-14 04:32:38.501626 +0000 build-fedora4: if ! [ -r /home/user/builder-r4.1-dom0/repo-latest-snapshot/current-testing-dom0-fc32-dist-upgrade ]; then \
2023-11-14 04:32:38.501638 +0000 build-fedora4: .echo "`tput bold`*** Packages weren't uploaded to current-testing! ***`tput sgr0`"; \
2023-11-14 04:32:38.501645 +0000 build-fedora4: .exit 1; \
2023-11-14 04:32:38.501652 +0000 build-fedora4: fi
2023-11-14 04:32:38.522055 +0000 build-fedora4: touch -t `date -d "5 days ago" +%Y%m%d%H%M` /tmp/age-compare-file
2023-11-14 04:32:38.529610 +0000 build-fedora4: if ! [ /home/user/builder-r4.1-dom0/repo-latest-snapshot/current-testing-dom0-fc32-dist-upgrade -ot /tmp/age-compare-file ]; then \
2023-11-14 04:32:38.529648 +0000 build-fedora4: .echo "`tput bold`*** Packages weren't in current-testing for at least 5 days! ***`tput sgr0`"; \
2023-11-14 04:32:38.529658 +0000 build-fedora4: .exit 1; \
2023-11-14 04:32:38.529665 +0000 build-fedora4: fi
2023-11-14 04:32:38.529672 +0000 build-fedora4: rm -f /tmp/age-compare-file
2023-11-14 04:32:38.555036 +0000 build-fedora4: /home/user/builder-r4.1-dom0/qubes-src/builder-rpm/Makefile.rpmbuilder:198: update target 'update-repo-from-snapshot-do' due to: target does not exist
2023-11-14 04:32:38.555078 +0000 build-fedora4: for f in pkgs/dom0-fc32/qubes-dist-upgrade-4.1.5-1.fc32.noarch.rpm pkgs/dom0-fc32/qubes-dist-upgrade-4.1.5-1.fc32.src.rpm pkgs/dom0-fc32/qubes-dist-upgrade-4.1.5-1.fc32.x86_64.buildinfo; do \
2023-11-14 04:32:38.555094 +0000 build-fedora4: .ln -f /home/user/builder-r4.1-dom0/qubes-src/linux-yum/r4.1/current-testing/dom0/fc32/rpm/`basename $f` /home/user/builder-r4.1-dom0/qubes-src/linux-yum/r4.1/current/dom0/fc32/rpm/ || exit 1; \
2023-11-14 04:32:38.555100 +0000 build-fedora4: done
2023-11-14 04:32:38.619379 +0000 build-fedora4: /home/user/builder-r4.1-dom0/qubes-src/builder-github//Makefile.github:18: update target 'notify-github' due to: target does not exist
2023-11-14 04:32:38.619421 +0000 build-fedora4: [ -z "qubes-dist-upgrade-4.1.5-1.fc32" ] || /home/user/builder-r4.1-dom0/qubes-src/builder-github//notify-issues \
2023-11-14 04:32:38.619432 +0000 build-fedora4: .--build-log="" \
2023-11-14 04:32:38.619439 +0000 build-fedora4: .upload \
2023-11-14 04:32:38.619446 +0000 build-fedora4: ."r4.1" \
2023-11-14 04:32:38.619453 +0000 build-fedora4: ."qubes-src/dist-upgrade" \
2023-11-14 04:32:38.619460 +0000 build-fedora4: ."qubes-dist-upgrade-4.1.5-1.fc32" \
2023-11-14 04:32:38.619465 +0000 build-fedora4: ."fc32" \
2023-11-14 04:32:38.619471 +0000 build-fedora4: ."dom0" \
2023-11-14 04:32:38.619477 +0000 build-fedora4: ."current" \
2023-11-14 04:32:38.619486 +0000 build-fedora4: ."/home/user/github-notify-state/r4.1-dist-upgrade-dom0-fc32-current" \
2023-11-14 04:32:38.619494 +0000 build-fedora4: ."/home/user/github-notify-state/r4.1-dist-upgrade-dom0-fc32-current"
2023-11-14 04:32:57.400621 +0000 build-fedora4: Adding a comment to issue #7832
2023-11-14 04:32:57.400665 +0000 build-fedora4: Adding a comment to issue #8617
2023-11-14 04:32:57.441137 +0000 build-fedora4: 
2023-11-14 04:32:57.441185 +0000 build-fedora4: Makefile:945: update target 'post-update-repo-current' due to: target does not exist
2023-11-14 04:32:57.441195 +0000 build-fedora4: true
2023-11-14 04:32:57.449607 +0000 build-fedora4: Makefile:819: update target 'update-repo-current' due to: target does not exist
2023-11-14 04:32:57.449642 +0000 build-fedora4: true
2023-11-14 04:32:57.449650 +0000 build-fedora4: > done
2023-11-14 04:32:57.449661 +0000 > closing log
