2021-07-06 01:48:43.345585 +0000 > starting log
2021-07-06 01:48:43.345934 +0000 build-fedora4: > starting build with log
2021-07-06 01:48:43.345946 +0000 build-fedora4: >> make args: update-repo-current
2021-07-06 01:48:43.345954 +0000 build-fedora4: >> MAKEFLAGS=
2021-07-06 01:48:43.345961 +0000 build-fedora4: >> COMPONENTS=infrastructure
2021-07-06 01:48:43.345969 +0000 build-fedora4: >> DISTS_VM=fc32 fc32 fc33 fc34
2021-07-06 01:48:43.345974 +0000 build-fedora4: >> DIST_DOM0=
2021-07-06 01:48:43.345983 +0000 build-fedora4: >> qubes-builder 75fec6ba5b77aa3a7bbc642095001aac175c6028
2021-07-06 01:48:43.345992 +0000 build-fedora4: >> qubes-builder/qubes-src/infrastructure 98a460595b8d655e277847a9c5a63ec76840c90f
2021-07-06 01:48:43.992739 +0000 build-fedora4: >> qubes-builder/qubes-src/infrastructure/build-infra/qubes-builder 9bd3fae19d13964aa61e235edc39ead942b2a57a
2021-07-06 01:48:44.426461 +0000 build-fedora4: >> qubes-builder/qubes-src/infrastructure/build-infra/qubes-builder-github 9d49a52e1d9b654d40b13c90002d71f029e55c80
2021-07-06 01:48:44.818539 +0000 build-fedora4: ================================================================================
2021-07-06 01:48:44.826916 +0000 build-fedora4:                            B U I L D   I N F O                                  
2021-07-06 01:48:44.826958 +0000 build-fedora4: Items in red indicate it was automatically generated by configuration file(s)
2021-07-06 01:48:44.826971 +0000 build-fedora4: Items in white indicate it was automatically removed by configuration file(s)
2021-07-06 01:48:44.826981 +0000 build-fedora4: ================================================================================
2021-07-06 01:48:44.827079 +0000 build-fedora4: DISTS_VM:
2021-07-06 01:48:44.835622 +0000 build-fedora4:      fc32, fc32, fc33, fc34,
2021-07-06 01:48:44.836830 +0000 build-fedora4: DISTS_ALL:
2021-07-06 01:48:44.839522 +0000 build-fedora4:      vm-fc32, vm-fc33, vm-fc34,
2021-07-06 01:48:44.841113 +0000 build-fedora4: DIST_DOM0:
2021-07-06 01:48:44.845573 +0000 build-fedora4:     
2021-07-06 01:48:44.847200 +0000 build-fedora4: BUILDER_PLUGINS:
2021-07-06 01:48:44.850821 +0000 build-fedora4:      builder-rpm, builder-debian, mgmt-salt, linux-yum, release-configs, builder-github,
2021-07-06 01:48:44.856117 +0000 build-fedora4: COMPONENTS:
2021-07-06 01:48:44.886908 +0000 build-fedora4:      infrastructure,
2021-07-06 01:48:44.886949 +0000 build-fedora4: GIT_REPOS:
2021-07-06 01:48:44.906655 +0000 build-fedora4:      qubes-src/infrastructure,
2021-07-06 01:48:44.909153 +0000 build-fedora4: TEMPLATE:
2021-07-06 01:48:44.918722 +0000 build-fedora4:     
2021-07-06 01:48:44.918764 +0000 build-fedora4: TEMPLATE_FLAVOR_DIR:
2021-07-06 01:48:44.933586 +0000 build-fedora4:     
2021-07-06 01:48:44.939647 +0000 build-fedora4: TEMPLATE_ALIAS:
2021-07-06 01:48:44.946424 +0000 build-fedora4:      stretch:stretch+standard, stretch+gnome:stretch+gnome+standard,
2021-07-06 01:48:44.946464 +0000 build-fedora4:      stretch+minimal:stretch+minimal+no-recommends, buster:buster+standard,
2021-07-06 01:48:44.946477 +0000 build-fedora4:      buster+gnome:buster+gnome+standard, buster+minimal:buster+minimal+no-recommends,
2021-07-06 01:48:44.946487 +0000 build-fedora4:      bullseye:bullseye+standard, bullseye+gnome:bullseye+gnome+standard,
2021-07-06 01:48:44.946497 +0000 build-fedora4:      bullseye+minimal:bullseye+minimal+no-recommends, bionic:bionic+standard,
2021-07-06 01:48:44.946507 +0000 build-fedora4:      focal:focal+standard, whonix-gateway-14:stretch+whonix-gateway+minimal+no-recommends,
2021-07-06 01:48:44.946517 +0000 build-fedora4:      whonix-workstation-14:stretch+whonix-workstation+minimal+no-recommends,
2021-07-06 01:48:44.946526 +0000 build-fedora4:      whonix-gateway-15:buster+whonix-gateway+minimal+no-recommends,
2021-07-06 01:48:44.946535 +0000 build-fedora4:      whonix-workstation-15:buster+whonix-workstation+minimal+no-recommends,
2021-07-06 01:48:44.962272 +0000 build-fedora4: TEMPLATE_LABEL:
2021-07-06 01:48:45.012491 +0000 build-fedora4:      fc32:fedora-32, fc33:fedora-33, fc34:fedora-34, fc25:fedora-25 fc35:fedora-35
2021-07-06 01:48:45.012555 +0000 build-fedora4:      fc32+minimal:fedora-32-minimal fc33+minimal:fedora-33-minimal fc34+minimal:fedora-34-minimal
2021-07-06 01:48:45.012594 +0000 build-fedora4:      fc35+minimal:fedora-35-minimal fc32+xfce:fedora-32-xfce fc33+xfce:fedora-33-xfce fc34+xfce:fedora-34-xfce
2021-07-06 01:48:45.012609 +0000 build-fedora4:      fc35+xfce:fedora-35-xfce stretch:debian-9 stretch+standard:debian-9 stretch+xfce:debian-9-xfce
2021-07-06 01:48:45.012620 +0000 build-fedora4:      buster:debian-10 buster+standard:debian-10 buster+xfce:debian-10-xfce bullseye:debian-11
2021-07-06 01:48:45.012633 +0000 build-fedora4:      bullseye+standard:debian-11 bullseye+xfce:debian-11-xfce bionic+standard:bionic
2021-07-06 01:48:45.012643 +0000 build-fedora4:      focal+standard:focal stretch+whonix-gateway+minimal+no-recommends:whonix-gw-14
2021-07-06 01:48:45.012652 +0000 build-fedora4:      stretch+whonix-workstation+minimal+no-recommends:whonix-ws-14
2021-07-06 01:48:45.012661 +0000 build-fedora4:      buster+whonix-gateway+minimal+no-recommends:whonix-gw-15
2021-07-06 01:48:45.012670 +0000 build-fedora4:      buster+whonix-workstation+minimal+no-recommends:whonix-ws-15 centos7:centos-7
2021-07-06 01:48:45.012681 +0000 build-fedora4:      centos7+minimal:centos-7-minimal centos7+xfce:centos-7-xfce centos-stream8:centos-stream-8
2021-07-06 01:48:45.012691 +0000 build-fedora4:      centos-stream8+minimal:centos-stream-8-minimal centos-stream8+xfce:centos-stream-8-xfce
2021-07-06 01:48:45.072455 +0000 build-fedora4: > running make
2021-07-06 01:48:45.118326 +0000 build-fedora4: Makefile:857: target 'internal-update-repo-current.vm.fc32.infrastructure' does not exist
2021-07-06 01:48:45.118370 +0000 build-fedora4: repo_base_var="LINUX_REPO_${DIST//-/_}_BASEDIR"; \
2021-07-06 01:48:45.118381 +0000 build-fedora4: if [ "infrastructure" = linux-template-builder ]; then \
2021-07-06 01:48:45.118392 +0000 build-fedora4: .# templates belongs to dom0 repository, even though PACKAGE_SET=vm
2021-07-06 01:48:45.118400 +0000 build-fedora4: repo_base_var="LINUX_REPO__BASEDIR"; \
2021-07-06 01:48:45.118405 +0000 build-fedora4: fi; \
2021-07-06 01:48:45.118430 +0000 build-fedora4: if [ -n "${!repo_base_var}" ]; then \
2021-07-06 01:48:45.118438 +0000 build-fedora4: .repo_basedir="${!repo_base_var}"; \
2021-07-06 01:48:45.118443 +0000 build-fedora4: else \
2021-07-06 01:48:45.118450 +0000 build-fedora4: .repo_basedir="qubes-src/linux-yum/r4.0"; \
2021-07-06 01:48:45.118456 +0000 build-fedora4: fi; \
2021-07-06 01:48:45.118464 +0000 build-fedora4: if [ -r qubes-src/infrastructure/Makefile.builder ]; then \
2021-07-06 01:48:45.118472 +0000 build-fedora4: .echo -n "Updating qubes-src/infrastructure... "; \
2021-07-06 01:48:45.118478 +0000 build-fedora4: .if [ "0" -eq 1 ]; then \
2021-07-06 01:48:45.118488 +0000 build-fedora4: ..vtag=`git -C qubes-src/infrastructure tag --points-at HEAD --list v*`; \
2021-07-06 01:48:45.118495 +0000 build-fedora4: ..if [ -z "$vtag" ]; then \
2021-07-06 01:48:45.118501 +0000 build-fedora4: ...echo "no version tag"; \
2021-07-06 01:48:45.118507 +0000 build-fedora4: ...exit 0; \
2021-07-06 01:48:45.118513 +0000 build-fedora4: ..fi; \
2021-07-06 01:48:45.118518 +0000 build-fedora4: .fi; \
2021-07-06 01:48:45.118526 +0000 build-fedora4: .if [ "infrastructure" = linux-template-builder ]; then
2021-07-06 01:48:45.118537 +0000 build-fedora4: export TEMPLATE_NAME=$(MAKEFLAGS= make -s -C qubes-src/linux-template-builder DIST=fc32 template-name)
2021-07-06 01:48:45.118542 +0000 build-fedora4: fi
2021-07-06 01:48:45.118561 +0000 build-fedora4: component_packages=$(MAKEFLAGS= make -s -f Makefile.generic DIST=fc32 PACKAGE_SET=vm COMPONENT=`basename qubes-src/infrastructure` UPDATE_REPO=/home/user/builder-r4.0/$repo_basedir/current/vm/fc32 get-var GET_VAR=PACKAGE_LIST); \
2021-07-06 01:48:45.118569 +0000 build-fedora4: .if [ -z "$component_packages" ]; then \
2021-07-06 01:48:45.118604 +0000 build-fedora4: ..echo "no packages."; \
2021-07-06 01:48:45.118632 +0000 build-fedora4: ..exit 0; \
2021-07-06 01:48:45.118638 +0000 build-fedora4: .fi; \
2021-07-06 01:48:45.118646 +0000 build-fedora4: .make -s -f Makefile.generic DIST=fc32 PACKAGE_SET=vm \
2021-07-06 01:48:45.118654 +0000 build-fedora4: ..COMPONENT=`basename qubes-src/infrastructure` \
2021-07-06 01:48:45.118661 +0000 build-fedora4: ..SNAPSHOT_REPO=current-testing \
2021-07-06 01:48:45.118667 +0000 build-fedora4: ..TARGET_REPO=current \
2021-07-06 01:48:45.118676 +0000 build-fedora4: ..UPDATE_REPO=/home/user/builder-r4.0/$repo_basedir/current/vm/fc32 \
2021-07-06 01:48:45.118688 +0000 build-fedora4: ..SNAPSHOT_FILE=/home/user/builder-r4.0/repo-latest-snapshot/current-testing-vm-fc32-`basename qubes-src/infrastructure` \
2021-07-06 01:48:45.118695 +0000 build-fedora4: ..BUILD_LOG_URL= \
2021-07-06 01:48:45.118702 +0000 build-fedora4: ..update-repo-from-snapshot || exit 1; \
2021-07-06 01:48:45.118712 +0000 build-fedora4: elif make -C qubes-src/infrastructure -n update-repo-current >/dev/null 2>/dev/null; then \
2021-07-06 01:48:45.118720 +0000 build-fedora4: .echo "Updating qubes-src/infrastructure... "; \
2021-07-06 01:48:45.118729 +0000 build-fedora4: .DIST=fc32 UPDATE_REPO=/home/user/builder-r4.0/$repo_basedir/current/vm/fc32 \
2021-07-06 01:48:45.118741 +0000 build-fedora4: .make -s -C qubes-src/infrastructure update-repo-current || exit 1; \
2021-07-06 01:48:45.118746 +0000 build-fedora4: else \
2021-07-06 01:48:45.118755 +0000 build-fedora4: .echo -n "Updating qubes-src/infrastructure... skipping."; \
2021-07-06 01:48:45.118760 +0000 build-fedora4: fi; \
2021-07-06 01:48:45.118765 +0000 build-fedora4: echo
2021-07-06 01:48:45.252950 +0000 build-fedora4: Updating qubes-src/infrastructure... no packages.
2021-07-06 01:48:45.266259 +0000 build-fedora4: Makefile:826: update target 'internal-update-repo-current.vm.fc32' due to: internal-update-repo-current.vm.fc32.infrastructure
2021-07-06 01:48:45.266298 +0000 build-fedora4: true
2021-07-06 01:48:45.343113 +0000 build-fedora4: Makefile:857: target 'internal-update-repo-current.vm.fc33.infrastructure' does not exist
2021-07-06 01:48:45.343158 +0000 build-fedora4: repo_base_var="LINUX_REPO_${DIST//-/_}_BASEDIR"; \
2021-07-06 01:48:45.343171 +0000 build-fedora4: if [ "infrastructure" = linux-template-builder ]; then \
2021-07-06 01:48:45.343183 +0000 build-fedora4: .# templates belongs to dom0 repository, even though PACKAGE_SET=vm
2021-07-06 01:48:45.343191 +0000 build-fedora4: repo_base_var="LINUX_REPO__BASEDIR"; \
2021-07-06 01:48:45.343198 +0000 build-fedora4: fi; \
2021-07-06 01:48:45.343206 +0000 build-fedora4: if [ -n "${!repo_base_var}" ]; then \
2021-07-06 01:48:45.343214 +0000 build-fedora4: .repo_basedir="${!repo_base_var}"; \
2021-07-06 01:48:45.343220 +0000 build-fedora4: else \
2021-07-06 01:48:45.343228 +0000 build-fedora4: .repo_basedir="qubes-src/linux-yum/r4.0"; \
2021-07-06 01:48:45.343234 +0000 build-fedora4: fi; \
2021-07-06 01:48:45.343243 +0000 build-fedora4: if [ -r qubes-src/infrastructure/Makefile.builder ]; then \
2021-07-06 01:48:45.343251 +0000 build-fedora4: .echo -n "Updating qubes-src/infrastructure... "; \
2021-07-06 01:48:45.343259 +0000 build-fedora4: .if [ "0" -eq 1 ]; then \
2021-07-06 01:48:45.343268 +0000 build-fedora4: ..vtag=`git -C qubes-src/infrastructure tag --points-at HEAD --list v*`; \
2021-07-06 01:48:45.343276 +0000 build-fedora4: ..if [ -z "$vtag" ]; then \
2021-07-06 01:48:45.343283 +0000 build-fedora4: ...echo "no version tag"; \
2021-07-06 01:48:45.343289 +0000 build-fedora4: ...exit 0; \
2021-07-06 01:48:45.343295 +0000 build-fedora4: ..fi; \
2021-07-06 01:48:45.343301 +0000 build-fedora4: .fi; \
2021-07-06 01:48:45.343309 +0000 build-fedora4: .if [ "infrastructure" = linux-template-builder ]; then
2021-07-06 01:48:45.343320 +0000 build-fedora4: export TEMPLATE_NAME=$(MAKEFLAGS= make -s -C qubes-src/linux-template-builder DIST=fc33 template-name)
2021-07-06 01:48:45.343326 +0000 build-fedora4: fi
2021-07-06 01:48:45.343345 +0000 build-fedora4: component_packages=$(MAKEFLAGS= make -s -f Makefile.generic DIST=fc33 PACKAGE_SET=vm COMPONENT=`basename qubes-src/infrastructure` UPDATE_REPO=/home/user/builder-r4.0/$repo_basedir/current/vm/fc33 get-var GET_VAR=PACKAGE_LIST); \
2021-07-06 01:48:45.343371 +0000 build-fedora4: .if [ -z "$component_packages" ]; then \
2021-07-06 01:48:45.343380 +0000 build-fedora4: ..echo "no packages."; \
2021-07-06 01:48:45.343386 +0000 build-fedora4: ..exit 0; \
2021-07-06 01:48:45.343392 +0000 build-fedora4: .fi; \
2021-07-06 01:48:45.343401 +0000 build-fedora4: .make -s -f Makefile.generic DIST=fc33 PACKAGE_SET=vm \
2021-07-06 01:48:45.343409 +0000 build-fedora4: ..COMPONENT=`basename qubes-src/infrastructure` \
2021-07-06 01:48:45.343416 +0000 build-fedora4: ..SNAPSHOT_REPO=current-testing \
2021-07-06 01:48:45.343423 +0000 build-fedora4: ..TARGET_REPO=current \
2021-07-06 01:48:45.343433 +0000 build-fedora4: ..UPDATE_REPO=/home/user/builder-r4.0/$repo_basedir/current/vm/fc33 \
2021-07-06 01:48:45.343445 +0000 build-fedora4: ..SNAPSHOT_FILE=/home/user/builder-r4.0/repo-latest-snapshot/current-testing-vm-fc33-`basename qubes-src/infrastructure` \
2021-07-06 01:48:45.343452 +0000 build-fedora4: ..BUILD_LOG_URL= \
2021-07-06 01:48:45.343460 +0000 build-fedora4: ..update-repo-from-snapshot || exit 1; \
2021-07-06 01:48:45.343470 +0000 build-fedora4: elif make -C qubes-src/infrastructure -n update-repo-current >/dev/null 2>/dev/null; then \
2021-07-06 01:48:45.343479 +0000 build-fedora4: .echo "Updating qubes-src/infrastructure... "; \
2021-07-06 01:48:45.343488 +0000 build-fedora4: .DIST=fc33 UPDATE_REPO=/home/user/builder-r4.0/$repo_basedir/current/vm/fc33 \
2021-07-06 01:48:45.343498 +0000 build-fedora4: .make -s -C qubes-src/infrastructure update-repo-current || exit 1; \
2021-07-06 01:48:45.343503 +0000 build-fedora4: else \
2021-07-06 01:48:45.343512 +0000 build-fedora4: .echo -n "Updating qubes-src/infrastructure... skipping."; \
2021-07-06 01:48:45.343518 +0000 build-fedora4: fi; \
2021-07-06 01:48:45.343524 +0000 build-fedora4: echo
2021-07-06 01:48:45.455266 +0000 build-fedora4: Updating qubes-src/infrastructure... no packages.
2021-07-06 01:48:45.455317 +0000 build-fedora4: Makefile:826: update target 'internal-update-repo-current.vm.fc33' due to: internal-update-repo-current.vm.fc33.infrastructure
2021-07-06 01:48:45.455327 +0000 build-fedora4: true
2021-07-06 01:48:45.456565 +0000 build-fedora4: Makefile:857: target 'internal-update-repo-current.vm.fc34.infrastructure' does not exist
2021-07-06 01:48:45.456601 +0000 build-fedora4: repo_base_var="LINUX_REPO_${DIST//-/_}_BASEDIR"; \
2021-07-06 01:48:45.456611 +0000 build-fedora4: if [ "infrastructure" = linux-template-builder ]; then \
2021-07-06 01:48:45.456621 +0000 build-fedora4: .# templates belongs to dom0 repository, even though PACKAGE_SET=vm
2021-07-06 01:48:45.456647 +0000 build-fedora4: repo_base_var="LINUX_REPO__BASEDIR"; \
2021-07-06 01:48:45.456654 +0000 build-fedora4: fi; \
2021-07-06 01:48:45.456662 +0000 build-fedora4: if [ -n "${!repo_base_var}" ]; then \
2021-07-06 01:48:45.456669 +0000 build-fedora4: .repo_basedir="${!repo_base_var}"; \
2021-07-06 01:48:45.456674 +0000 build-fedora4: else \
2021-07-06 01:48:45.456682 +0000 build-fedora4: .repo_basedir="qubes-src/linux-yum/r4.0"; \
2021-07-06 01:48:45.456687 +0000 build-fedora4: fi; \
2021-07-06 01:48:45.456696 +0000 build-fedora4: if [ -r qubes-src/infrastructure/Makefile.builder ]; then \
2021-07-06 01:48:45.456704 +0000 build-fedora4: .echo -n "Updating qubes-src/infrastructure... "; \
2021-07-06 01:48:45.456711 +0000 build-fedora4: .if [ "0" -eq 1 ]; then \
2021-07-06 01:48:45.456720 +0000 build-fedora4: ..vtag=`git -C qubes-src/infrastructure tag --points-at HEAD --list v*`; \
2021-07-06 01:48:45.456727 +0000 build-fedora4: ..if [ -z "$vtag" ]; then \
2021-07-06 01:48:45.456734 +0000 build-fedora4: ...echo "no version tag"; \
2021-07-06 01:48:45.456743 +0000 build-fedora4: ...exit 0; \
2021-07-06 01:48:45.456748 +0000 build-fedora4: ..fi; \
2021-07-06 01:48:45.456754 +0000 build-fedora4: .fi; \
2021-07-06 01:48:45.456778 +0000 build-fedora4: .if [ "infrastructure" = linux-template-builder ]; then
2021-07-06 01:48:45.456792 +0000 build-fedora4: export TEMPLATE_NAME=$(MAKEFLAGS= make -s -C qubes-src/linux-template-builder DIST=fc34 template-name)
2021-07-06 01:48:45.456798 +0000 build-fedora4: fi
2021-07-06 01:48:45.456817 +0000 build-fedora4: component_packages=$(MAKEFLAGS= make -s -f Makefile.generic DIST=fc34 PACKAGE_SET=vm COMPONENT=`basename qubes-src/infrastructure` UPDATE_REPO=/home/user/builder-r4.0/$repo_basedir/current/vm/fc34 get-var GET_VAR=PACKAGE_LIST); \
2021-07-06 01:48:45.456825 +0000 build-fedora4: .if [ -z "$component_packages" ]; then \
2021-07-06 01:48:45.456832 +0000 build-fedora4: ..echo "no packages."; \
2021-07-06 01:48:45.456837 +0000 build-fedora4: ..exit 0; \
2021-07-06 01:48:45.456843 +0000 build-fedora4: .fi; \
2021-07-06 01:48:45.456851 +0000 build-fedora4: .make -s -f Makefile.generic DIST=fc34 PACKAGE_SET=vm \
2021-07-06 01:48:45.456859 +0000 build-fedora4: ..COMPONENT=`basename qubes-src/infrastructure` \
2021-07-06 01:48:45.456866 +0000 build-fedora4: ..SNAPSHOT_REPO=current-testing \
2021-07-06 01:48:45.456872 +0000 build-fedora4: ..TARGET_REPO=current \
2021-07-06 01:48:45.456881 +0000 build-fedora4: ..UPDATE_REPO=/home/user/builder-r4.0/$repo_basedir/current/vm/fc34 \
2021-07-06 01:48:45.456893 +0000 build-fedora4: ..SNAPSHOT_FILE=/home/user/builder-r4.0/repo-latest-snapshot/current-testing-vm-fc34-`basename qubes-src/infrastructure` \
2021-07-06 01:48:45.456899 +0000 build-fedora4: ..BUILD_LOG_URL= \
2021-07-06 01:48:45.456906 +0000 build-fedora4: ..update-repo-from-snapshot || exit 1; \
2021-07-06 01:48:45.456916 +0000 build-fedora4: elif make -C qubes-src/infrastructure -n update-repo-current >/dev/null 2>/dev/null; then \
2021-07-06 01:48:45.456924 +0000 build-fedora4: .echo "Updating qubes-src/infrastructure... "; \
2021-07-06 01:48:45.456933 +0000 build-fedora4: .DIST=fc34 UPDATE_REPO=/home/user/builder-r4.0/$repo_basedir/current/vm/fc34 \
2021-07-06 01:48:45.456942 +0000 build-fedora4: .make -s -C qubes-src/infrastructure update-repo-current || exit 1; \
2021-07-06 01:48:45.456948 +0000 build-fedora4: else \
2021-07-06 01:48:45.456956 +0000 build-fedora4: .echo -n "Updating qubes-src/infrastructure... skipping."; \
2021-07-06 01:48:45.456961 +0000 build-fedora4: fi; \
2021-07-06 01:48:45.456966 +0000 build-fedora4: echo
2021-07-06 01:48:45.646141 +0000 build-fedora4: Updating qubes-src/infrastructure... no packages.
2021-07-06 01:48:45.646194 +0000 build-fedora4: Makefile:826: update target 'internal-update-repo-current.vm.fc34' due to: internal-update-repo-current.vm.fc34.infrastructure
2021-07-06 01:48:45.646205 +0000 build-fedora4: true
2021-07-06 01:48:45.663958 +0000 build-fedora4: Makefile:939: target 'post-update-repo-current' does not exist
2021-07-06 01:48:45.663998 +0000 build-fedora4: true
2021-07-06 01:48:45.671479 +0000 build-fedora4: Makefile:813: update target 'update-repo-current' due to: internal-update-repo-current.vm.fc32 internal-update-repo-current.vm.fc33 internal-update-repo-current.vm.fc34 post-update-repo-current
2021-07-06 01:48:45.671516 +0000 build-fedora4: true
2021-07-06 01:48:45.671525 +0000 build-fedora4: > done
2021-07-06 01:48:45.671535 +0000 > closing log
