2018-09-28 19:13:29.276355 +0000 > starting log
2018-09-28 19:13:29.277565 +0000 build-fedora4: > starting build with log
2018-09-28 19:13:29.277591 +0000 build-fedora4: >> make args: update-repo-current
2018-09-28 19:13:29.277606 +0000 build-fedora4: >> MAKEFLAGS=
2018-09-28 19:13:29.277618 +0000 build-fedora4: >> COMPONENTS=dbus
2018-09-28 19:13:29.277629 +0000 build-fedora4: >> DISTS_VM=
2018-09-28 19:13:29.277654 +0000 build-fedora4: >> DIST_DOM0=
2018-09-28 19:13:29.277669 +0000 build-fedora4: >> qubes-builder e17794e65bcac38add0ab232a5ad6fd1f4358e1e
2018-09-28 19:13:29.277684 +0000 build-fedora4: >> qubes-builder/qubes-src/dbus 774cb51fd7ce14723a075faf7f432d76721606a3
2018-09-28 19:13:29.288291 +0000 build-fedora4: !! pkgs/fc25/noarch/qubes-dbus-0.0.2-1.fc25.noarch.rpm
2018-09-28 19:13:29.288331 +0000 build-fedora4: !! pkgs/fc25/noarch/qubes-dbus-0.0.3-1.fc25.noarch.rpm
2018-09-28 19:13:29.288348 +0000 build-fedora4: !! pkgs/fc25/noarch/qubes-dbus-1.0.0-1.fc25.noarch.rpm
2018-09-28 19:13:29.288363 +0000 build-fedora4: !! pkgs/fc25/noarch/qubes-dbus-1.0.1-1.fc25.noarch.rpm
2018-09-28 19:13:29.288376 +0000 build-fedora4: !! pkgs/fc25/noarch/qubes-dbus-1.0.2-1.fc25.noarch.rpm
2018-09-28 19:13:29.288389 +0000 build-fedora4: !! pkgs/fc25/noarch/qubes-dbus-1.0.3-1.fc25.noarch.rpm
2018-09-28 19:13:29.288401 +0000 build-fedora4: !! pkgs/fc25/noarch/qubes-dbus-1.0.4-1.fc25.noarch.rpm
2018-09-28 19:13:29.288413 +0000 build-fedora4: !! pkgs/fc25/noarch/qubes-dbus-1.0.5-1.fc25.noarch.rpm
2018-09-28 19:13:29.288428 +0000 build-fedora4: !! pkgs/fc25/noarch/qubes-dbus-1.0.6-1.fc25.noarch.rpm
2018-09-28 19:13:29.288440 +0000 build-fedora4: !! pkgs/fc25/qubes-dbus.spec.list
2018-09-28 19:13:29.302623 +0000 build-fedora4: 877811fa4cba3dc3f8faae89a0ff736c78371394f5125707938dbe3799a725110cd7973535d3bdec51babb8a380a90bfb485be827aad508b81aad7c00b9bfdd0  pkgs/fc25/noarch/qubes-dbus-0.0.2-1.fc25.noarch.rpm
2018-09-28 19:13:29.303814 +0000 build-fedora4: e255c33f85760c8689be5ccd1baff65f9816ca084342ab9d26653d1f3e2e636a0e2510273543e538457a9f099a92293aceb83cafb4f6fece54406d7c4c541808  pkgs/fc25/noarch/qubes-dbus-0.0.3-1.fc25.noarch.rpm
2018-09-28 19:13:29.303864 +0000 build-fedora4: 12ef7376e02c3821c0b6f1935ef0e37d85300dfc42f51c413999fe977156c35e8ade3a111ecfcdd05c9f48ccf41d8a420585046905b6f0061e3737449badac62  pkgs/fc25/noarch/qubes-dbus-1.0.0-1.fc25.noarch.rpm
2018-09-28 19:13:29.305008 +0000 build-fedora4: 5ad5f8118bb5f9be8bc33e535bbbb9b30addd3dce1d639e38b03bb4fb32bae1b6cd53d69f51b7f34a3f46f5cd16ee4e888fd60836e9c5f3121026311b867e28c  pkgs/fc25/noarch/qubes-dbus-1.0.1-1.fc25.noarch.rpm
2018-09-28 19:13:29.306570 +0000 build-fedora4: f04b300552825620ed32237a62d4bc30d955b0d8e4f1044e9fef795177546715efe7a83f680ef5ae687c20eb13a0dfac0f7d1c48725eab4f95587446d5d62c1a  pkgs/fc25/noarch/qubes-dbus-1.0.2-1.fc25.noarch.rpm
2018-09-28 19:13:29.306614 +0000 build-fedora4: 420dcaaf2a4a0f6954904385dd4640529fa18bd1cd710bbd48aa017f65670243e923252e1872352dcb4fae844ad62e7ce10d36a16d6d0a5291e92d0e5a246e72  pkgs/fc25/noarch/qubes-dbus-1.0.3-1.fc25.noarch.rpm
2018-09-28 19:13:29.306653 +0000 build-fedora4: b20d58ec5c82555a166887e0de9e13bdbfd8bb04ab577311aa83460114afaa96e0c47b3b84ad28298a94345128070aa409129d619ff4cf6adef818d80b1951fb  pkgs/fc25/noarch/qubes-dbus-1.0.4-1.fc25.noarch.rpm
2018-09-28 19:13:29.306679 +0000 build-fedora4: 7c9711715dcd87271faa30b061283b7bb6a3864532ac79cad90a9005658d3c9f999f146dadda466fd420de66d7129df846310ab6c65c1e3227c25ceb598afba9  pkgs/fc25/noarch/qubes-dbus-1.0.5-1.fc25.noarch.rpm
2018-09-28 19:13:29.308051 +0000 build-fedora4: 0e4d9755ac412324503d360d6f1a579729d35bfaf0d5587db360109ac82e20f577ac41a9d599cfaabeb0df63cb1e97ac25636b3abe0968a919826634149f4bb7  pkgs/fc25/noarch/qubes-dbus-1.0.6-1.fc25.noarch.rpm
2018-09-28 19:13:29.309436 +0000 build-fedora4: 439311b7ed7bc4d6f94f88dc729eda17cc83aaa8413553e47c97180e5db1f8892d2c7fd3094cbf9e94668f1666663e350079f4429939b852073ade926c0a2d73  pkgs/fc25/qubes-dbus.spec.list
2018-09-28 19:13:29.438864 +0000 build-fedora4: ================================================================================
2018-09-28 19:13:29.440110 +0000 build-fedora4:                            B U I L D   I N F O                                  
2018-09-28 19:13:29.440146 +0000 build-fedora4: Items in red indicate it was automatically generated by configuration file(s)
2018-09-28 19:13:29.440164 +0000 build-fedora4: Items in white indicate it was automatically removed by configuration file(s)
2018-09-28 19:13:29.440180 +0000 build-fedora4: ================================================================================
2018-09-28 19:13:29.440192 +0000 build-fedora4: DISTS_VM:
2018-09-28 19:13:29.445908 +0000 build-fedora4:     
2018-09-28 19:13:29.447049 +0000 build-fedora4: DISTS_ALL:
2018-09-28 19:13:29.451984 +0000 build-fedora4:      fc25,
2018-09-28 19:13:29.452023 +0000 build-fedora4: DIST_DOM0:
2018-09-28 19:13:29.459114 +0000 build-fedora4:      fc25,
2018-09-28 19:13:29.459152 +0000 build-fedora4: BUILDER_PLUGINS:
2018-09-28 19:13:29.465123 +0000 build-fedora4:      builder-rpm, mgmt-salt, linux-yum, builder-github,
2018-09-28 19:13:29.466343 +0000 build-fedora4: COMPONENTS:
2018-09-28 19:13:29.472160 +0000 build-fedora4:      dbus,
2018-09-28 19:13:29.473345 +0000 build-fedora4: GIT_REPOS:
2018-09-28 19:13:29.483101 +0000 build-fedora4:      qubes-src/dbus,
2018-09-28 19:13:29.483139 +0000 build-fedora4: TEMPLATE:
2018-09-28 19:13:29.488416 +0000 build-fedora4:     
2018-09-28 19:13:29.488458 +0000 build-fedora4: TEMPLATE_FLAVOR_DIR:
2018-09-28 19:13:29.493892 +0000 build-fedora4:     
2018-09-28 19:13:29.493933 +0000 build-fedora4: TEMPLATE_ALIAS:
2018-09-28 19:13:29.500697 +0000 build-fedora4:      jessie:jessie+standard, jessie+gnome:jessie+gnome+standard,
2018-09-28 19:13:29.500765 +0000 build-fedora4:      jessie+minimal:jessie+minimal+no-recommends, stretch:stretch+standard, stretch+gnome:stretch+gnome+standard,
2018-09-28 19:13:29.500788 +0000 build-fedora4:      stretch+minimal:stretch+minimal+no-recommends, whonix-gateway:jessie+whonix-gateway+minimal+no-recommends,
2018-09-28 19:13:29.500804 +0000 build-fedora4:      whonix-workstation:jessie+whonix-workstation+minimal+no-recommends,
2018-09-28 19:13:29.500820 +0000 build-fedora4:      whonix-gateway-14:stretch+whonix-gateway+minimal+no-recommends,
2018-09-28 19:13:29.500835 +0000 build-fedora4:      whonix-workstation-14:stretch+whonix-workstation+minimal+no-recommends,
2018-09-28 19:13:29.500849 +0000 build-fedora4:      whonix-gateway:jessie+whonix-gateway+minimal+no-recommends,
2018-09-28 19:13:29.500863 +0000 build-fedora4:      whonix-workstation:jessie+whonix-workstation+minimal+no-recommends,
2018-09-28 19:13:29.500874 +0000 build-fedora4: TEMPLATE_LABEL:
2018-09-28 19:13:29.509064 +0000 build-fedora4:      fc20:fedora-20 fc21:fedora-21 fc22:fedora-22 fc23:fedora-23 fc24:fedora-24 fc25:fedora-25 fc26:fedora-26
2018-09-28 19:13:29.509108 +0000 build-fedora4:      fc27:fedora-27 fc28:fedora-28 fc20+minimal:fedora-20-minimal fc21+minimal:fedora-21-minimal
2018-09-28 19:13:29.509129 +0000 build-fedora4:      fc23+minimal:fedora-23-minimal fc24+minimal:fedora-24-minimal fc25+minimal:fedora-25-minimal
2018-09-28 19:13:29.509146 +0000 build-fedora4:      fc26+minimal:fedora-26-minimal fc27+minimal:fedora-27-minimal fc28+minimal:fedora-28-minimal
2018-09-28 19:13:29.509163 +0000 build-fedora4:      fc25+xfce:fedora-25-xfce fc26+xfce:fedora-26-xfce fc27+xfce:fedora-27-xfce fc28+xfce:fedora-28-xfce
2018-09-28 19:13:29.509179 +0000 build-fedora4:      wheezy:debian-7 wheezy+standard:debian-7 jessie:debian-8 jessie+standard:debian-8
2018-09-28 19:13:29.509196 +0000 build-fedora4:      stretch:debian-9 stretch+standard:debian-9 centos7:centos-7 centos7+minimal:centos-7-minimal
2018-09-28 19:13:29.509212 +0000 build-fedora4:      centos7+xfce:centos-7-xfce jessie+whonix-gateway+minimal+no-recommends:whonix-gw
2018-09-28 19:13:29.509226 +0000 build-fedora4:      jessie+whonix-workstation+minimal+no-recommends:whonix-ws
2018-09-28 19:13:29.509240 +0000 build-fedora4:      stretch+whonix-gateway+minimal+no-recommends:whonix-gw-14
2018-09-28 19:13:29.509253 +0000 build-fedora4:      stretch+whonix-workstation+minimal+no-recommends:whonix-ws-14
2018-09-28 19:13:29.509281 +0000 build-fedora4:      jessie+whonix-gateway+minimal+no-recommends:whonix-gw
2018-09-28 19:13:29.509296 +0000 build-fedora4:      jessie+whonix-workstation+minimal+no-recommends:whonix-ws
2018-09-28 19:13:29.547857 +0000 build-fedora4: > running make
2018-09-28 19:13:29.588494 +0000 build-fedora4: Makefile:798: target 'internal-update-repo-current.dom0.fc25.dbus' does not exist
2018-09-28 19:13:29.588537 +0000 build-fedora4: repo_base_var="LINUX_REPO_fc25_BASEDIR"; \
2018-09-28 19:13:29.588555 +0000 build-fedora4: if [ "dbus" = linux-template-builder ]; then \
2018-09-28 19:13:29.588572 +0000 build-fedora4: .# templates belongs to dom0 repository, even though PACKAGE_SET=vm
2018-09-28 19:13:29.588586 +0000 build-fedora4: repo_base_var="LINUX_REPO_fc25_BASEDIR"; \
2018-09-28 19:13:29.588597 +0000 build-fedora4: fi; \
2018-09-28 19:13:29.588610 +0000 build-fedora4: if [ -n "${!repo_base_var}" ]; then \
2018-09-28 19:13:29.588622 +0000 build-fedora4: .repo_basedir="${!repo_base_var}"; \
2018-09-28 19:13:29.588633 +0000 build-fedora4: else \
2018-09-28 19:13:29.588678 +0000 build-fedora4: .repo_basedir="qubes-src/linux-yum/r4.0"; \
2018-09-28 19:13:29.588689 +0000 build-fedora4: fi; \
2018-09-28 19:13:29.588702 +0000 build-fedora4: if [ -r qubes-src/dbus/Makefile.builder ]; then \
2018-09-28 19:13:29.588714 +0000 build-fedora4: .echo -n "Updating qubes-src/dbus... "; \
2018-09-28 19:13:29.588725 +0000 build-fedora4: .if [ "0" -eq 1 ]; then \
2018-09-28 19:13:29.588739 +0000 build-fedora4: ..vtag=`git -C qubes-src/dbus tag --points-at HEAD --list v*`; \
2018-09-28 19:13:29.588751 +0000 build-fedora4: ..if [ -z "$vtag" ]; then \
2018-09-28 19:13:29.588762 +0000 build-fedora4: ...echo "no version tag"; \
2018-09-28 19:13:29.588772 +0000 build-fedora4: ...exit 0; \
2018-09-28 19:13:29.588782 +0000 build-fedora4: ..fi; \
2018-09-28 19:13:29.588792 +0000 build-fedora4: .fi; \
2018-09-28 19:13:29.588804 +0000 build-fedora4: .if [ "dbus" = linux-template-builder ]; then
2018-09-28 19:13:29.588820 +0000 build-fedora4: export TEMPLATE_NAME=$(MAKEFLAGS= make -s -C qubes-src/linux-template-builder DIST=fc25 template-name)
2018-09-28 19:13:29.588830 +0000 build-fedora4: fi
2018-09-28 19:13:29.588854 +0000 build-fedora4: component_packages=$(MAKEFLAGS= make -s -f Makefile.generic DIST=fc25 PACKAGE_SET=dom0 COMPONENT=`basename qubes-src/dbus` UPDATE_REPO=/home/user/builder-r4.0-dom0/$repo_basedir/current/dom0/fc25 get-var GET_VAR=PACKAGE_LIST); \
2018-09-28 19:13:29.588868 +0000 build-fedora4: .if [ -z "$component_packages" ]; then \
2018-09-28 19:13:29.588880 +0000 build-fedora4: ..echo "no packages."; \
2018-09-28 19:13:29.588890 +0000 build-fedora4: ..exit 0; \
2018-09-28 19:13:29.588900 +0000 build-fedora4: .fi; \
2018-09-28 19:13:29.588912 +0000 build-fedora4: .make -s -f Makefile.generic DIST=fc25 PACKAGE_SET=dom0 \
2018-09-28 19:13:29.588924 +0000 build-fedora4: ..COMPONENT=`basename qubes-src/dbus` \
2018-09-28 19:13:29.588936 +0000 build-fedora4: ..SNAPSHOT_REPO=current-testing \
2018-09-28 19:13:29.588946 +0000 build-fedora4: ..TARGET_REPO=current \
2018-09-28 19:13:29.588960 +0000 build-fedora4: ..UPDATE_REPO=/home/user/builder-r4.0-dom0/$repo_basedir/current/dom0/fc25 \
2018-09-28 19:13:29.588977 +0000 build-fedora4: ..SNAPSHOT_FILE=/home/user/builder-r4.0-dom0/repo-latest-snapshot/current-testing-dom0-fc25-`basename qubes-src/dbus` \
2018-09-28 19:13:29.588988 +0000 build-fedora4: ..BUILD_LOG_URL= \
2018-09-28 19:13:29.589000 +0000 build-fedora4: ..update-repo-from-snapshot || exit 1; \
2018-09-28 19:13:29.589014 +0000 build-fedora4: elif make -C qubes-src/dbus -n update-repo-current >/dev/null 2>/dev/null; then \
2018-09-28 19:13:29.589025 +0000 build-fedora4: .echo "Updating qubes-src/dbus... "; \
2018-09-28 19:13:29.589040 +0000 build-fedora4: .DIST=fc25 UPDATE_REPO=/home/user/builder-r4.0-dom0/$repo_basedir/current/dom0/fc25 \
2018-09-28 19:13:29.589053 +0000 build-fedora4: .make -s -C qubes-src/dbus update-repo-current || exit 1; \
2018-09-28 19:13:29.589076 +0000 build-fedora4: else \
2018-09-28 19:13:29.589090 +0000 build-fedora4: .echo -n "Updating qubes-src/dbus... skipping."; \
2018-09-28 19:13:29.589100 +0000 build-fedora4: fi; \
2018-09-28 19:13:29.589109 +0000 build-fedora4: echo
2018-09-28 19:13:29.610951 +0000 build-fedora4: Updating qubes-src/dbus... + ERR_OUTPUT=/dev/stderr
2018-09-28 19:13:29.610991 +0000 build-fedora4: + '[' 2 -lt 2 ']'
2018-09-28 19:13:29.612127 +0000 build-fedora4: ++ basename qubes-src/dbus/rpm_spec/qubes-dbus.spec.in
2018-09-28 19:13:29.614468 +0000 build-fedora4: + [[ xqubes-dbus.spec.in == \x\.\i\n ]]
2018-09-28 19:13:29.614507 +0000 build-fedora4: + '[' -r qubes-src/dbus/rpm_spec/qubes-dbus.spec.in ']'
2018-09-28 19:13:29.615711 +0000 build-fedora4: ++ mktemp --tmpdir tmp.XXXXXX.spec
2018-09-28 19:13:29.617898 +0000 build-fedora4: + tmp_spec=/tmp/tmp.zgoLFo.spec
2018-09-28 19:13:29.619010 +0000 build-fedora4: ++ dirname /home/user/builder-r4.0-dom0/qubes-src/builder-rpm/scripts/query-spec
2018-09-28 19:13:29.622034 +0000 build-fedora4: + /home/user/builder-r4.0-dom0/qubes-src/builder-rpm/scripts/generate-spec qubes-src/dbus/rpm_spec/qubes-dbus.spec.in /tmp/tmp.zgoLFo.spec
2018-09-28 19:13:29.624846 +0000 build-fedora4: + '[' 2 -lt 2 ']'
2018-09-28 19:13:29.624885 +0000 build-fedora4: + '[' -z qubes-src/dbus ']'
2018-09-28 19:13:29.624906 +0000 build-fedora4: + cp qubes-src/dbus/rpm_spec/qubes-dbus.spec.in qubes-src/dbus/rpm_spec/qubes-dbus.spec.in.tmp
2018-09-28 19:13:29.632227 +0000 build-fedora4: + cat qubes-src/dbus/version
2018-09-28 19:13:29.633374 +0000 build-fedora4: + read ver
2018-09-28 19:13:29.636489 +0000 build-fedora4: + '[' x = x ']'
2018-09-28 19:13:29.636530 +0000 build-fedora4: + sed -i 's|@VERSION@|1.0.6|g' qubes-src/dbus/rpm_spec/qubes-dbus.spec.in.tmp
2018-09-28 19:13:29.640548 +0000 build-fedora4: + vnum=1
2018-09-28 19:13:29.640586 +0000 build-fedora4: + read ver
2018-09-28 19:13:29.640603 +0000 build-fedora4: + '[' -e qubes-src/dbus/rel ']'
2018-09-28 19:13:29.640699 +0000 build-fedora4: ++ cat qubes-src/dbus/rel
2018-09-28 19:13:29.644859 +0000 build-fedora4: ++ echo 1
2018-09-28 19:13:29.644903 +0000 build-fedora4: + sed -i -e s:@REL@:1:g -e s:@BACKEND_VMM@:xen:g qubes-src/dbus/rpm_spec/qubes-dbus.spec.in.tmp
2018-09-28 19:13:29.648798 +0000 build-fedora4: + '[' -e qubes-src/dbus/changelog ']'
2018-09-28 19:13:29.648840 +0000 build-fedora4: + sed -i /@CHANGELOG@/d qubes-src/dbus/rpm_spec/qubes-dbus.spec.in.tmp
2018-09-28 19:13:29.656379 +0000 build-fedora4: + cat qubes-src/dbus/rpm_spec/qubes-dbus.spec.in.tmp
2018-09-28 19:13:29.658804 +0000 build-fedora4: + rm -rf qubes-src/dbus/rpm_spec/qubes-dbus.spec.in.tmp
2018-09-28 19:13:29.665594 +0000 build-fedora4: + '[' '%{SOURCE0}' = '%{SOURCE0}' ']'
2018-09-28 19:13:29.665637 +0000 build-fedora4: ++ dirname /home/user/builder-r4.0-dom0/qubes-src/builder-rpm/scripts/query-spec
2018-09-28 19:13:29.665674 +0000 build-fedora4: + /home/user/builder-r4.0-dom0/qubes-src/builder-rpm/scripts/../tools/spectool --list-files --source 0 /tmp/tmp.zgoLFo.spec
2018-09-28 19:13:29.747210 +0000 build-fedora4: + rm -f /tmp/tmp.zgoLFo.spec
2018-09-28 19:13:29.763880 +0000 build-fedora4: + ERR_OUTPUT=/dev/stderr
2018-09-28 19:13:29.763922 +0000 build-fedora4: + '[' 2 -lt 2 ']'
2018-09-28 19:13:29.765106 +0000 build-fedora4: ++ basename qubes-src/dbus/rpm_spec/qubes-dbus.spec.in
2018-09-28 19:13:29.767847 +0000 build-fedora4: + [[ xqubes-dbus.spec.in == \x\.\i\n ]]
2018-09-28 19:13:29.767887 +0000 build-fedora4: + '[' -r qubes-src/dbus/rpm_spec/qubes-dbus.spec.in ']'
2018-09-28 19:13:29.769011 +0000 build-fedora4: ++ mktemp --tmpdir tmp.XXXXXX.spec
2018-09-28 19:13:29.770772 +0000 build-fedora4: + tmp_spec=/tmp/tmp.P7D3DR.spec
2018-09-28 19:13:29.771912 +0000 build-fedora4: ++ dirname /home/user/builder-r4.0-dom0/qubes-src/builder-rpm/scripts/query-spec
2018-09-28 19:13:29.774128 +0000 build-fedora4: + /home/user/builder-r4.0-dom0/qubes-src/builder-rpm/scripts/generate-spec qubes-src/dbus/rpm_spec/qubes-dbus.spec.in /tmp/tmp.P7D3DR.spec
2018-09-28 19:13:29.777112 +0000 build-fedora4: + '[' 2 -lt 2 ']'
2018-09-28 19:13:29.777162 +0000 build-fedora4: + '[' -z qubes-src/dbus ']'
2018-09-28 19:13:29.777262 +0000 build-fedora4: + cp qubes-src/dbus/rpm_spec/qubes-dbus.spec.in qubes-src/dbus/rpm_spec/qubes-dbus.spec.in.tmp
2018-09-28 19:13:29.782114 +0000 build-fedora4: + cat qubes-src/dbus/version
2018-09-28 19:13:29.783258 +0000 build-fedora4: + read ver
2018-09-28 19:13:29.785742 +0000 build-fedora4: + '[' x = x ']'
2018-09-28 19:13:29.785783 +0000 build-fedora4: + sed -i 's|@VERSION@|1.0.6|g' qubes-src/dbus/rpm_spec/qubes-dbus.spec.in.tmp
2018-09-28 19:13:29.789303 +0000 build-fedora4: + vnum=1
2018-09-28 19:13:29.789340 +0000 build-fedora4: + read ver
2018-09-28 19:13:29.790498 +0000 build-fedora4: + '[' -e qubes-src/dbus/rel ']'
2018-09-28 19:13:29.790528 +0000 build-fedora4: ++ cat qubes-src/dbus/rel
2018-09-28 19:13:29.793602 +0000 build-fedora4: ++ echo 1
2018-09-28 19:13:29.793644 +0000 build-fedora4: + sed -i -e s:@REL@:1:g -e s:@BACKEND_VMM@:xen:g qubes-src/dbus/rpm_spec/qubes-dbus.spec.in.tmp
2018-09-28 19:13:29.798103 +0000 build-fedora4: + '[' -e qubes-src/dbus/changelog ']'
2018-09-28 19:13:29.798145 +0000 build-fedora4: + sed -i /@CHANGELOG@/d qubes-src/dbus/rpm_spec/qubes-dbus.spec.in.tmp
2018-09-28 19:13:29.801803 +0000 build-fedora4: + cat qubes-src/dbus/rpm_spec/qubes-dbus.spec.in.tmp
2018-09-28 19:13:29.805144 +0000 build-fedora4: + rm -rf qubes-src/dbus/rpm_spec/qubes-dbus.spec.in.tmp
2018-09-28 19:13:29.807259 +0000 build-fedora4: + '[' '%{SOURCE0}' = '%{SOURCE0}' ']'
2018-09-28 19:13:29.808405 +0000 build-fedora4: ++ dirname /home/user/builder-r4.0-dom0/qubes-src/builder-rpm/scripts/query-spec
2018-09-28 19:13:29.810431 +0000 build-fedora4: + /home/user/builder-r4.0-dom0/qubes-src/builder-rpm/scripts/../tools/spectool --list-files --source 0 /tmp/tmp.P7D3DR.spec
2018-09-28 19:13:29.886089 +0000 build-fedora4: + rm -f /tmp/tmp.P7D3DR.spec
2018-09-28 19:13:29.915290 +0000 build-fedora4: + ERR_OUTPUT=/dev/stderr
2018-09-28 19:13:29.915331 +0000 build-fedora4: + '[' 2 -lt 2 ']'
2018-09-28 19:13:29.917699 +0000 build-fedora4: ++ basename qubes-src/dbus/rpm_spec/qubes-dbus.spec.in
2018-09-28 19:13:29.918968 +0000 build-fedora4: + [[ xqubes-dbus.spec.in == \x\.\i\n ]]
2018-09-28 19:13:29.919003 +0000 build-fedora4: + '[' -r qubes-src/dbus/rpm_spec/qubes-dbus.spec.in ']'
2018-09-28 19:13:29.925211 +0000 build-fedora4: ++ mktemp --tmpdir tmp.XXXXXX.spec
2018-09-28 19:13:29.925250 +0000 build-fedora4: + tmp_spec=/tmp/tmp.szGItZ.spec
2018-09-28 19:13:29.925270 +0000 build-fedora4: ++ dirname /home/user/builder-r4.0-dom0/qubes-src/builder-rpm/scripts/query-spec
2018-09-28 19:13:29.926430 +0000 build-fedora4: + /home/user/builder-r4.0-dom0/qubes-src/builder-rpm/scripts/generate-spec qubes-src/dbus/rpm_spec/qubes-dbus.spec.in /tmp/tmp.szGItZ.spec
2018-09-28 19:13:29.928816 +0000 build-fedora4: + '[' 2 -lt 2 ']'
2018-09-28 19:13:29.928853 +0000 build-fedora4: + '[' -z qubes-src/dbus ']'
2018-09-28 19:13:29.928873 +0000 build-fedora4: + cp qubes-src/dbus/rpm_spec/qubes-dbus.spec.in qubes-src/dbus/rpm_spec/qubes-dbus.spec.in.tmp
2018-09-28 19:13:29.934050 +0000 build-fedora4: + read ver
2018-09-28 19:13:29.935211 +0000 build-fedora4: + cat qubes-src/dbus/version
2018-09-28 19:13:29.936355 +0000 build-fedora4: + '[' x = x ']'
2018-09-28 19:13:29.936391 +0000 build-fedora4: + sed -i 's|@VERSION@|1.0.6|g' qubes-src/dbus/rpm_spec/qubes-dbus.spec.in.tmp
2018-09-28 19:13:29.940983 +0000 build-fedora4: + vnum=1
2018-09-28 19:13:29.941020 +0000 build-fedora4: + read ver
2018-09-28 19:13:29.943273 +0000 build-fedora4: + '[' -e qubes-src/dbus/rel ']'
2018-09-28 19:13:29.943308 +0000 build-fedora4: ++ cat qubes-src/dbus/rel
2018-09-28 19:13:29.945643 +0000 build-fedora4: ++ echo 1
2018-09-28 19:13:29.945684 +0000 build-fedora4: + sed -i -e s:@REL@:1:g -e s:@BACKEND_VMM@:xen:g qubes-src/dbus/rpm_spec/qubes-dbus.spec.in.tmp
2018-09-28 19:13:29.949625 +0000 build-fedora4: + '[' -e qubes-src/dbus/changelog ']'
2018-09-28 19:13:29.949666 +0000 build-fedora4: + sed -i /@CHANGELOG@/d qubes-src/dbus/rpm_spec/qubes-dbus.spec.in.tmp
2018-09-28 19:13:29.953319 +0000 build-fedora4: + cat qubes-src/dbus/rpm_spec/qubes-dbus.spec.in.tmp
2018-09-28 19:13:29.955615 +0000 build-fedora4: + rm -rf qubes-src/dbus/rpm_spec/qubes-dbus.spec.in.tmp
2018-09-28 19:13:29.958633 +0000 build-fedora4: + '[' '%{SOURCE0}' = '%{SOURCE0}' ']'
2018-09-28 19:13:29.959781 +0000 build-fedora4: ++ dirname /home/user/builder-r4.0-dom0/qubes-src/builder-rpm/scripts/query-spec
2018-09-28 19:13:29.962128 +0000 build-fedora4: + /home/user/builder-r4.0-dom0/qubes-src/builder-rpm/scripts/../tools/spectool --list-files --source 0 /tmp/tmp.szGItZ.spec
2018-09-28 19:13:30.036751 +0000 build-fedora4: + rm -f /tmp/tmp.szGItZ.spec
2018-09-28 19:13:30.043375 +0000 build-fedora4: Makefile.generic:209: target 'update-repo-date-check' does not exist
2018-09-28 19:13:30.043419 +0000 build-fedora4: if ! [ -r /home/user/builder-r4.0-dom0/repo-latest-snapshot/current-testing-dom0-fc25-dbus ]; then \
2018-09-28 19:13:30.043444 +0000 build-fedora4: .echo "`tput bold`*** Packages weren't uploaded to current-testing! ***`tput sgr0`"; \
2018-09-28 19:13:30.043458 +0000 build-fedora4: .exit 1; \
2018-09-28 19:13:30.043470 +0000 build-fedora4: fi
2018-09-28 19:13:30.067671 +0000 build-fedora4: + ERR_OUTPUT=/dev/stderr
2018-09-28 19:13:30.067711 +0000 build-fedora4: + '[' 2 -lt 2 ']'
2018-09-28 19:13:30.067744 +0000 build-fedora4: ++ basename qubes-src/dbus/rpm_spec/qubes-dbus.spec.in
2018-09-28 19:13:30.067760 +0000 build-fedora4: + [[ xqubes-dbus.spec.in == \x\.\i\n ]]
2018-09-28 19:13:30.067774 +0000 build-fedora4: + '[' -r qubes-src/dbus/rpm_spec/qubes-dbus.spec.in ']'
2018-09-28 19:13:30.068906 +0000 build-fedora4: ++ mktemp --tmpdir tmp.XXXXXX.spec
2018-09-28 19:13:30.071131 +0000 build-fedora4: + tmp_spec=/tmp/tmp.mAmDog.spec
2018-09-28 19:13:30.072278 +0000 build-fedora4: ++ dirname /home/user/builder-r4.0-dom0/qubes-src/builder-rpm/scripts/query-spec
2018-09-28 19:13:30.075945 +0000 build-fedora4: + /home/user/builder-r4.0-dom0/qubes-src/builder-rpm/scripts/generate-spec qubes-src/dbus/rpm_spec/qubes-dbus.spec.in /tmp/tmp.mAmDog.spec
2018-09-28 19:13:30.078156 +0000 build-fedora4: + '[' 2 -lt 2 ']'
2018-09-28 19:13:30.078193 +0000 build-fedora4: + '[' -z qubes-src/dbus ']'
2018-09-28 19:13:30.078291 +0000 build-fedora4: + cp qubes-src/dbus/rpm_spec/qubes-dbus.spec.in qubes-src/dbus/rpm_spec/qubes-dbus.spec.in.tmp
2018-09-28 19:13:30.083174 +0000 build-fedora4: + cat qubes-src/dbus/version
2018-09-28 19:13:30.084446 +0000 build-fedora4: + read ver
2018-09-28 19:13:30.085709 +0000 build-fedora4: + '[' x = x ']'
2018-09-28 19:13:30.085746 +0000 build-fedora4: + sed -i 's|@VERSION@|1.0.6|g' qubes-src/dbus/rpm_spec/qubes-dbus.spec.in.tmp
2018-09-28 19:13:30.091510 +0000 build-fedora4: + vnum=1
2018-09-28 19:13:30.091549 +0000 build-fedora4: + read ver
2018-09-28 19:13:30.091566 +0000 build-fedora4: + '[' -e qubes-src/dbus/rel ']'
2018-09-28 19:13:30.092764 +0000 build-fedora4: ++ cat qubes-src/dbus/rel
2018-09-28 19:13:30.095091 +0000 build-fedora4: ++ echo 1
2018-09-28 19:13:30.096244 +0000 build-fedora4: + sed -i -e s:@REL@:1:g -e s:@BACKEND_VMM@:xen:g qubes-src/dbus/rpm_spec/qubes-dbus.spec.in.tmp
2018-09-28 19:13:30.099556 +0000 build-fedora4: + '[' -e qubes-src/dbus/changelog ']'
2018-09-28 19:13:30.099599 +0000 build-fedora4: + sed -i /@CHANGELOG@/d qubes-src/dbus/rpm_spec/qubes-dbus.spec.in.tmp
2018-09-28 19:13:30.104249 +0000 build-fedora4: + cat qubes-src/dbus/rpm_spec/qubes-dbus.spec.in.tmp
2018-09-28 19:13:30.106812 +0000 build-fedora4: + rm -rf qubes-src/dbus/rpm_spec/qubes-dbus.spec.in.tmp
2018-09-28 19:13:30.113137 +0000 build-fedora4: + '[' '%{SOURCE0}' = '%{SOURCE0}' ']'
2018-09-28 19:13:30.113179 +0000 build-fedora4: ++ dirname /home/user/builder-r4.0-dom0/qubes-src/builder-rpm/scripts/query-spec
2018-09-28 19:13:30.114314 +0000 build-fedora4: + /home/user/builder-r4.0-dom0/qubes-src/builder-rpm/scripts/../tools/spectool --list-files --source 0 /tmp/tmp.mAmDog.spec
2018-09-28 19:13:30.190305 +0000 build-fedora4: + rm -f /tmp/tmp.mAmDog.spec
2018-09-28 19:13:30.198108 +0000 build-fedora4: touch -t `date -d "7 days ago" +%Y%m%d%H%M` /tmp/age-compare-file
2018-09-28 19:13:30.207603 +0000 build-fedora4: if ! [ /home/user/builder-r4.0-dom0/repo-latest-snapshot/current-testing-dom0-fc25-dbus -ot /tmp/age-compare-file ]; then \
2018-09-28 19:13:30.207660 +0000 build-fedora4: .echo "`tput bold`*** Packages weren't in current-testing for at least 7 days! ***`tput sgr0`"; \
2018-09-28 19:13:30.207679 +0000 build-fedora4: .exit 1; \
2018-09-28 19:13:30.207693 +0000 build-fedora4: fi
2018-09-28 19:13:30.210755 +0000 build-fedora4: rm -f /tmp/age-compare-file
2018-09-28 19:13:30.221206 +0000 build-fedora4: /home/user/builder-r4.0-dom0/qubes-src/builder-rpm/Makefile.rpmbuilder:161: target 'update-repo-from-snapshot-do' does not exist
2018-09-28 19:13:30.221249 +0000 build-fedora4: for f in pkgs/fc25/noarch/qubes-dbus-1.0.6-1.fc25.noarch.rpm; do \
2018-09-28 19:13:30.221276 +0000 build-fedora4: .ln -f /home/user/builder-r4.0-dom0/qubes-src/linux-yum/r4.0/current-testing/dom0/fc25/rpm/`basename $f` /home/user/builder-r4.0-dom0/qubes-src/linux-yum/r4.0/current/dom0/fc25/rpm/ || exit 1; \
2018-09-28 19:13:30.221290 +0000 build-fedora4: done
2018-09-28 19:13:30.235283 +0000 build-fedora4: + ERR_OUTPUT=/dev/stderr
2018-09-28 19:13:30.235323 +0000 build-fedora4: + '[' 2 -lt 2 ']'
2018-09-28 19:13:30.237634 +0000 build-fedora4: ++ basename qubes-src/dbus/rpm_spec/qubes-dbus.spec.in
2018-09-28 19:13:30.240376 +0000 build-fedora4: + [[ xqubes-dbus.spec.in == \x\.\i\n ]]
2018-09-28 19:13:30.241515 +0000 build-fedora4: + '[' -r qubes-src/dbus/rpm_spec/qubes-dbus.spec.in ']'
2018-09-28 19:13:30.241545 +0000 build-fedora4: ++ mktemp --tmpdir tmp.XXXXXX.spec
2018-09-28 19:13:30.242703 +0000 build-fedora4: + tmp_spec=/tmp/tmp.au0oyz.spec
2018-09-28 19:13:30.244922 +0000 build-fedora4: ++ dirname /home/user/builder-r4.0-dom0/qubes-src/builder-rpm/scripts/query-spec
2018-09-28 19:13:30.246121 +0000 build-fedora4: + /home/user/builder-r4.0-dom0/qubes-src/builder-rpm/scripts/generate-spec qubes-src/dbus/rpm_spec/qubes-dbus.spec.in /tmp/tmp.au0oyz.spec
2018-09-28 19:13:30.249883 +0000 build-fedora4: + '[' 2 -lt 2 ']'
2018-09-28 19:13:30.249922 +0000 build-fedora4: + '[' -z qubes-src/dbus ']'
2018-09-28 19:13:30.249942 +0000 build-fedora4: + cp qubes-src/dbus/rpm_spec/qubes-dbus.spec.in qubes-src/dbus/rpm_spec/qubes-dbus.spec.in.tmp
2018-09-28 19:13:30.255279 +0000 build-fedora4: + read ver
2018-09-28 19:13:30.255318 +0000 build-fedora4: + cat qubes-src/dbus/version
2018-09-28 19:13:30.256448 +0000 build-fedora4: + '[' x = x ']'
2018-09-28 19:13:30.256480 +0000 build-fedora4: + sed -i 's|@VERSION@|1.0.6|g' qubes-src/dbus/rpm_spec/qubes-dbus.spec.in.tmp
2018-09-28 19:13:30.260806 +0000 build-fedora4: + vnum=1
2018-09-28 19:13:30.260843 +0000 build-fedora4: + read ver
2018-09-28 19:13:30.260860 +0000 build-fedora4: + '[' -e qubes-src/dbus/rel ']'
2018-09-28 19:13:30.261980 +0000 build-fedora4: ++ cat qubes-src/dbus/rel
2018-09-28 19:13:30.265470 +0000 build-fedora4: ++ echo 1
2018-09-28 19:13:30.265515 +0000 build-fedora4: + sed -i -e s:@REL@:1:g -e s:@BACKEND_VMM@:xen:g qubes-src/dbus/rpm_spec/qubes-dbus.spec.in.tmp
2018-09-28 19:13:30.269009 +0000 build-fedora4: + '[' -e qubes-src/dbus/changelog ']'
2018-09-28 19:13:30.269050 +0000 build-fedora4: + sed -i /@CHANGELOG@/d qubes-src/dbus/rpm_spec/qubes-dbus.spec.in.tmp
2018-09-28 19:13:30.273143 +0000 build-fedora4: + cat qubes-src/dbus/rpm_spec/qubes-dbus.spec.in.tmp
2018-09-28 19:13:30.276244 +0000 build-fedora4: + rm -rf qubes-src/dbus/rpm_spec/qubes-dbus.spec.in.tmp
2018-09-28 19:13:30.278772 +0000 build-fedora4: + '[' '%{SOURCE0}' = '%{SOURCE0}' ']'
2018-09-28 19:13:30.279920 +0000 build-fedora4: ++ dirname /home/user/builder-r4.0-dom0/qubes-src/builder-rpm/scripts/query-spec
2018-09-28 19:13:30.281234 +0000 build-fedora4: + /home/user/builder-r4.0-dom0/qubes-src/builder-rpm/scripts/../tools/spectool --list-files --source 0 /tmp/tmp.au0oyz.spec
2018-09-28 19:13:30.356600 +0000 build-fedora4: + rm -f /tmp/tmp.au0oyz.spec
2018-09-28 19:13:30.382655 +0000 build-fedora4: /home/user/builder-r4.0-dom0/qubes-src/builder-github//Makefile.github:18: target 'notify-github' does not exist
2018-09-28 19:13:30.382729 +0000 build-fedora4: [ -z "qubes-dbus-1.0.6-1.fc25" ] || /home/user/builder-r4.0-dom0/qubes-src/builder-github//notify-issues \
2018-09-28 19:13:30.382748 +0000 build-fedora4: .--build-log="" \
2018-09-28 19:13:30.382762 +0000 build-fedora4: .upload \
2018-09-28 19:13:30.382774 +0000 build-fedora4: ."r4.0" \
2018-09-28 19:13:30.382786 +0000 build-fedora4: ."qubes-src/dbus" \
2018-09-28 19:13:30.382798 +0000 build-fedora4: ."qubes-dbus-1.0.6-1.fc25" \
2018-09-28 19:13:30.382809 +0000 build-fedora4: ."fc25" \
2018-09-28 19:13:30.382819 +0000 build-fedora4: ."dom0" \
2018-09-28 19:13:30.382829 +0000 build-fedora4: ."current" \
2018-09-28 19:13:30.382842 +0000 build-fedora4: ."/home/user/github-notify-state/r4.0-dbus-dom0-fc25-current"
2018-09-28 19:13:30.402356 +0000 build-fedora4: + ERR_OUTPUT=/dev/stderr
2018-09-28 19:13:30.402396 +0000 build-fedora4: + '[' 2 -lt 2 ']'
2018-09-28 19:13:30.405668 +0000 build-fedora4: ++ basename qubes-src/dbus/rpm_spec/qubes-dbus.spec.in
2018-09-28 19:13:30.406819 +0000 build-fedora4: + [[ xqubes-dbus.spec.in == \x\.\i\n ]]
2018-09-28 19:13:30.406852 +0000 build-fedora4: + '[' -r qubes-src/dbus/rpm_spec/qubes-dbus.spec.in ']'
2018-09-28 19:13:30.408004 +0000 build-fedora4: ++ mktemp --tmpdir tmp.XXXXXX.spec
2018-09-28 19:13:30.410201 +0000 build-fedora4: + tmp_spec=/tmp/tmp.3m0lzb.spec
2018-09-28 19:13:30.411352 +0000 build-fedora4: ++ dirname /home/user/builder-r4.0-dom0/qubes-src/builder-rpm/scripts/query-spec
2018-09-28 19:13:30.412508 +0000 build-fedora4: + /home/user/builder-r4.0-dom0/qubes-src/builder-rpm/scripts/generate-spec qubes-src/dbus/rpm_spec/qubes-dbus.spec.in /tmp/tmp.3m0lzb.spec
2018-09-28 19:13:30.417288 +0000 build-fedora4: + '[' 2 -lt 2 ']'
2018-09-28 19:13:30.417327 +0000 build-fedora4: + '[' -z qubes-src/dbus ']'
2018-09-28 19:13:30.417348 +0000 build-fedora4: + cp qubes-src/dbus/rpm_spec/qubes-dbus.spec.in qubes-src/dbus/rpm_spec/qubes-dbus.spec.in.tmp
2018-09-28 19:13:30.422400 +0000 build-fedora4: + read ver
2018-09-28 19:13:30.422440 +0000 build-fedora4: + cat qubes-src/dbus/version
2018-09-28 19:13:30.424674 +0000 build-fedora4: + '[' x = x ']'
2018-09-28 19:13:30.424715 +0000 build-fedora4: + sed -i 's|@VERSION@|1.0.6|g' qubes-src/dbus/rpm_spec/qubes-dbus.spec.in.tmp
2018-09-28 19:13:30.428873 +0000 build-fedora4: + vnum=1
2018-09-28 19:13:30.428910 +0000 build-fedora4: + read ver
2018-09-28 19:13:30.428927 +0000 build-fedora4: + '[' -e qubes-src/dbus/rel ']'
2018-09-28 19:13:30.430046 +0000 build-fedora4: ++ cat qubes-src/dbus/rel
2018-09-28 19:13:30.432329 +0000 build-fedora4: ++ echo 1
2018-09-28 19:13:30.433561 +0000 build-fedora4: + sed -i -e s:@REL@:1:g -e s:@BACKEND_VMM@:xen:g qubes-src/dbus/rpm_spec/qubes-dbus.spec.in.tmp
2018-09-28 19:13:30.437778 +0000 build-fedora4: + '[' -e qubes-src/dbus/changelog ']'
2018-09-28 19:13:30.437819 +0000 build-fedora4: + sed -i /@CHANGELOG@/d qubes-src/dbus/rpm_spec/qubes-dbus.spec.in.tmp
2018-09-28 19:13:30.441888 +0000 build-fedora4: + cat qubes-src/dbus/rpm_spec/qubes-dbus.spec.in.tmp
2018-09-28 19:13:30.444771 +0000 build-fedora4: + rm -rf qubes-src/dbus/rpm_spec/qubes-dbus.spec.in.tmp
2018-09-28 19:13:30.447711 +0000 build-fedora4: + '[' '%{SOURCE0}' = '%{SOURCE0}' ']'
2018-09-28 19:13:30.447754 +0000 build-fedora4: ++ dirname /home/user/builder-r4.0-dom0/qubes-src/builder-rpm/scripts/query-spec
2018-09-28 19:13:30.450108 +0000 build-fedora4: + /home/user/builder-r4.0-dom0/qubes-src/builder-rpm/scripts/../tools/spectool --list-files --source 0 /tmp/tmp.3m0lzb.spec
2018-09-28 19:13:30.526467 +0000 build-fedora4: + rm -f /tmp/tmp.3m0lzb.spec
2018-09-28 19:13:50.460272 +0000 build-fedora4: Adding a comment to issue #4078
2018-09-28 19:13:50.463968 +0000 build-fedora4: 
2018-09-28 19:13:50.464458 +0000 build-fedora4: Makefile:852: target 'post-update-repo-current' does not exist
2018-09-28 19:13:50.464489 +0000 build-fedora4: for dist in fc25 ; do \
2018-09-28 19:13:50.464506 +0000 build-fedora4: .repo_base_var="LINUX_REPO_${dist}_BASEDIR"; \
2018-09-28 19:13:50.464534 +0000 build-fedora4: .if [ -n "${!repo_base_var}" ]; then \
2018-09-28 19:13:50.464548 +0000 build-fedora4: ..repo_basedir="${!repo_base_var}"; \
2018-09-28 19:13:50.464559 +0000 build-fedora4: .else \
2018-09-28 19:13:50.464572 +0000 build-fedora4: ..repo_basedir="qubes-src/linux-yum/r4.0"; \
2018-09-28 19:13:50.464582 +0000 build-fedora4: .fi; \
2018-09-28 19:13:50.464595 +0000 build-fedora4: .repos_to_update="$repos_to_update $repo_basedir"; \
2018-09-28 19:13:50.464605 +0000 build-fedora4: done; \
2018-09-28 19:13:50.464618 +0000 build-fedora4: for repo in `echo $repos_to_update|tr ' ' '\n'|sort|uniq`; do \
2018-09-28 19:13:50.464629 +0000 build-fedora4: .[ -z "$repo" ] && continue; \
2018-09-28 19:13:50.464671 +0000 build-fedora4: .[ -x "$repo/../update_repo-current.sh" ] || continue; \
2018-09-28 19:13:50.464687 +0000 build-fedora4: .(cd $repo/.. && ./update_repo-current.sh r4.0); \
2018-09-28 19:13:50.464697 +0000 build-fedora4: done
2018-09-28 19:13:50.482728 +0000 build-fedora4: which: no mkmetalink in (/usr/local/bin:/usr/bin:/usr/local/sbin:/usr/sbin:/home/user/.local/bin:/home/user/bin:/home/user/builder-r4.0-dom0/qubes-src/builder-rpm/tools)
2018-09-28 19:13:50.490470 +0000 build-fedora4: --> Processing repo: r4.0/current/dom0/fc25...
2018-09-28 19:14:33.586616 +0000 build-fedora4: --> Processing repo: r4.0/current/vm/centos7...
2018-09-28 19:14:34.782374 +0000 build-fedora4: --> Processing repo: r4.0/current/vm/fc17...
2018-09-28 19:14:36.582413 +0000 build-fedora4: --> Processing repo: r4.0/current/vm/fc20...
2018-09-28 19:14:37.264982 +0000 build-fedora4: --> Processing repo: r4.0/current/vm/fc21...
2018-09-28 19:14:37.667807 +0000 build-fedora4: --> Processing repo: r4.0/current/vm/fc22...
2018-09-28 19:14:38.059897 +0000 build-fedora4: --> Processing repo: r4.0/current/vm/fc23...
2018-09-28 19:14:38.492416 +0000 build-fedora4: --> Processing repo: r4.0/current/vm/fc24...
2018-09-28 19:14:38.883159 +0000 build-fedora4: --> Processing repo: r4.0/current/vm/fc25...
2018-09-28 19:14:39.265692 +0000 build-fedora4: --> Processing repo: r4.0/current/vm/fc26...
2018-09-28 19:14:39.698883 +0000 build-fedora4: --> Processing repo: r4.0/current/vm/fc27...
2018-09-28 19:14:40.077452 +0000 build-fedora4: --> Processing repo: r4.0/current/vm/fc28...
2018-09-28 19:14:40.516767 +0000 build-fedora4: --> Processing repo: r4.0/current/vm/fc29...
2018-09-28 19:14:40.886522 +0000 build-fedora4: Done.
2018-09-28 19:14:40.898226 +0000 build-fedora4: ~/builder-r4.0-dom0/qubes-src/linux-yum ~/builder-r4.0-dom0/qubes-src/linux-yum
2018-09-28 19:14:40.899480 +0000 build-fedora4: Syncing r4.0...
2018-09-28 19:14:41.789956 +0000 build-fedora4: sending incremental file list
2018-09-28 19:14:41.911947 +0000 build-fedora4: .d..t...... current-testing/dom0/fc25/
2018-09-28 19:14:41.912602 +0000 build-fedora4: .d..t...... current-testing/vm/centos7/
2018-09-28 19:14:41.912639 +0000 build-fedora4: .d..t...... current-testing/vm/fc20/
2018-09-28 19:14:41.912656 +0000 build-fedora4: .d..t...... current-testing/vm/fc21/
2018-09-28 19:14:41.912701 +0000 build-fedora4: .d..t...... current-testing/vm/fc22/
2018-09-28 19:14:41.912718 +0000 build-fedora4: .d..t...... current-testing/vm/fc23/
2018-09-28 19:14:41.912731 +0000 build-fedora4: .d..t...... current-testing/vm/fc24/
2018-09-28 19:14:41.912742 +0000 build-fedora4: .d..t...... current-testing/vm/fc25/
2018-09-28 19:14:41.912754 +0000 build-fedora4: .d..t...... current-testing/vm/fc26/
2018-09-28 19:14:41.912765 +0000 build-fedora4: .d..t...... current-testing/vm/fc27/
2018-09-28 19:14:41.912776 +0000 build-fedora4: .d..t...... current-testing/vm/fc28/
2018-09-28 19:14:41.912787 +0000 build-fedora4: .d..t...... current-testing/vm/fc29/
2018-09-28 19:14:41.912798 +0000 build-fedora4: .d..t...... current/dom0/fc25/
2018-09-28 19:14:41.912810 +0000 build-fedora4: .d..t...... current/dom0/fc25/rpm/
2018-09-28 19:14:41.912828 +0000 build-fedora4: hf+++++++++ current/dom0/fc25/rpm/qubes-dbus-1.0.6-1.fc25.noarch.rpm => current-testing/dom0/fc25/rpm/qubes-dbus-1.0.6-1.fc25.noarch.rpm
2018-09-28 19:14:41.948236 +0000 build-fedora4: .d..t...... current/vm/centos7/
2018-09-28 19:14:41.948277 +0000 build-fedora4: .d..t...... current/vm/fc17/
2018-09-28 19:14:41.948294 +0000 build-fedora4: .d..t...... current/vm/fc20/
2018-09-28 19:14:41.948308 +0000 build-fedora4: .d..t...... current/vm/fc21/
2018-09-28 19:14:41.948320 +0000 build-fedora4: .d..t...... current/vm/fc22/
2018-09-28 19:14:41.948332 +0000 build-fedora4: .d..t...... current/vm/fc23/
2018-09-28 19:14:41.948343 +0000 build-fedora4: .d..t...... current/vm/fc24/
2018-09-28 19:14:41.948354 +0000 build-fedora4: .d..t...... current/vm/fc25/
2018-09-28 19:14:41.948364 +0000 build-fedora4: .d..t...... current/vm/fc26/
2018-09-28 19:14:41.948375 +0000 build-fedora4: .d..t...... current/vm/fc27/
2018-09-28 19:14:41.948386 +0000 build-fedora4: .d..t...... current/vm/fc28/
2018-09-28 19:14:41.948396 +0000 build-fedora4: .d..t...... current/vm/fc29/
2018-09-28 19:14:41.948408 +0000 build-fedora4: .d..t...... security-testing/dom0/fc21/
2018-09-28 19:14:41.948420 +0000 build-fedora4: .d..t...... security-testing/dom0/fc25/
2018-09-28 19:14:41.949629 +0000 build-fedora4: .d..t...... security-testing/vm/centos7/
2018-09-28 19:14:41.949661 +0000 build-fedora4: .d..t...... security-testing/vm/fc20/
2018-09-28 19:14:41.949675 +0000 build-fedora4: .d..t...... security-testing/vm/fc21/
2018-09-28 19:14:41.949690 +0000 build-fedora4: .d..t...... security-testing/vm/fc22/
2018-09-28 19:14:41.949702 +0000 build-fedora4: .d..t...... security-testing/vm/fc23/
2018-09-28 19:14:41.949714 +0000 build-fedora4: .d..t...... security-testing/vm/fc24/
2018-09-28 19:14:41.949725 +0000 build-fedora4: .d..t...... security-testing/vm/fc25/
2018-09-28 19:14:41.949751 +0000 build-fedora4: .d..t...... security-testing/vm/fc26/
2018-09-28 19:14:41.949765 +0000 build-fedora4: .d..t...... security-testing/vm/fc27/
2018-09-28 19:14:41.949777 +0000 build-fedora4: .d..t...... security-testing/vm/fc28/
2018-09-28 19:14:41.949788 +0000 build-fedora4: .d..t...... security-testing/vm/fc29/
2018-09-28 19:14:42.434110 +0000 build-fedora4: --> Processing repo: r4.0/current/dom0/fc20...
2018-09-28 19:14:43.695389 +0000 build-fedora4: --> Processing repo: r4.0/current/dom0/fc25...
2018-09-28 19:17:26.248972 +0000 build-fedora4: Traceback (most recent call last):
2018-09-28 19:17:26.249015 +0000 build-fedora4:   File "/usr/share/createrepo/genpkgmetadata.py", line 308, in <module>
2018-09-28 19:17:26.250222 +0000 build-fedora4:     main(sys.argv[1:])
2018-09-28 19:17:26.250249 +0000 build-fedora4:   File "/usr/share/createrepo/genpkgmetadata.py", line 280, in main
2018-09-28 19:17:26.250341 +0000 build-fedora4:     mdgen.doRepoMetadata()
2018-09-28 19:17:26.250365 +0000 build-fedora4:   File "/usr/lib/python2.7/dist-packages/createrepo/__init__.py", line 975, in doRepoMetadata
2018-09-28 19:17:26.250678 +0000 build-fedora4:     while data.read(zfo, 2**16):
