2020-12-09 23:11:56.597664 +0000 > starting log
2020-12-09 23:11:56.598089 +0000 build-fedora4: > starting build with log
2020-12-09 23:11:56.598107 +0000 build-fedora4: >> make args: update-repo-templates-itl
2020-12-09 23:11:56.598116 +0000 build-fedora4: >> MAKEFLAGS=
2020-12-09 23:11:56.598127 +0000 build-fedora4: >> COMPONENTS=linux-template-builder
2020-12-09 23:11:56.598134 +0000 build-fedora4: >> DISTS_VM=
2020-12-09 23:11:56.598143 +0000 build-fedora4: >> DIST_DOM0=fc32
2020-12-09 23:11:56.598153 +0000 build-fedora4: >> qubes-builder f939d30958879a5d6a3c646f818d7a5337ec79f7
2020-12-09 23:11:56.598166 +0000 build-fedora4: >> qubes-builder/qubes-src/linux-template-builder 4d8c03b9a88693fb74435d8d3dde09ea02641bb7
2020-12-09 23:11:56.598175 +0000 build-fedora4: !! build_timestamp_debian-10
2020-12-09 23:11:56.598185 +0000 build-fedora4: !! build_timestamp_debian-10-minimal
2020-12-09 23:11:56.598193 +0000 build-fedora4: !! build_timestamp_fedora-32
2020-12-09 23:11:56.598202 +0000 build-fedora4: !! build_timestamp_fedora-32-minimal
2020-12-09 23:11:56.598211 +0000 build-fedora4: !! build_timestamp_fedora-32-xfce
2020-12-09 23:11:56.598219 +0000 build-fedora4: !! build_timestamp_whonix-gw-15
2020-12-09 23:11:56.598228 +0000 build-fedora4: !! build_timestamp_whonix-ws-15
2020-12-09 23:11:56.598245 +0000 build-fedora4: ec563f40f35d77c4abeb3e3de669675f169b227a7becc81faab32e18a6d9a73f0f2ed2afcca41e877fcceb0b8719979375cccb793782774304afb05cd26d9746  build_timestamp_debian-10
2020-12-09 23:11:56.598269 +0000 build-fedora4: bff81b480ce88ecfcafa8af741c41d9387bbe14c8d3764f9680c143d606f86280aaffc0f22c6065792a5ff7cb6e5069fd78713bcfad4f8045a1ffd2a1acec3f6  build_timestamp_debian-10-minimal
2020-12-09 23:11:56.598287 +0000 build-fedora4: ec563f40f35d77c4abeb3e3de669675f169b227a7becc81faab32e18a6d9a73f0f2ed2afcca41e877fcceb0b8719979375cccb793782774304afb05cd26d9746  build_timestamp_fedora-32
2020-12-09 23:11:56.598305 +0000 build-fedora4: 1fa8a2018e21c68d92e7d5d6fb26a1d78ad957917baa5c6fa499b29bb2d5816254e903e21f10989a68199c4bb00f544cf7b21a25d3662d3e903fdb72f14af84b  build_timestamp_fedora-32-minimal
2020-12-09 23:11:56.598322 +0000 build-fedora4: 1fa8a2018e21c68d92e7d5d6fb26a1d78ad957917baa5c6fa499b29bb2d5816254e903e21f10989a68199c4bb00f544cf7b21a25d3662d3e903fdb72f14af84b  build_timestamp_fedora-32-xfce
2020-12-09 23:11:56.598340 +0000 build-fedora4: efb21708f42d8a327781c9edc34aecf1f37e56cb4378cb7e0bf31c31003d41fc0830cf15efbb584f5516d4e8f7ec31a7ad34604d38ba17f8767ca482d00401cf  build_timestamp_whonix-gw-15
2020-12-09 23:11:56.598357 +0000 build-fedora4: efb21708f42d8a327781c9edc34aecf1f37e56cb4378cb7e0bf31c31003d41fc0830cf15efbb584f5516d4e8f7ec31a7ad34604d38ba17f8767ca482d00401cf  build_timestamp_whonix-ws-15
2020-12-09 23:11:57.183661 +0000 build-fedora4: ================================================================================
2020-12-09 23:11:57.183723 +0000 build-fedora4:                            B U I L D   I N F O                                  
2020-12-09 23:11:57.183740 +0000 build-fedora4: Items in red indicate it was automatically generated by configuration file(s)
2020-12-09 23:11:57.183754 +0000 build-fedora4: Items in white indicate it was automatically removed by configuration file(s)
2020-12-09 23:11:57.183768 +0000 build-fedora4: ================================================================================
2020-12-09 23:11:57.183776 +0000 build-fedora4: DISTS_VM:
2020-12-09 23:11:57.211403 +0000 build-fedora4:     
2020-12-09 23:11:57.211487 +0000 build-fedora4: DISTS_ALL:
2020-12-09 23:11:57.236047 +0000 build-fedora4:      dom0-fc32,
2020-12-09 23:11:57.236098 +0000 build-fedora4: DIST_DOM0:
2020-12-09 23:11:57.264244 +0000 build-fedora4:      fc32,
2020-12-09 23:11:57.264293 +0000 build-fedora4: BUILDER_PLUGINS:
2020-12-09 23:11:57.275084 +0000 build-fedora4:      builder-rpm, builder-debian, mgmt-salt, linux-yum, release-configs, builder-github,
2020-12-09 23:11:57.275138 +0000 build-fedora4: COMPONENTS:
2020-12-09 23:11:57.290534 +0000 build-fedora4:      linux-template-builder,
2020-12-09 23:11:57.294377 +0000 build-fedora4: GIT_REPOS:
2020-12-09 23:11:57.325402 +0000 build-fedora4:      qubes-src/linux-template-builder, .,
2020-12-09 23:11:57.335741 +0000 build-fedora4: TEMPLATE:
2020-12-09 23:11:57.359001 +0000 build-fedora4:     
2020-12-09 23:11:57.359047 +0000 build-fedora4: TEMPLATE_FLAVOR_DIR:
2020-12-09 23:11:57.417854 +0000 build-fedora4:     
2020-12-09 23:11:57.417905 +0000 build-fedora4: TEMPLATE_ALIAS:
2020-12-09 23:11:57.497978 +0000 build-fedora4:      stretch:stretch+standard, stretch+gnome:stretch+gnome+standard,
2020-12-09 23:11:57.498037 +0000 build-fedora4:      stretch+minimal:stretch+minimal+no-recommends, buster:buster+standard, buster+gnome:buster+gnome+standard,
2020-12-09 23:11:57.498055 +0000 build-fedora4:      buster+minimal:buster+minimal+no-recommends, bullseye:bullseye+standard,
2020-12-09 23:11:57.498071 +0000 build-fedora4:      bullseye+gnome:bullseye+gnome+standard, bullseye+minimal:bullseye+minimal+no-recommends,
2020-12-09 23:11:57.498084 +0000 build-fedora4:      whonix-gateway-14:stretch+whonix-gateway+minimal+no-recommends,
2020-12-09 23:11:57.498097 +0000 build-fedora4:      whonix-workstation-14:stretch+whonix-workstation+minimal+no-recommends,
2020-12-09 23:11:57.498109 +0000 build-fedora4:      whonix-gateway-15:buster+whonix-gateway+minimal+no-recommends,
2020-12-09 23:11:57.498121 +0000 build-fedora4:      whonix-workstation-15:buster+whonix-workstation+minimal+no-recommends,
2020-12-09 23:11:57.499615 +0000 build-fedora4: TEMPLATE_LABEL:
2020-12-09 23:11:57.531722 +0000 build-fedora4:      fc30:fedora-30 fc31:fedora-31 fc32:fedora-32 fc33:fedora-33 fc30+minimal:fedora-30-minimal
2020-12-09 23:11:57.531800 +0000 build-fedora4:      fc31+minimal:fedora-31-minimal fc32+minimal:fedora-32-minimal fc33+minimal:fedora-33-minimal
2020-12-09 23:11:57.531819 +0000 build-fedora4:      fc30+xfce:fedora-30-xfce fc31+xfce:fedora-31-xfce fc32+xfce:fedora-32-xfce fc33+xfce:fedora-33-xfce
2020-12-09 23:11:57.531834 +0000 build-fedora4:      stretch:debian-9 stretch+standard:debian-9 stretch+xfce:debian-9-xfce buster:debian-10
2020-12-09 23:11:57.531849 +0000 build-fedora4:      buster+standard:debian-10 buster+xfce:debian-10-xfce bullseye:debian-11 bullseye+standard:debian-11
2020-12-09 23:11:57.531862 +0000 build-fedora4:      bullseye+xfce:debian-11-xfce stretch+whonix-gateway+minimal+no-recommends:whonix-gw-14
2020-12-09 23:11:57.531878 +0000 build-fedora4:      stretch+whonix-workstation+minimal+no-recommends:whonix-ws-14
2020-12-09 23:11:57.531890 +0000 build-fedora4:      buster+whonix-gateway+minimal+no-recommends:whonix-gw-15
2020-12-09 23:11:57.531903 +0000 build-fedora4:      buster+whonix-workstation+minimal+no-recommends:whonix-ws-15 centos7:centos-7
2020-12-09 23:11:57.531915 +0000 build-fedora4:      centos7+minimal:centos-7-minimal centos7+xfce:centos-7-xfce centos8:centos-8
2020-12-09 23:11:57.531926 +0000 build-fedora4:      centos8+minimal:centos-7-minimal centos8+xfce:centos-8-xfce
2020-12-09 23:11:57.888414 +0000 build-fedora4: > running make
2020-12-09 23:11:58.059631 +0000 build-fedora4: Makefile:928: target 'post-update-repo-templates-itl' does not exist
2020-12-09 23:11:58.059684 +0000 build-fedora4: true
2020-12-09 23:11:58.062024 +0000 build-fedora4: Makefile:807: update target 'update-repo-templates-itl' due to: post-update-repo-templates-itl
2020-12-09 23:11:58.062065 +0000 build-fedora4: true
2020-12-09 23:11:58.062234 +0000 build-fedora4: > done
2020-12-09 23:11:58.062266 +0000 > closing log
