2019-04-30 01:31:33.433058 +0000 > starting log
2019-04-30 01:31:33.434097 +0000 build-fedora4: > starting build with log
2019-04-30 01:31:33.434135 +0000 build-fedora4: >> make args: update-repo-current
2019-04-30 01:31:33.434146 +0000 build-fedora4: >> MAKEFLAGS=
2019-04-30 01:31:33.434155 +0000 build-fedora4: >> COMPONENTS=grubby-dummy
2019-04-30 01:31:33.434163 +0000 build-fedora4: >> DISTS_VM=fc27 fc28 fc29 fc30
2019-04-30 01:31:33.434170 +0000 build-fedora4: >> DIST_DOM0=
2019-04-30 01:31:33.434179 +0000 build-fedora4: >> qubes-builder 473be9222e7da03efe2b11de370bd923712fffc1
2019-04-30 01:31:33.434186 +0000 build-fedora4: ?? rpmdb/Basenames
2019-04-30 01:31:33.434194 +0000 build-fedora4: ?? rpmdb/Conflictname
2019-04-30 01:31:33.434201 +0000 build-fedora4: ?? rpmdb/Dirnames
2019-04-30 01:31:33.434208 +0000 build-fedora4: ?? rpmdb/Enhancename
2019-04-30 01:31:33.434215 +0000 build-fedora4: ?? rpmdb/Filetriggername
2019-04-30 01:31:33.434222 +0000 build-fedora4: ?? rpmdb/Group
2019-04-30 01:31:33.434229 +0000 build-fedora4: ?? rpmdb/Installtid
2019-04-30 01:31:33.434236 +0000 build-fedora4: ?? rpmdb/Name
2019-04-30 01:31:33.434243 +0000 build-fedora4: ?? rpmdb/Obsoletename
2019-04-30 01:31:33.434250 +0000 build-fedora4: ?? rpmdb/Packages
2019-04-30 01:31:33.434257 +0000 build-fedora4: ?? rpmdb/Providename
2019-04-30 01:31:33.434264 +0000 build-fedora4: ?? rpmdb/Recommendname
2019-04-30 01:31:33.434271 +0000 build-fedora4: ?? rpmdb/Requirename
2019-04-30 01:31:33.434278 +0000 build-fedora4: ?? rpmdb/Sha1header
2019-04-30 01:31:33.434285 +0000 build-fedora4: ?? rpmdb/Sigmd5
2019-04-30 01:31:33.434292 +0000 build-fedora4: ?? rpmdb/Suggestname
2019-04-30 01:31:33.434299 +0000 build-fedora4: ?? rpmdb/Supplementname
2019-04-30 01:31:33.434307 +0000 build-fedora4: ?? rpmdb/Transfiletriggername
2019-04-30 01:31:33.434314 +0000 build-fedora4: ?? rpmdb/Triggername
2019-04-30 01:31:33.434321 +0000 build-fedora4: ?? rpmdb/__db.001
2019-04-30 01:31:33.434327 +0000 build-fedora4: ?? rpmdb/__db.002
2019-04-30 01:31:33.434334 +0000 build-fedora4: ?? rpmdb/__db.003
2019-04-30 01:31:33.434346 +0000 build-fedora4: 615a333d3da14bf62764c0ff7215e379a4e60e170c40658b24a5a4feb191e1a05b11b47ad331592b7800b0d6a791fb842d89ae7d04a5a1bc9a6ffec0e0adc75d  rpmdb/Basenames
2019-04-30 01:31:33.434360 +0000 build-fedora4: 8f823d9316b29ad4ccb314b454f639e7e60fc944534341d21f2690a27a8961ed0f584147f209860a9cd4133d679e28af15e09878040df44b21ba56a4c6102d78  rpmdb/Conflictname
2019-04-30 01:31:33.434372 +0000 build-fedora4: 19a9558ac0935dd9f5a846126c0383b3541ab07472252085ece21e3cd6f0601d7d83f964b722292a16461539b6c56c4925281ed69b2bcee9b2e02b00d9cbe9f6  rpmdb/Dirnames
2019-04-30 01:31:33.434385 +0000 build-fedora4: f65efb9685f4c7038fbc735d124555b5e0b712d62730e023e35e70259b6ffc3871ca8f400de6c0b41b5acd710ed5dc368fc770f859c4c04c192dd8c5528cdc44  rpmdb/Enhancename
2019-04-30 01:31:33.434398 +0000 build-fedora4: 35a51f5bff4bfab9a0889e5262e438fffd9ea9ef65ab4e81fa822b9966ee18c46f152de9635ae4a5030426279acbc5cef4d34d487abea1fa630f3a573035cbe9  rpmdb/Filetriggername
2019-04-30 01:31:33.434411 +0000 build-fedora4: fe8888ad22afc8526a84ff31f9eb8d6e097b3986774a7c46f2c1819d94f826b722ae7ab94acdc8e870b405a80bb9634dc53b34d43668ae69cc73cfb46448b2f4  rpmdb/Group
2019-04-30 01:31:33.434423 +0000 build-fedora4: 4d01fa164a74ffd61af0ee52a35f99ffb500fe07ecdf8c44e4ad2319bfc045f7be281c78360d82b5c0a64e634a7201c789161fe48034447fcca3a475549a2dad  rpmdb/Installtid
2019-04-30 01:31:33.434436 +0000 build-fedora4: 73783ec8a5c7d0d4a870107e7268d5a7d408974035ed1353829a967edb37ba5cf30e2295e51997f8468d218dfc98185fc3d3a284ab6d4f3a6e5b44d881b0d5d0  rpmdb/Name
2019-04-30 01:31:33.434449 +0000 build-fedora4: 7ab9a7811a67e7e84475983566e54181ecef254fb63d0aeb420b06d02aac1e614541e8b63ab74ce32b4af6f759d7de38b8ada7f16dce78a8af5c1ee86756b6d1  rpmdb/Obsoletename
2019-04-30 01:31:33.434462 +0000 build-fedora4: f639b0090bf96f0a40c02db604ae8a685fb66489112471ddc57bbff8ac70b34b94c4762766dfe350f7c375a650a5ce03388d917f193dd2c5296d1f3ea4de9544  rpmdb/Packages
2019-04-30 01:31:33.434475 +0000 build-fedora4: fe90fe27036c7b4771b7517f5ee54fc981c90becb925d4e25db3353e9da3673e202b1d1a99da1ac917a84b9c6936344092d6db12f4b67ea4607dc98300aa7ce8  rpmdb/Providename
2019-04-30 01:31:33.434495 +0000 build-fedora4: 52a5fd682980ff9f70deab4050537bcf6ed82622d59a9a2ddcabd81934bd61a6da43a484254764b631f00b0f2e71b4a0a95c58d0f34c46dbd24098ca1f1fa2ed  rpmdb/Recommendname
2019-04-30 01:31:33.434509 +0000 build-fedora4: d6edd3108c1dfcfabb657f30c4690997c2a11fbb39320d0f723f01132437a58fd29d5132f60d1b803d4220903f8e79f8b39a1a7c68a4fb4ab5c18e5d4e9400c6  rpmdb/Requirename
2019-04-30 01:31:33.434522 +0000 build-fedora4: 760062861ae27c226d9ac549ba077f35092ab2172905c4437f55be255729ddfa037351022e260a579cae9d12e48b58378bc274bd61df13903040a52e9673710c  rpmdb/Sha1header
2019-04-30 01:31:33.434534 +0000 build-fedora4: 54df1f39fc5a07a0ee603bb49d6b8f4e69d1c745f1e89495f6997305d79bed583d72423e5ec7000cc5148b9d72fa3e9c258f91dd899df1b8fcf3d87efb396238  rpmdb/Sigmd5
2019-04-30 01:31:33.434547 +0000 build-fedora4: bf3ed3b2222cb45bc99ee0f374bd80cb9dfe1508cd5ecf8d32f3df5dde08212a08c1024d7604553b5f544ee95ec8a59cfd0b7ce60e18e5f39e45fa48f4211b27  rpmdb/Suggestname
2019-04-30 01:31:33.434560 +0000 build-fedora4: 201cbf9040cb1a4b823fbda64996085f2f5ad385c1f71732f23deb7dd220a66934abcadfb86715c7e820cd7a91f9958ae4653ef3d72ea8e99277f3de6a1177e2  rpmdb/Supplementname
2019-04-30 01:31:33.434574 +0000 build-fedora4: 80d1141855d86bc1876458c9975bc5005ea1139c4f09a5a3d21bb74c5a9f20022712dca7f7ccabfde147352aa51dffdd8b10f4ac3e0de4fc7c89bd1bfc212751  rpmdb/Transfiletriggername
2019-04-30 01:31:33.434587 +0000 build-fedora4: 3d8b7b5c92ffa1c2265148a2f0d95375e75874b9f27b69d0c86751b748c594a6fada6234c0c45f575e557358e9f77ae03fe3ac6eb68f6135c0632cd73fc3c859  rpmdb/Triggername
2019-04-30 01:31:33.434600 +0000 build-fedora4: b2ee738ee048cab4a00a6a6032e6995f76133d4ec41eb2c0337cf826b9732d26f579e365fffd791a5a24d7a4150e1118ae95e0d523635a4ec2b65eb3b6970d62  rpmdb/__db.001
2019-04-30 01:31:33.434612 +0000 build-fedora4: 487ee8916167ecd1f4b803eaabdcaad3471f75f158d9862ae29e072546c26db46a8cdcc10e9ec03f0e69282cad6e86b700511543fceef9617a5893ee6e4da398  rpmdb/__db.002
2019-04-30 01:31:33.434625 +0000 build-fedora4: 693b45908ce452584eb818628052a636a2dbd8bbae667e23672d11a1198195a0e680eece6acc0c723919de5a9e308e5fc96e80cb382d7a1ff84283935a904527  rpmdb/__db.003
2019-04-30 01:31:33.434635 +0000 build-fedora4: >> qubes-builder/qubes-src/grubby-dummy 68dab54e3fc5dbd9a9f2898eb1e157231218888a
2019-04-30 01:31:33.434644 +0000 build-fedora4: !! pkgs/vm-fc27/grubby-dummy-9.0.0-1.noarch.rpm
2019-04-30 01:31:33.434653 +0000 build-fedora4: !! pkgs/vm-fc27/grubby-dummy-9.0.0-1.src.rpm
2019-04-30 01:31:33.434671 +0000 build-fedora4: !! pkgs/vm-fc27/grubby-dummy-9.0.0-1.x86_64.buildinfo
2019-04-30 01:31:33.434680 +0000 build-fedora4: !! pkgs/vm-fc27/grubby-dummy.spec.list
2019-04-30 01:31:33.434689 +0000 build-fedora4: !! pkgs/vm-fc28/grubby-dummy-9.0.0-1.noarch.rpm
2019-04-30 01:31:33.434698 +0000 build-fedora4: !! pkgs/vm-fc28/grubby-dummy-9.0.0-1.src.rpm
2019-04-30 01:31:33.434706 +0000 build-fedora4: !! pkgs/vm-fc28/grubby-dummy-9.0.0-1.x86_64.buildinfo
2019-04-30 01:31:33.434714 +0000 build-fedora4: !! pkgs/vm-fc28/grubby-dummy.spec.list
2019-04-30 01:31:33.434723 +0000 build-fedora4: !! pkgs/vm-fc29/grubby-dummy-9.0.0-1.noarch.rpm
2019-04-30 01:31:33.434731 +0000 build-fedora4: !! pkgs/vm-fc29/grubby-dummy-9.0.0-1.src.rpm
2019-04-30 01:31:33.434740 +0000 build-fedora4: !! pkgs/vm-fc29/grubby-dummy-9.0.0-1.x86_64.buildinfo
2019-04-30 01:31:33.434748 +0000 build-fedora4: !! pkgs/vm-fc29/grubby-dummy.spec.list
2019-04-30 01:31:33.434756 +0000 build-fedora4: !! pkgs/vm-fc30/grubby-dummy-9.0.0-1.noarch.rpm
2019-04-30 01:31:33.434765 +0000 build-fedora4: !! pkgs/vm-fc30/grubby-dummy-9.0.0-1.src.rpm
2019-04-30 01:31:33.434774 +0000 build-fedora4: !! pkgs/vm-fc30/grubby-dummy-9.0.0-1.x86_64.buildinfo
2019-04-30 01:31:33.434782 +0000 build-fedora4: !! pkgs/vm-fc30/grubby-dummy.spec.list
2019-04-30 01:31:33.434796 +0000 build-fedora4: 3b8d7662a33db9afbca53f8716ce9353664c366db29e85491103c75d51368988cca281348afdea2a0aed27ed83f1232d9b02c4e050f4b2f418c071106b134046  pkgs/vm-fc27/grubby-dummy-9.0.0-1.noarch.rpm
2019-04-30 01:31:33.434818 +0000 build-fedora4: bc338435f16240e80373fc42d477bc0c99b6d49b2a068f1dd04b03b628e0e93b963f03eab340db6c7e4f007b59dc100f7f2caa6daf620928d7eb59067d5e1e99  pkgs/vm-fc27/grubby-dummy-9.0.0-1.src.rpm
2019-04-30 01:31:33.434835 +0000 build-fedora4: 580d6248b12ada9eefaf1194449ee09859084cae29c07f33d27d9366a70c0a749fe1b4881f66da805cd69b210ff39f569a3ff32cdca387100b8b3463b4ae9422  pkgs/vm-fc27/grubby-dummy-9.0.0-1.x86_64.buildinfo
2019-04-30 01:31:33.434850 +0000 build-fedora4: 2fd74805d762044955ac25a5e9521ca2caae46c815733ebb83f46c4b464f1349800fbb970b43240b8b87ec22524856839f85e2693b6c8b4f4a209c08498e1f6c  pkgs/vm-fc27/grubby-dummy.spec.list
2019-04-30 01:31:33.434865 +0000 build-fedora4: c7ed7a5103d34c9905e793648b8567774f9998acef490575da9b9edffd77759a3a6a8d63b248ba27b03baa7a42f4c04efc0129db2e6dd676d25ce6fae1854d5b  pkgs/vm-fc28/grubby-dummy-9.0.0-1.noarch.rpm
2019-04-30 01:31:33.434879 +0000 build-fedora4: 146f98b2ea41d2dbf15c4a38d0907c86f70665ba3bc70adcac80fe1a28477c1d70bdad503ade9e8f2df005c8ccb54794444f69792aa3cab3eaf9088885201714  pkgs/vm-fc28/grubby-dummy-9.0.0-1.src.rpm
2019-04-30 01:31:33.434894 +0000 build-fedora4: 68c887673d1ae6ecc39fee6f5d8c7fb81aa6cf9ceb88436d04125e09be13ec42e855e695b5ff67a70987dade3493ac2dcc886560fbd57cae7eb0990c74499935  pkgs/vm-fc28/grubby-dummy-9.0.0-1.x86_64.buildinfo
2019-04-30 01:31:33.434908 +0000 build-fedora4: 9595e373dc7c6489589efb033c24f3ba1af7f99bf5ffd5ccbcbd261dd8b1b80834775f6f38d414722bdbcbe4fc78fd7d812468dbd42423632330cb0bbe9744bd  pkgs/vm-fc28/grubby-dummy.spec.list
2019-04-30 01:31:33.434922 +0000 build-fedora4: 52ccf2019446ea144f8a0221de9a3367d0f81e15dd1d9031481d6de932f507c0886d2900312e71b07b1becf4747ebc7a6d40276352f75e672b4b56596dd01727  pkgs/vm-fc29/grubby-dummy-9.0.0-1.noarch.rpm
2019-04-30 01:31:33.434937 +0000 build-fedora4: be95eb85337b8c13d48f7fff61ebf81162fa77645cedb207bc35f13edfe0617907e4b99a5c3bbeb9528d6f9a266be66f21580078d79711f6ca3a6952a78cf306  pkgs/vm-fc29/grubby-dummy-9.0.0-1.src.rpm
2019-04-30 01:31:33.434952 +0000 build-fedora4: 731295a7f68a8fc24592d2de23af93ab08dbbd27dbbe46864f4a39833bd385d3116d77a8e4f950049b291f832630f1dea760072447efe947f5e4225e5c4c2edf  pkgs/vm-fc29/grubby-dummy-9.0.0-1.x86_64.buildinfo
2019-04-30 01:31:33.434966 +0000 build-fedora4: d7df420efe481812ee53146793ee2b77d6a71c0341c2790d55b6ce83910a85604729cf7fde86c337412ac91181d612768df03cafd6b6ccacd8d9b7a6c3388757  pkgs/vm-fc29/grubby-dummy.spec.list
2019-04-30 01:31:33.434981 +0000 build-fedora4: ab548c687991c984df025c71420a5f497bb56b5ec8723bbd70d916e42ad23d3c816e0b6739edceae656a857f6b6d7fd338a5c82a997603c32c872e84d2595407  pkgs/vm-fc30/grubby-dummy-9.0.0-1.noarch.rpm
2019-04-30 01:31:33.434995 +0000 build-fedora4: d95e62744ef00a89b8e9b9e6d75da631a32ae385c0f941a2718c1f381fdd445ab39336556c11a386ea74b2ed4b1522ba1d3a4dc419e84f03651038dda738a416  pkgs/vm-fc30/grubby-dummy-9.0.0-1.src.rpm
2019-04-30 01:31:33.435010 +0000 build-fedora4: ee3005506d517954dc49c3da4d9541e526cf3d57db08c55fdaa43d3f40ea834c4abc8d151f1f2e2a7c2ff184c7a1c7ceddb7a7806f6a31f425411c08e891ad2f  pkgs/vm-fc30/grubby-dummy-9.0.0-1.x86_64.buildinfo
2019-04-30 01:31:33.435024 +0000 build-fedora4: 0f8ef858246f1143e7d456897bde503f66e0d24a1a831c0dbac3ad6b5eba59fc1ea1d6f7cc53859fab07d7792f7aaa7eb165908afb9f001d1afa39952e68fe66  pkgs/vm-fc30/grubby-dummy.spec.list
2019-04-30 01:31:33.435034 +0000 build-fedora4: ================================================================================
2019-04-30 01:31:33.435044 +0000 build-fedora4:                            B U I L D   I N F O                                  
2019-04-30 01:31:33.435054 +0000 build-fedora4: Items in red indicate it was automatically generated by configuration file(s)
2019-04-30 01:31:33.435064 +0000 build-fedora4: Items in white indicate it was automatically removed by configuration file(s)
2019-04-30 01:31:33.435074 +0000 build-fedora4: ================================================================================
2019-04-30 01:31:33.435081 +0000 build-fedora4: DISTS_VM:
2019-04-30 01:31:33.435089 +0000 build-fedora4:      fc27, fc28, fc29, fc30,
2019-04-30 01:31:33.435123 +0000 build-fedora4: DISTS_ALL:
2019-04-30 01:31:33.435134 +0000 build-fedora4:      vm-fc27, vm-fc28, vm-fc29, vm-fc30,
2019-04-30 01:31:33.435142 +0000 build-fedora4: DIST_DOM0:
2019-04-30 01:31:33.435148 +0000 build-fedora4:     
2019-04-30 01:31:33.435156 +0000 build-fedora4: BUILDER_PLUGINS:
2019-04-30 01:31:33.435165 +0000 build-fedora4:      builder-rpm, builder-debian, mgmt-salt, linux-yum, builder-github,
2019-04-30 01:31:33.435172 +0000 build-fedora4: COMPONENTS:
2019-04-30 01:31:33.435180 +0000 build-fedora4:      grubby-dummy,
2019-04-30 01:31:33.435186 +0000 build-fedora4: GIT_REPOS:
2019-04-30 01:31:33.435193 +0000 build-fedora4:      qubes-src/grubby-dummy,
2019-04-30 01:31:33.435200 +0000 build-fedora4: TEMPLATE:
2019-04-30 01:31:33.435207 +0000 build-fedora4:     
2019-04-30 01:31:33.435214 +0000 build-fedora4: TEMPLATE_FLAVOR_DIR:
2019-04-30 01:31:33.435225 +0000 build-fedora4:     
2019-04-30 01:31:33.435233 +0000 build-fedora4: TEMPLATE_ALIAS:
2019-04-30 01:31:33.435243 +0000 build-fedora4:      jessie:jessie+standard, jessie+gnome:jessie+gnome+standard,
2019-04-30 01:31:33.435255 +0000 build-fedora4:      jessie+minimal:jessie+minimal+no-recommends, stretch:stretch+standard, stretch+gnome:stretch+gnome+standard,
2019-04-30 01:31:33.435267 +0000 build-fedora4:      stretch+minimal:stretch+minimal+no-recommends, whonix-gateway:jessie+whonix-gateway+minimal+no-recommends,
2019-04-30 01:31:33.435277 +0000 build-fedora4:      whonix-workstation:jessie+whonix-workstation+minimal+no-recommends,
2019-04-30 01:31:33.435286 +0000 build-fedora4:      whonix-gateway-14:stretch+whonix-gateway+minimal+no-recommends,
2019-04-30 01:31:33.435296 +0000 build-fedora4:      whonix-workstation-14:stretch+whonix-workstation+minimal+no-recommends,
2019-04-30 01:31:33.435304 +0000 build-fedora4: TEMPLATE_LABEL:
2019-04-30 01:31:33.435314 +0000 build-fedora4:      fc27:fedora-27, fc28:fedora-28, fc29:fedora-29, fc20:fedora-20 fc21:fedora-21 fc22:fedora-22
2019-04-30 01:31:33.435325 +0000 build-fedora4:      fc23:fedora-23 fc24:fedora-24 fc25:fedora-25 fc26:fedora-26 fc20+minimal:fedora-20-minimal
2019-04-30 01:31:33.435336 +0000 build-fedora4:      fc21+minimal:fedora-21-minimal fc23+minimal:fedora-23-minimal fc24+minimal:fedora-24-minimal
2019-04-30 01:31:33.435347 +0000 build-fedora4:      fc25+minimal:fedora-25-minimal fc26+minimal:fedora-26-minimal fc27+minimal:fedora-27-minimal
2019-04-30 01:31:33.435357 +0000 build-fedora4:      fc28+minimal:fedora-28-minimal fc29+minimal:fedora-29-minimal fc25+xfce:fedora-25-xfce
2019-04-30 01:31:33.435369 +0000 build-fedora4:      fc26+xfce:fedora-26-xfce fc27+xfce:fedora-27-xfce fc28+xfce:fedora-28-xfce fc29+xfce:fedora-29-xfce
2019-04-30 01:31:33.435379 +0000 build-fedora4:      wheezy:debian-7 wheezy+standard:debian-7 jessie:debian-8 jessie+standard:debian-8
2019-04-30 01:31:33.435390 +0000 build-fedora4:      stretch:debian-9 stretch+standard:debian-9 centos7:centos-7 centos7+minimal:centos-7-minimal
2019-04-30 01:31:33.435400 +0000 build-fedora4:      centos7+xfce:centos-7-xfce jessie+whonix-gateway+minimal+no-recommends:whonix-gw
2019-04-30 01:31:33.435410 +0000 build-fedora4:      jessie+whonix-workstation+minimal+no-recommends:whonix-ws
2019-04-30 01:31:33.435419 +0000 build-fedora4:      stretch+whonix-gateway+minimal+no-recommends:whonix-gw-14
2019-04-30 01:31:33.435428 +0000 build-fedora4:      stretch+whonix-workstation+minimal+no-recommends:whonix-ws-14
2019-04-30 01:31:33.448769 +0000 build-fedora4: > running make
2019-04-30 01:31:33.459426 +0000 build-fedora4: Makefile:805: target 'internal-update-repo-current.vm.fc27.grubby-dummy' does not exist
2019-04-30 01:31:33.459477 +0000 build-fedora4: repo_base_var="LINUX_REPO_fc27_BASEDIR"; \
2019-04-30 01:31:33.459490 +0000 build-fedora4: if [ "grubby-dummy" = linux-template-builder ]; then \
2019-04-30 01:31:33.459503 +0000 build-fedora4: .# templates belongs to dom0 repository, even though PACKAGE_SET=vm
2019-04-30 01:31:33.459513 +0000 build-fedora4: repo_base_var="LINUX_REPO__BASEDIR"; \
2019-04-30 01:31:33.459534 +0000 build-fedora4: fi; \
2019-04-30 01:31:33.459544 +0000 build-fedora4: if [ -n "${!repo_base_var}" ]; then \
2019-04-30 01:31:33.459552 +0000 build-fedora4: .repo_basedir="${!repo_base_var}"; \
2019-04-30 01:31:33.459559 +0000 build-fedora4: else \
2019-04-30 01:31:33.459568 +0000 build-fedora4: .repo_basedir="qubes-src/linux-yum/r4.0"; \
2019-04-30 01:31:33.459576 +0000 build-fedora4: fi; \
2019-04-30 01:31:33.459585 +0000 build-fedora4: if [ -r qubes-src/grubby-dummy/Makefile.builder ]; then \
2019-04-30 01:31:33.459595 +0000 build-fedora4: .echo -n "Updating qubes-src/grubby-dummy... "; \
2019-04-30 01:31:33.459603 +0000 build-fedora4: .if [ "0" -eq 1 ]; then \
2019-04-30 01:31:33.459613 +0000 build-fedora4: ..vtag=`git -C qubes-src/grubby-dummy tag --points-at HEAD --list v*`; \
2019-04-30 01:31:33.459621 +0000 build-fedora4: ..if [ -z "$vtag" ]; then \
2019-04-30 01:31:33.459629 +0000 build-fedora4: ...echo "no version tag"; \
2019-04-30 01:31:33.459637 +0000 build-fedora4: ...exit 0; \
2019-04-30 01:31:33.459644 +0000 build-fedora4: ..fi; \
2019-04-30 01:31:33.459651 +0000 build-fedora4: .fi; \
2019-04-30 01:31:33.459659 +0000 build-fedora4: .if [ "grubby-dummy" = linux-template-builder ]; then
2019-04-30 01:31:33.459671 +0000 build-fedora4: export TEMPLATE_NAME=$(MAKEFLAGS= make -s -C qubes-src/linux-template-builder DIST=fc27 template-name)
2019-04-30 01:31:33.459679 +0000 build-fedora4: fi
2019-04-30 01:31:33.459697 +0000 build-fedora4: component_packages=$(MAKEFLAGS= make -s -f Makefile.generic DIST=fc27 PACKAGE_SET=vm COMPONENT=`basename qubes-src/grubby-dummy` UPDATE_REPO=/home/user/builder-r4.0/$repo_basedir/current/vm/fc27 get-var GET_VAR=PACKAGE_LIST); \
2019-04-30 01:31:33.459708 +0000 build-fedora4: .if [ -z "$component_packages" ]; then \
2019-04-30 01:31:33.459716 +0000 build-fedora4: ..echo "no packages."; \
2019-04-30 01:31:33.459723 +0000 build-fedora4: ..exit 0; \
2019-04-30 01:31:33.459730 +0000 build-fedora4: .fi; \
2019-04-30 01:31:33.459739 +0000 build-fedora4: .make -s -f Makefile.generic DIST=fc27 PACKAGE_SET=vm \
2019-04-30 01:31:33.459752 +0000 build-fedora4: ..COMPONENT=`basename qubes-src/grubby-dummy` \
2019-04-30 01:31:33.459760 +0000 build-fedora4: ..SNAPSHOT_REPO=current-testing \
2019-04-30 01:31:33.459768 +0000 build-fedora4: ..TARGET_REPO=current \
2019-04-30 01:31:33.459778 +0000 build-fedora4: ..UPDATE_REPO=/home/user/builder-r4.0/$repo_basedir/current/vm/fc27 \
2019-04-30 01:31:33.459790 +0000 build-fedora4: ..SNAPSHOT_FILE=/home/user/builder-r4.0/repo-latest-snapshot/current-testing-vm-fc27-`basename qubes-src/grubby-dummy` \
2019-04-30 01:31:33.459798 +0000 build-fedora4: ..BUILD_LOG_URL= \
2019-04-30 01:31:33.459806 +0000 build-fedora4: ..update-repo-from-snapshot || exit 1; \
2019-04-30 01:31:33.459817 +0000 build-fedora4: elif make -C qubes-src/grubby-dummy -n update-repo-current >/dev/null 2>/dev/null; then \
2019-04-30 01:31:33.459826 +0000 build-fedora4: .echo "Updating qubes-src/grubby-dummy... "; \
2019-04-30 01:31:33.459836 +0000 build-fedora4: .DIST=fc27 UPDATE_REPO=/home/user/builder-r4.0/$repo_basedir/current/vm/fc27 \
2019-04-30 01:31:33.459845 +0000 build-fedora4: .make -s -C qubes-src/grubby-dummy update-repo-current || exit 1; \
2019-04-30 01:31:33.459852 +0000 build-fedora4: else \
2019-04-30 01:31:33.459862 +0000 build-fedora4: .echo -n "Updating qubes-src/grubby-dummy... skipping."; \
2019-04-30 01:31:33.459868 +0000 build-fedora4: fi; \
2019-04-30 01:31:33.459875 +0000 build-fedora4: echo
2019-04-30 01:31:33.471116 +0000 build-fedora4: Updating qubes-src/grubby-dummy... + ERR_OUTPUT=/dev/stderr
2019-04-30 01:31:33.471365 +0000 build-fedora4: + '[' 2 -lt 2 ']'
2019-04-30 01:31:33.471546 +0000 build-fedora4: ++ basename qubes-src/grubby-dummy/grubby-dummy.spec.in
2019-04-30 01:31:33.472761 +0000 build-fedora4: + [[ xgrubby-dummy.spec.in == \x\.\i\n ]]
2019-04-30 01:31:33.472802 +0000 build-fedora4: + '[' -r qubes-src/grubby-dummy/grubby-dummy.spec.in ']'
2019-04-30 01:31:33.473075 +0000 build-fedora4: ++ mktemp --tmpdir tmp.XXXXXX.spec
2019-04-30 01:31:33.473512 +0000 build-fedora4: + tmp_spec=/tmp/tmp.GL4lDb.spec
2019-04-30 01:31:33.473868 +0000 build-fedora4: ++ dirname /home/user/builder-r4.0/qubes-src/builder-rpm/scripts/query-spec
2019-04-30 01:31:33.474577 +0000 build-fedora4: + /home/user/builder-r4.0/qubes-src/builder-rpm/scripts/generate-spec qubes-src/grubby-dummy/grubby-dummy.spec.in /tmp/tmp.GL4lDb.spec
2019-04-30 01:31:33.475975 +0000 build-fedora4: + '[' 2 -lt 2 ']'
2019-04-30 01:31:33.476210 +0000 build-fedora4: + '[' -z qubes-src/grubby-dummy ']'
2019-04-30 01:31:33.476244 +0000 build-fedora4: + cp qubes-src/grubby-dummy/grubby-dummy.spec.in qubes-src/grubby-dummy/grubby-dummy.spec.in.tmp
2019-04-30 01:31:33.477928 +0000 build-fedora4: + read -r ver
2019-04-30 01:31:33.478640 +0000 build-fedora4: ++ echo 9.0.0
2019-04-30 01:31:33.478845 +0000 build-fedora4: ++ sed s/-rc/~rc/
2019-04-30 01:31:33.480414 +0000 build-fedora4: + ver=9.0.0
2019-04-30 01:31:33.480450 +0000 build-fedora4: + '[' x = x ']'
2019-04-30 01:31:33.480465 +0000 build-fedora4: + sed -i 's|@VERSION@|9.0.0|g' qubes-src/grubby-dummy/grubby-dummy.spec.in.tmp
2019-04-30 01:31:33.482203 +0000 build-fedora4: + vnum=1
2019-04-30 01:31:33.482240 +0000 build-fedora4: + read -r ver
2019-04-30 01:31:33.482252 +0000 build-fedora4: + '[' -e qubes-src/grubby-dummy/rel ']'
2019-04-30 01:31:33.482262 +0000 build-fedora4: + read -r rel
2019-04-30 01:31:33.482473 +0000 build-fedora4: + '[' x = x ']'
2019-04-30 01:31:33.482506 +0000 build-fedora4: + sed -i 's|@REL@|1|g' qubes-src/grubby-dummy/grubby-dummy.spec.in.tmp
2019-04-30 01:31:33.484305 +0000 build-fedora4: + rnum=1
2019-04-30 01:31:33.484345 +0000 build-fedora4: + read -r rel
2019-04-30 01:31:33.484362 +0000 build-fedora4: + sed -i -e s:@BACKEND_VMM@:xen:g qubes-src/grubby-dummy/grubby-dummy.spec.in.tmp
2019-04-30 01:31:33.485846 +0000 build-fedora4: + grep -q @CHANGELOG@ qubes-src/grubby-dummy/grubby-dummy.spec.in.tmp
2019-04-30 01:31:33.487004 +0000 build-fedora4: ++ dirname /home/user/builder-r4.0/qubes-src/builder-rpm/scripts/generate-spec
2019-04-30 01:31:33.487873 +0000 build-fedora4: + /home/user/builder-r4.0/qubes-src/builder-rpm/scripts/generate-changelog qubes-src/grubby-dummy qubes-src/grubby-dummy/grubby-dummy.spec.in.tmp
2019-04-30 01:31:33.504294 +0000 build-fedora4: + cat qubes-src/grubby-dummy/grubby-dummy.spec.in.tmp
2019-04-30 01:31:33.505038 +0000 build-fedora4: + rm -rf qubes-src/grubby-dummy/grubby-dummy.spec.in.tmp
2019-04-30 01:31:33.505892 +0000 build-fedora4: + '[' '%{SOURCE0}' = '%{SOURCE0}' ']'
2019-04-30 01:31:33.506097 +0000 build-fedora4: ++ dirname /home/user/builder-r4.0/qubes-src/builder-rpm/scripts/query-spec
2019-04-30 01:31:33.506774 +0000 build-fedora4: + /home/user/builder-r4.0/qubes-src/builder-rpm/scripts/../tools/spectool --list-files --source 0 /tmp/tmp.GL4lDb.spec
2019-04-30 01:31:33.548990 +0000 build-fedora4: Use of uninitialized value in concatenation (.) or string at /home/user/builder-r4.0/qubes-src/builder-rpm/scripts/../tools/spectool line 188.
2019-04-30 01:31:33.549905 +0000 build-fedora4: + rm -f /tmp/tmp.GL4lDb.spec
2019-04-30 01:31:33.557188 +0000 build-fedora4: + ERR_OUTPUT=/dev/stderr
2019-04-30 01:31:33.557230 +0000 build-fedora4: + '[' 2 -lt 2 ']'
2019-04-30 01:31:33.557649 +0000 build-fedora4: ++ basename qubes-src/grubby-dummy/grubby-dummy.spec.in
2019-04-30 01:31:33.558374 +0000 build-fedora4: + [[ xgrubby-dummy.spec.in == \x\.\i\n ]]
2019-04-30 01:31:33.558486 +0000 build-fedora4: + '[' -r qubes-src/grubby-dummy/grubby-dummy.spec.in ']'
2019-04-30 01:31:33.558667 +0000 build-fedora4: ++ mktemp --tmpdir tmp.XXXXXX.spec
2019-04-30 01:31:33.559415 +0000 build-fedora4: + tmp_spec=/tmp/tmp.nPeXIV.spec
2019-04-30 01:31:33.559606 +0000 build-fedora4: ++ dirname /home/user/builder-r4.0/qubes-src/builder-rpm/scripts/query-spec
2019-04-30 01:31:33.560230 +0000 build-fedora4: + /home/user/builder-r4.0/qubes-src/builder-rpm/scripts/generate-spec qubes-src/grubby-dummy/grubby-dummy.spec.in /tmp/tmp.nPeXIV.spec
2019-04-30 01:31:33.561367 +0000 build-fedora4: + '[' 2 -lt 2 ']'
2019-04-30 01:31:33.561404 +0000 build-fedora4: + '[' -z qubes-src/grubby-dummy ']'
2019-04-30 01:31:33.561418 +0000 build-fedora4: + cp qubes-src/grubby-dummy/grubby-dummy.spec.in qubes-src/grubby-dummy/grubby-dummy.spec.in.tmp
2019-04-30 01:31:33.562711 +0000 build-fedora4: + read -r ver
2019-04-30 01:31:33.563218 +0000 build-fedora4: ++ echo 9.0.0
2019-04-30 01:31:33.563378 +0000 build-fedora4: ++ sed s/-rc/~rc/
2019-04-30 01:31:33.564642 +0000 build-fedora4: + ver=9.0.0
2019-04-30 01:31:33.564677 +0000 build-fedora4: + '[' x = x ']'
2019-04-30 01:31:33.564691 +0000 build-fedora4: + sed -i 's|@VERSION@|9.0.0|g' qubes-src/grubby-dummy/grubby-dummy.spec.in.tmp
2019-04-30 01:31:33.566206 +0000 build-fedora4: + vnum=1
2019-04-30 01:31:33.566241 +0000 build-fedora4: + read -r ver
2019-04-30 01:31:33.566253 +0000 build-fedora4: + '[' -e qubes-src/grubby-dummy/rel ']'
2019-04-30 01:31:33.566261 +0000 build-fedora4: + read -r rel
2019-04-30 01:31:33.566268 +0000 build-fedora4: + '[' x = x ']'
2019-04-30 01:31:33.566279 +0000 build-fedora4: + sed -i 's|@REL@|1|g' qubes-src/grubby-dummy/grubby-dummy.spec.in.tmp
2019-04-30 01:31:33.567614 +0000 build-fedora4: + rnum=1
2019-04-30 01:31:33.567648 +0000 build-fedora4: + read -r rel
2019-04-30 01:31:33.567666 +0000 build-fedora4: + sed -i -e s:@BACKEND_VMM@:xen:g qubes-src/grubby-dummy/grubby-dummy.spec.in.tmp
2019-04-30 01:31:33.569078 +0000 build-fedora4: + grep -q @CHANGELOG@ qubes-src/grubby-dummy/grubby-dummy.spec.in.tmp
2019-04-30 01:31:33.570186 +0000 build-fedora4: ++ dirname /home/user/builder-r4.0/qubes-src/builder-rpm/scripts/generate-spec
2019-04-30 01:31:33.570904 +0000 build-fedora4: + /home/user/builder-r4.0/qubes-src/builder-rpm/scripts/generate-changelog qubes-src/grubby-dummy qubes-src/grubby-dummy/grubby-dummy.spec.in.tmp
2019-04-30 01:31:33.585389 +0000 build-fedora4: + cat qubes-src/grubby-dummy/grubby-dummy.spec.in.tmp
2019-04-30 01:31:33.586157 +0000 build-fedora4: + rm -rf qubes-src/grubby-dummy/grubby-dummy.spec.in.tmp
2019-04-30 01:31:33.587033 +0000 build-fedora4: + '[' '%{SOURCE0}' = '%{SOURCE0}' ']'
2019-04-30 01:31:33.587234 +0000 build-fedora4: ++ dirname /home/user/builder-r4.0/qubes-src/builder-rpm/scripts/query-spec
2019-04-30 01:31:33.587933 +0000 build-fedora4: + /home/user/builder-r4.0/qubes-src/builder-rpm/scripts/../tools/spectool --list-files --source 0 /tmp/tmp.nPeXIV.spec
2019-04-30 01:31:33.630019 +0000 build-fedora4: Use of uninitialized value in concatenation (.) or string at /home/user/builder-r4.0/qubes-src/builder-rpm/scripts/../tools/spectool line 188.
2019-04-30 01:31:33.631317 +0000 build-fedora4: + rm -f /tmp/tmp.nPeXIV.spec
2019-04-30 01:31:33.641956 +0000 build-fedora4: + ERR_OUTPUT=/dev/stderr
2019-04-30 01:31:33.641997 +0000 build-fedora4: + '[' 2 -lt 2 ']'
2019-04-30 01:31:33.642182 +0000 build-fedora4: ++ basename qubes-src/grubby-dummy/grubby-dummy.spec.in
2019-04-30 01:31:33.642979 +0000 build-fedora4: + [[ xgrubby-dummy.spec.in == \x\.\i\n ]]
2019-04-30 01:31:33.643004 +0000 build-fedora4: + '[' -r qubes-src/grubby-dummy/grubby-dummy.spec.in ']'
2019-04-30 01:31:33.643154 +0000 build-fedora4: ++ mktemp --tmpdir tmp.XXXXXX.spec
2019-04-30 01:31:33.643866 +0000 build-fedora4: + tmp_spec=/tmp/tmp.pa0yge.spec
2019-04-30 01:31:33.644162 +0000 build-fedora4: ++ dirname /home/user/builder-r4.0/qubes-src/builder-rpm/scripts/query-spec
2019-04-30 01:31:33.644855 +0000 build-fedora4: + /home/user/builder-r4.0/qubes-src/builder-rpm/scripts/generate-spec qubes-src/grubby-dummy/grubby-dummy.spec.in /tmp/tmp.pa0yge.spec
2019-04-30 01:31:33.646120 +0000 build-fedora4: + '[' 2 -lt 2 ']'
2019-04-30 01:31:33.646153 +0000 build-fedora4: + '[' -z qubes-src/grubby-dummy ']'
2019-04-30 01:31:33.646169 +0000 build-fedora4: + cp qubes-src/grubby-dummy/grubby-dummy.spec.in qubes-src/grubby-dummy/grubby-dummy.spec.in.tmp
2019-04-30 01:31:33.647513 +0000 build-fedora4: + read -r ver
2019-04-30 01:31:33.647972 +0000 build-fedora4: ++ echo 9.0.0
2019-04-30 01:31:33.648080 +0000 build-fedora4: ++ sed s/-rc/~rc/
2019-04-30 01:31:33.649305 +0000 build-fedora4: + ver=9.0.0
2019-04-30 01:31:33.649332 +0000 build-fedora4: + '[' x = x ']'
2019-04-30 01:31:33.649344 +0000 build-fedora4: + sed -i 's|@VERSION@|9.0.0|g' qubes-src/grubby-dummy/grubby-dummy.spec.in.tmp
2019-04-30 01:31:33.650680 +0000 build-fedora4: + vnum=1
2019-04-30 01:31:33.650716 +0000 build-fedora4: + read -r ver
2019-04-30 01:31:33.650802 +0000 build-fedora4: + '[' -e qubes-src/grubby-dummy/rel ']'
2019-04-30 01:31:33.650825 +0000 build-fedora4: + read -r rel
2019-04-30 01:31:33.650836 +0000 build-fedora4: + '[' x = x ']'
2019-04-30 01:31:33.650848 +0000 build-fedora4: + sed -i 's|@REL@|1|g' qubes-src/grubby-dummy/grubby-dummy.spec.in.tmp
2019-04-30 01:31:33.652357 +0000 build-fedora4: + rnum=1
2019-04-30 01:31:33.652395 +0000 build-fedora4: + read -r rel
2019-04-30 01:31:33.652514 +0000 build-fedora4: + sed -i -e s:@BACKEND_VMM@:xen:g qubes-src/grubby-dummy/grubby-dummy.spec.in.tmp
2019-04-30 01:31:33.653901 +0000 build-fedora4: + grep -q @CHANGELOG@ qubes-src/grubby-dummy/grubby-dummy.spec.in.tmp
2019-04-30 01:31:33.655019 +0000 build-fedora4: ++ dirname /home/user/builder-r4.0/qubes-src/builder-rpm/scripts/generate-spec
2019-04-30 01:31:33.655683 +0000 build-fedora4: + /home/user/builder-r4.0/qubes-src/builder-rpm/scripts/generate-changelog qubes-src/grubby-dummy qubes-src/grubby-dummy/grubby-dummy.spec.in.tmp
2019-04-30 01:31:33.670265 +0000 build-fedora4: + cat qubes-src/grubby-dummy/grubby-dummy.spec.in.tmp
2019-04-30 01:31:33.671638 +0000 build-fedora4: + rm -rf qubes-src/grubby-dummy/grubby-dummy.spec.in.tmp
2019-04-30 01:31:33.675520 +0000 build-fedora4: + '[' '%{SOURCE0}' = '%{SOURCE0}' ']'
2019-04-30 01:31:33.675567 +0000 build-fedora4: ++ dirname /home/user/builder-r4.0/qubes-src/builder-rpm/scripts/query-spec
2019-04-30 01:31:33.749363 +0000 build-fedora4: + /home/user/builder-r4.0/qubes-src/builder-rpm/scripts/../tools/spectool --list-files --source 0 /tmp/tmp.pa0yge.spec
2019-04-30 01:31:33.829876 +0000 build-fedora4: Use of uninitialized value in concatenation (.) or string at /home/user/builder-r4.0/qubes-src/builder-rpm/scripts/../tools/spectool line 188.
2019-04-30 01:31:33.831794 +0000 build-fedora4: + rm -f /tmp/tmp.pa0yge.spec
2019-04-30 01:31:33.835910 +0000 build-fedora4: Makefile.generic:212: target 'update-repo-date-check' does not exist
2019-04-30 01:31:33.835952 +0000 build-fedora4: if ! [ -r /home/user/builder-r4.0/repo-latest-snapshot/current-testing-vm-fc27-grubby-dummy ]; then \
2019-04-30 01:31:33.835969 +0000 build-fedora4: .echo "`tput bold`*** Packages weren't uploaded to current-testing! ***`tput sgr0`"; \
2019-04-30 01:31:33.835979 +0000 build-fedora4: .exit 1; \
2019-04-30 01:31:33.835987 +0000 build-fedora4: fi
2019-04-30 01:31:33.857141 +0000 build-fedora4: + ERR_OUTPUT=/dev/stderr
2019-04-30 01:31:33.857208 +0000 build-fedora4: + '[' 2 -lt 2 ']'
2019-04-30 01:31:33.857223 +0000 build-fedora4: ++ basename qubes-src/grubby-dummy/grubby-dummy.spec.in
2019-04-30 01:31:33.860048 +0000 build-fedora4: + [[ xgrubby-dummy.spec.in == \x\.\i\n ]]
2019-04-30 01:31:33.860087 +0000 build-fedora4: + '[' -r qubes-src/grubby-dummy/grubby-dummy.spec.in ']'
2019-04-30 01:31:33.860099 +0000 build-fedora4: ++ mktemp --tmpdir tmp.XXXXXX.spec
2019-04-30 01:31:33.860132 +0000 build-fedora4: + tmp_spec=/tmp/tmp.ibWBcF.spec
2019-04-30 01:31:33.861292 +0000 build-fedora4: ++ dirname /home/user/builder-r4.0/qubes-src/builder-rpm/scripts/query-spec
2019-04-30 01:31:33.861332 +0000 build-fedora4: + /home/user/builder-r4.0/qubes-src/builder-rpm/scripts/generate-spec qubes-src/grubby-dummy/grubby-dummy.spec.in /tmp/tmp.ibWBcF.spec
2019-04-30 01:31:33.862561 +0000 build-fedora4: + '[' 2 -lt 2 ']'
2019-04-30 01:31:33.862597 +0000 build-fedora4: + '[' -z qubes-src/grubby-dummy ']'
2019-04-30 01:31:33.862613 +0000 build-fedora4: + cp qubes-src/grubby-dummy/grubby-dummy.spec.in qubes-src/grubby-dummy/grubby-dummy.spec.in.tmp
2019-04-30 01:31:33.864733 +0000 build-fedora4: + read -r ver
2019-04-30 01:31:33.864769 +0000 build-fedora4: ++ echo 9.0.0
2019-04-30 01:31:33.864865 +0000 build-fedora4: ++ sed s/-rc/~rc/
2019-04-30 01:31:33.867156 +0000 build-fedora4: + ver=9.0.0
2019-04-30 01:31:33.867192 +0000 build-fedora4: + '[' x = x ']'
2019-04-30 01:31:33.867229 +0000 build-fedora4: + sed -i 's|@VERSION@|9.0.0|g' qubes-src/grubby-dummy/grubby-dummy.spec.in.tmp
2019-04-30 01:31:33.868416 +0000 build-fedora4: + vnum=1
2019-04-30 01:31:33.868451 +0000 build-fedora4: + read -r ver
2019-04-30 01:31:33.868463 +0000 build-fedora4: + '[' -e qubes-src/grubby-dummy/rel ']'
2019-04-30 01:31:33.868472 +0000 build-fedora4: + read -r rel
2019-04-30 01:31:33.868479 +0000 build-fedora4: + '[' x = x ']'
2019-04-30 01:31:33.868490 +0000 build-fedora4: + sed -i 's|@REL@|1|g' qubes-src/grubby-dummy/grubby-dummy.spec.in.tmp
2019-04-30 01:31:33.891801 +0000 build-fedora4: + rnum=1
2019-04-30 01:31:33.891842 +0000 build-fedora4: + read -r rel
2019-04-30 01:31:33.891857 +0000 build-fedora4: + sed -i -e s:@BACKEND_VMM@:xen:g qubes-src/grubby-dummy/grubby-dummy.spec.in.tmp
2019-04-30 01:31:33.894929 +0000 build-fedora4: + grep -q @CHANGELOG@ qubes-src/grubby-dummy/grubby-dummy.spec.in.tmp
2019-04-30 01:31:33.895162 +0000 build-fedora4: ++ dirname /home/user/builder-r4.0/qubes-src/builder-rpm/scripts/generate-spec
2019-04-30 01:31:33.895189 +0000 build-fedora4: + /home/user/builder-r4.0/qubes-src/builder-rpm/scripts/generate-changelog qubes-src/grubby-dummy qubes-src/grubby-dummy/grubby-dummy.spec.in.tmp
2019-04-30 01:31:33.945309 +0000 build-fedora4: + cat qubes-src/grubby-dummy/grubby-dummy.spec.in.tmp
2019-04-30 01:31:33.951423 +0000 build-fedora4: + rm -rf qubes-src/grubby-dummy/grubby-dummy.spec.in.tmp
2019-04-30 01:31:33.953626 +0000 build-fedora4: + '[' '%{SOURCE0}' = '%{SOURCE0}' ']'
2019-04-30 01:31:33.955412 +0000 build-fedora4: ++ dirname /home/user/builder-r4.0/qubes-src/builder-rpm/scripts/query-spec
2019-04-30 01:31:33.955454 +0000 build-fedora4: + /home/user/builder-r4.0/qubes-src/builder-rpm/scripts/../tools/spectool --list-files --source 0 /tmp/tmp.ibWBcF.spec
2019-04-30 01:31:34.080045 +0000 build-fedora4: Use of uninitialized value in concatenation (.) or string at /home/user/builder-r4.0/qubes-src/builder-rpm/scripts/../tools/spectool line 188.
2019-04-30 01:31:34.080096 +0000 build-fedora4: + rm -f /tmp/tmp.ibWBcF.spec
2019-04-30 01:31:34.088360 +0000 build-fedora4: touch -t `date -d "7 days ago" +%Y%m%d%H%M` /tmp/age-compare-file
2019-04-30 01:31:34.116223 +0000 build-fedora4: if ! [ /home/user/builder-r4.0/repo-latest-snapshot/current-testing-vm-fc27-grubby-dummy -ot /tmp/age-compare-file ]; then \
2019-04-30 01:31:34.116268 +0000 build-fedora4: .echo "`tput bold`*** Packages weren't in current-testing for at least 7 days! ***`tput sgr0`"; \
2019-04-30 01:31:34.116281 +0000 build-fedora4: .exit 1; \
2019-04-30 01:31:34.116290 +0000 build-fedora4: fi
2019-04-30 01:31:34.133521 +0000 build-fedora4: rm -f /tmp/age-compare-file
2019-04-30 01:31:34.169444 +0000 build-fedora4: /home/user/builder-r4.0/qubes-src/builder-rpm/Makefile.rpmbuilder:169: target 'update-repo-from-snapshot-do' does not exist
2019-04-30 01:31:34.169491 +0000 build-fedora4: for f in pkgs/vm-fc27/grubby-dummy-9.0.0-1.noarch.rpm pkgs/vm-fc27/grubby-dummy-9.0.0-1.src.rpm pkgs/vm-fc27/grubby-dummy-9.0.0-1.x86_64.buildinfo; do \
2019-04-30 01:31:34.169512 +0000 build-fedora4: .ln -f /home/user/builder-r4.0/qubes-src/linux-yum/r4.0/current-testing/vm/fc27/rpm/`basename $f` /home/user/builder-r4.0/qubes-src/linux-yum/r4.0/current/vm/fc27/rpm/ || exit 1; \
2019-04-30 01:31:34.169522 +0000 build-fedora4: done
2019-04-30 01:31:34.177854 +0000 build-fedora4: + ERR_OUTPUT=/dev/stderr
2019-04-30 01:31:34.177896 +0000 build-fedora4: + '[' 2 -lt 2 ']'
2019-04-30 01:31:34.179471 +0000 build-fedora4: ++ basename qubes-src/grubby-dummy/grubby-dummy.spec.in
2019-04-30 01:31:34.179509 +0000 build-fedora4: + [[ xgrubby-dummy.spec.in == \x\.\i\n ]]
2019-04-30 01:31:34.179522 +0000 build-fedora4: + '[' -r qubes-src/grubby-dummy/grubby-dummy.spec.in ']'
2019-04-30 01:31:34.179532 +0000 build-fedora4: ++ mktemp --tmpdir tmp.XXXXXX.spec
2019-04-30 01:31:34.180875 +0000 build-fedora4: + tmp_spec=/tmp/tmp.sUsOuw.spec
2019-04-30 01:31:34.180916 +0000 build-fedora4: ++ dirname /home/user/builder-r4.0/qubes-src/builder-rpm/scripts/query-spec
2019-04-30 01:31:34.180932 +0000 build-fedora4: + /home/user/builder-r4.0/qubes-src/builder-rpm/scripts/generate-spec qubes-src/grubby-dummy/grubby-dummy.spec.in /tmp/tmp.sUsOuw.spec
2019-04-30 01:31:34.182677 +0000 build-fedora4: + '[' 2 -lt 2 ']'
2019-04-30 01:31:34.182713 +0000 build-fedora4: + '[' -z qubes-src/grubby-dummy ']'
2019-04-30 01:31:34.182729 +0000 build-fedora4: + cp qubes-src/grubby-dummy/grubby-dummy.spec.in qubes-src/grubby-dummy/grubby-dummy.spec.in.tmp
2019-04-30 01:31:34.184892 +0000 build-fedora4: + read -r ver
2019-04-30 01:31:34.185157 +0000 build-fedora4: ++ echo 9.0.0
2019-04-30 01:31:34.185177 +0000 build-fedora4: ++ sed s/-rc/~rc/
2019-04-30 01:31:34.185187 +0000 build-fedora4: + ver=9.0.0
2019-04-30 01:31:34.185195 +0000 build-fedora4: + '[' x = x ']'
2019-04-30 01:31:34.185206 +0000 build-fedora4: + sed -i 's|@VERSION@|9.0.0|g' qubes-src/grubby-dummy/grubby-dummy.spec.in.tmp
2019-04-30 01:31:34.186573 +0000 build-fedora4: + vnum=1
2019-04-30 01:31:34.186607 +0000 build-fedora4: + read -r ver
2019-04-30 01:31:34.186619 +0000 build-fedora4: + '[' -e qubes-src/grubby-dummy/rel ']'
2019-04-30 01:31:34.186629 +0000 build-fedora4: + read -r rel
2019-04-30 01:31:34.186636 +0000 build-fedora4: + '[' x = x ']'
2019-04-30 01:31:34.186647 +0000 build-fedora4: + sed -i 's|@REL@|1|g' qubes-src/grubby-dummy/grubby-dummy.spec.in.tmp
2019-04-30 01:31:34.208323 +0000 build-fedora4: + rnum=1
2019-04-30 01:31:34.208361 +0000 build-fedora4: + read -r rel
2019-04-30 01:31:34.208376 +0000 build-fedora4: + sed -i -e s:@BACKEND_VMM@:xen:g qubes-src/grubby-dummy/grubby-dummy.spec.in.tmp
2019-04-30 01:31:34.208388 +0000 build-fedora4: + grep -q @CHANGELOG@ qubes-src/grubby-dummy/grubby-dummy.spec.in.tmp
2019-04-30 01:31:34.208398 +0000 build-fedora4: ++ dirname /home/user/builder-r4.0/qubes-src/builder-rpm/scripts/generate-spec
2019-04-30 01:31:34.208413 +0000 build-fedora4: + /home/user/builder-r4.0/qubes-src/builder-rpm/scripts/generate-changelog qubes-src/grubby-dummy qubes-src/grubby-dummy/grubby-dummy.spec.in.tmp
2019-04-30 01:31:34.288050 +0000 build-fedora4: + cat qubes-src/grubby-dummy/grubby-dummy.spec.in.tmp
2019-04-30 01:31:34.288098 +0000 build-fedora4: + rm -rf qubes-src/grubby-dummy/grubby-dummy.spec.in.tmp
2019-04-30 01:31:34.379983 +0000 build-fedora4: + '[' '%{SOURCE0}' = '%{SOURCE0}' ']'
2019-04-30 01:31:34.380031 +0000 build-fedora4: ++ dirname /home/user/builder-r4.0/qubes-src/builder-rpm/scripts/query-spec
2019-04-30 01:31:34.380048 +0000 build-fedora4: + /home/user/builder-r4.0/qubes-src/builder-rpm/scripts/../tools/spectool --list-files --source 0 /tmp/tmp.sUsOuw.spec
2019-04-30 01:31:34.470003 +0000 build-fedora4: Use of uninitialized value in concatenation (.) or string at /home/user/builder-r4.0/qubes-src/builder-rpm/scripts/../tools/spectool line 188.
2019-04-30 01:31:34.470050 +0000 build-fedora4: + rm -f /tmp/tmp.sUsOuw.spec
