2018-05-02 23:18:50.147484 +0000 > starting log
2018-05-02 23:18:50.149533 +0000 build-fedora4: > starting build with log
2018-05-02 23:18:50.149608 +0000 build-fedora4: >> make args: DISTS_VM= fc26 fc27 DIST_DOM0= BUILD_LOGS_URL= core-vchan-xen-vm-fc26=https://github.com/QubesOS/build-logs/tree/master/build-fedora4/log_2018-05-02_23-17-21 core-vchan-xen-vm-fc27=https://github.com/QubesOS/build-logs/tree/master/build-fedora4/log_2018-05-02_23-18-02 GIT_URL_core_vchan_xen=https://github.com/QubesOS/qubes-core-vchan-xen sign-all update-repo-current-testing
2018-05-02 23:18:50.149637 +0000 build-fedora4: >> MAKEFLAGS=
2018-05-02 23:18:50.149664 +0000 build-fedora4: >> COMPONENTS=core-vchan-xen
2018-05-02 23:18:50.149687 +0000 build-fedora4: >> DISTS_VM=
2018-05-02 23:18:50.149710 +0000 build-fedora4: >> DIST_DOM0=
2018-05-02 23:18:50.149761 +0000 build-fedora4: >> qubes-builder 0bc5e662e9738136d6482e44c083a8f215c58ceb
2018-05-02 23:18:50.149793 +0000 build-fedora4: >> qubes-builder/qubes-src/core-vchan-xen 5ba7ae177a8b820d4fade4fe2253998172892713
2018-05-02 23:18:50.149818 +0000 build-fedora4: !! pkgs/fc24/libvchan.spec.list
2018-05-02 23:18:50.149846 +0000 build-fedora4: !! pkgs/fc24/x86_64/qubes-libvchan-xen-3.2.1-1.fc24.x86_64.rpm
2018-05-02 23:18:50.149873 +0000 build-fedora4: !! pkgs/fc24/x86_64/qubes-libvchan-xen-4.0.0-1.fc24.x86_64.rpm
2018-05-02 23:18:50.149900 +0000 build-fedora4: !! pkgs/fc24/x86_64/qubes-libvchan-xen-4.0.1-1.fc24.x86_64.rpm
2018-05-02 23:18:50.149928 +0000 build-fedora4: !! pkgs/fc24/x86_64/qubes-libvchan-xen-debuginfo-3.2.1-1.fc24.x86_64.rpm
2018-05-02 23:18:50.149956 +0000 build-fedora4: !! pkgs/fc24/x86_64/qubes-libvchan-xen-debuginfo-4.0.0-1.fc24.x86_64.rpm
2018-05-02 23:18:50.149984 +0000 build-fedora4: !! pkgs/fc24/x86_64/qubes-libvchan-xen-debuginfo-4.0.1-1.fc24.x86_64.rpm
2018-05-02 23:18:50.150012 +0000 build-fedora4: !! pkgs/fc24/x86_64/qubes-libvchan-xen-devel-3.2.1-1.fc24.x86_64.rpm
2018-05-02 23:18:50.150041 +0000 build-fedora4: !! pkgs/fc24/x86_64/qubes-libvchan-xen-devel-4.0.0-1.fc24.x86_64.rpm
2018-05-02 23:18:50.150069 +0000 build-fedora4: !! pkgs/fc24/x86_64/qubes-libvchan-xen-devel-4.0.1-1.fc24.x86_64.rpm
2018-05-02 23:18:50.150093 +0000 build-fedora4: !! pkgs/fc25/libvchan.spec.list
2018-05-02 23:18:50.150120 +0000 build-fedora4: !! pkgs/fc25/x86_64/qubes-libvchan-xen-3.2.1-1.fc25.x86_64.rpm
2018-05-02 23:18:50.150148 +0000 build-fedora4: !! pkgs/fc25/x86_64/qubes-libvchan-xen-4.0.0-1.fc25.x86_64.rpm
2018-05-02 23:18:50.150175 +0000 build-fedora4: !! pkgs/fc25/x86_64/qubes-libvchan-xen-4.0.1-1.fc25.x86_64.rpm
2018-05-02 23:18:50.150203 +0000 build-fedora4: !! pkgs/fc25/x86_64/qubes-libvchan-xen-debuginfo-3.2.1-1.fc25.x86_64.rpm
2018-05-02 23:18:50.150231 +0000 build-fedora4: !! pkgs/fc25/x86_64/qubes-libvchan-xen-debuginfo-4.0.0-1.fc25.x86_64.rpm
2018-05-02 23:18:50.150259 +0000 build-fedora4: !! pkgs/fc25/x86_64/qubes-libvchan-xen-debuginfo-4.0.1-1.fc25.x86_64.rpm
2018-05-02 23:18:50.150286 +0000 build-fedora4: !! pkgs/fc25/x86_64/qubes-libvchan-xen-devel-3.2.1-1.fc25.x86_64.rpm
2018-05-02 23:18:50.150314 +0000 build-fedora4: !! pkgs/fc25/x86_64/qubes-libvchan-xen-devel-4.0.0-1.fc25.x86_64.rpm
2018-05-02 23:18:50.150342 +0000 build-fedora4: !! pkgs/fc25/x86_64/qubes-libvchan-xen-devel-4.0.1-1.fc25.x86_64.rpm
2018-05-02 23:18:50.150366 +0000 build-fedora4: !! pkgs/fc26/libvchan.spec.list
2018-05-02 23:18:50.150393 +0000 build-fedora4: !! pkgs/fc26/x86_64/qubes-libvchan-xen-4.0.0-1.fc26.x86_64.rpm
2018-05-02 23:18:50.150420 +0000 build-fedora4: !! pkgs/fc26/x86_64/qubes-libvchan-xen-4.0.1-1.fc26.x86_64.rpm
2018-05-02 23:18:50.150447 +0000 build-fedora4: !! pkgs/fc26/x86_64/qubes-libvchan-xen-4.0.2-1.fc26.x86_64.rpm
2018-05-02 23:18:50.150475 +0000 build-fedora4: !! pkgs/fc26/x86_64/qubes-libvchan-xen-debuginfo-4.0.0-1.fc26.x86_64.rpm
2018-05-02 23:18:50.150503 +0000 build-fedora4: !! pkgs/fc26/x86_64/qubes-libvchan-xen-debuginfo-4.0.1-1.fc26.x86_64.rpm
2018-05-02 23:18:50.150531 +0000 build-fedora4: !! pkgs/fc26/x86_64/qubes-libvchan-xen-debuginfo-4.0.2-1.fc26.x86_64.rpm
2018-05-02 23:18:50.150557 +0000 build-fedora4: !! pkgs/fc26/x86_64/qubes-libvchan-xen-devel-4.0.0-1.fc26.x86_64.rpm
2018-05-02 23:18:50.150603 +0000 build-fedora4: !! pkgs/fc26/x86_64/qubes-libvchan-xen-devel-4.0.1-1.fc26.x86_64.rpm
2018-05-02 23:18:50.150632 +0000 build-fedora4: !! pkgs/fc26/x86_64/qubes-libvchan-xen-devel-4.0.2-1.fc26.x86_64.rpm
2018-05-02 23:18:50.150656 +0000 build-fedora4: !! pkgs/fc27/libvchan.spec.list
2018-05-02 23:18:50.150683 +0000 build-fedora4: !! pkgs/fc27/x86_64/qubes-libvchan-xen-4.0.1-1.fc27.x86_64.rpm
2018-05-02 23:18:50.150711 +0000 build-fedora4: !! pkgs/fc27/x86_64/qubes-libvchan-xen-4.0.2-1.fc27.x86_64.rpm
2018-05-02 23:18:50.150757 +0000 build-fedora4: !! pkgs/fc27/x86_64/qubes-libvchan-xen-debuginfo-4.0.1-1.fc27.x86_64.rpm
2018-05-02 23:18:50.150787 +0000 build-fedora4: !! pkgs/fc27/x86_64/qubes-libvchan-xen-debuginfo-4.0.2-1.fc27.x86_64.rpm
2018-05-02 23:18:50.150816 +0000 build-fedora4: !! pkgs/fc27/x86_64/qubes-libvchan-xen-debugsource-4.0.1-1.fc27.x86_64.rpm
2018-05-02 23:18:50.150845 +0000 build-fedora4: !! pkgs/fc27/x86_64/qubes-libvchan-xen-debugsource-4.0.2-1.fc27.x86_64.rpm
2018-05-02 23:18:50.150873 +0000 build-fedora4: !! pkgs/fc27/x86_64/qubes-libvchan-xen-devel-4.0.1-1.fc27.x86_64.rpm
2018-05-02 23:18:50.150900 +0000 build-fedora4: !! pkgs/fc27/x86_64/qubes-libvchan-xen-devel-4.0.2-1.fc27.x86_64.rpm
2018-05-02 23:18:50.150936 +0000 build-fedora4: 6cfbd0755a2dda7d5563bc35f28fc4cc2024789c3a219b6aedb99cef23b69a0bfd3bd745d57f8d9fe36c28258fe5e71a4446a8a338f873fd58b7deb2c4c7daed  pkgs/fc24/libvchan.spec.list
2018-05-02 23:18:50.150979 +0000 build-fedora4: 5fa4d68b476ee134ef283d51e2fa066a787b07459394bb02f9000ec5029347915719340cad912101df2199d331bd162c60752d55b081b3fb78fd130c4d3ac2d7  pkgs/fc24/x86_64/qubes-libvchan-xen-3.2.1-1.fc24.x86_64.rpm
2018-05-02 23:18:50.151024 +0000 build-fedora4: 29934c2a1ece2fe2a4022fb9bb18eae499a2ff494ed2e6129bacc452e4aa7697335db7c1dbfba78ba8b1e8e38f53561516e753da8384d9283c37db8c8501cca3  pkgs/fc24/x86_64/qubes-libvchan-xen-4.0.0-1.fc24.x86_64.rpm
2018-05-02 23:18:50.151066 +0000 build-fedora4: 969d073cfe72452a8e28e1bc28520ba53896c02eafae784a986ef8e6f8118f04cf67ab80caf84a80a5fe29afce9e195ccce830856440c38bddf789fb5b8b4aa4  pkgs/fc24/x86_64/qubes-libvchan-xen-4.0.1-1.fc24.x86_64.rpm
2018-05-02 23:18:50.151108 +0000 build-fedora4: 6470492a842e0e843078563bf29c28184775b8b3bdabb8cc8f3188e3877d09894c8ae49a2b8da4a8496f2ee07f655f24a8c38b5ccf2327d1924f70a4a10104eb  pkgs/fc24/x86_64/qubes-libvchan-xen-debuginfo-3.2.1-1.fc24.x86_64.rpm
2018-05-02 23:18:50.151183 +0000 build-fedora4: 2c33557a04668587a51ae7df9dbf106197bb2ca62db7209fc6d19a8b870099ec245cbb063e79d1272670884b3aa87c021bcc48e1bbdeb72b89f80e66219d8031  pkgs/fc24/x86_64/qubes-libvchan-xen-debuginfo-4.0.0-1.fc24.x86_64.rpm
2018-05-02 23:18:50.151225 +0000 build-fedora4: 9ec6fb19c6cf90a428db59a5eefe90fbd904bf3f36279f7443a6b86a8793b3eb4c3a31418f0512a2e15443e377bcf90d0b8180afb1aaff1348859fe1ba58b1a6  pkgs/fc24/x86_64/qubes-libvchan-xen-debuginfo-4.0.1-1.fc24.x86_64.rpm
2018-05-02 23:18:50.151268 +0000 build-fedora4: 8bfd962a2741039854cd8b7949ddb1c35097a0f0f72c1e940227594ded67d37538742318dddcea4f5a5c2c0dd090ff40a18d79a5cadc61aaedc3c8f1da38e068  pkgs/fc24/x86_64/qubes-libvchan-xen-devel-3.2.1-1.fc24.x86_64.rpm
2018-05-02 23:18:50.151310 +0000 build-fedora4: 4b9d5a3b7576707df385b47cddd5151180cc55e68eeaf7206dbfaf1a1a722b745cbee5a58d5a9483d81555deefc13e376fa8333f933de7cd292674dd356f1d27  pkgs/fc24/x86_64/qubes-libvchan-xen-devel-4.0.0-1.fc24.x86_64.rpm
2018-05-02 23:18:50.151352 +0000 build-fedora4: e6175c31a1a25a4c72a5a98512e4872889873dc26127758d4f8422e9683c74ee6c0991d6eacca049d6b73b4623996f2965887ac4fe2278ddc466c9adac8d8c3d  pkgs/fc24/x86_64/qubes-libvchan-xen-devel-4.0.1-1.fc24.x86_64.rpm
2018-05-02 23:18:50.151390 +0000 build-fedora4: 43492939c7915c468f2e8106478649f539c4e912ad17d6c2c2a4a6536d3a5393cd3b789fde15050750e0a3fcd015f62c615ff842ebb41e5b4e76cbf9f3e4c28c  pkgs/fc25/libvchan.spec.list
2018-05-02 23:18:50.151430 +0000 build-fedora4: decd6a61f13ee0c6a43f801b03c50d72e405b6894ffdd3ed45b47e03852389eec78229b1eac862b95ac58b001a36471d48982e5b3c3fe77521145dce0f9f2260  pkgs/fc25/x86_64/qubes-libvchan-xen-3.2.1-1.fc25.x86_64.rpm
2018-05-02 23:18:50.151481 +0000 build-fedora4: 5bad1fff66cafa37bd674dbbff4bb772e9d90a0f2991eaba39ceb1215e995d67968f415e5886f519f51037f230ee1752101dbb3c5a34f10e47503af2296bb78f  pkgs/fc25/x86_64/qubes-libvchan-xen-4.0.0-1.fc25.x86_64.rpm
2018-05-02 23:18:50.151520 +0000 build-fedora4: 57e559b13fa90464df6c583c6172d31233fdf491d4ecf4168d51d112deacd497d27788a86a46df360a0d8b25aa2527a859cce834e6c795e652042e94681077cd  pkgs/fc25/x86_64/qubes-libvchan-xen-4.0.1-1.fc25.x86_64.rpm
2018-05-02 23:18:50.151560 +0000 build-fedora4: 246cc42631e1450e45037c681960118e34b1270d086e31218f9134f6e8356ad097d6726163c1d7d85a25d97716eea5970d9361c016b9dc2b6e8b122943253f61  pkgs/fc25/x86_64/qubes-libvchan-xen-debuginfo-3.2.1-1.fc25.x86_64.rpm
2018-05-02 23:18:50.151599 +0000 build-fedora4: d92f5f820e5d93a7f1efedcafa610e3014a0dc4c5dbf5b7f2fd387adb877b0798f72403b7c8298e76f17a2f2d7b95344e6d59b3e112d83e29390267d0dacab8b  pkgs/fc25/x86_64/qubes-libvchan-xen-debuginfo-4.0.0-1.fc25.x86_64.rpm
2018-05-02 23:18:50.151637 +0000 build-fedora4: 09cccec12e1b38c39ed1fd0857e6197c7694a07a21ca9fdcd81bfbbed81c114695e896327152f75b8d7997bd28c276812f889fd3a4ec6a25c165073ee279e099  pkgs/fc25/x86_64/qubes-libvchan-xen-debuginfo-4.0.1-1.fc25.x86_64.rpm
2018-05-02 23:18:50.151676 +0000 build-fedora4: a2d6020d92fa6ef03da60b4276c952ca4f0c2388b70ac9f7a1bb6d3d593c4e9ba1a33ff7545e359e59a1574d42b1e4fbecd63818133208c658f298551091554b  pkgs/fc25/x86_64/qubes-libvchan-xen-devel-3.2.1-1.fc25.x86_64.rpm
2018-05-02 23:18:50.151717 +0000 build-fedora4: 054fbf1e081907defd8cf2c7a0e5f82f37460b483bf0110bca5aa06f4f28c3eab8d6c112d7ba862071eefc6777d4e0218aa1fd980e807653f3f87c03e1e090d5  pkgs/fc25/x86_64/qubes-libvchan-xen-devel-4.0.0-1.fc25.x86_64.rpm
2018-05-02 23:18:50.151771 +0000 build-fedora4: f6ba25fed1db0a171abe651bc143e694fce3ed3d57062d2960370d9a49664df84701e3a54c2ef17cdcf61e95d6835e8a752151dc5b18113c158154a87e06b852  pkgs/fc25/x86_64/qubes-libvchan-xen-devel-4.0.1-1.fc25.x86_64.rpm
2018-05-02 23:18:50.151810 +0000 build-fedora4: e319ca9b3663159f78b0f7174832c5a13b9e83231de7e35260e65bc523a18d8800ce6ed6f9887f2a30f95fe36454538ec55c6056a4770dacd3639e02072f39bd  pkgs/fc26/libvchan.spec.list
2018-05-02 23:18:50.151850 +0000 build-fedora4: bd9d29e60e12ebdc22ec1f5ce1efb6b1b8c4b86f50c8bf861707da7684a1c4dff3c97c65a6e873219da8e750fb36fc662496032bd3beaf46f492b267080aa3da  pkgs/fc26/x86_64/qubes-libvchan-xen-4.0.0-1.fc26.x86_64.rpm
2018-05-02 23:18:50.151892 +0000 build-fedora4: ddbc48b42fbbe8eda9647b7312b4f3b574a05d1473b2457c3176c38666131ece6713a1042437640f471773ff7dd57f910b3d668621eeb1e81f0db8fa7ac869fc  pkgs/fc26/x86_64/qubes-libvchan-xen-4.0.1-1.fc26.x86_64.rpm
2018-05-02 23:18:50.151930 +0000 build-fedora4: dc3ebed25e93f438265ad6c9f65d075e6d9a3fafe63e6d71ffcd923340db75c9c0d6ca51355989c0301f74f9c6f445f61138806cf14fe0705af2e93fcb4af05f  pkgs/fc26/x86_64/qubes-libvchan-xen-4.0.2-1.fc26.x86_64.rpm
2018-05-02 23:18:50.151970 +0000 build-fedora4: fa4d43849d63411837446f02bb387fa86356c495c1f68334d808b97fee3768b9725334bf8e02a1981e2dfa067553ad0e161e2f91a1f5f4d9598eb339eed36c3e  pkgs/fc26/x86_64/qubes-libvchan-xen-debuginfo-4.0.0-1.fc26.x86_64.rpm
2018-05-02 23:18:50.152010 +0000 build-fedora4: 0f21ef7fe0c03695beb08030ef8ab88a522380735792f158c9837268f7e8ba951f98bf0cfdb38234d0ec08dafa2c1047eed739ccec21542b06f99903dcbc136b  pkgs/fc26/x86_64/qubes-libvchan-xen-debuginfo-4.0.1-1.fc26.x86_64.rpm
2018-05-02 23:18:50.152063 +0000 build-fedora4: 5f1890ab6286e7bec0af8316d9f45782e926cc60739dcdf3d4977e81b708b4ec0c0333d7e5dedbd414551bdd0190f1f7a8569887446effee447ad661b06f711f  pkgs/fc26/x86_64/qubes-libvchan-xen-debuginfo-4.0.2-1.fc26.x86_64.rpm
2018-05-02 23:18:50.152102 +0000 build-fedora4: 442ecf659952a98b76a217a8fdc9768f21dceb1a46ef92cb78cc283947c73d09249a55240d02803d911e4283b65d755e479a3f88babbac87436d3c795433b61f  pkgs/fc26/x86_64/qubes-libvchan-xen-devel-4.0.0-1.fc26.x86_64.rpm
2018-05-02 23:18:50.152143 +0000 build-fedora4: f4a146fd9174a4ece2bbd36e38e1e75f2861ad40bd74653a608506232a30af58c680deb808924fe8e9ad59a20cadfbc618076108c58c909c384693f0ed8dd3a2  pkgs/fc26/x86_64/qubes-libvchan-xen-devel-4.0.1-1.fc26.x86_64.rpm
2018-05-02 23:18:50.152195 +0000 build-fedora4: 41febddaa910363c652abacd2103b4c2304c0216e555a0f641479f936995e6ee627f495c75dc2cb954044a27ebc358a7fb1a0c1c2b25176d32d602e632fe736e  pkgs/fc26/x86_64/qubes-libvchan-xen-devel-4.0.2-1.fc26.x86_64.rpm
2018-05-02 23:18:50.152233 +0000 build-fedora4: ae2618d437fc969f8169b4c3b53fed17f7b2f135f6bbaabff4cf56593f25975d86ac4d3e5f4f3315dfa94499292874e25567138e730cc0254dc5d4987326ce4f  pkgs/fc27/libvchan.spec.list
2018-05-02 23:18:50.155011 +0000 build-fedora4: 420afff440e5ac2e2abc00f64edec6a2191b7f54821189532fcbc80d5cb5d105ff353c39276f52a4dc4053472efbb9facf23836b365f9651af7c7317f4780f89  pkgs/fc27/x86_64/qubes-libvchan-xen-4.0.1-1.fc27.x86_64.rpm
2018-05-02 23:18:50.155077 +0000 build-fedora4: 494f3edb78009445d28c2a03b33d7523aff7f318973aa386645b5b85435cd52ec77910532d6e0997047fb08d73fa9e307e26d51f0581ec66a4f1b94b35742e22  pkgs/fc27/x86_64/qubes-libvchan-xen-4.0.2-1.fc27.x86_64.rpm
2018-05-02 23:18:50.167356 +0000 build-fedora4: 474fa3072e79d22b18b69bb49a115f39eedbf9aea02ccb6b39ff428215ac5aa038df263b2be64135143fef30a883f73212614f6d0212fe24c9845c490d68fbc1  pkgs/fc27/x86_64/qubes-libvchan-xen-debuginfo-4.0.1-1.fc27.x86_64.rpm
2018-05-02 23:18:50.167429 +0000 build-fedora4: 67ca6dbff52f898dae2c4f40bac032b96b326c3c94a52d8add41ed43175c178fa9ce0699a5905aa5f388fc8bf919f932dd2560f9f707961458b8c5ffc20cf613  pkgs/fc27/x86_64/qubes-libvchan-xen-debuginfo-4.0.2-1.fc27.x86_64.rpm
2018-05-02 23:18:50.174961 +0000 build-fedora4: ba18b16f28a7e9ba1008300ce165c583e5edf477e61d062a88b82bc16c5d71579ba8afe2d1ed42e820943a9b5c5c52daa90235c5a4fd67282f92278a71fc67e7  pkgs/fc27/x86_64/qubes-libvchan-xen-debugsource-4.0.1-1.fc27.x86_64.rpm
2018-05-02 23:18:50.175032 +0000 build-fedora4: 26f817ae0cf1842a2ffe7081298a8e5fa97f24b7ad783a4691a58a01208b7e86b7d5b0453ed117ca2c94497496e37dea31763f84a2f4bf2adc5380e96c895323  pkgs/fc27/x86_64/qubes-libvchan-xen-debugsource-4.0.2-1.fc27.x86_64.rpm
2018-05-02 23:18:50.175077 +0000 build-fedora4: f42c6ee30f476d1feb4d87fbbcf76e42676e5d7bbef273064726dd4ac51ad5d7053a50a6e18d27d9278e9b768a1021a2a6109e25198aab577f94d79908e60126  pkgs/fc27/x86_64/qubes-libvchan-xen-devel-4.0.1-1.fc27.x86_64.rpm
2018-05-02 23:18:50.175128 +0000 build-fedora4: 7d734eca52247f109c9ecbdd73676b79f5caf4ef8242ecd4f005e371a30a3c49dab38f3e60c4c5283f1644ca54f564312e8caa1235f4b34853343feec714d29c  pkgs/fc27/x86_64/qubes-libvchan-xen-devel-4.0.2-1.fc27.x86_64.rpm
2018-05-02 23:18:50.476779 +0000 build-fedora4: ================================================================================
2018-05-02 23:18:50.476867 +0000 build-fedora4:                            B U I L D   I N F O                                  
2018-05-02 23:18:50.476899 +0000 build-fedora4: Items in red indicate it was automatically generated by configuration file(s)
2018-05-02 23:18:50.476932 +0000 build-fedora4: Items in white indicate it was automatically removed by configuration file(s)
2018-05-02 23:18:50.476959 +0000 build-fedora4: ================================================================================
2018-05-02 23:18:50.476981 +0000 build-fedora4: DISTS_VM:
2018-05-02 23:18:50.483323 +0000 build-fedora4:      fc26, fc27,
2018-05-02 23:18:50.509242 +0000 build-fedora4: DISTS_ALL:
2018-05-02 23:18:50.521565 +0000 build-fedora4:      fc26, fc27,
2018-05-02 23:18:50.527769 +0000 build-fedora4: DIST_DOM0:
2018-05-02 23:18:50.529841 +0000 build-fedora4:     
2018-05-02 23:18:50.531122 +0000 build-fedora4: BUILDER_PLUGINS:
2018-05-02 23:18:50.539455 +0000 build-fedora4:      builder-rpm, mgmt-salt, linux-yum, builder-github,
2018-05-02 23:18:50.542320 +0000 build-fedora4: COMPONENTS:
2018-05-02 23:18:50.576979 +0000 build-fedora4:      core-vchan-xen,
2018-05-02 23:18:50.577029 +0000 build-fedora4: GIT_REPOS:
2018-05-02 23:18:50.584162 +0000 build-fedora4:      qubes-src/core-vchan-xen,
2018-05-02 23:18:50.584448 +0000 build-fedora4: TEMPLATE:
2018-05-02 23:18:50.593305 +0000 build-fedora4:     
2018-05-02 23:18:50.601713 +0000 build-fedora4: TEMPLATE_FLAVOR_DIR:
2018-05-02 23:18:50.636990 +0000 build-fedora4:     
2018-05-02 23:18:50.640734 +0000 build-fedora4: TEMPLATE_ALIAS:
2018-05-02 23:18:50.647433 +0000 build-fedora4:      jessie:jessie+standard, jessie+gnome:jessie+gnome+standard, jessie+minimal:jessie+minimal+no-recommends,
2018-05-02 23:18:50.647492 +0000 build-fedora4:      stretch:stretch+standard, stretch+gnome:stretch+gnome+standard,
2018-05-02 23:18:50.647523 +0000 build-fedora4:      stretch+minimal:stretch+minimal+no-recommends,
2018-05-02 23:18:50.647776 +0000 build-fedora4: TEMPLATE_LABEL:
2018-05-02 23:18:50.654858 +0000 build-fedora4:      fc26:fedora-26, fc20:fedora-20 fc21:fedora-21 fc22:fedora-22 fc23:fedora-23 fc24:fedora-24 fc25:fedora-25
2018-05-02 23:18:50.654921 +0000 build-fedora4:      fc20+minimal:fedora-20-minimal fc21+minimal:fedora-21-minimal fc23+minimal:fedora-23-minimal
2018-05-02 23:18:50.654953 +0000 build-fedora4:      fc24+minimal:fedora-24-minimal fc25+minimal:fedora-25-minimal fc26+minimal:fedora-26-minimal
2018-05-02 23:18:50.654983 +0000 build-fedora4:      fc25+xfce:fedora-25-xfce fc26+xfce:fedora-26-xfce wheezy:debian-7 wheezy+standard:debian-7
2018-05-02 23:18:50.655016 +0000 build-fedora4:      jessie:debian-8 jessie+standard:debian-8 stretch:debian-9 stretch+standard:debian-9 centos7:centos-7
2018-05-02 23:18:50.655041 +0000 build-fedora4:      centos7+minimal:centos-7-minimal
2018-05-02 23:18:50.825691 +0000 build-fedora4: > running make
2018-05-02 23:18:50.888409 +0000 build-fedora4: Makefile:250: target 'sign-vm-fc26-core-vchan-xen' does not exist
2018-05-02 23:18:50.888506 +0000 build-fedora4: if [ -n "core-vchan-xen" -a "0" -ne 0 ]; then BRANCH=release4.0; branch_var="BRANCH_core_vchan_xen"; [ -n "${!branch_var}" ] && BRANCH="${!branch_var}"; pushd qubes-src/core-vchan-xen > /dev/null; CURRENT_BRANCH=`git symbolic-ref --short HEAD 2>/dev/null || git describe --tags --exact-match HEAD`; if [ "$BRANCH" != "$CURRENT_BRANCH" ]; then echo "-> ERROR: Wrong branch $branch_var=$CURRENT_BRANCH (expected $BRANCH)"; exit 1; fi; popd > /dev/null; fi
2018-05-02 23:18:50.888543 +0000 build-fedora4: SIGN_KEY=5817A43B283DE5A9181A522E1848792F9E2795E9; \
2018-05-02 23:18:50.888569 +0000 build-fedora4: sign_key_var="SIGN_KEY_fc26"; \
2018-05-02 23:18:50.888597 +0000 build-fedora4: [ -n "${!sign_key_var}" ] && SIGN_KEY="${!sign_key_var}"; \
2018-05-02 23:18:50.888624 +0000 build-fedora4: if [ -r qubes-src/core-vchan-xen/Makefile.builder ]; then \
2018-05-02 23:18:50.888650 +0000 build-fedora4: .make --no-print-directory -f Makefile.generic \
2018-05-02 23:18:50.888672 +0000 build-fedora4: ..DIST=fc26 \
2018-05-02 23:18:50.888695 +0000 build-fedora4: ..PACKAGE_SET=vm \
2018-05-02 23:18:50.888719 +0000 build-fedora4: ..COMPONENT=core-vchan-xen \
2018-05-02 23:18:50.888760 +0000 build-fedora4: ..SIGN_KEY=$SIGN_KEY \
2018-05-02 23:18:50.888782 +0000 build-fedora4: ..sign || exit 1; \
2018-05-02 23:18:50.888807 +0000 build-fedora4: elif [ -d qubes-src/core-vchan-xen/rpm ]; then \
2018-05-02 23:18:50.888832 +0000 build-fedora4: .# Old mechanism supported only for RPM
2018-05-02 23:18:50.888860 +0000 build-fedora4: FILE_LIST=""; for RPM in qubes-src/core-vchan-xen/rpm/*/*.rpm; do \
2018-05-02 23:18:50.888890 +0000 build-fedora4: ..if ! qubes-src/installer-qubes-os/rpm_verify $RPM > /dev/null; then \
2018-05-02 23:18:50.888914 +0000 build-fedora4: ...FILE_LIST="$FILE_LIST $RPM" ;\
2018-05-02 23:18:50.888938 +0000 build-fedora4: ..fi ;\
2018-05-02 23:18:50.888960 +0000 build-fedora4: .done ; \
2018-05-02 23:18:50.888984 +0000 build-fedora4: .if [ -n "$FILE_LIST" ]; then \
2018-05-02 23:18:50.889008 +0000 build-fedora4: ..echo "--> Signing..."; \
2018-05-02 23:18:50.889033 +0000 build-fedora4: ..RPMSIGN_OPTS=--digest-algo=sha256; \
2018-05-02 23:18:50.889056 +0000 build-fedora4: ..if [ -n "$SIGN_KEY" ]; then \
2018-05-02 23:18:50.889080 +0000 build-fedora4: ...RPMSIGN_OPTS="--key-id=$SIGN_KEY"; \
2018-05-02 23:18:50.889104 +0000 build-fedora4: ..fi; \
2018-05-02 23:18:50.889131 +0000 build-fedora4: ..setsid -w rpmsign "$RPMSIGN_OPTS" --addsign $FILE_LIST </dev/null ;\
2018-05-02 23:18:50.889171 +0000 build-fedora4: .fi; \
2018-05-02 23:18:50.889193 +0000 build-fedora4: fi
2018-05-02 23:18:50.955309 +0000 build-fedora4: + ERR_OUTPUT=/dev/stderr
2018-05-02 23:18:50.955361 +0000 build-fedora4: + '[' 2 -lt 2 ']'
2018-05-02 23:18:50.956767 +0000 build-fedora4: ++ basename qubes-src/core-vchan-xen/rpm_spec/libvchan.spec.in
2018-05-02 23:18:50.962628 +0000 build-fedora4: + [[ xlibvchan.spec.in == \x\.\i\n ]]
2018-05-02 23:18:50.962686 +0000 build-fedora4: + '[' -r qubes-src/core-vchan-xen/rpm_spec/libvchan.spec.in ']'
2018-05-02 23:18:50.962714 +0000 build-fedora4: ++ mktemp --tmpdir tmp.XXXXXX.spec
2018-05-02 23:18:50.968558 +0000 build-fedora4: + tmp_spec=/tmp/tmp.tW2rjv.spec
2018-05-02 23:18:50.970060 +0000 build-fedora4: ++ dirname /home/user/builder-r4.0/qubes-src/builder-rpm/scripts/query-spec
2018-05-02 23:18:50.976293 +0000 build-fedora4: + /home/user/builder-r4.0/qubes-src/builder-rpm/scripts/generate-spec qubes-src/core-vchan-xen/rpm_spec/libvchan.spec.in /tmp/tmp.tW2rjv.spec
2018-05-02 23:18:50.986582 +0000 build-fedora4: + '[' 2 -lt 2 ']'
2018-05-02 23:18:50.986638 +0000 build-fedora4: + '[' -z qubes-src/core-vchan-xen ']'
2018-05-02 23:18:50.986673 +0000 build-fedora4: + cp qubes-src/core-vchan-xen/rpm_spec/libvchan.spec.in qubes-src/core-vchan-xen/rpm_spec/libvchan.spec.in.tmp
2018-05-02 23:18:51.029158 +0000 build-fedora4: + read ver
2018-05-02 23:18:51.030556 +0000 build-fedora4: + cat qubes-src/core-vchan-xen/version
2018-05-02 23:18:51.036242 +0000 build-fedora4: + '[' x == x ']'
2018-05-02 23:18:51.036302 +0000 build-fedora4: + sed -i 's|@VERSION@|4.0.2|g' qubes-src/core-vchan-xen/rpm_spec/libvchan.spec.in.tmp
2018-05-02 23:18:51.055325 +0000 build-fedora4: + vnum=1
2018-05-02 23:18:51.055382 +0000 build-fedora4: + read ver
2018-05-02 23:18:51.055413 +0000 build-fedora4: + '[' -e qubes-src/core-vchan-xen/rel ']'
2018-05-02 23:18:51.055442 +0000 build-fedora4: ++ cat qubes-src/core-vchan-xen/rel
2018-05-02 23:18:51.055468 +0000 build-fedora4: ++ echo 1
2018-05-02 23:18:51.055499 +0000 build-fedora4: + sed -i -e s:@REL@:1:g -e s:@BACKEND_VMM@:xen:g qubes-src/core-vchan-xen/rpm_spec/libvchan.spec.in.tmp
2018-05-02 23:18:51.063726 +0000 build-fedora4: + '[' -e qubes-src/core-vchan-xen/changelog ']'
2018-05-02 23:18:51.063804 +0000 build-fedora4: + sed -i /@CHANGELOG@/d qubes-src/core-vchan-xen/rpm_spec/libvchan.spec.in.tmp
2018-05-02 23:18:51.063839 +0000 build-fedora4: + cat qubes-src/core-vchan-xen/rpm_spec/libvchan.spec.in.tmp
2018-05-02 23:18:51.075962 +0000 build-fedora4: + rm -rf qubes-src/core-vchan-xen/rpm_spec/libvchan.spec.in.tmp
2018-05-02 23:18:51.077409 +0000 build-fedora4: + rpm -q --qf '%{NAME}-%{VERSION}.tar.gz\n' --specfile /tmp/tmp.tW2rjv.spec
2018-05-02 23:18:51.220605 +0000 build-fedora4: + rm -f /tmp/tmp.tW2rjv.spec
2018-05-02 23:18:51.295253 +0000 build-fedora4: /home/user/builder-r4.0/qubes-src/builder-rpm/Makefile.rpmbuilder:164: target 'sign' does not exist
2018-05-02 23:18:51.295327 +0000 build-fedora4: cd qubes-src/core-vchan-xen && for pkg in pkgs/fc26/x86_64/qubes-libvchan-xen-4.0.2-1.fc26.x86_64.rpm pkgs/fc26/x86_64/qubes-libvchan-xen-debuginfo-4.0.2-1.fc26.x86_64.rpm pkgs/fc26/x86_64/qubes-libvchan-xen-devel-4.0.2-1.fc26.x86_64.rpm ; do \
2018-05-02 23:18:51.295359 +0000 build-fedora4: .if ! rpm -K $pkg | grep -qi pgp; then \
2018-05-02 23:18:51.295394 +0000 build-fedora4: ..setsid -w rpmsign  --digest-algo=sha256 --key-id=5817A43B283DE5A9181A522E1848792F9E2795E9 --addsign $pkg </dev/null || exit 1; \
2018-05-02 23:18:51.295417 +0000 build-fedora4: .fi; \
2018-05-02 23:18:51.295438 +0000 build-fedora4: done
2018-05-02 23:18:51.348688 +0000 build-fedora4: + ERR_OUTPUT=/dev/stderr
2018-05-02 23:18:51.348768 +0000 build-fedora4: + '[' 2 -lt 2 ']'
2018-05-02 23:18:51.349938 +0000 build-fedora4: ++ basename qubes-src/core-vchan-xen/rpm_spec/libvchan.spec.in
2018-05-02 23:18:51.353747 +0000 build-fedora4: + [[ xlibvchan.spec.in == \x\.\i\n ]]
2018-05-02 23:18:51.353820 +0000 build-fedora4: + '[' -r qubes-src/core-vchan-xen/rpm_spec/libvchan.spec.in ']'
2018-05-02 23:18:51.355095 +0000 build-fedora4: ++ mktemp --tmpdir tmp.XXXXXX.spec
2018-05-02 23:18:51.359131 +0000 build-fedora4: + tmp_spec=/tmp/tmp.JJ3DxR.spec
2018-05-02 23:18:51.360431 +0000 build-fedora4: ++ dirname /home/user/builder-r4.0/qubes-src/builder-rpm/scripts/query-spec
2018-05-02 23:18:51.365008 +0000 build-fedora4: + /home/user/builder-r4.0/qubes-src/builder-rpm/scripts/generate-spec qubes-src/core-vchan-xen/rpm_spec/libvchan.spec.in /tmp/tmp.JJ3DxR.spec
2018-05-02 23:18:51.370289 +0000 build-fedora4: + '[' 2 -lt 2 ']'
2018-05-02 23:18:51.370346 +0000 build-fedora4: + '[' -z qubes-src/core-vchan-xen ']'
2018-05-02 23:18:51.370385 +0000 build-fedora4: + cp qubes-src/core-vchan-xen/rpm_spec/libvchan.spec.in qubes-src/core-vchan-xen/rpm_spec/libvchan.spec.in.tmp
2018-05-02 23:18:51.384032 +0000 build-fedora4: + read ver
2018-05-02 23:18:51.384090 +0000 build-fedora4: + cat qubes-src/core-vchan-xen/version
2018-05-02 23:18:51.388123 +0000 build-fedora4: + '[' x == x ']'
2018-05-02 23:18:51.388184 +0000 build-fedora4: + sed -i 's|@VERSION@|4.0.2|g' qubes-src/core-vchan-xen/rpm_spec/libvchan.spec.in.tmp
2018-05-02 23:18:51.395141 +0000 build-fedora4: + vnum=1
2018-05-02 23:18:51.395195 +0000 build-fedora4: + read ver
2018-05-02 23:18:51.395224 +0000 build-fedora4: + '[' -e qubes-src/core-vchan-xen/rel ']'
2018-05-02 23:18:51.396840 +0000 build-fedora4: ++ cat qubes-src/core-vchan-xen/rel
2018-05-02 23:18:51.403012 +0000 build-fedora4: ++ echo 1
2018-05-02 23:18:51.403073 +0000 build-fedora4: + sed -i -e s:@REL@:1:g -e s:@BACKEND_VMM@:xen:g qubes-src/core-vchan-xen/rpm_spec/libvchan.spec.in.tmp
2018-05-02 23:18:51.460157 +0000 build-fedora4: + '[' -e qubes-src/core-vchan-xen/changelog ']'
2018-05-02 23:18:51.460224 +0000 build-fedora4: + sed -i /@CHANGELOG@/d qubes-src/core-vchan-xen/rpm_spec/libvchan.spec.in.tmp
2018-05-02 23:18:51.460259 +0000 build-fedora4: + cat qubes-src/core-vchan-xen/rpm_spec/libvchan.spec.in.tmp
2018-05-02 23:18:51.460291 +0000 build-fedora4: + rm -rf qubes-src/core-vchan-xen/rpm_spec/libvchan.spec.in.tmp
2018-05-02 23:18:51.460323 +0000 build-fedora4: + rpm -q --qf '%{NAME}-%{VERSION}.tar.gz\n' --specfile /tmp/tmp.JJ3DxR.spec
2018-05-02 23:18:51.487752 +0000 build-fedora4: + rm -f /tmp/tmp.JJ3DxR.spec
2018-05-02 23:18:53.046399 +0000 build-fedora4: pkgs/fc26/x86_64/qubes-libvchan-xen-4.0.2-1.fc26.x86_64.rpm:
2018-05-02 23:18:54.478563 +0000 build-fedora4: pkgs/fc26/x86_64/qubes-libvchan-xen-debuginfo-4.0.2-1.fc26.x86_64.rpm:
2018-05-02 23:18:55.723797 +0000 build-fedora4: pkgs/fc26/x86_64/qubes-libvchan-xen-devel-4.0.2-1.fc26.x86_64.rpm:
2018-05-02 23:18:55.727022 +0000 build-fedora4: Makefile:250: target 'sign-vm-fc27-core-vchan-xen' does not exist
2018-05-02 23:18:55.727120 +0000 build-fedora4: if [ -n "core-vchan-xen" -a "0" -ne 0 ]; then BRANCH=release4.0; branch_var="BRANCH_core_vchan_xen"; [ -n "${!branch_var}" ] && BRANCH="${!branch_var}"; pushd qubes-src/core-vchan-xen > /dev/null; CURRENT_BRANCH=`git symbolic-ref --short HEAD 2>/dev/null || git describe --tags --exact-match HEAD`; if [ "$BRANCH" != "$CURRENT_BRANCH" ]; then echo "-> ERROR: Wrong branch $branch_var=$CURRENT_BRANCH (expected $BRANCH)"; exit 1; fi; popd > /dev/null; fi
2018-05-02 23:18:55.727158 +0000 build-fedora4: SIGN_KEY=5817A43B283DE5A9181A522E1848792F9E2795E9; \
2018-05-02 23:18:55.727189 +0000 build-fedora4: sign_key_var="SIGN_KEY_fc27"; \
2018-05-02 23:18:55.727218 +0000 build-fedora4: [ -n "${!sign_key_var}" ] && SIGN_KEY="${!sign_key_var}"; \
2018-05-02 23:18:55.727244 +0000 build-fedora4: if [ -r qubes-src/core-vchan-xen/Makefile.builder ]; then \
2018-05-02 23:18:55.727269 +0000 build-fedora4: .make --no-print-directory -f Makefile.generic \
2018-05-02 23:18:55.727291 +0000 build-fedora4: ..DIST=fc27 \
2018-05-02 23:18:55.727312 +0000 build-fedora4: ..PACKAGE_SET=vm \
2018-05-02 23:18:55.727335 +0000 build-fedora4: ..COMPONENT=core-vchan-xen \
2018-05-02 23:18:55.727362 +0000 build-fedora4: ..SIGN_KEY=$SIGN_KEY \
2018-05-02 23:18:55.727383 +0000 build-fedora4: ..sign || exit 1; \
2018-05-02 23:18:55.727430 +0000 build-fedora4: elif [ -d qubes-src/core-vchan-xen/rpm ]; then \
2018-05-02 23:18:55.727455 +0000 build-fedora4: .# Old mechanism supported only for RPM
2018-05-02 23:18:55.727482 +0000 build-fedora4: FILE_LIST=""; for RPM in qubes-src/core-vchan-xen/rpm/*/*.rpm; do \
2018-05-02 23:18:55.727508 +0000 build-fedora4: ..if ! qubes-src/installer-qubes-os/rpm_verify $RPM > /dev/null; then \
2018-05-02 23:18:55.727533 +0000 build-fedora4: ...FILE_LIST="$FILE_LIST $RPM" ;\
2018-05-02 23:18:55.727556 +0000 build-fedora4: ..fi ;\
2018-05-02 23:18:55.727580 +0000 build-fedora4: .done ; \
2018-05-02 23:18:55.727605 +0000 build-fedora4: .if [ -n "$FILE_LIST" ]; then \
2018-05-02 23:18:55.727627 +0000 build-fedora4: ..echo "--> Signing..."; \
2018-05-02 23:18:55.727651 +0000 build-fedora4: ..RPMSIGN_OPTS=--digest-algo=sha256; \
2018-05-02 23:18:55.727675 +0000 build-fedora4: ..if [ -n "$SIGN_KEY" ]; then \
2018-05-02 23:18:55.727700 +0000 build-fedora4: ...RPMSIGN_OPTS="--key-id=$SIGN_KEY"; \
2018-05-02 23:18:55.727723 +0000 build-fedora4: ..fi; \
2018-05-02 23:18:55.727775 +0000 build-fedora4: ..setsid -w rpmsign "$RPMSIGN_OPTS" --addsign $FILE_LIST </dev/null ;\
2018-05-02 23:18:55.727798 +0000 build-fedora4: .fi; \
2018-05-02 23:18:55.727819 +0000 build-fedora4: fi
2018-05-02 23:18:55.750829 +0000 build-fedora4: + ERR_OUTPUT=/dev/stderr
2018-05-02 23:18:55.750882 +0000 build-fedora4: + '[' 2 -lt 2 ']'
2018-05-02 23:18:55.753095 +0000 build-fedora4: ++ basename qubes-src/core-vchan-xen/rpm_spec/libvchan.spec.in
2018-05-02 23:18:55.756287 +0000 build-fedora4: + [[ xlibvchan.spec.in == \x\.\i\n ]]
2018-05-02 23:18:55.756343 +0000 build-fedora4: + '[' -r qubes-src/core-vchan-xen/rpm_spec/libvchan.spec.in ']'
2018-05-02 23:18:55.758808 +0000 build-fedora4: ++ mktemp --tmpdir tmp.XXXXXX.spec
2018-05-02 23:18:55.762371 +0000 build-fedora4: + tmp_spec=/tmp/tmp.qnCr1x.spec
2018-05-02 23:18:55.763750 +0000 build-fedora4: ++ dirname /home/user/builder-r4.0/qubes-src/builder-rpm/scripts/query-spec
2018-05-02 23:18:55.781482 +0000 build-fedora4: + /home/user/builder-r4.0/qubes-src/builder-rpm/scripts/generate-spec qubes-src/core-vchan-xen/rpm_spec/libvchan.spec.in /tmp/tmp.qnCr1x.spec
2018-05-02 23:18:55.781537 +0000 build-fedora4: + '[' 2 -lt 2 ']'
2018-05-02 23:18:55.781565 +0000 build-fedora4: + '[' -z qubes-src/core-vchan-xen ']'
2018-05-02 23:18:55.781598 +0000 build-fedora4: + cp qubes-src/core-vchan-xen/rpm_spec/libvchan.spec.in qubes-src/core-vchan-xen/rpm_spec/libvchan.spec.in.tmp
2018-05-02 23:18:55.788940 +0000 build-fedora4: + read ver
2018-05-02 23:18:55.794257 +0000 build-fedora4: + cat qubes-src/core-vchan-xen/version
2018-05-02 23:18:55.794312 +0000 build-fedora4: + '[' x == x ']'
2018-05-02 23:18:55.794346 +0000 build-fedora4: + sed -i 's|@VERSION@|4.0.2|g' qubes-src/core-vchan-xen/rpm_spec/libvchan.spec.in.tmp
2018-05-02 23:18:55.803774 +0000 build-fedora4: + vnum=1
2018-05-02 23:18:55.803850 +0000 build-fedora4: + read ver
2018-05-02 23:18:55.803882 +0000 build-fedora4: + '[' -e qubes-src/core-vchan-xen/rel ']'
2018-05-02 23:18:55.803912 +0000 build-fedora4: ++ cat qubes-src/core-vchan-xen/rel
2018-05-02 23:18:55.808579 +0000 build-fedora4: ++ echo 1
2018-05-02 23:18:55.809846 +0000 build-fedora4: + sed -i -e s:@REL@:1:g -e s:@BACKEND_VMM@:xen:g qubes-src/core-vchan-xen/rpm_spec/libvchan.spec.in.tmp
2018-05-02 23:18:55.815790 +0000 build-fedora4: + '[' -e qubes-src/core-vchan-xen/changelog ']'
2018-05-02 23:18:55.815873 +0000 build-fedora4: + sed -i /@CHANGELOG@/d qubes-src/core-vchan-xen/rpm_spec/libvchan.spec.in.tmp
2018-05-02 23:18:55.823013 +0000 build-fedora4: + cat qubes-src/core-vchan-xen/rpm_spec/libvchan.spec.in.tmp
2018-05-02 23:18:55.827983 +0000 build-fedora4: + rm -rf qubes-src/core-vchan-xen/rpm_spec/libvchan.spec.in.tmp
2018-05-02 23:18:55.833837 +0000 build-fedora4: + rpm -q --qf '%{NAME}-%{VERSION}.tar.gz\n' --specfile /tmp/tmp.qnCr1x.spec
2018-05-02 23:18:55.892870 +0000 build-fedora4: + rm -f /tmp/tmp.qnCr1x.spec
2018-05-02 23:18:55.930274 +0000 build-fedora4: /home/user/builder-r4.0/qubes-src/builder-rpm/Makefile.rpmbuilder:164: target 'sign' does not exist
2018-05-02 23:18:55.930371 +0000 build-fedora4: cd qubes-src/core-vchan-xen && for pkg in pkgs/fc27/x86_64/qubes-libvchan-xen-4.0.2-1.fc27.x86_64.rpm pkgs/fc27/x86_64/qubes-libvchan-xen-debuginfo-4.0.2-1.fc27.x86_64.rpm pkgs/fc27/x86_64/qubes-libvchan-xen-debugsource-4.0.2-1.fc27.x86_64.rpm pkgs/fc27/x86_64/qubes-libvchan-xen-devel-4.0.2-1.fc27.x86_64.rpm ; do \
2018-05-02 23:18:55.930401 +0000 build-fedora4: .if ! rpm -K $pkg | grep -qi pgp; then \
2018-05-02 23:18:55.930436 +0000 build-fedora4: ..setsid -w rpmsign  --digest-algo=sha256 --key-id=5817A43B283DE5A9181A522E1848792F9E2795E9 --addsign $pkg </dev/null || exit 1; \
2018-05-02 23:18:55.930459 +0000 build-fedora4: .fi; \
2018-05-02 23:18:55.930482 +0000 build-fedora4: done
2018-05-02 23:18:55.972082 +0000 build-fedora4: + ERR_OUTPUT=/dev/stderr
2018-05-02 23:18:55.972137 +0000 build-fedora4: + '[' 2 -lt 2 ']'
2018-05-02 23:18:55.974577 +0000 build-fedora4: ++ basename qubes-src/core-vchan-xen/rpm_spec/libvchan.spec.in
2018-05-02 23:18:55.980017 +0000 build-fedora4: + [[ xlibvchan.spec.in == \x\.\i\n ]]
2018-05-02 23:18:55.980074 +0000 build-fedora4: + '[' -r qubes-src/core-vchan-xen/rpm_spec/libvchan.spec.in ']'
2018-05-02 23:18:55.980102 +0000 build-fedora4: ++ mktemp --tmpdir tmp.XXXXXX.spec
2018-05-02 23:18:55.982472 +0000 build-fedora4: + tmp_spec=/tmp/tmp.l9MAI8.spec
2018-05-02 23:18:55.984488 +0000 build-fedora4: ++ dirname /home/user/builder-r4.0/qubes-src/builder-rpm/scripts/query-spec
2018-05-02 23:18:55.988082 +0000 build-fedora4: + /home/user/builder-r4.0/qubes-src/builder-rpm/scripts/generate-spec qubes-src/core-vchan-xen/rpm_spec/libvchan.spec.in /tmp/tmp.l9MAI8.spec
2018-05-02 23:18:55.993582 +0000 build-fedora4: + '[' 2 -lt 2 ']'
2018-05-02 23:18:55.993637 +0000 build-fedora4: + '[' -z qubes-src/core-vchan-xen ']'
2018-05-02 23:18:55.993674 +0000 build-fedora4: + cp qubes-src/core-vchan-xen/rpm_spec/libvchan.spec.in qubes-src/core-vchan-xen/rpm_spec/libvchan.spec.in.tmp
2018-05-02 23:18:56.001497 +0000 build-fedora4: + read ver
2018-05-02 23:18:56.002987 +0000 build-fedora4: + cat qubes-src/core-vchan-xen/version
2018-05-02 23:18:56.006489 +0000 build-fedora4: + '[' x == x ']'
2018-05-02 23:18:56.006549 +0000 build-fedora4: + sed -i 's|@VERSION@|4.0.2|g' qubes-src/core-vchan-xen/rpm_spec/libvchan.spec.in.tmp
2018-05-02 23:18:56.013310 +0000 build-fedora4: + vnum=1
2018-05-02 23:18:56.013366 +0000 build-fedora4: + read ver
2018-05-02 23:18:56.013614 +0000 build-fedora4: + '[' -e qubes-src/core-vchan-xen/rel ']'
2018-05-02 23:18:56.016127 +0000 build-fedora4: ++ cat qubes-src/core-vchan-xen/rel
2018-05-02 23:18:56.021589 +0000 build-fedora4: ++ echo 1
2018-05-02 23:18:56.021652 +0000 build-fedora4: + sed -i -e s:@REL@:1:g -e s:@BACKEND_VMM@:xen:g qubes-src/core-vchan-xen/rpm_spec/libvchan.spec.in.tmp
2018-05-02 23:18:56.028878 +0000 build-fedora4: + '[' -e qubes-src/core-vchan-xen/changelog ']'
2018-05-02 23:18:56.028938 +0000 build-fedora4: + sed -i /@CHANGELOG@/d qubes-src/core-vchan-xen/rpm_spec/libvchan.spec.in.tmp
2018-05-02 23:18:56.046590 +0000 build-fedora4: + cat qubes-src/core-vchan-xen/rpm_spec/libvchan.spec.in.tmp
2018-05-02 23:18:56.051559 +0000 build-fedora4: + rm -rf qubes-src/core-vchan-xen/rpm_spec/libvchan.spec.in.tmp
2018-05-02 23:18:56.058908 +0000 build-fedora4: + rpm -q --qf '%{NAME}-%{VERSION}.tar.gz\n' --specfile /tmp/tmp.l9MAI8.spec
2018-05-02 23:18:56.116127 +0000 build-fedora4: + rm -f /tmp/tmp.l9MAI8.spec
2018-05-02 23:18:57.321839 +0000 build-fedora4: pkgs/fc27/x86_64/qubes-libvchan-xen-4.0.2-1.fc27.x86_64.rpm:
2018-05-02 23:18:58.444921 +0000 build-fedora4: pkgs/fc27/x86_64/qubes-libvchan-xen-debuginfo-4.0.2-1.fc27.x86_64.rpm:
2018-05-02 23:18:59.851807 +0000 build-fedora4: pkgs/fc27/x86_64/qubes-libvchan-xen-debugsource-4.0.2-1.fc27.x86_64.rpm:
2018-05-02 23:19:01.475634 +0000 build-fedora4: pkgs/fc27/x86_64/qubes-libvchan-xen-devel-4.0.2-1.fc27.x86_64.rpm:
2018-05-02 23:19:01.480434 +0000 build-fedora4: Makefile:721: target 'internal-update-repo-current-testing.vm.fc26.core-vchan-xen' does not exist
2018-05-02 23:19:01.480513 +0000 build-fedora4: repo_base_var="LINUX_REPO_fc26_BASEDIR"; \
2018-05-02 23:19:01.480544 +0000 build-fedora4: if [ -n "${!repo_base_var}" ]; then \
2018-05-02 23:19:01.480572 +0000 build-fedora4: .repo_basedir="${!repo_base_var}"; \
2018-05-02 23:19:01.480595 +0000 build-fedora4: else \
2018-05-02 23:19:01.480624 +0000 build-fedora4: .repo_basedir="qubes-src/linux-yum/r4.0"; \
2018-05-02 23:19:01.480647 +0000 build-fedora4: fi; \
2018-05-02 23:19:01.480674 +0000 build-fedora4: if [ -r qubes-src/core-vchan-xen/Makefile.builder ]; then \
2018-05-02 23:19:01.480701 +0000 build-fedora4: .echo -n "Updating qubes-src/core-vchan-xen... "; \
2018-05-02 23:19:01.480722 +0000 build-fedora4: .if [ "0" -eq 1 ]; then \
2018-05-02 23:19:01.480775 +0000 build-fedora4: ..vtag=`git -C qubes-src/core-vchan-xen tag --points-at HEAD --list v*`; \
2018-05-02 23:19:01.480800 +0000 build-fedora4: ..if [ -z "$vtag" ]; then \
2018-05-02 23:19:01.480824 +0000 build-fedora4: ...echo "no version tag"; \
2018-05-02 23:19:01.480845 +0000 build-fedora4: ...exit 0; \
2018-05-02 23:19:01.480865 +0000 build-fedora4: ..fi; \
2018-05-02 23:19:01.480886 +0000 build-fedora4: .fi; \
2018-05-02 23:19:01.480930 +0000 build-fedora4: .component_packages=$(MAKEFLAGS= make -s -f Makefile.generic DIST=fc26 PACKAGE_SET=vm COMPONENT=`basename qubes-src/core-vchan-xen` UPDATE_REPO=/home/user/builder-r4.0/$repo_basedir/current-testing/vm/fc26 get-var GET_VAR=PACKAGE_LIST); \
2018-05-02 23:19:01.480958 +0000 build-fedora4: .if [ -z "$component_packages" ]; then \
2018-05-02 23:19:01.480982 +0000 build-fedora4: ..echo "no packages."; \
2018-05-02 23:19:01.481004 +0000 build-fedora4: ..exit 0; \
2018-05-02 23:19:01.481030 +0000 build-fedora4: .fi; \
2018-05-02 23:19:01.481057 +0000 build-fedora4: .make -s -f Makefile.generic DIST=fc26 PACKAGE_SET=vm \
2018-05-02 23:19:01.481082 +0000 build-fedora4: ..COMPONENT=`basename qubes-src/core-vchan-xen` \
2018-05-02 23:19:01.481106 +0000 build-fedora4: ..SNAPSHOT_REPO=current-testing \
2018-05-02 23:19:01.481130 +0000 build-fedora4: ..TARGET_REPO=current-testing \
2018-05-02 23:19:01.481159 +0000 build-fedora4: ..UPDATE_REPO=/home/user/builder-r4.0/$repo_basedir/current-testing/vm/fc26 \
2018-05-02 23:19:01.481192 +0000 build-fedora4: ..SNAPSHOT_FILE=/home/user/builder-r4.0/repo-latest-snapshot/current-testing-vm-fc26-`basename qubes-src/core-vchan-xen` \
2018-05-02 23:19:01.481224 +0000 build-fedora4: ..BUILD_LOG_URL=https://github.com/QubesOS/build-logs/tree/master/build-fedora4/log_2018-05-02_23-17-21 \
2018-05-02 23:19:01.481248 +0000 build-fedora4: ..update-repo || exit 1; \
2018-05-02 23:19:01.481278 +0000 build-fedora4: elif make -C qubes-src/core-vchan-xen -n update-repo-current-testing >/dev/null 2>/dev/null; then \
2018-05-02 23:19:01.481303 +0000 build-fedora4: .echo "Updating qubes-src/core-vchan-xen... "; \
2018-05-02 23:19:01.481332 +0000 build-fedora4: .make -s -C qubes-src/core-vchan-xen update-repo-current-testing || exit 1; \
