2023-08-28 00:13:58.372122 +0000 > starting log
2023-08-28 00:13:58.372410 +0000 build-fedora4: > starting build with log
2023-08-28 00:13:58.372424 +0000 build-fedora4: >> make args: update-repo-current
2023-08-28 00:13:58.372432 +0000 build-fedora4: >> MAKEFLAGS=
2023-08-28 00:13:58.372439 +0000 build-fedora4: >> COMPONENTS=core-admin
2023-08-28 00:13:58.372446 +0000 build-fedora4: >> DISTS_VM=fc37 fc38
2023-08-28 00:13:58.372452 +0000 build-fedora4: >> DIST_DOM0=
2023-08-28 00:13:58.372460 +0000 build-fedora4: >> qubes-builder 5407d687d1b542537e873f3b69f4985eaec360ba
2023-08-28 00:13:58.372474 +0000 build-fedora4: >> qubes-builder/qubes-src/core-admin 05d8ce971b7b59e29fb6a37dd88c2f46058cab0b
2023-08-28 00:13:58.372484 +0000 build-fedora4: ================================================================================
2023-08-28 00:13:58.372493 +0000 build-fedora4:                            B U I L D   I N F O                                  
2023-08-28 00:13:58.372501 +0000 build-fedora4: Items in red indicate it was automatically generated by configuration file(s)
2023-08-28 00:13:58.372509 +0000 build-fedora4: Items in white indicate it was automatically removed by configuration file(s)
2023-08-28 00:13:58.372518 +0000 build-fedora4: ================================================================================
2023-08-28 00:13:58.372523 +0000 build-fedora4: DISTS_VM:
2023-08-28 00:13:58.372530 +0000 build-fedora4:      fc37, fc38,
2023-08-28 00:13:58.372535 +0000 build-fedora4: DISTS_ALL:
2023-08-28 00:13:58.372542 +0000 build-fedora4:      vm-fc37, vm-fc38,
2023-08-28 00:13:58.372547 +0000 build-fedora4: DIST_DOM0:
2023-08-28 00:13:58.372553 +0000 build-fedora4:     
2023-08-28 00:13:58.372559 +0000 build-fedora4: BUILDER_PLUGINS:
2023-08-28 00:13:58.372568 +0000 build-fedora4:      builder-rpm, builder-debian, mgmt-salt, linux-yum, release-configs, builder-github,
2023-08-28 00:13:58.372573 +0000 build-fedora4: COMPONENTS:
2023-08-28 00:13:58.372579 +0000 build-fedora4:      core-admin,
2023-08-28 00:13:58.372585 +0000 build-fedora4: GIT_REPOS:
2023-08-28 00:13:58.372591 +0000 build-fedora4:      qubes-src/core-admin,
2023-08-28 00:13:58.372596 +0000 build-fedora4: TEMPLATE:
2023-08-28 00:13:58.372602 +0000 build-fedora4:     
2023-08-28 00:13:58.372608 +0000 build-fedora4: TEMPLATE_FLAVOR_DIR:
2023-08-28 00:13:58.372613 +0000 build-fedora4:     
2023-08-28 00:13:58.372619 +0000 build-fedora4: TEMPLATE_ALIAS:
2023-08-28 00:13:58.372627 +0000 build-fedora4:      stretch:stretch+standard, stretch+gnome:stretch+gnome+standard,
2023-08-28 00:13:58.372635 +0000 build-fedora4:      stretch+minimal:stretch+minimal+no-recommends, buster:buster+gnome,
2023-08-28 00:13:58.372643 +0000 build-fedora4:      buster+minimal:buster+minimal+no-recommends, bullseye:bullseye+gnome+firmware,
2023-08-28 00:13:58.372652 +0000 build-fedora4:      bullseye+minimal:bullseye+minimal+no-recommends, bookworm:bookworm+gnome+firmware,
2023-08-28 00:13:58.372660 +0000 build-fedora4:      bookworm+minimal:bookworm+minimal+no-recommends, bionic:bionic+standard,
2023-08-28 00:13:58.372669 +0000 build-fedora4:      focal:focal+standard, whonix-gateway-15:buster+whonix-gateway+minimal+no-recommends,
2023-08-28 00:13:58.372677 +0000 build-fedora4:      whonix-workstation-15:buster+whonix-workstation+minimal+no-recommends,
2023-08-28 00:13:58.372685 +0000 build-fedora4:      whonix-gateway-16:bullseye+whonix-gateway+minimal+no-recommends,
2023-08-28 00:13:58.372693 +0000 build-fedora4:      whonix-workstation-16:bullseye+whonix-workstation+minimal+no-recommends,
2023-08-28 00:13:58.372699 +0000 build-fedora4: TEMPLATE_LABEL:
2023-08-28 00:13:58.372708 +0000 build-fedora4:      fc37:fedora-37, fc38:fedora-38, fc34:fedora-34 fc35:fedora-35 fc36:fedora-36 fc34+minimal:fedora-34-minimal
2023-08-28 00:13:58.372717 +0000 build-fedora4:      fc35+minimal:fedora-35-minimal fc36+minimal:fedora-36-minimal fc37+minimal:fedora-37-minimal
2023-08-28 00:13:58.372727 +0000 build-fedora4:      fc38+minimal:fedora-38-minimal fc34+xfce:fedora-34-xfce fc35+xfce:fedora-35-xfce fc36+xfce:fedora-36-xfce
2023-08-28 00:13:58.372743 +0000 build-fedora4:      fc37+xfce:fedora-37-xfce fc38+xfce:fedora-38-xfce stretch:debian-9 stretch+standard:debian-9
2023-08-28 00:13:58.372753 +0000 build-fedora4:      stretch+xfce:debian-9-xfce buster+gnome:debian-10 buster+xfce:debian-10-xfce bullseye:debian-11
2023-08-28 00:13:58.372762 +0000 build-fedora4:      bullseye+standard+firmware:debian-11 bullseye+xfce:debian-11-xfce bookworm:debian-12
2023-08-28 00:13:58.372771 +0000 build-fedora4:      bookworm+standard:debian-12 bookworm+xfce:debian-12-xfce bionic+standard:bionic
2023-08-28 00:13:58.372780 +0000 build-fedora4:      focal+standard:focal buster+whonix-gateway+minimal+no-recommends:whonix-gw-15
2023-08-28 00:13:58.372788 +0000 build-fedora4:      buster+whonix-workstation+minimal+no-recommends:whonix-ws-15
2023-08-28 00:13:58.372796 +0000 build-fedora4:      bullseye+whonix-gateway+minimal+no-recommends:whonix-gw-16
2023-08-28 00:13:58.372804 +0000 build-fedora4:      bullseye+whonix-workstation+minimal+no-recommends:whonix-ws-16 centos7:centos-7
2023-08-28 00:13:58.372814 +0000 build-fedora4:      centos7+minimal:centos-7-minimal centos7+xfce:centos-7-xfce centos-stream8:centos-stream-8
2023-08-28 00:13:58.372823 +0000 build-fedora4:      centos-stream8+minimal:centos-stream-8-minimal centos-stream8+xfce:centos-stream-8-xfce
2023-08-28 00:13:58.372829 +0000 build-fedora4: > running make
2023-08-28 00:13:58.372838 +0000 build-fedora4: Makefile:915: update target 'internal-update-repo-current.vm.fc37.core-admin' due to: target does not exist
2023-08-28 00:13:58.372844 +0000 build-fedora4: true
2023-08-28 00:13:58.372854 +0000 build-fedora4: Makefile:832: update target 'internal-update-repo-current.vm.fc37' due to: internal-update-repo-current.vm.fc37.core-admin
2023-08-28 00:13:58.372860 +0000 build-fedora4: true
2023-08-28 00:13:58.372870 +0000 build-fedora4: Makefile:915: update target 'internal-update-repo-current.vm.fc38.core-admin' due to: target does not exist
2023-08-28 00:13:58.372876 +0000 build-fedora4: true
2023-08-28 00:13:58.372886 +0000 build-fedora4: Makefile:832: update target 'internal-update-repo-current.vm.fc38' due to: internal-update-repo-current.vm.fc38.core-admin
2023-08-28 00:13:58.372892 +0000 build-fedora4: true
2023-08-28 00:13:58.372900 +0000 build-fedora4: Makefile:923: update target 'post-update-repo-current' due to: target does not exist
2023-08-28 00:13:58.372907 +0000 build-fedora4: for dist in  fc37 fc38; do \
2023-08-28 00:13:58.372915 +0000 build-fedora4: .repo_base_var="LINUX_REPO_${dist//-/_}_BASEDIR"; \
2023-08-28 00:13:58.372923 +0000 build-fedora4: .if [ -n "${!repo_base_var}" ]; then \
2023-08-28 00:13:58.372929 +0000 build-fedora4: ..repo_basedir="${!repo_base_var}"; \
2023-08-28 00:13:58.372935 +0000 build-fedora4: .else \
2023-08-28 00:13:58.372943 +0000 build-fedora4: ..repo_basedir="qubes-src/linux-yum/r4.1"; \
2023-08-28 00:13:58.376917 +0000 build-fedora4: .fi; \
2023-08-28 00:13:58.376940 +0000 build-fedora4: .repos_to_update="$repos_to_update $repo_basedir"; \
2023-08-28 00:13:58.376947 +0000 build-fedora4: done; \
2023-08-28 00:13:58.376953 +0000 build-fedora4: pkgset_dist= ; \
2023-08-28 00:13:58.376960 +0000 build-fedora4: for dist in ; do \
2023-08-28 00:13:58.376967 +0000 build-fedora4: .pkgset_dist="$pkgset_dist dom0/$dist"; \
2023-08-28 00:13:58.376973 +0000 build-fedora4: done; \
2023-08-28 00:13:58.376979 +0000 build-fedora4: for dist in fc37 fc38; do \
2023-08-28 00:13:58.376986 +0000 build-fedora4: .pkgset_dist="$pkgset_dist vm/$dist"; \
2023-08-28 00:13:58.376991 +0000 build-fedora4: done; \
2023-08-28 00:13:58.376999 +0000 build-fedora4: for repo in `echo $repos_to_update|tr ' ' '\n'|sort|uniq`; do \
2023-08-28 00:13:58.377006 +0000 build-fedora4: .[ -z "$repo" ] && continue; \
2023-08-28 00:13:58.377013 +0000 build-fedora4: .[ -x "$repo/../update_repo-current.sh" ] || continue; \
2023-08-28 00:13:58.377039 +0000 build-fedora4: .(cd $repo/.. && ./update_repo-current.sh r4.1 $pkgset_dist); \
2023-08-28 00:13:58.377059 +0000 build-fedora4: done
2023-08-28 00:13:58.377068 +0000 build-fedora4: ~/builder-r4.1/qubes-src/linux-yum ~/builder-r4.1/qubes-src/linux-yum
2023-08-28 00:13:58.377075 +0000 build-fedora4: --> Processing repo: r4.1/current/vm/fc37...
2023-08-28 00:13:58.427678 +0000 build-fedora4: warning: Found bdb_ro Packages database while attempting sqlite backend: using bdb_ro backend.
2023-08-28 00:14:30.621140 +0000 build-fedora4: --> Processing repo: r4.1/current/vm/fc38...
2023-08-28 00:14:30.715133 +0000 build-fedora4: warning: Found bdb_ro Packages database while attempting sqlite backend: using bdb_ro backend.
2023-08-28 00:14:46.661875 +0000 build-fedora4: Done.
2023-08-28 00:14:46.677970 +0000 build-fedora4: ~/builder-r4.1/qubes-src/linux-yum ~/builder-r4.1/qubes-src/linux-yum
2023-08-28 00:14:46.681380 +0000 build-fedora4: Syncing r4.1...
2023-08-28 00:14:47.857225 +0000 build-fedora4: sending incremental file list
2023-08-28 00:14:47.959604 +0000 build-fedora4: .d..t...... fc37/
2023-08-28 00:14:47.959650 +0000 build-fedora4: <f..t...... fc37/repodata/repomd.xml.asc
2023-08-28 00:14:47.959663 +0000 build-fedora4: .            833 100%    0.00kB/s    0:00:00  .            833 100%    0.00kB/s    0:00:00 (xfr#1, to-chk=658/673)
2023-08-28 00:14:48.268059 +0000 build-fedora4: sending incremental file list
2023-08-28 00:14:48.304692 +0000 build-fedora4: .d..t...... fc38/
2023-08-28 00:14:48.304732 +0000 build-fedora4: <f..t...... fc38/repodata/repomd.xml.asc
2023-08-28 00:14:48.304745 +0000 build-fedora4: .            833 100%    0.00kB/s    0:00:00  .            833 100%    0.00kB/s    0:00:00 (xfr#1, to-chk=369/384)
2023-08-28 00:14:49.007779 +0000 build-fedora4: Makefile:819: update target 'update-repo-current' due to: internal-update-repo-current.vm.fc37 internal-update-repo-current.vm.fc38 post-update-repo-current
2023-08-28 00:14:49.007825 +0000 build-fedora4: true
2023-08-28 00:14:49.013416 +0000 build-fedora4: > done
2023-08-28 00:14:49.013453 +0000 > closing log
