2021-02-26 18:02:50.565363 +0000 > starting log
2021-02-26 18:02:50.565726 +0000 build-fedora4: > starting build with log
2021-02-26 18:02:50.565739 +0000 build-fedora4: >> make args: update-repo-templates-itl
2021-02-26 18:02:50.565748 +0000 build-fedora4: >> MAKEFLAGS=
2021-02-26 18:02:50.565756 +0000 build-fedora4: >> COMPONENTS=linux-template-builder
2021-02-26 18:02:50.565762 +0000 build-fedora4: >> DISTS_VM=
2021-02-26 18:02:50.565769 +0000 build-fedora4: >> DIST_DOM0=fc32
2021-02-26 18:02:50.565777 +0000 build-fedora4: >> qubes-builder fd65c4d82c3560d53f59c7c02fbadf806b9a7f4a
2021-02-26 18:02:50.662521 +0000 build-fedora4: >> qubes-builder/qubes-src/linux-template-builder 4d8c03b9a88693fb74435d8d3dde09ea02641bb7
2021-02-26 18:02:50.665111 +0000 build-fedora4: !! build_timestamp_debian-10
2021-02-26 18:02:50.665150 +0000 build-fedora4: !! build_timestamp_debian-10-minimal
2021-02-26 18:02:50.665160 +0000 build-fedora4: !! build_timestamp_fedora-32
2021-02-26 18:02:50.665168 +0000 build-fedora4: !! build_timestamp_fedora-32-minimal
2021-02-26 18:02:50.665176 +0000 build-fedora4: !! build_timestamp_fedora-32-xfce
2021-02-26 18:02:50.665183 +0000 build-fedora4: !! build_timestamp_whonix-gw-15
2021-02-26 18:02:50.665190 +0000 build-fedora4: !! build_timestamp_whonix-ws-15
2021-02-26 18:02:50.670643 +0000 build-fedora4: ec563f40f35d77c4abeb3e3de669675f169b227a7becc81faab32e18a6d9a73f0f2ed2afcca41e877fcceb0b8719979375cccb793782774304afb05cd26d9746  build_timestamp_debian-10
2021-02-26 18:02:50.670691 +0000 build-fedora4: bff81b480ce88ecfcafa8af741c41d9387bbe14c8d3764f9680c143d606f86280aaffc0f22c6065792a5ff7cb6e5069fd78713bcfad4f8045a1ffd2a1acec3f6  build_timestamp_debian-10-minimal
2021-02-26 18:02:50.670726 +0000 build-fedora4: ec563f40f35d77c4abeb3e3de669675f169b227a7becc81faab32e18a6d9a73f0f2ed2afcca41e877fcceb0b8719979375cccb793782774304afb05cd26d9746  build_timestamp_fedora-32
2021-02-26 18:02:50.670742 +0000 build-fedora4: 1fa8a2018e21c68d92e7d5d6fb26a1d78ad957917baa5c6fa499b29bb2d5816254e903e21f10989a68199c4bb00f544cf7b21a25d3662d3e903fdb72f14af84b  build_timestamp_fedora-32-minimal
2021-02-26 18:02:50.670756 +0000 build-fedora4: 1fa8a2018e21c68d92e7d5d6fb26a1d78ad957917baa5c6fa499b29bb2d5816254e903e21f10989a68199c4bb00f544cf7b21a25d3662d3e903fdb72f14af84b  build_timestamp_fedora-32-xfce
2021-02-26 18:02:50.670769 +0000 build-fedora4: efb21708f42d8a327781c9edc34aecf1f37e56cb4378cb7e0bf31c31003d41fc0830cf15efbb584f5516d4e8f7ec31a7ad34604d38ba17f8767ca482d00401cf  build_timestamp_whonix-gw-15
2021-02-26 18:02:50.670783 +0000 build-fedora4: efb21708f42d8a327781c9edc34aecf1f37e56cb4378cb7e0bf31c31003d41fc0830cf15efbb584f5516d4e8f7ec31a7ad34604d38ba17f8767ca482d00401cf  build_timestamp_whonix-ws-15
2021-02-26 18:02:51.047491 +0000 build-fedora4: ================================================================================
2021-02-26 18:02:51.047544 +0000 build-fedora4:                            B U I L D   I N F O                                  
2021-02-26 18:02:51.069534 +0000 build-fedora4: Items in red indicate it was automatically generated by configuration file(s)
2021-02-26 18:02:51.069577 +0000 build-fedora4: Items in white indicate it was automatically removed by configuration file(s)
2021-02-26 18:02:51.069590 +0000 build-fedora4: ================================================================================
2021-02-26 18:02:51.069598 +0000 build-fedora4: DISTS_VM:
2021-02-26 18:02:51.069604 +0000 build-fedora4:     
2021-02-26 18:02:51.069611 +0000 build-fedora4: DISTS_ALL:
2021-02-26 18:02:51.069617 +0000 build-fedora4:      dom0-fc32,
2021-02-26 18:02:51.069623 +0000 build-fedora4: DIST_DOM0:
2021-02-26 18:02:51.069650 +0000 build-fedora4:      fc32,
2021-02-26 18:02:51.069660 +0000 build-fedora4: BUILDER_PLUGINS:
2021-02-26 18:02:51.069671 +0000 build-fedora4:      builder-rpm, builder-debian, mgmt-salt, linux-yum, release-configs, builder-github,
2021-02-26 18:02:51.069677 +0000 build-fedora4: COMPONENTS:
2021-02-26 18:02:51.069684 +0000 build-fedora4:      linux-template-builder,
2021-02-26 18:02:51.182562 +0000 build-fedora4: GIT_REPOS:
2021-02-26 18:02:51.182632 +0000 build-fedora4:      qubes-src/linux-template-builder, .,
2021-02-26 18:02:51.242132 +0000 build-fedora4: TEMPLATE:
2021-02-26 18:02:51.242176 +0000 build-fedora4:     
2021-02-26 18:02:51.242186 +0000 build-fedora4: TEMPLATE_FLAVOR_DIR:
2021-02-26 18:02:51.250489 +0000 build-fedora4:     
2021-02-26 18:02:51.250530 +0000 build-fedora4: TEMPLATE_ALIAS:
2021-02-26 18:02:51.260380 +0000 build-fedora4:      stretch:stretch+standard, stretch+gnome:stretch+gnome+standard,
2021-02-26 18:02:51.260422 +0000 build-fedora4:      stretch+minimal:stretch+minimal+no-recommends, buster:buster+standard, buster+gnome:buster+gnome+standard,
2021-02-26 18:02:51.260435 +0000 build-fedora4:      buster+minimal:buster+minimal+no-recommends, bullseye:bullseye+standard,
2021-02-26 18:02:51.260447 +0000 build-fedora4:      bullseye+gnome:bullseye+gnome+standard, bullseye+minimal:bullseye+minimal+no-recommends,
2021-02-26 18:02:51.260457 +0000 build-fedora4:      whonix-gateway-14:stretch+whonix-gateway+minimal+no-recommends,
2021-02-26 18:02:51.260466 +0000 build-fedora4:      whonix-workstation-14:stretch+whonix-workstation+minimal+no-recommends,
2021-02-26 18:02:51.260475 +0000 build-fedora4:      whonix-gateway-15:buster+whonix-gateway+minimal+no-recommends,
2021-02-26 18:02:51.260484 +0000 build-fedora4:      whonix-workstation-15:buster+whonix-workstation+minimal+no-recommends,
2021-02-26 18:02:51.262961 +0000 build-fedora4: TEMPLATE_LABEL:
2021-02-26 18:02:51.266413 +0000 build-fedora4:      fc30:fedora-30 fc31:fedora-31 fc32:fedora-32 fc33:fedora-33 fc30+minimal:fedora-30-minimal
2021-02-26 18:02:51.266453 +0000 build-fedora4:      fc31+minimal:fedora-31-minimal fc32+minimal:fedora-32-minimal fc33+minimal:fedora-33-minimal
2021-02-26 18:02:51.266466 +0000 build-fedora4:      fc30+xfce:fedora-30-xfce fc31+xfce:fedora-31-xfce fc32+xfce:fedora-32-xfce fc33+xfce:fedora-33-xfce
2021-02-26 18:02:51.266477 +0000 build-fedora4:      stretch:debian-9 stretch+standard:debian-9 stretch+xfce:debian-9-xfce buster:debian-10
2021-02-26 18:02:51.266488 +0000 build-fedora4:      buster+standard:debian-10 buster+xfce:debian-10-xfce bullseye:debian-11 bullseye+standard:debian-11
2021-02-26 18:02:51.266499 +0000 build-fedora4:      bullseye+xfce:debian-11-xfce stretch+whonix-gateway+minimal+no-recommends:whonix-gw-14
2021-02-26 18:02:51.266508 +0000 build-fedora4:      stretch+whonix-workstation+minimal+no-recommends:whonix-ws-14
2021-02-26 18:02:51.266517 +0000 build-fedora4:      buster+whonix-gateway+minimal+no-recommends:whonix-gw-15
2021-02-26 18:02:51.266526 +0000 build-fedora4:      buster+whonix-workstation+minimal+no-recommends:whonix-ws-15 centos7:centos-7
2021-02-26 18:02:51.266536 +0000 build-fedora4:      centos7+minimal:centos-7-minimal centos7+xfce:centos-7-xfce centos8:centos-8
2021-02-26 18:02:51.266545 +0000 build-fedora4:      centos8+minimal:centos-8-minimal centos8+xfce:centos-8-xfce
2021-02-26 18:02:51.324817 +0000 build-fedora4: > running make
2021-02-26 18:02:51.604040 +0000 build-fedora4: Makefile:907: target 'post-update-repo-templates-itl' does not exist
2021-02-26 18:02:51.605659 +0000 build-fedora4: for dist in fc32 ; do \
2021-02-26 18:02:51.605699 +0000 build-fedora4: .repo_base_var="LINUX_REPO_${dist}_BASEDIR"; \
2021-02-26 18:02:51.605710 +0000 build-fedora4: .if [ -n "${!repo_base_var}" ]; then \
2021-02-26 18:02:51.605737 +0000 build-fedora4: ..repo_basedir="${!repo_base_var}"; \
2021-02-26 18:02:51.605747 +0000 build-fedora4: .else \
2021-02-26 18:02:51.605756 +0000 build-fedora4: ..repo_basedir="qubes-src/linux-yum/r4.1"; \
2021-02-26 18:02:51.605762 +0000 build-fedora4: .fi; \
2021-02-26 18:02:51.605771 +0000 build-fedora4: .repos_to_update="$repos_to_update $repo_basedir"; \
2021-02-26 18:02:51.605777 +0000 build-fedora4: done; \
2021-02-26 18:02:51.605783 +0000 build-fedora4: pkgset_dist= ; \
2021-02-26 18:02:51.605790 +0000 build-fedora4: for dist in fc32; do \
2021-02-26 18:02:51.605798 +0000 build-fedora4: .pkgset_dist="$pkgset_dist dom0/$dist"; \
2021-02-26 18:02:51.605822 +0000 build-fedora4: done; \
2021-02-26 18:02:51.605829 +0000 build-fedora4: for dist in ; do \
2021-02-26 18:02:51.605837 +0000 build-fedora4: .pkgset_dist="$pkgset_dist vm/$dist"; \
2021-02-26 18:02:51.605843 +0000 build-fedora4: done; \
2021-02-26 18:02:51.605852 +0000 build-fedora4: for repo in `echo $repos_to_update|tr ' ' '\n'|sort|uniq`; do \
2021-02-26 18:02:51.605860 +0000 build-fedora4: .[ -z "$repo" ] && continue; \
2021-02-26 18:02:51.605869 +0000 build-fedora4: .[ -x "$repo/../update_repo-templates-itl.sh" ] || continue; \
2021-02-26 18:02:51.605878 +0000 build-fedora4: .(cd $repo/.. && ./update_repo-templates-itl.sh r4.1 $pkgset_dist); \
2021-02-26 18:02:51.605884 +0000 build-fedora4: done
2021-02-26 18:02:51.776342 +0000 build-fedora4: r4.1/templates-itl
2021-02-26 18:02:51.776393 +0000 build-fedora4: --> Processing repo: r4.1/templates-itl...
2021-02-26 18:02:53.056845 +0000 build-fedora4: Done.
2021-02-26 18:02:53.109277 +0000 build-fedora4: ~/builder-r4.1-dom0/qubes-src/linux-yum ~/builder-r4.1-dom0/qubes-src/linux-yum
2021-02-26 18:02:53.152764 +0000 build-fedora4: Syncing r4.1...
2021-02-26 18:02:53.567292 +0000 build-fedora4: sending incremental file list
2021-02-26 18:02:53.600984 +0000 build-fedora4: .d..t...... templates-itl/
2021-02-26 18:02:53.601037 +0000 build-fedora4: .d..t...... templates-itl/repodata/
2021-02-26 18:02:53.601053 +0000 build-fedora4: <f..t...... templates-itl/repodata/1cb61ea996355add02b1426ed4c1780ea75ce0c04c5d1107c025c3fbd7d8bcae-primary.xml.gz
2021-02-26 18:02:53.601067 +0000 build-fedora4: .            134 100%    0.00kB/s    0:00:00  .            134 100%    0.00kB/s    0:00:00 (xfr#1, to-chk=8/13)
2021-02-26 18:02:53.601079 +0000 build-fedora4: <f..t...... templates-itl/repodata/2a1a12ca57115e7618c959084394d29678fc009e53a019942124d07f49dd7cac-other.sqlite.bz2
2021-02-26 18:02:53.601093 +0000 build-fedora4: .            574 100%  560.55kB/s    0:00:00  .            574 100%  560.55kB/s    0:00:00 (xfr#2, to-chk=7/13)
2021-02-26 18:02:53.601109 +0000 build-fedora4: <f..t...... templates-itl/repodata/68eb29014b8a0f5cbd93c5c8529f94d345cc96f3060957a3b2f6c718c71f6806-primary.sqlite.bz2
2021-02-26 18:02:53.601121 +0000 build-fedora4: .            700  52%  683.59kB/s    0:00:00  .          1,346 100%    1.28MB/s    0:00:00 (xfr#3, to-chk=6/13)
2021-02-26 18:02:53.601168 +0000 build-fedora4: <f..t...... templates-itl/repodata/95a4415d859d7120efb6b3cf964c07bebbff9a5275ca673e6e74a97bcbfb2a5f-filelists.xml.gz
2021-02-26 18:02:53.601181 +0000 build-fedora4: .            123 100%  120.12kB/s    0:00:00  .            123 100%  120.12kB/s    0:00:00 (xfr#4, to-chk=5/13)
2021-02-26 18:02:53.601193 +0000 build-fedora4: <f..t...... templates-itl/repodata/b4c08b6876adb9beb806ce2a8f51c01ea33b1339e4c1030267b1b3212379d36a-filelists.sqlite.bz2
2021-02-26 18:02:53.601205 +0000 build-fedora4: .            606 100%  591.80kB/s    0:00:00  .            606 100%  591.80kB/s    0:00:00 (xfr#5, to-chk=4/13)
2021-02-26 18:02:53.601217 +0000 build-fedora4: <f..t...... templates-itl/repodata/ef3e20691954c3d1318ec3071a982da339f4ed76967ded668b795c9e070aaab6-other.xml.gz
2021-02-26 18:02:53.601229 +0000 build-fedora4: .            123 100%  120.12kB/s    0:00:00  .            123 100%  120.12kB/s    0:00:00 (xfr#6, to-chk=3/13)
2021-02-26 18:02:53.601237 +0000 build-fedora4: <f..t...... templates-itl/repodata/repomd.xml
2021-02-26 18:02:53.601248 +0000 build-fedora4: .          3,068 100%    2.93MB/s    0:00:00  .          3,068 100%    2.93MB/s    0:00:00 (xfr#7, to-chk=2/13)
2021-02-26 18:02:53.601257 +0000 build-fedora4: <f..t...... templates-itl/repodata/repomd.xml.asc
2021-02-26 18:02:53.601269 +0000 build-fedora4: .            833 100%  813.48kB/s    0:00:00  .            833 100%  813.48kB/s    0:00:00 (xfr#8, to-chk=1/13)
2021-02-26 18:02:55.185225 +0000 build-fedora4: Makefile:808: update target 'update-repo-templates-itl' due to: post-update-repo-templates-itl
2021-02-26 18:02:55.185299 +0000 build-fedora4: true
2021-02-26 18:02:55.192904 +0000 build-fedora4: > done
2021-02-26 18:02:55.192948 +0000 > closing log
