2024-07-11 17:41:30.422247 +0000 > starting log
2024-07-11 17:41:30.427430 +0000 build-fedora4: > starting build with log
2024-07-11 17:41:30.427456 +0000 build-fedora4: >> make args: update-repo-current
2024-07-11 17:41:30.427469 +0000 build-fedora4: >> MAKEFLAGS=
2024-07-11 17:41:30.427480 +0000 build-fedora4: >> COMPONENTS=infrastructure
2024-07-11 17:41:30.427490 +0000 build-fedora4: >> DISTS_VM=fc37 fc38 fc39
2024-07-11 17:41:30.427499 +0000 build-fedora4: >> DIST_DOM0=
2024-07-11 17:41:30.427509 +0000 build-fedora4: >> qubes-builder 3678e5fc7d685cf1ccbdc720f6e9ee2146a2a92e
2024-07-11 17:41:30.427521 +0000 build-fedora4: >> qubes-builder/qubes-src/infrastructure 0ce56ded6e42859404429162f8fce033a313acba
2024-07-11 17:41:30.427533 +0000 build-fedora4: >> qubes-builder/qubes-src/infrastructure/build-infra/qubes-builder 3d3e766de05b37cd858f0d3cb2c6ebf716510cd8
2024-07-11 17:41:30.575282 +0000 build-fedora4: >> qubes-builder/qubes-src/infrastructure/build-infra/qubes-builder-github a48840cb18aa0c423697220861bc44f7a27d7454
2024-07-11 17:41:30.686303 +0000 build-fedora4: >> qubes-builder/qubes-src/infrastructure/build-infra/qubes-builderv2 a4f43777fdfff823379c273f86e921d151c6b01a
2024-07-11 17:41:31.066990 +0000 build-fedora4: >> qubes-builder/qubes-src/infrastructure/build-infra/qubes-builderv2/qubesbuilder/plugins/installer/meta-packages 369f8a55071684c4d5937ceee58a6b4797444251
2024-07-11 17:41:31.215640 +0000 build-fedora4: >> qubes-builder/qubes-src/infrastructure/build-infra/qubes-builderv2/qubesbuilder/plugins/installer/qubes-release 5523df7fac068cc6f662a5624ff66d8c89e54acc
2024-07-11 17:41:31.428649 +0000 build-fedora4: >> qubes-builder/qubes-src/infrastructure/build-infra/qubes-builderv2-github cb1da55d09e357def14cf608d93f462292c2a1bd
2024-07-11 17:41:31.626637 +0000 build-fedora4: >> qubes-builder/qubes-src/infrastructure/build-infra/qubes-infrastructure-mirrors 29eb6ffbbc721540d6f0bb512182b18e2aa891b5
2024-07-11 17:41:31.759143 +0000 build-fedora4: ================================================================================
2024-07-11 17:41:31.759195 +0000 build-fedora4:                            B U I L D   I N F O                                  
2024-07-11 17:41:31.759210 +0000 build-fedora4: Items in red indicate it was automatically generated by configuration file(s)
2024-07-11 17:41:31.759222 +0000 build-fedora4: Items in white indicate it was automatically removed by configuration file(s)
2024-07-11 17:41:31.759233 +0000 build-fedora4: ================================================================================
2024-07-11 17:41:31.759242 +0000 build-fedora4: DISTS_VM:
2024-07-11 17:41:31.767715 +0000 build-fedora4:      fc37, fc38, fc39,
2024-07-11 17:41:31.767754 +0000 build-fedora4: DISTS_ALL:
2024-07-11 17:41:31.767767 +0000 build-fedora4:      vm-fc37, vm-fc38, vm-fc39,
2024-07-11 17:41:31.767788 +0000 build-fedora4: DIST_DOM0:
2024-07-11 17:41:31.767798 +0000 build-fedora4:     
2024-07-11 17:41:31.767810 +0000 build-fedora4: BUILDER_PLUGINS:
2024-07-11 17:41:31.776474 +0000 build-fedora4:      builder-rpm, builder-debian, mgmt-salt, linux-yum, release-configs, builder-github,
2024-07-11 17:41:31.778891 +0000 build-fedora4: COMPONENTS:
2024-07-11 17:41:31.783763 +0000 build-fedora4:      infrastructure,
2024-07-11 17:41:31.783943 +0000 build-fedora4: GIT_REPOS:
2024-07-11 17:41:31.788428 +0000 build-fedora4:      qubes-src/infrastructure,
2024-07-11 17:41:31.788465 +0000 build-fedora4: TEMPLATE:
2024-07-11 17:41:31.793484 +0000 build-fedora4:     
2024-07-11 17:41:31.793522 +0000 build-fedora4: TEMPLATE_FLAVOR_DIR:
2024-07-11 17:41:31.797141 +0000 build-fedora4:     
2024-07-11 17:41:31.797180 +0000 build-fedora4: TEMPLATE_ALIAS:
2024-07-11 17:41:31.800244 +0000 build-fedora4:      stretch:stretch+standard, stretch+gnome:stretch+gnome+standard,
2024-07-11 17:41:31.800283 +0000 build-fedora4:      stretch+minimal:stretch+minimal+no-recommends, buster:buster+gnome,
2024-07-11 17:41:31.800298 +0000 build-fedora4:      buster+minimal:buster+minimal+no-recommends, bullseye:bullseye+gnome+firmware,
2024-07-11 17:41:31.800328 +0000 build-fedora4:      bullseye+minimal:bullseye+minimal+no-recommends, bookworm:bookworm+gnome+firmware,
2024-07-11 17:41:31.800341 +0000 build-fedora4:      bookworm+minimal:bookworm+minimal+no-recommends, bionic:bionic+standard,
2024-07-11 17:41:31.800352 +0000 build-fedora4:      focal:focal+standard, whonix-gateway-15:buster+whonix-gateway+minimal+no-recommends,
2024-07-11 17:41:31.800363 +0000 build-fedora4:      whonix-workstation-15:buster+whonix-workstation+minimal+no-recommends,
2024-07-11 17:41:31.800373 +0000 build-fedora4:      whonix-gateway-16:bullseye+whonix-gateway+minimal+no-recommends,
2024-07-11 17:41:31.800385 +0000 build-fedora4:      whonix-workstation-16:bullseye+whonix-workstation+minimal+no-recommends,
2024-07-11 17:41:31.800394 +0000 build-fedora4: TEMPLATE_LABEL:
2024-07-11 17:41:31.803496 +0000 build-fedora4:      fc37:fedora-37, fc38:fedora-38, fc34:fedora-34 fc35:fedora-35 fc36:fedora-36 fc34+minimal:fedora-34-minimal
2024-07-11 17:41:31.803535 +0000 build-fedora4:      fc35+minimal:fedora-35-minimal fc36+minimal:fedora-36-minimal fc37+minimal:fedora-37-minimal
2024-07-11 17:41:31.803550 +0000 build-fedora4:      fc38+minimal:fedora-38-minimal fc34+xfce:fedora-34-xfce fc35+xfce:fedora-35-xfce fc36+xfce:fedora-36-xfce
2024-07-11 17:41:31.803562 +0000 build-fedora4:      fc37+xfce:fedora-37-xfce fc38+xfce:fedora-38-xfce stretch:debian-9 stretch+standard:debian-9
2024-07-11 17:41:31.803574 +0000 build-fedora4:      stretch+xfce:debian-9-xfce buster+gnome:debian-10 buster+xfce:debian-10-xfce bullseye:debian-11
2024-07-11 17:41:31.803585 +0000 build-fedora4:      bullseye+standard+firmware:debian-11 bullseye+xfce:debian-11-xfce bookworm:debian-12
2024-07-11 17:41:31.803597 +0000 build-fedora4:      bookworm+standard:debian-12 bookworm+xfce:debian-12-xfce bionic+standard:bionic
2024-07-11 17:41:31.803628 +0000 build-fedora4:      focal+standard:focal buster+whonix-gateway+minimal+no-recommends:whonix-gw-15
2024-07-11 17:41:31.803640 +0000 build-fedora4:      buster+whonix-workstation+minimal+no-recommends:whonix-ws-15
2024-07-11 17:41:31.803651 +0000 build-fedora4:      bullseye+whonix-gateway+minimal+no-recommends:whonix-gw-16
2024-07-11 17:41:31.803663 +0000 build-fedora4:      bullseye+whonix-workstation+minimal+no-recommends:whonix-ws-16 centos7:centos-7
2024-07-11 17:41:31.803674 +0000 build-fedora4:      centos7+minimal:centos-7-minimal centos7+xfce:centos-7-xfce centos-stream8:centos-stream-8
2024-07-11 17:41:31.803685 +0000 build-fedora4:      centos-stream8+minimal:centos-stream-8-minimal centos-stream8+xfce:centos-stream-8-xfce
2024-07-11 17:41:31.824827 +0000 build-fedora4: > running make
2024-07-11 17:41:31.840937 +0000 build-fedora4: Makefile:863: update target 'internal-update-repo-current.vm.fc37.infrastructure' due to: target does not exist
2024-07-11 17:41:31.840976 +0000 build-fedora4: repo_base_var="LINUX_REPO_${DIST//-/_}_BASEDIR"; \
2024-07-11 17:41:31.840990 +0000 build-fedora4: if [ "infrastructure" = linux-template-builder ]; then \
2024-07-11 17:41:31.841002 +0000 build-fedora4: .# templates belongs to dom0 repository, even though PACKAGE_SET=vm
2024-07-11 17:41:31.841012 +0000 build-fedora4: repo_base_var="LINUX_REPO__BASEDIR"; \
2024-07-11 17:41:31.841022 +0000 build-fedora4: fi; \
2024-07-11 17:41:31.841032 +0000 build-fedora4: if [ -n "${!repo_base_var}" ]; then \
2024-07-11 17:41:31.841042 +0000 build-fedora4: .repo_basedir="${!repo_base_var}"; \
2024-07-11 17:41:31.841050 +0000 build-fedora4: else \
2024-07-11 17:41:31.841060 +0000 build-fedora4: .repo_basedir="qubes-src/linux-yum/r4.1"; \
2024-07-11 17:41:31.841068 +0000 build-fedora4: fi; \
2024-07-11 17:41:31.841078 +0000 build-fedora4: if [ -r qubes-src/infrastructure/Makefile.builder ]; then \
2024-07-11 17:41:31.841088 +0000 build-fedora4: .echo -n "Updating qubes-src/infrastructure... "; \
2024-07-11 17:41:31.841098 +0000 build-fedora4: .if [ "0" -eq 1 ]; then \
2024-07-11 17:41:31.841127 +0000 build-fedora4: ..vtag=`git -C qubes-src/infrastructure tag --points-at HEAD --list v*`; \
2024-07-11 17:41:31.841137 +0000 build-fedora4: ..if [ -z "$vtag" ]; then \
2024-07-11 17:41:31.841147 +0000 build-fedora4: ...echo "no version tag"; \
2024-07-11 17:41:31.841161 +0000 build-fedora4: ...exit 0; \
2024-07-11 17:41:31.841171 +0000 build-fedora4: ..fi; \
2024-07-11 17:41:31.841179 +0000 build-fedora4: .fi; \
2024-07-11 17:41:31.841189 +0000 build-fedora4: .if [ "infrastructure" = linux-template-builder ]; then
2024-07-11 17:41:31.841201 +0000 build-fedora4: export TEMPLATE_NAME=$(MAKEFLAGS= make -s -C qubes-src/linux-template-builder DIST=fc37 template-name)
2024-07-11 17:41:31.841209 +0000 build-fedora4: fi
2024-07-11 17:41:31.841229 +0000 build-fedora4: component_packages=$(MAKEFLAGS= make -s -f Makefile.generic DIST=fc37 PACKAGE_SET=vm COMPONENT=`basename qubes-src/infrastructure` UPDATE_REPO=/home/user/builder-r4.1/$repo_basedir/current/vm/fc37 get-var GET_VAR=PACKAGE_LIST); \
2024-07-11 17:41:31.841240 +0000 build-fedora4: .if [ -z "$component_packages" ]; then \
2024-07-11 17:41:31.841249 +0000 build-fedora4: ..echo "no packages."; \
2024-07-11 17:41:31.841257 +0000 build-fedora4: ..exit 0; \
2024-07-11 17:41:31.841266 +0000 build-fedora4: .fi; \
2024-07-11 17:41:31.841275 +0000 build-fedora4: .make -s -f Makefile.generic DIST=fc37 PACKAGE_SET=vm \
2024-07-11 17:41:31.841285 +0000 build-fedora4: ..COMPONENT=`basename qubes-src/infrastructure` \
2024-07-11 17:41:31.841294 +0000 build-fedora4: ..SNAPSHOT_REPO=current-testing \
2024-07-11 17:41:31.841302 +0000 build-fedora4: ..TARGET_REPO=current \
2024-07-11 17:41:31.841313 +0000 build-fedora4: ..UPDATE_REPO=/home/user/builder-r4.1/$repo_basedir/current/vm/fc37 \
2024-07-11 17:41:31.841325 +0000 build-fedora4: ..SNAPSHOT_FILE=/home/user/builder-r4.1/repo-latest-snapshot/current-testing-vm-fc37-`basename qubes-src/infrastructure` \
2024-07-11 17:41:31.841334 +0000 build-fedora4: ..BUILD_LOG_URL= \
2024-07-11 17:41:31.841344 +0000 build-fedora4: ..update-repo-from-snapshot || exit 1; \
2024-07-11 17:41:31.841355 +0000 build-fedora4: elif make -C qubes-src/infrastructure -n update-repo-current >/dev/null 2>/dev/null; then \
2024-07-11 17:41:31.841365 +0000 build-fedora4: .echo "Updating qubes-src/infrastructure... "; \
2024-07-11 17:41:31.841376 +0000 build-fedora4: .DIST=fc37 UPDATE_REPO=/home/user/builder-r4.1/$repo_basedir/current/vm/fc37 \
2024-07-11 17:41:31.841386 +0000 build-fedora4: .make -s -C qubes-src/infrastructure update-repo-current || exit 1; \
2024-07-11 17:41:31.841394 +0000 build-fedora4: else \
2024-07-11 17:41:31.841404 +0000 build-fedora4: .echo -n "Updating qubes-src/infrastructure... skipping."; \
2024-07-11 17:41:31.841412 +0000 build-fedora4: fi; \
2024-07-11 17:41:31.841420 +0000 build-fedora4: echo
2024-07-11 17:41:31.875323 +0000 build-fedora4: Updating qubes-src/infrastructure... no packages.
2024-07-11 17:41:31.875365 +0000 build-fedora4: Makefile:832: update target 'internal-update-repo-current.vm.fc37' due to: target does not exist
2024-07-11 17:41:31.875377 +0000 build-fedora4: true
2024-07-11 17:41:31.877549 +0000 build-fedora4: Makefile:863: update target 'internal-update-repo-current.vm.fc38.infrastructure' due to: target does not exist
2024-07-11 17:41:31.877588 +0000 build-fedora4: repo_base_var="LINUX_REPO_${DIST//-/_}_BASEDIR"; \
2024-07-11 17:41:31.877601 +0000 build-fedora4: if [ "infrastructure" = linux-template-builder ]; then \
2024-07-11 17:41:31.877708 +0000 build-fedora4: .# templates belongs to dom0 repository, even though PACKAGE_SET=vm
2024-07-11 17:41:31.877739 +0000 build-fedora4: repo_base_var="LINUX_REPO__BASEDIR"; \
2024-07-11 17:41:31.877751 +0000 build-fedora4: fi; \
2024-07-11 17:41:31.877763 +0000 build-fedora4: if [ -n "${!repo_base_var}" ]; then \
2024-07-11 17:41:31.877773 +0000 build-fedora4: .repo_basedir="${!repo_base_var}"; \
2024-07-11 17:41:31.877781 +0000 build-fedora4: else \
2024-07-11 17:41:31.877790 +0000 build-fedora4: .repo_basedir="qubes-src/linux-yum/r4.1"; \
2024-07-11 17:41:31.877814 +0000 build-fedora4: fi; \
2024-07-11 17:41:31.877826 +0000 build-fedora4: if [ -r qubes-src/infrastructure/Makefile.builder ]; then \
2024-07-11 17:41:31.877837 +0000 build-fedora4: .echo -n "Updating qubes-src/infrastructure... "; \
2024-07-11 17:41:31.877846 +0000 build-fedora4: .if [ "0" -eq 1 ]; then \
2024-07-11 17:41:31.877858 +0000 build-fedora4: ..vtag=`git -C qubes-src/infrastructure tag --points-at HEAD --list v*`; \
2024-07-11 17:41:31.877867 +0000 build-fedora4: ..if [ -z "$vtag" ]; then \
2024-07-11 17:41:31.877876 +0000 build-fedora4: ...echo "no version tag"; \
2024-07-11 17:41:31.877885 +0000 build-fedora4: ...exit 0; \
2024-07-11 17:41:31.877893 +0000 build-fedora4: ..fi; \
2024-07-11 17:41:31.877901 +0000 build-fedora4: .fi; \
2024-07-11 17:41:31.877911 +0000 build-fedora4: .if [ "infrastructure" = linux-template-builder ]; then
2024-07-11 17:41:31.877923 +0000 build-fedora4: export TEMPLATE_NAME=$(MAKEFLAGS= make -s -C qubes-src/linux-template-builder DIST=fc38 template-name)
2024-07-11 17:41:31.877931 +0000 build-fedora4: fi
2024-07-11 17:41:31.877947 +0000 build-fedora4: component_packages=$(MAKEFLAGS= make -s -f Makefile.generic DIST=fc38 PACKAGE_SET=vm COMPONENT=`basename qubes-src/infrastructure` UPDATE_REPO=/home/user/builder-r4.1/$repo_basedir/current/vm/fc38 get-var GET_VAR=PACKAGE_LIST); \
2024-07-11 17:41:31.877958 +0000 build-fedora4: .if [ -z "$component_packages" ]; then \
2024-07-11 17:41:31.877966 +0000 build-fedora4: ..echo "no packages."; \
2024-07-11 17:41:31.877975 +0000 build-fedora4: ..exit 0; \
2024-07-11 17:41:31.877983 +0000 build-fedora4: .fi; \
2024-07-11 17:41:31.877993 +0000 build-fedora4: .make -s -f Makefile.generic DIST=fc38 PACKAGE_SET=vm \
2024-07-11 17:41:31.878003 +0000 build-fedora4: ..COMPONENT=`basename qubes-src/infrastructure` \
2024-07-11 17:41:31.878011 +0000 build-fedora4: ..SNAPSHOT_REPO=current-testing \
2024-07-11 17:41:31.878020 +0000 build-fedora4: ..TARGET_REPO=current \
2024-07-11 17:41:31.878030 +0000 build-fedora4: ..UPDATE_REPO=/home/user/builder-r4.1/$repo_basedir/current/vm/fc38 \
2024-07-11 17:41:31.878043 +0000 build-fedora4: ..SNAPSHOT_FILE=/home/user/builder-r4.1/repo-latest-snapshot/current-testing-vm-fc38-`basename qubes-src/infrastructure` \
2024-07-11 17:41:31.878052 +0000 build-fedora4: ..BUILD_LOG_URL= \
2024-07-11 17:41:31.878062 +0000 build-fedora4: ..update-repo-from-snapshot || exit 1; \
2024-07-11 17:41:31.878073 +0000 build-fedora4: elif make -C qubes-src/infrastructure -n update-repo-current >/dev/null 2>/dev/null; then \
2024-07-11 17:41:31.878082 +0000 build-fedora4: .echo "Updating qubes-src/infrastructure... "; \
2024-07-11 17:41:31.878093 +0000 build-fedora4: .DIST=fc38 UPDATE_REPO=/home/user/builder-r4.1/$repo_basedir/current/vm/fc38 \
2024-07-11 17:41:31.878103 +0000 build-fedora4: .make -s -C qubes-src/infrastructure update-repo-current || exit 1; \
2024-07-11 17:41:31.878111 +0000 build-fedora4: else \
2024-07-11 17:41:31.878121 +0000 build-fedora4: .echo -n "Updating qubes-src/infrastructure... skipping."; \
2024-07-11 17:41:31.878129 +0000 build-fedora4: fi; \
2024-07-11 17:41:31.878137 +0000 build-fedora4: echo
2024-07-11 17:41:31.909648 +0000 build-fedora4: Updating qubes-src/infrastructure... no packages.
2024-07-11 17:41:31.909717 +0000 build-fedora4: Makefile:832: update target 'internal-update-repo-current.vm.fc38' due to: target does not exist
2024-07-11 17:41:31.909730 +0000 build-fedora4: true
2024-07-11 17:41:31.913328 +0000 build-fedora4: Makefile:863: update target 'internal-update-repo-current.vm.fc39.infrastructure' due to: target does not exist
2024-07-11 17:41:31.913367 +0000 build-fedora4: repo_base_var="LINUX_REPO_${DIST//-/_}_BASEDIR"; \
2024-07-11 17:41:31.913381 +0000 build-fedora4: if [ "infrastructure" = linux-template-builder ]; then \
2024-07-11 17:41:31.913393 +0000 build-fedora4: .# templates belongs to dom0 repository, even though PACKAGE_SET=vm
2024-07-11 17:41:31.913403 +0000 build-fedora4: repo_base_var="LINUX_REPO__BASEDIR"; \
2024-07-11 17:41:31.913425 +0000 build-fedora4: fi; \
2024-07-11 17:41:31.913436 +0000 build-fedora4: if [ -n "${!repo_base_var}" ]; then \
2024-07-11 17:41:31.913446 +0000 build-fedora4: .repo_basedir="${!repo_base_var}"; \
2024-07-11 17:41:31.913454 +0000 build-fedora4: else \
2024-07-11 17:41:31.913464 +0000 build-fedora4: .repo_basedir="qubes-src/linux-yum/r4.1"; \
2024-07-11 17:41:31.913473 +0000 build-fedora4: fi; \
2024-07-11 17:41:31.913483 +0000 build-fedora4: if [ -r qubes-src/infrastructure/Makefile.builder ]; then \
2024-07-11 17:41:31.913493 +0000 build-fedora4: .echo -n "Updating qubes-src/infrastructure... "; \
2024-07-11 17:41:31.913503 +0000 build-fedora4: .if [ "0" -eq 1 ]; then \
2024-07-11 17:41:31.913514 +0000 build-fedora4: ..vtag=`git -C qubes-src/infrastructure tag --points-at HEAD --list v*`; \
2024-07-11 17:41:31.913523 +0000 build-fedora4: ..if [ -z "$vtag" ]; then \
2024-07-11 17:41:31.913533 +0000 build-fedora4: ...echo "no version tag"; \
2024-07-11 17:41:31.913541 +0000 build-fedora4: ...exit 0; \
2024-07-11 17:41:31.913550 +0000 build-fedora4: ..fi; \
2024-07-11 17:41:31.913558 +0000 build-fedora4: .fi; \
2024-07-11 17:41:31.913569 +0000 build-fedora4: .if [ "infrastructure" = linux-template-builder ]; then
2024-07-11 17:41:31.913581 +0000 build-fedora4: export TEMPLATE_NAME=$(MAKEFLAGS= make -s -C qubes-src/linux-template-builder DIST=fc39 template-name)
2024-07-11 17:41:31.913589 +0000 build-fedora4: fi
2024-07-11 17:41:31.913625 +0000 build-fedora4: component_packages=$(MAKEFLAGS= make -s -f Makefile.generic DIST=fc39 PACKAGE_SET=vm COMPONENT=`basename qubes-src/infrastructure` UPDATE_REPO=/home/user/builder-r4.1/$repo_basedir/current/vm/fc39 get-var GET_VAR=PACKAGE_LIST); \
2024-07-11 17:41:31.913638 +0000 build-fedora4: .if [ -z "$component_packages" ]; then \
2024-07-11 17:41:31.913647 +0000 build-fedora4: ..echo "no packages."; \
2024-07-11 17:41:31.913658 +0000 build-fedora4: ..exit 0; \
2024-07-11 17:41:31.913668 +0000 build-fedora4: .fi; \
2024-07-11 17:41:31.913678 +0000 build-fedora4: .make -s -f Makefile.generic DIST=fc39 PACKAGE_SET=vm \
2024-07-11 17:41:31.913688 +0000 build-fedora4: ..COMPONENT=`basename qubes-src/infrastructure` \
2024-07-11 17:41:31.913697 +0000 build-fedora4: ..SNAPSHOT_REPO=current-testing \
2024-07-11 17:41:31.913706 +0000 build-fedora4: ..TARGET_REPO=current \
2024-07-11 17:41:31.913717 +0000 build-fedora4: ..UPDATE_REPO=/home/user/builder-r4.1/$repo_basedir/current/vm/fc39 \
2024-07-11 17:41:31.913729 +0000 build-fedora4: ..SNAPSHOT_FILE=/home/user/builder-r4.1/repo-latest-snapshot/current-testing-vm-fc39-`basename qubes-src/infrastructure` \
2024-07-11 17:41:31.913739 +0000 build-fedora4: ..BUILD_LOG_URL= \
2024-07-11 17:41:31.913748 +0000 build-fedora4: ..update-repo-from-snapshot || exit 1; \
2024-07-11 17:41:31.913760 +0000 build-fedora4: elif make -C qubes-src/infrastructure -n update-repo-current >/dev/null 2>/dev/null; then \
2024-07-11 17:41:31.913770 +0000 build-fedora4: .echo "Updating qubes-src/infrastructure... "; \
2024-07-11 17:41:31.913781 +0000 build-fedora4: .DIST=fc39 UPDATE_REPO=/home/user/builder-r4.1/$repo_basedir/current/vm/fc39 \
2024-07-11 17:41:31.913791 +0000 build-fedora4: .make -s -C qubes-src/infrastructure update-repo-current || exit 1; \
2024-07-11 17:41:31.913800 +0000 build-fedora4: else \
2024-07-11 17:41:31.913810 +0000 build-fedora4: .echo -n "Updating qubes-src/infrastructure... skipping."; \
2024-07-11 17:41:31.913818 +0000 build-fedora4: fi; \
2024-07-11 17:41:31.913830 +0000 build-fedora4: echo
2024-07-11 17:41:31.943517 +0000 build-fedora4: Updating qubes-src/infrastructure... no packages.
2024-07-11 17:41:31.943562 +0000 build-fedora4: Makefile:832: update target 'internal-update-repo-current.vm.fc39' due to: target does not exist
2024-07-11 17:41:31.943576 +0000 build-fedora4: true
2024-07-11 17:41:31.947917 +0000 build-fedora4: Makefile:945: update target 'post-update-repo-current' due to: target does not exist
2024-07-11 17:41:31.947958 +0000 build-fedora4: true
2024-07-11 17:41:31.947991 +0000 build-fedora4: Makefile:819: update target 'update-repo-current' due to: target does not exist
2024-07-11 17:41:31.948003 +0000 build-fedora4: true
2024-07-11 17:41:31.950065 +0000 build-fedora4: > done
2024-07-11 17:41:31.950439 +0000 > closing log
