2020-12-15 15:56:01.796397 +0000 > starting log
2020-12-15 15:56:01.796895 +0000 build-fedora4: > starting build with log
2020-12-15 15:56:01.796915 +0000 build-fedora4: >> make args: update-repo-current
2020-12-15 15:56:01.796926 +0000 build-fedora4: >> MAKEFLAGS=
2020-12-15 15:56:01.796937 +0000 build-fedora4: >> COMPONENTS=libcomps
2020-12-15 15:56:01.796951 +0000 build-fedora4: >> DISTS_VM=fc31 fc32 fc33
2020-12-15 15:56:01.796961 +0000 build-fedora4: >> DIST_DOM0=
2020-12-15 15:56:01.797135 +0000 build-fedora4: >> qubes-builder 6b517914258b8f62cdcbbe9360f9d194f98227fb
2020-12-15 15:56:01.973535 +0000 build-fedora4: >> qubes-builder/qubes-src/libcomps 262f1fb1ffb35a0249317298fe103f179f4336dd
2020-12-15 15:56:02.039219 +0000 build-fedora4: !! libcomps-0.1.15.tar.gz
2020-12-15 15:56:02.094817 +0000 build-fedora4: e546853c70bf463345803db28cb47a19671f58e45641624b9b4a25486347e7d9d57fcf6b2e7d8dc77e510aa009c7fc2d0c300d19b2eb3fe9b4b01e12e3e70404  libcomps-0.1.15.tar.gz
2020-12-15 15:56:02.524331 +0000 build-fedora4: ================================================================================
2020-12-15 15:56:02.524521 +0000 build-fedora4:                            B U I L D   I N F O                                  
2020-12-15 15:56:02.524552 +0000 build-fedora4: Items in red indicate it was automatically generated by configuration file(s)
2020-12-15 15:56:02.524569 +0000 build-fedora4: Items in white indicate it was automatically removed by configuration file(s)
2020-12-15 15:56:02.524699 +0000 build-fedora4: ================================================================================
2020-12-15 15:56:02.524721 +0000 build-fedora4: DISTS_VM:
2020-12-15 15:56:02.530855 +0000 build-fedora4:      fc31, fc32, fc33,
2020-12-15 15:56:02.532201 +0000 build-fedora4: DISTS_ALL:
2020-12-15 15:56:02.540250 +0000 build-fedora4:      vm-fc31, vm-fc32, vm-fc33,
2020-12-15 15:56:02.541520 +0000 build-fedora4: DIST_DOM0:
2020-12-15 15:56:02.552530 +0000 build-fedora4:     
2020-12-15 15:56:02.568242 +0000 build-fedora4: BUILDER_PLUGINS:
2020-12-15 15:56:02.577701 +0000 build-fedora4:      builder-rpm, builder-debian, mgmt-salt, linux-yum, release-configs, builder-github,
2020-12-15 15:56:02.578613 +0000 build-fedora4: COMPONENTS:
2020-12-15 15:56:02.592144 +0000 build-fedora4:      libcomps,
2020-12-15 15:56:02.592322 +0000 build-fedora4: GIT_REPOS:
2020-12-15 15:56:02.603899 +0000 build-fedora4:      qubes-src/libcomps,
2020-12-15 15:56:02.603954 +0000 build-fedora4: TEMPLATE:
2020-12-15 15:56:02.619894 +0000 build-fedora4:     
2020-12-15 15:56:02.619951 +0000 build-fedora4: TEMPLATE_FLAVOR_DIR:
2020-12-15 15:56:02.627776 +0000 build-fedora4:     
2020-12-15 15:56:02.629022 +0000 build-fedora4: TEMPLATE_ALIAS:
2020-12-15 15:56:02.641775 +0000 build-fedora4:      stretch:stretch+standard, stretch+gnome:stretch+gnome+standard,
2020-12-15 15:56:02.641837 +0000 build-fedora4:      stretch+minimal:stretch+minimal+no-recommends, buster:buster+standard, buster+gnome:buster+gnome+standard,
2020-12-15 15:56:02.641855 +0000 build-fedora4:      buster+minimal:buster+minimal+no-recommends, bullseye:bullseye+standard,
2020-12-15 15:56:02.641871 +0000 build-fedora4:      bullseye+gnome:bullseye+gnome+standard, bullseye+minimal:bullseye+minimal+no-recommends,
2020-12-15 15:56:02.641885 +0000 build-fedora4:      whonix-gateway-14:stretch+whonix-gateway+minimal+no-recommends,
2020-12-15 15:56:02.641898 +0000 build-fedora4:      whonix-workstation-14:stretch+whonix-workstation+minimal+no-recommends,
2020-12-15 15:56:02.641911 +0000 build-fedora4:      whonix-gateway-15:buster+whonix-gateway+minimal+no-recommends,
2020-12-15 15:56:02.641924 +0000 build-fedora4:      whonix-workstation-15:buster+whonix-workstation+minimal+no-recommends,
2020-12-15 15:56:02.643588 +0000 build-fedora4: TEMPLATE_LABEL:
2020-12-15 15:56:02.734520 +0000 build-fedora4:      fc31:fedora-31, fc32:fedora-32, fc25:fedora-25 fc30:fedora-30 fc30+minimal:fedora-30-minimal
2020-12-15 15:56:02.734580 +0000 build-fedora4:      fc31+minimal:fedora-31-minimal fc32+minimal:fedora-32-minimal fc30+xfce:fedora-30-xfce
2020-12-15 15:56:02.734625 +0000 build-fedora4:      fc31+xfce:fedora-31-xfce fc32+xfce:fedora-32-xfce stretch:debian-9 stretch+standard:debian-9
2020-12-15 15:56:02.734642 +0000 build-fedora4:      stretch+xfce:debian-9-xfce buster:debian-10 buster+standard:debian-10
2020-12-15 15:56:02.734657 +0000 build-fedora4:      buster+xfce:debian-10-xfce bullseye:debian-11 bullseye+standard:debian-11
2020-12-15 15:56:02.734672 +0000 build-fedora4:      bullseye+xfce:debian-11-xfce stretch+whonix-gateway+minimal+no-recommends:whonix-gw-14
2020-12-15 15:56:02.734685 +0000 build-fedora4:      stretch+whonix-workstation+minimal+no-recommends:whonix-ws-14
2020-12-15 15:56:02.734698 +0000 build-fedora4:      buster+whonix-gateway+minimal+no-recommends:whonix-gw-15
2020-12-15 15:56:02.734713 +0000 build-fedora4:      buster+whonix-workstation+minimal+no-recommends:whonix-ws-15 centos7:centos-7
2020-12-15 15:56:02.734727 +0000 build-fedora4:      centos7+minimal:centos-7-minimal centos7+xfce:centos-7-xfce centos8:centos-8
2020-12-15 15:56:02.734740 +0000 build-fedora4:      centos8+minimal:centos-8-minimal centos8+xfce:centos-8-xfce
2020-12-15 15:56:02.816096 +0000 build-fedora4: > running make
2020-12-15 15:56:02.894898 +0000 build-fedora4: Makefile:847: target 'internal-update-repo-current.vm.fc31.libcomps' does not exist
2020-12-15 15:56:02.894955 +0000 build-fedora4: repo_base_var="LINUX_REPO_fc31_BASEDIR"; \
2020-12-15 15:56:02.894972 +0000 build-fedora4: if [ "libcomps" = linux-template-builder ]; then \
2020-12-15 15:56:02.894987 +0000 build-fedora4: .# templates belongs to dom0 repository, even though PACKAGE_SET=vm
2020-12-15 15:56:02.894999 +0000 build-fedora4: repo_base_var="LINUX_REPO__BASEDIR"; \
2020-12-15 15:56:02.895008 +0000 build-fedora4: fi; \
2020-12-15 15:56:02.895019 +0000 build-fedora4: if [ -n "${!repo_base_var}" ]; then \
2020-12-15 15:56:02.895030 +0000 build-fedora4: .repo_basedir="${!repo_base_var}"; \
2020-12-15 15:56:02.895039 +0000 build-fedora4: else \
2020-12-15 15:56:02.895050 +0000 build-fedora4: .repo_basedir="qubes-src/linux-yum/r4.0"; \
2020-12-15 15:56:02.895058 +0000 build-fedora4: fi; \
2020-12-15 15:56:02.895071 +0000 build-fedora4: if [ -r qubes-src/libcomps/Makefile.builder ]; then \
2020-12-15 15:56:02.895087 +0000 build-fedora4: .echo -n "Updating qubes-src/libcomps... "; \
2020-12-15 15:56:02.895098 +0000 build-fedora4: .if [ "0" -eq 1 ]; then \
2020-12-15 15:56:02.895111 +0000 build-fedora4: ..vtag=`git -C qubes-src/libcomps tag --points-at HEAD --list v*`; \
2020-12-15 15:56:02.895122 +0000 build-fedora4: ..if [ -z "$vtag" ]; then \
2020-12-15 15:56:02.895132 +0000 build-fedora4: ...echo "no version tag"; \
2020-12-15 15:56:02.895142 +0000 build-fedora4: ...exit 0; \
2020-12-15 15:56:02.895150 +0000 build-fedora4: ..fi; \
2020-12-15 15:56:02.895159 +0000 build-fedora4: .fi; \
2020-12-15 15:56:02.895171 +0000 build-fedora4: .if [ "libcomps" = linux-template-builder ]; then
2020-12-15 15:56:02.895186 +0000 build-fedora4: export TEMPLATE_NAME=$(MAKEFLAGS= make -s -C qubes-src/linux-template-builder DIST=fc31 template-name)
2020-12-15 15:56:02.895195 +0000 build-fedora4: fi
2020-12-15 15:56:02.895222 +0000 build-fedora4: component_packages=$(MAKEFLAGS= make -s -f Makefile.generic DIST=fc31 PACKAGE_SET=vm COMPONENT=`basename qubes-src/libcomps` UPDATE_REPO=/home/user/builder-r4.0/$repo_basedir/current/vm/fc31 get-var GET_VAR=PACKAGE_LIST); \
2020-12-15 15:56:02.895235 +0000 build-fedora4: .if [ -z "$component_packages" ]; then \
2020-12-15 15:56:02.895245 +0000 build-fedora4: ..echo "no packages."; \
2020-12-15 15:56:02.895254 +0000 build-fedora4: ..exit 0; \
2020-12-15 15:56:02.895263 +0000 build-fedora4: .fi; \
2020-12-15 15:56:02.895300 +0000 build-fedora4: .make -s -f Makefile.generic DIST=fc31 PACKAGE_SET=vm \
2020-12-15 15:56:02.895314 +0000 build-fedora4: ..COMPONENT=`basename qubes-src/libcomps` \
2020-12-15 15:56:02.895325 +0000 build-fedora4: ..SNAPSHOT_REPO=current-testing \
2020-12-15 15:56:02.895356 +0000 build-fedora4: ..TARGET_REPO=current \
2020-12-15 15:56:02.895371 +0000 build-fedora4: ..UPDATE_REPO=/home/user/builder-r4.0/$repo_basedir/current/vm/fc31 \
2020-12-15 15:56:02.895388 +0000 build-fedora4: ..SNAPSHOT_FILE=/home/user/builder-r4.0/repo-latest-snapshot/current-testing-vm-fc31-`basename qubes-src/libcomps` \
2020-12-15 15:56:02.895398 +0000 build-fedora4: ..BUILD_LOG_URL= \
2020-12-15 15:56:02.895409 +0000 build-fedora4: ..update-repo-from-snapshot || exit 1; \
2020-12-15 15:56:02.895424 +0000 build-fedora4: elif make -C qubes-src/libcomps -n update-repo-current >/dev/null 2>/dev/null; then \
2020-12-15 15:56:02.895435 +0000 build-fedora4: .echo "Updating qubes-src/libcomps... "; \
2020-12-15 15:56:02.895454 +0000 build-fedora4: .DIST=fc31 UPDATE_REPO=/home/user/builder-r4.0/$repo_basedir/current/vm/fc31 \
2020-12-15 15:56:02.895467 +0000 build-fedora4: .make -s -C qubes-src/libcomps update-repo-current || exit 1; \
2020-12-15 15:56:02.895476 +0000 build-fedora4: else \
2020-12-15 15:56:02.895488 +0000 build-fedora4: .echo -n "Updating qubes-src/libcomps... skipping."; \
2020-12-15 15:56:02.895497 +0000 build-fedora4: fi; \
2020-12-15 15:56:02.895505 +0000 build-fedora4: echo
2020-12-15 15:56:03.003013 +0000 build-fedora4: Updating qubes-src/libcomps... no packages.
2020-12-15 15:56:03.003078 +0000 build-fedora4: Makefile:816: update target 'internal-update-repo-current.vm.fc31' due to: internal-update-repo-current.vm.fc31.libcomps
2020-12-15 15:56:03.003093 +0000 build-fedora4: true
2020-12-15 15:56:03.009677 +0000 build-fedora4: Makefile:847: target 'internal-update-repo-current.vm.fc32.libcomps' does not exist
2020-12-15 15:56:03.009733 +0000 build-fedora4: repo_base_var="LINUX_REPO_fc32_BASEDIR"; \
2020-12-15 15:56:03.009750 +0000 build-fedora4: if [ "libcomps" = linux-template-builder ]; then \
2020-12-15 15:56:03.009765 +0000 build-fedora4: .# templates belongs to dom0 repository, even though PACKAGE_SET=vm
2020-12-15 15:56:03.009777 +0000 build-fedora4: repo_base_var="LINUX_REPO__BASEDIR"; \
2020-12-15 15:56:03.009786 +0000 build-fedora4: fi; \
2020-12-15 15:56:03.009797 +0000 build-fedora4: if [ -n "${!repo_base_var}" ]; then \
2020-12-15 15:56:03.009808 +0000 build-fedora4: .repo_basedir="${!repo_base_var}"; \
2020-12-15 15:56:03.009816 +0000 build-fedora4: else \
2020-12-15 15:56:03.009827 +0000 build-fedora4: .repo_basedir="qubes-src/linux-yum/r4.0"; \
2020-12-15 15:56:03.009836 +0000 build-fedora4: fi; \
2020-12-15 15:56:03.009848 +0000 build-fedora4: if [ -r qubes-src/libcomps/Makefile.builder ]; then \
2020-12-15 15:56:03.009859 +0000 build-fedora4: .echo -n "Updating qubes-src/libcomps... "; \
2020-12-15 15:56:03.009869 +0000 build-fedora4: .if [ "0" -eq 1 ]; then \
2020-12-15 15:56:03.009882 +0000 build-fedora4: ..vtag=`git -C qubes-src/libcomps tag --points-at HEAD --list v*`; \
2020-12-15 15:56:03.009893 +0000 build-fedora4: ..if [ -z "$vtag" ]; then \
2020-12-15 15:56:03.009903 +0000 build-fedora4: ...echo "no version tag"; \
2020-12-15 15:56:03.009912 +0000 build-fedora4: ...exit 0; \
2020-12-15 15:56:03.009920 +0000 build-fedora4: ..fi; \
2020-12-15 15:56:03.009929 +0000 build-fedora4: .fi; \
2020-12-15 15:56:03.009940 +0000 build-fedora4: .if [ "libcomps" = linux-template-builder ]; then
2020-12-15 15:56:03.009956 +0000 build-fedora4: export TEMPLATE_NAME=$(MAKEFLAGS= make -s -C qubes-src/linux-template-builder DIST=fc32 template-name)
2020-12-15 15:56:03.009965 +0000 build-fedora4: fi
2020-12-15 15:56:03.009991 +0000 build-fedora4: component_packages=$(MAKEFLAGS= make -s -f Makefile.generic DIST=fc32 PACKAGE_SET=vm COMPONENT=`basename qubes-src/libcomps` UPDATE_REPO=/home/user/builder-r4.0/$repo_basedir/current/vm/fc32 get-var GET_VAR=PACKAGE_LIST); \
2020-12-15 15:56:03.010004 +0000 build-fedora4: .if [ -z "$component_packages" ]; then \
2020-12-15 15:56:03.010014 +0000 build-fedora4: ..echo "no packages."; \
2020-12-15 15:56:03.010023 +0000 build-fedora4: ..exit 0; \
2020-12-15 15:56:03.010032 +0000 build-fedora4: .fi; \
2020-12-15 15:56:03.010062 +0000 build-fedora4: .make -s -f Makefile.generic DIST=fc32 PACKAGE_SET=vm \
2020-12-15 15:56:03.010075 +0000 build-fedora4: ..COMPONENT=`basename qubes-src/libcomps` \
2020-12-15 15:56:03.010085 +0000 build-fedora4: ..SNAPSHOT_REPO=current-testing \
2020-12-15 15:56:03.010095 +0000 build-fedora4: ..TARGET_REPO=current \
2020-12-15 15:56:03.010108 +0000 build-fedora4: ..UPDATE_REPO=/home/user/builder-r4.0/$repo_basedir/current/vm/fc32 \
2020-12-15 15:56:03.010125 +0000 build-fedora4: ..SNAPSHOT_FILE=/home/user/builder-r4.0/repo-latest-snapshot/current-testing-vm-fc32-`basename qubes-src/libcomps` \
2020-12-15 15:56:03.010136 +0000 build-fedora4: ..BUILD_LOG_URL= \
2020-12-15 15:56:03.010146 +0000 build-fedora4: ..update-repo-from-snapshot || exit 1; \
2020-12-15 15:56:03.010161 +0000 build-fedora4: elif make -C qubes-src/libcomps -n update-repo-current >/dev/null 2>/dev/null; then \
2020-12-15 15:56:03.010172 +0000 build-fedora4: .echo "Updating qubes-src/libcomps... "; \
2020-12-15 15:56:03.010186 +0000 build-fedora4: .DIST=fc32 UPDATE_REPO=/home/user/builder-r4.0/$repo_basedir/current/vm/fc32 \
2020-12-15 15:56:03.010199 +0000 build-fedora4: .make -s -C qubes-src/libcomps update-repo-current || exit 1; \
2020-12-15 15:56:03.010208 +0000 build-fedora4: else \
2020-12-15 15:56:03.010220 +0000 build-fedora4: .echo -n "Updating qubes-src/libcomps... skipping."; \
2020-12-15 15:56:03.010232 +0000 build-fedora4: fi; \
2020-12-15 15:56:03.010240 +0000 build-fedora4: echo
2020-12-15 15:56:03.182438 +0000 build-fedora4: Updating qubes-src/libcomps... no packages.
2020-12-15 15:56:03.182506 +0000 build-fedora4: Makefile:816: update target 'internal-update-repo-current.vm.fc32' due to: internal-update-repo-current.vm.fc32.libcomps
2020-12-15 15:56:03.182521 +0000 build-fedora4: true
2020-12-15 15:56:03.187118 +0000 build-fedora4: Makefile:847: target 'internal-update-repo-current.vm.fc33.libcomps' does not exist
2020-12-15 15:56:03.187174 +0000 build-fedora4: repo_base_var="LINUX_REPO_fc33_BASEDIR"; \
2020-12-15 15:56:03.187190 +0000 build-fedora4: if [ "libcomps" = linux-template-builder ]; then \
2020-12-15 15:56:03.187205 +0000 build-fedora4: .# templates belongs to dom0 repository, even though PACKAGE_SET=vm
2020-12-15 15:56:03.187216 +0000 build-fedora4: repo_base_var="LINUX_REPO__BASEDIR"; \
2020-12-15 15:56:03.187225 +0000 build-fedora4: fi; \
2020-12-15 15:56:03.187236 +0000 build-fedora4: if [ -n "${!repo_base_var}" ]; then \
2020-12-15 15:56:03.187247 +0000 build-fedora4: .repo_basedir="${!repo_base_var}"; \
2020-12-15 15:56:03.187256 +0000 build-fedora4: else \
2020-12-15 15:56:03.187270 +0000 build-fedora4: .repo_basedir="qubes-src/linux-yum/r4.0"; \
2020-12-15 15:56:03.187307 +0000 build-fedora4: fi; \
2020-12-15 15:56:03.187320 +0000 build-fedora4: if [ -r qubes-src/libcomps/Makefile.builder ]; then \
2020-12-15 15:56:03.187332 +0000 build-fedora4: .echo -n "Updating qubes-src/libcomps... "; \
2020-12-15 15:56:03.187342 +0000 build-fedora4: .if [ "0" -eq 1 ]; then \
2020-12-15 15:56:03.187355 +0000 build-fedora4: ..vtag=`git -C qubes-src/libcomps tag --points-at HEAD --list v*`; \
2020-12-15 15:56:03.187366 +0000 build-fedora4: ..if [ -z "$vtag" ]; then \
2020-12-15 15:56:03.187376 +0000 build-fedora4: ...echo "no version tag"; \
2020-12-15 15:56:03.187385 +0000 build-fedora4: ...exit 0; \
2020-12-15 15:56:03.187394 +0000 build-fedora4: ..fi; \
2020-12-15 15:56:03.187402 +0000 build-fedora4: .fi; \
2020-12-15 15:56:03.187414 +0000 build-fedora4: .if [ "libcomps" = linux-template-builder ]; then
2020-12-15 15:56:03.187429 +0000 build-fedora4: export TEMPLATE_NAME=$(MAKEFLAGS= make -s -C qubes-src/linux-template-builder DIST=fc33 template-name)
2020-12-15 15:56:03.187439 +0000 build-fedora4: fi
2020-12-15 15:56:03.187470 +0000 build-fedora4: component_packages=$(MAKEFLAGS= make -s -f Makefile.generic DIST=fc33 PACKAGE_SET=vm COMPONENT=`basename qubes-src/libcomps` UPDATE_REPO=/home/user/builder-r4.0/$repo_basedir/current/vm/fc33 get-var GET_VAR=PACKAGE_LIST); \
2020-12-15 15:56:03.187500 +0000 build-fedora4: .if [ -z "$component_packages" ]; then \
2020-12-15 15:56:03.187512 +0000 build-fedora4: ..echo "no packages."; \
2020-12-15 15:56:03.187521 +0000 build-fedora4: ..exit 0; \
2020-12-15 15:56:03.187530 +0000 build-fedora4: .fi; \
2020-12-15 15:56:03.187542 +0000 build-fedora4: .make -s -f Makefile.generic DIST=fc33 PACKAGE_SET=vm \
2020-12-15 15:56:03.187553 +0000 build-fedora4: ..COMPONENT=`basename qubes-src/libcomps` \
2020-12-15 15:56:03.187564 +0000 build-fedora4: ..SNAPSHOT_REPO=current-testing \
2020-12-15 15:56:03.187574 +0000 build-fedora4: ..TARGET_REPO=current \
2020-12-15 15:56:03.187587 +0000 build-fedora4: ..UPDATE_REPO=/home/user/builder-r4.0/$repo_basedir/current/vm/fc33 \
2020-12-15 15:56:03.187605 +0000 build-fedora4: ..SNAPSHOT_FILE=/home/user/builder-r4.0/repo-latest-snapshot/current-testing-vm-fc33-`basename qubes-src/libcomps` \
2020-12-15 15:56:03.187615 +0000 build-fedora4: ..BUILD_LOG_URL= \
2020-12-15 15:56:03.187626 +0000 build-fedora4: ..update-repo-from-snapshot || exit 1; \
2020-12-15 15:56:03.187640 +0000 build-fedora4: elif make -C qubes-src/libcomps -n update-repo-current >/dev/null 2>/dev/null; then \
2020-12-15 15:56:03.187652 +0000 build-fedora4: .echo "Updating qubes-src/libcomps... "; \
2020-12-15 15:56:03.187666 +0000 build-fedora4: .DIST=fc33 UPDATE_REPO=/home/user/builder-r4.0/$repo_basedir/current/vm/fc33 \
2020-12-15 15:56:03.187679 +0000 build-fedora4: .make -s -C qubes-src/libcomps update-repo-current || exit 1; \
2020-12-15 15:56:03.187687 +0000 build-fedora4: else \
2020-12-15 15:56:03.187699 +0000 build-fedora4: .echo -n "Updating qubes-src/libcomps... skipping."; \
2020-12-15 15:56:03.187707 +0000 build-fedora4: fi; \
2020-12-15 15:56:03.187715 +0000 build-fedora4: echo
2020-12-15 15:56:03.332346 +0000 build-fedora4: Updating qubes-src/libcomps... no packages.
2020-12-15 15:56:03.332409 +0000 build-fedora4: Makefile:816: update target 'internal-update-repo-current.vm.fc33' due to: internal-update-repo-current.vm.fc33.libcomps
2020-12-15 15:56:03.332424 +0000 build-fedora4: true
2020-12-15 15:56:03.338976 +0000 build-fedora4: Makefile:929: target 'post-update-repo-current' does not exist
2020-12-15 15:56:03.339031 +0000 build-fedora4: true
2020-12-15 15:56:03.351003 +0000 build-fedora4: Makefile:803: update target 'update-repo-current' due to: internal-update-repo-current.vm.fc31 internal-update-repo-current.vm.fc32 internal-update-repo-current.vm.fc33 post-update-repo-current
2020-12-15 15:56:03.351055 +0000 build-fedora4: true
2020-12-15 15:56:03.359163 +0000 build-fedora4: > done
2020-12-15 15:56:03.360380 +0000 > closing log
