2022-08-15 13:57:07.602751 +0000 > starting log
2022-08-15 13:57:07.603245 +0000 build-fedora4: > starting build with log
2022-08-15 13:57:07.603258 +0000 build-fedora4: >> make args: update-repo-current
2022-08-15 13:57:07.603265 +0000 build-fedora4: >> MAKEFLAGS=
2022-08-15 13:57:07.603272 +0000 build-fedora4: >> COMPONENTS=core-agent-linux
2022-08-15 13:57:07.603278 +0000 build-fedora4: >> DISTS_VM=
2022-08-15 13:57:07.603284 +0000 build-fedora4: >> DIST_DOM0=
2022-08-15 13:57:07.603292 +0000 build-fedora4: >> qubes-builder fb304f53b900b6d8ebe508734d30cd22d5abf44d
2022-08-15 13:57:07.633642 +0000 build-fedora4: >> qubes-builder/qubes-src/core-agent-linux 40a993b174a6fb745c0be05dbe2f6c5d3a6c86b6
2022-08-15 13:57:07.768028 +0000 build-fedora4: ================================================================================
2022-08-15 13:57:07.768062 +0000 build-fedora4:                            B U I L D   I N F O                                  
2022-08-15 13:57:07.768075 +0000 build-fedora4: Items in red indicate it was automatically generated by configuration file(s)
2022-08-15 13:57:07.768085 +0000 build-fedora4: Items in white indicate it was automatically removed by configuration file(s)
2022-08-15 13:57:07.768094 +0000 build-fedora4: ================================================================================
2022-08-15 13:57:07.768100 +0000 build-fedora4: DISTS_VM:
2022-08-15 13:57:07.774451 +0000 build-fedora4:     
2022-08-15 13:57:07.775938 +0000 build-fedora4: DISTS_ALL:
2022-08-15 13:57:07.779435 +0000 build-fedora4:      dom0-fc32,
2022-08-15 13:57:07.781962 +0000 build-fedora4: DIST_DOM0:
2022-08-15 13:57:07.786576 +0000 build-fedora4:      fc32,
2022-08-15 13:57:07.786603 +0000 build-fedora4: BUILDER_PLUGINS:
2022-08-15 13:57:07.788833 +0000 build-fedora4:      builder-rpm, builder-debian, mgmt-salt, linux-yum, release-configs, builder-github,
2022-08-15 13:57:07.792632 +0000 build-fedora4: COMPONENTS:
2022-08-15 13:57:07.799626 +0000 build-fedora4:      core-agent-linux,
2022-08-15 13:57:07.799652 +0000 build-fedora4: GIT_REPOS:
2022-08-15 13:57:07.803541 +0000 build-fedora4:      qubes-src/core-agent-linux,
2022-08-15 13:57:07.806237 +0000 build-fedora4: TEMPLATE:
2022-08-15 13:57:07.811240 +0000 build-fedora4:     
2022-08-15 13:57:07.811267 +0000 build-fedora4: TEMPLATE_FLAVOR_DIR:
2022-08-15 13:57:07.815682 +0000 build-fedora4:     
2022-08-15 13:57:07.815710 +0000 build-fedora4: TEMPLATE_ALIAS:
2022-08-15 13:57:07.817450 +0000 build-fedora4:      stretch:stretch+standard, stretch+gnome:stretch+gnome+standard,
2022-08-15 13:57:07.817482 +0000 build-fedora4:      stretch+minimal:stretch+minimal+no-recommends, buster:buster+standard,
2022-08-15 13:57:07.817494 +0000 build-fedora4:      buster+gnome:buster+gnome+standard, buster+minimal:buster+minimal+no-recommends,
2022-08-15 13:57:07.817505 +0000 build-fedora4:      bullseye:bullseye+standard+firmware, bullseye+gnome:bullseye+gnome+standard+firmware,
2022-08-15 13:57:07.817515 +0000 build-fedora4:      bullseye+minimal:bullseye+minimal+no-recommends, bookworm:bookworm+standard,
2022-08-15 13:57:07.817526 +0000 build-fedora4:      bookworm+gnome:bookworm+gnome+standard, bookworm+minimal:bookworm+minimal+no-recommends,
2022-08-15 13:57:07.817537 +0000 build-fedora4:      bionic:bionic+standard, focal:focal+standard, whonix-gateway-15:buster+whonix-gateway+minimal+no-recommends,
2022-08-15 13:57:07.817547 +0000 build-fedora4:      whonix-workstation-15:buster+whonix-workstation+minimal+no-recommends,
2022-08-15 13:57:07.817556 +0000 build-fedora4:      whonix-gateway-16:bullseye+whonix-gateway+minimal+no-recommends,
2022-08-15 13:57:07.817565 +0000 build-fedora4:      whonix-workstation-16:bullseye+whonix-workstation+minimal+no-recommends,
2022-08-15 13:57:07.820078 +0000 build-fedora4: TEMPLATE_LABEL:
2022-08-15 13:57:07.824418 +0000 build-fedora4:      fc34:fedora-34 fc35:fedora-35 fc36:fedora-36 fc34+minimal:fedora-34-minimal fc35+minimal:fedora-35-minimal
2022-08-15 13:57:07.824450 +0000 build-fedora4:      fc36+minimal:fedora-36-minimal fc34+xfce:fedora-34-xfce fc35+xfce:fedora-35-xfce fc36+xfce:fedora-36-xfce
2022-08-15 13:57:07.824478 +0000 build-fedora4:      stretch:debian-9 stretch+standard:debian-9 stretch+xfce:debian-9-xfce buster:debian-10
2022-08-15 13:57:07.824492 +0000 build-fedora4:      buster+standard:debian-10 buster+xfce:debian-10-xfce bullseye:debian-11 bullseye+standard+firmware:debian-11
2022-08-15 13:57:07.824504 +0000 build-fedora4:      bullseye+xfce:debian-11-xfce bookworm:debian-12 bookworm+standard:debian-12 bookworm+xfce:debian-12-xfce
2022-08-15 13:57:07.824519 +0000 build-fedora4:      bionic+standard:bionic focal+standard:focal buster+whonix-gateway+minimal+no-recommends:whonix-gw-15
2022-08-15 13:57:07.824528 +0000 build-fedora4:      buster+whonix-workstation+minimal+no-recommends:whonix-ws-15
2022-08-15 13:57:07.824537 +0000 build-fedora4:      bullseye+whonix-gateway+minimal+no-recommends:whonix-gw-16
2022-08-15 13:57:07.824547 +0000 build-fedora4:      bullseye+whonix-workstation+minimal+no-recommends:whonix-ws-16 centos7:centos-7
2022-08-15 13:57:07.824558 +0000 build-fedora4:      centos7+minimal:centos-7-minimal centos7+xfce:centos-7-xfce centos-stream8:centos-stream-8
2022-08-15 13:57:07.824568 +0000 build-fedora4:      centos-stream8+minimal:centos-stream-8-minimal centos-stream8+xfce:centos-stream-8-xfce
2022-08-15 13:57:07.858694 +0000 build-fedora4: > running make
2022-08-15 13:57:07.884726 +0000 build-fedora4: Makefile:863: target 'internal-update-repo-current.dom0.fc32.core-agent-linux' does not exist
2022-08-15 13:57:07.884763 +0000 build-fedora4: repo_base_var="LINUX_REPO_${DIST//-/_}_BASEDIR"; \
2022-08-15 13:57:07.884776 +0000 build-fedora4: if [ "core-agent-linux" = linux-template-builder ]; then \
2022-08-15 13:57:07.884787 +0000 build-fedora4: .# templates belongs to dom0 repository, even though PACKAGE_SET=vm
2022-08-15 13:57:07.884796 +0000 build-fedora4: repo_base_var="LINUX_REPO_fc32_BASEDIR"; \
2022-08-15 13:57:07.884803 +0000 build-fedora4: fi; \
2022-08-15 13:57:07.884811 +0000 build-fedora4: if [ -n "${!repo_base_var}" ]; then \
2022-08-15 13:57:07.884819 +0000 build-fedora4: .repo_basedir="${!repo_base_var}"; \
2022-08-15 13:57:07.884825 +0000 build-fedora4: else \
2022-08-15 13:57:07.884833 +0000 build-fedora4: .repo_basedir="qubes-src/linux-yum/r4.1"; \
2022-08-15 13:57:07.884839 +0000 build-fedora4: fi; \
2022-08-15 13:57:07.884848 +0000 build-fedora4: if [ -r qubes-src/core-agent-linux/Makefile.builder ]; then \
2022-08-15 13:57:07.884857 +0000 build-fedora4: .echo -n "Updating qubes-src/core-agent-linux... "; \
2022-08-15 13:57:07.884864 +0000 build-fedora4: .if [ "0" -eq 1 ]; then \
2022-08-15 13:57:07.884874 +0000 build-fedora4: ..vtag=`git -C qubes-src/core-agent-linux tag --points-at HEAD --list v*`; \
2022-08-15 13:57:07.884881 +0000 build-fedora4: ..if [ -z "$vtag" ]; then \
2022-08-15 13:57:07.884888 +0000 build-fedora4: ...echo "no version tag"; \
2022-08-15 13:57:07.884895 +0000 build-fedora4: ...exit 0; \
2022-08-15 13:57:07.884901 +0000 build-fedora4: ..fi; \
2022-08-15 13:57:07.884906 +0000 build-fedora4: .fi; \
2022-08-15 13:57:07.884915 +0000 build-fedora4: .if [ "core-agent-linux" = linux-template-builder ]; then
2022-08-15 13:57:07.884926 +0000 build-fedora4: export TEMPLATE_NAME=$(MAKEFLAGS= make -s -C qubes-src/linux-template-builder DIST=fc32 template-name)
2022-08-15 13:57:07.884932 +0000 build-fedora4: fi
2022-08-15 13:57:07.884951 +0000 build-fedora4: component_packages=$(MAKEFLAGS= make -s -f Makefile.generic DIST=fc32 PACKAGE_SET=dom0 COMPONENT=`basename qubes-src/core-agent-linux` UPDATE_REPO=/home/user/builder-r4.1-dom0/$repo_basedir/current/dom0/fc32 get-var GET_VAR=PACKAGE_LIST); \
2022-08-15 13:57:07.884960 +0000 build-fedora4: .if [ -z "$component_packages" ]; then \
2022-08-15 13:57:07.884967 +0000 build-fedora4: ..echo "no packages."; \
2022-08-15 13:57:07.884974 +0000 build-fedora4: ..exit 0; \
2022-08-15 13:57:07.884980 +0000 build-fedora4: .fi; \
2022-08-15 13:57:07.884988 +0000 build-fedora4: .make -s -f Makefile.generic DIST=fc32 PACKAGE_SET=dom0 \
2022-08-15 13:57:07.885011 +0000 build-fedora4: ..COMPONENT=`basename qubes-src/core-agent-linux` \
2022-08-15 13:57:07.885019 +0000 build-fedora4: ..SNAPSHOT_REPO=current-testing \
2022-08-15 13:57:07.885026 +0000 build-fedora4: ..TARGET_REPO=current \
2022-08-15 13:57:07.885035 +0000 build-fedora4: ..UPDATE_REPO=/home/user/builder-r4.1-dom0/$repo_basedir/current/dom0/fc32 \
2022-08-15 13:57:07.885048 +0000 build-fedora4: ..SNAPSHOT_FILE=/home/user/builder-r4.1-dom0/repo-latest-snapshot/current-testing-dom0-fc32-`basename qubes-src/core-agent-linux` \
2022-08-15 13:57:07.885056 +0000 build-fedora4: ..BUILD_LOG_URL= \
2022-08-15 13:57:07.885063 +0000 build-fedora4: ..update-repo-from-snapshot || exit 1; \
2022-08-15 13:57:07.885074 +0000 build-fedora4: elif make -C qubes-src/core-agent-linux -n update-repo-current >/dev/null 2>/dev/null; then \
2022-08-15 13:57:07.885083 +0000 build-fedora4: .echo "Updating qubes-src/core-agent-linux... "; \
2022-08-15 13:57:07.885093 +0000 build-fedora4: .DIST=fc32 UPDATE_REPO=/home/user/builder-r4.1-dom0/$repo_basedir/current/dom0/fc32 \
2022-08-15 13:57:07.885102 +0000 build-fedora4: .make -s -C qubes-src/core-agent-linux update-repo-current || exit 1; \
2022-08-15 13:57:07.885108 +0000 build-fedora4: else \
2022-08-15 13:57:07.885136 +0000 build-fedora4: .echo -n "Updating qubes-src/core-agent-linux... skipping."; \
2022-08-15 13:57:07.885144 +0000 build-fedora4: fi; \
2022-08-15 13:57:07.885149 +0000 build-fedora4: echo
2022-08-15 13:57:07.939944 +0000 build-fedora4: Updating qubes-src/core-agent-linux... no packages.
2022-08-15 13:57:07.939984 +0000 build-fedora4: Makefile:945: target 'post-update-repo-current' does not exist
2022-08-15 13:57:07.939992 +0000 build-fedora4: true
2022-08-15 13:57:07.943177 +0000 build-fedora4: Makefile:819: update target 'update-repo-current' due to: internal-update-repo-current.dom0.fc32.core-agent-linux post-update-repo-current
2022-08-15 13:57:07.943207 +0000 build-fedora4: true
2022-08-15 13:57:07.945663 +0000 build-fedora4: > done
2022-08-15 13:57:07.945698 +0000 > closing log
