2022-06-27 10:23:32.459320 +0000 > starting log
2022-06-27 10:23:32.459939 +0000 build-fedora4: > starting build with log
2022-06-27 10:23:32.459953 +0000 build-fedora4: >> make args: update-repo-current
2022-06-27 10:23:32.459961 +0000 build-fedora4: >> MAKEFLAGS=
2022-06-27 10:23:32.459969 +0000 build-fedora4: >> COMPONENTS=vmm-xen
2022-06-27 10:23:32.459977 +0000 build-fedora4: >> DISTS_VM=fc34 fc35 fc36
2022-06-27 10:23:32.459983 +0000 build-fedora4: >> DIST_DOM0=
2022-06-27 10:23:32.459992 +0000 build-fedora4: >> qubes-builder 20ad3a0690db5a940dc9c0c7f080d1980cf24c83
2022-06-27 10:23:32.548775 +0000 build-fedora4: >> qubes-builder/qubes-src/vmm-xen 3419377cd9f9a4c2e73da3b377ebb00a4e70a6bf
2022-06-27 10:23:32.607573 +0000 build-fedora4: !! gc.tar.gz
2022-06-27 10:23:32.607643 +0000 build-fedora4: !! gmp-4.3.2.tar.bz2
2022-06-27 10:23:32.607653 +0000 build-fedora4: !! gmp-4.3.2.tar.bz2.sig
2022-06-27 10:23:32.607661 +0000 build-fedora4: !! grub-0.97.tar.gz
2022-06-27 10:23:32.607668 +0000 build-fedora4: !! grub-0.97.tar.gz.sig
2022-06-27 10:23:32.607675 +0000 build-fedora4: !! lwip-1.3.0.tar.gz
2022-06-27 10:23:32.607682 +0000 build-fedora4: !! lwip-1.3.0.tar.gz.sig
2022-06-27 10:23:32.607689 +0000 build-fedora4: !! newlib-1.16.0.tar.gz
2022-06-27 10:23:32.607696 +0000 build-fedora4: !! ocaml-3.11.0.tar.gz
2022-06-27 10:23:32.607703 +0000 build-fedora4: !! pciutils-2.2.9.tar.bz2
2022-06-27 10:23:32.607710 +0000 build-fedora4: !! polarssl-1.1.4-gpl.tgz
2022-06-27 10:23:32.607717 +0000 build-fedora4: !! tboot-20090330.tar.gz
2022-06-27 10:23:32.607724 +0000 build-fedora4: !! tpm_emulator-0.7.4.tar.gz
2022-06-27 10:23:32.607731 +0000 build-fedora4: !! xen-4.12.0-rc3.tar.gz
2022-06-27 10:23:32.607738 +0000 build-fedora4: !! xen-4.12.0-rc3.tar.gz.sig
2022-06-27 10:23:32.607745 +0000 build-fedora4: !! xen-4.12.0-rc6.tar.gz
2022-06-27 10:23:32.607752 +0000 build-fedora4: !! xen-4.12.0-rc6.tar.gz.sig
2022-06-27 10:23:32.607758 +0000 build-fedora4: !! xen-4.12.0.tar.gz
2022-06-27 10:23:32.607765 +0000 build-fedora4: !! xen-4.12.0.tar.gz.sig
2022-06-27 10:23:32.607772 +0000 build-fedora4: !! xen-4.13.0.tar.gz
2022-06-27 10:23:32.607779 +0000 build-fedora4: !! xen-4.13.0.tar.gz.sig
2022-06-27 10:23:32.607786 +0000 build-fedora4: !! xen-4.13.1.tar.gz
2022-06-27 10:23:32.607792 +0000 build-fedora4: !! xen-4.13.1.tar.gz.sig
2022-06-27 10:23:32.607799 +0000 build-fedora4: !! xen-4.14.0.tar.gz
2022-06-27 10:23:32.607806 +0000 build-fedora4: !! xen-4.14.0.tar.gz.sig
2022-06-27 10:23:32.607813 +0000 build-fedora4: !! xen-4.14.1.tar.gz
2022-06-27 10:23:32.607820 +0000 build-fedora4: !! xen-4.14.1.tar.gz.sig
2022-06-27 10:23:32.607826 +0000 build-fedora4: !! xen-4.14.2.tar.gz
2022-06-27 10:23:32.607833 +0000 build-fedora4: !! xen-4.14.2.tar.gz.sig
2022-06-27 10:23:32.607840 +0000 build-fedora4: !! xen-4.14.3.tar.gz
2022-06-27 10:23:32.607847 +0000 build-fedora4: !! xen-4.14.3.tar.gz.sig
2022-06-27 10:23:32.607853 +0000 build-fedora4: !! xen-4.14.4.tar.gz
2022-06-27 10:23:32.607860 +0000 build-fedora4: !! xen-4.14.4.tar.gz.sig
2022-06-27 10:23:32.607867 +0000 build-fedora4: !! xen-4.14.5.tar.gz
2022-06-27 10:23:32.607874 +0000 build-fedora4: !! xen-4.14.5.tar.gz.sig
2022-06-27 10:23:32.607880 +0000 build-fedora4: !! zlib-1.2.3.tar.gz
2022-06-27 10:23:32.643086 +0000 build-fedora4: 69a9554d2d213392512d4ce41ec8c4993557e65c2b3dc4f568ac18695421cc08b7677c25f9a0ce03e94fb5e68a298fcac7ed09fb90007a2c998ff6ef78d3c651  gc.tar.gz
2022-06-27 10:23:32.656326 +0000 build-fedora4: 2e0b0fd23e6f10742a5517981e5171c6e88b0a93c83da701b296f5c0861d72c19782daab589a7eac3f9032152a0fc7eff7f5362db8fccc4859564a9aa82329cf  gmp-4.3.2.tar.bz2
2022-06-27 10:23:32.657564 +0000 build-fedora4: 954408a918d425c89e3b5fce52aa77b94af9e0929e11216dc65b47af0eb258f38ec6ca6e8680675f827a2408439c83d4fab161d8a5684d4617bef98bdd2e3992  gmp-4.3.2.tar.bz2.sig
2022-06-27 10:23:32.670005 +0000 build-fedora4: c2bc9ffc8583aeae71cee9ddcc4418969768d4e3764d47307da54f93981c0109fb07d84b061b3a3628bd00ba4d14a54742bc04848110eb3ae8ca25dbfbaabadb  grub-0.97.tar.gz
2022-06-27 10:23:32.671199 +0000 build-fedora4: 1c9365859a3f9220633d12ca6849e7f67c25acd0306111c602d371b634f734e4daf428ea372237679b07b30a4d115fcfea666adfc7bf79e4d786f4754a1f04c1  grub-0.97.tar.gz.sig
2022-06-27 10:23:32.674779 +0000 build-fedora4: 1465b58279af1647f909450e394fe002ca165f0ff4a0254bfa9fe0e64316f50facdde2729d79a4e632565b4500cf4d6c74192ac0dd3bc9fe09129bbd67ba089d  lwip-1.3.0.tar.gz
2022-06-27 10:23:32.679736 +0000 build-fedora4: 57a5e2200b822a7215446fab87ef62533b8790cd43fb5f119f5d7dd30c91b7be4eb7e4a00d951a5bddecf26b9f12f34ef55b8fc2dc37b46f006ff368f8618044  lwip-1.3.0.tar.gz.sig
2022-06-27 10:23:32.959259 +0000 build-fedora4: 40eb96bbc6736a16b6399e0cdb73e853d0d90b685c967e77899183446664d64570277a633fdafdefc351b46ce210a99115769a1d9f47ac749d7e82837d4d1ac3  newlib-1.16.0.tar.gz
2022-06-27 10:23:32.983332 +0000 build-fedora4: 61cacf14d1d90a11bd0599e7ad323350f3a3f30afb4ef5eaadc2108e5d6007dafbb83e955435ee49eeb0130955215923fa72d4e56196bec2396c166a54641955  ocaml-3.11.0.tar.gz
2022-06-27 10:23:32.986241 +0000 build-fedora4: 2b3d98d027e46d8c08037366dde6f0781ca03c610ef2b380984639e4ef39899ed8d8b8e4cd9c9dc54df101279b95879bd66bfd4d04ad07fef41e847ea7ae32b5  pciutils-2.2.9.tar.bz2
2022-06-27 10:23:32.998197 +0000 build-fedora4: 88da614e4d3f4409c4fd3bb3e44c7587ba051e3fed4e33d526069a67e8180212e1ea22da984656f50e290049f60ddca65383e5983c0f8884f648d71f698303ad  polarssl-1.1.4-gpl.tgz
2022-06-27 10:23:32.998241 +0000 build-fedora4: faa3af2ef1241fd908da6fb7f826dee0dad39de697fe14a35b2582a0b0baae29b41e824a0737b57809177b1fe09fdd73fd41a54e59ae98c2be77bd7dfccf93e6  tboot-20090330.tar.gz
2022-06-27 10:23:33.003337 +0000 build-fedora4: 4928b5b82f57645be9408362706ff2c4d9baa635b21b0d41b1c82930e8c60a759b1ea4fa74d7e6c7cae1b7692d006aa5cb72df0c3b88bf049779aa2b566f9d35  tpm_emulator-0.7.4.tar.gz
2022-06-27 10:23:33.532013 +0000 build-fedora4: 6e94ba07b6c7b032b342820055b9ab7c76c5582a7ea3136af7a2f8fac251ed3dbe9a88f36c1652eb8006d3d04f44f90abff0f5d6159bf1cd6b784d04149f5239  xen-4.12.0-rc3.tar.gz
2022-06-27 10:23:33.536096 +0000 build-fedora4: d19a937d90976d1c925a693072c30c42ce7b06f5b8d810492c6468e4762dbac235a0d6a1a59e5ccbfcd04faf737e5cd7838bc9bd34bb07fc7003be2d46a5d2a0  xen-4.12.0-rc3.tar.gz.sig
2022-06-27 10:23:33.885534 +0000 build-fedora4: 28577614dfeb40724e7ec581cc7764cd62f35d93457465b7880855dd6dc8fc72bba83078fe9b187e8c851397f6f1eb6e33e01e9f65bcc13aacacae9a928b1afe  xen-4.12.0-rc6.tar.gz
2022-06-27 10:23:33.888596 +0000 build-fedora4: a481643e11e49e3163710472ef5795abdb18b831b693e766a805593bbebe874bc2ea2d192857dfc6f8c5d38643fde1aa5ccfc7539a3f7fb5965e052c4cd3b84e  xen-4.12.0-rc6.tar.gz.sig
2022-06-27 10:23:34.180067 +0000 build-fedora4: 0ce366dcac607c9b592c5e9c0f40652eef743913b246bed4b0c380b8d59ac23a6adcd05befec37fc799a61476f47df76d4911cbf1da6ceb51441c546bf2464de  xen-4.12.0.tar.gz
2022-06-27 10:23:34.186917 +0000 build-fedora4: c51718cd5270029e24fe53bf3ac1245994b381d9d960e1e8bdead50ecd2ee8442314b829cd13ca9c827c692de396a12b6443257c6a937e01259c6141fc368f83  xen-4.12.0.tar.gz.sig
2022-06-27 10:23:34.858010 +0000 build-fedora4: 5b2ded9a2fe3f7ddf40eed1fa9858baead06233a01eb6099cc45b3c78b6c3823acfe7b731910733e87125dfa49d08c53f74c215fb1b320a92b44b87a0a105225  xen-4.13.0.tar.gz
2022-06-27 10:23:34.861149 +0000 build-fedora4: da43075e8e0a1c8e88fc1135c019f4dfcbdc7762c83088143281cad535181bdcdc157d0a5b04676495ef3a1d790493272f36f52d0fd1a760d163fc5f9b7dd7ed  xen-4.13.0.tar.gz.sig
2022-06-27 10:23:35.555454 +0000 build-fedora4: b56d20704155d98d803496cba83eb928e0f986a750831cd5600fc88d0ae772fe1456571654375054043d2da8daca255cc98385ebf08b1b1a75ecf7f4b7a0ee90  xen-4.13.1.tar.gz
2022-06-27 10:23:35.557814 +0000 build-fedora4: 91dcb2c8bac76bfeac00bd93b8a261e109fa945217988161901ccfe361f9f5991df713964a37e16d0cecf8f8225753386188e13b14adb0fc5c8d93cb6ddf8772  xen-4.13.1.tar.gz.sig
2022-06-27 10:23:36.359528 +0000 build-fedora4: ebce47a2f754955d8517123d69f62006634d97620fbbe3784869a0667466e586a249f57ffaf7846d5bcb45d69377cde43354c82c233fbb5407e55653b9a33ac0  xen-4.14.0.tar.gz
2022-06-27 10:23:36.366317 +0000 build-fedora4: f25dfe8583c40b09b8a3fae605b96a415a8a996c42d97ca01338e2fac80aaef106e58a0e1a279034a1e4eeed85e10f511bc6c9ac7159fd9b4584026aad15c015  xen-4.14.0.tar.gz.sig
2022-06-27 10:23:36.984631 +0000 build-fedora4: c75cbec82793435f5a7026626ffdb2e9a2166b42d2be4b2f1194240e0312458124f0ebd53eeb02ce7330c22afe402a28a96b32f8af66e41e9416fe94535724c9  xen-4.14.1.tar.gz
2022-06-27 10:23:36.986954 +0000 build-fedora4: 56d26d82ab9c96051ac8052b9d0dea12bec1e3141fe4fcc9b4968247daa0822929af5ae42fb43e9cd67defb89d6b83a97564d86250c401c4cc044ec963bb8397  xen-4.14.1.tar.gz.sig
2022-06-27 10:23:37.730759 +0000 build-fedora4: 83c9333b70dbee3e29c6bf08e5ad030676e6c4a32b976f3f5e6a8f8d0dd9e4898bac88dd8e1c9d2ad3509cebb5d212e1745f9392a469d7afeb841d79801ccf39  xen-4.14.2.tar.gz
2022-06-27 10:23:37.734153 +0000 build-fedora4: fd5ac3e9e8465a46812cc856bed1449c58f528f4d2d982cd4f4c152ca28911aebf2745bd3cbe2db13be6968ea6015547a2b5d681b46533ef34b8cf0ad2a58f4c  xen-4.14.2.tar.gz.sig
2022-06-27 10:23:38.192008 +0000 build-fedora4: b462fcc1549f6e57f7f2a4fd10ce1e957a25a6a7c0319672b62699468f6c4330b9cd0cf2b0231b5cce94f4bb142a957eb8aa58aa0ffb5c85b37211d6b34ccf16  xen-4.14.3.tar.gz
2022-06-27 10:23:38.195447 +0000 build-fedora4: 7e3a508fd60d4cee0d13be8aff01334dd0eefb93c845a85545df20a8ae4ce31818b53dbb0db7fb15d53487a13ac57a942d229f3dacef0f13618e6604a144c370  xen-4.14.3.tar.gz.sig
2022-06-27 10:23:38.877991 +0000 build-fedora4: 7c8b86f204a30b82ffde2e1bd6da07d609f6721db2261eab01b8dc453a4cb66c9bde79212a44d066e947612aa0edd0051e1188abfaa3b646a76898720751dede  xen-4.14.4.tar.gz
2022-06-27 10:23:38.878047 +0000 build-fedora4: 683daf46d6f443de95f29878d2a54f0bf89307684a6e36bad32f70973a472cc1da38eeb9f604e5d05a53d89a51c953574b96c834f5073fb1d268343dc65b3bcd  xen-4.14.4.tar.gz.sig
2022-06-27 10:23:39.537347 +0000 build-fedora4: 7fc1c98b5e135e14a1902786d6cf44304c1c1e9b600195592aa3d12ba937bc307eaae984596c30544519f181d2a02f2c9ad9c94d6b2b6fac2091b54568b0705e  xen-4.14.5.tar.gz
2022-06-27 10:23:39.538519 +0000 build-fedora4: ea0705f0a25661871618eb555d41cb8cc70179410e58091ca64632d779bf59df1e1c36dae2fbe969a7ffa0278526490904c66591cade6acf3e391429c9d7d203  xen-4.14.5.tar.gz.sig
2022-06-27 10:23:39.544603 +0000 build-fedora4: 021b958fcd0d346c4ba761bcf0cc40f3522de6186cf5a0a6ea34a70504ce9622b1c2626fce40675bc8282cf5f5ade18473656abc38050f72f5d6480507a2106e  zlib-1.2.3.tar.gz
2022-06-27 10:23:39.847866 +0000 build-fedora4: ================================================================================
2022-06-27 10:23:39.851847 +0000 build-fedora4:                            B U I L D   I N F O                                  
2022-06-27 10:23:39.851887 +0000 build-fedora4: Items in red indicate it was automatically generated by configuration file(s)
2022-06-27 10:23:39.851900 +0000 build-fedora4: Items in white indicate it was automatically removed by configuration file(s)
2022-06-27 10:23:39.851911 +0000 build-fedora4: ================================================================================
2022-06-27 10:23:39.851918 +0000 build-fedora4: DISTS_VM:
2022-06-27 10:23:39.871128 +0000 build-fedora4:      fc34, fc35, fc36,
2022-06-27 10:23:39.872715 +0000 build-fedora4: DISTS_ALL:
2022-06-27 10:23:39.882038 +0000 build-fedora4:      vm-fc34, vm-fc35, vm-fc36,
2022-06-27 10:23:39.883557 +0000 build-fedora4: DIST_DOM0:
2022-06-27 10:23:39.896894 +0000 build-fedora4:     
2022-06-27 10:23:39.896935 +0000 build-fedora4: BUILDER_PLUGINS:
2022-06-27 10:23:39.908118 +0000 build-fedora4:      builder-rpm, builder-debian, mgmt-salt, linux-yum, release-configs, builder-github,
2022-06-27 10:23:39.908156 +0000 build-fedora4: COMPONENTS:
2022-06-27 10:23:39.917400 +0000 build-fedora4:      vmm-xen,
2022-06-27 10:23:39.918693 +0000 build-fedora4: GIT_REPOS:
2022-06-27 10:23:39.932216 +0000 build-fedora4:      qubes-src/vmm-xen,
2022-06-27 10:23:39.933452 +0000 build-fedora4: TEMPLATE:
2022-06-27 10:23:39.946201 +0000 build-fedora4:     
2022-06-27 10:23:39.948076 +0000 build-fedora4: TEMPLATE_FLAVOR_DIR:
2022-06-27 10:23:39.952289 +0000 build-fedora4:     
2022-06-27 10:23:39.953548 +0000 build-fedora4: TEMPLATE_ALIAS:
2022-06-27 10:23:39.972378 +0000 build-fedora4:      stretch:stretch+standard, stretch+gnome:stretch+gnome+standard,
2022-06-27 10:23:39.972418 +0000 build-fedora4:      stretch+minimal:stretch+minimal+no-recommends, buster:buster+standard,
2022-06-27 10:23:39.972431 +0000 build-fedora4:      buster+gnome:buster+gnome+standard, buster+minimal:buster+minimal+no-recommends,
2022-06-27 10:23:39.972444 +0000 build-fedora4:      bullseye:bullseye+standard+firmware, bullseye+gnome:bullseye+gnome+standard+firmware,
2022-06-27 10:23:39.972455 +0000 build-fedora4:      bullseye+minimal:bullseye+minimal+no-recommends, bookworm:bookworm+standard,
2022-06-27 10:23:39.972466 +0000 build-fedora4:      bookworm+gnome:bookworm+gnome+standard, bookworm+minimal:bookworm+minimal+no-recommends,
2022-06-27 10:23:39.972479 +0000 build-fedora4:      bionic:bionic+standard, focal:focal+standard, whonix-gateway-15:buster+whonix-gateway+minimal+no-recommends,
2022-06-27 10:23:39.972494 +0000 build-fedora4:      whonix-workstation-15:buster+whonix-workstation+minimal+no-recommends,
2022-06-27 10:23:39.972504 +0000 build-fedora4:      whonix-gateway-16:bullseye+whonix-gateway+minimal+no-recommends,
2022-06-27 10:23:39.972514 +0000 build-fedora4:      whonix-workstation-16:bullseye+whonix-workstation+minimal+no-recommends,
2022-06-27 10:23:39.975304 +0000 build-fedora4: TEMPLATE_LABEL:
2022-06-27 10:23:39.992804 +0000 build-fedora4:      fc34:fedora-34, fc35:fedora-35, fc36:fedora-36, fc34+minimal:fedora-34-minimal
2022-06-27 10:23:39.992846 +0000 build-fedora4:      fc35+minimal:fedora-35-minimal fc36+minimal:fedora-36-minimal fc34+xfce:fedora-34-xfce
2022-06-27 10:23:39.992860 +0000 build-fedora4:      fc35+xfce:fedora-35-xfce fc36+xfce:fedora-36-xfce stretch:debian-9 stretch+standard:debian-9
2022-06-27 10:23:39.992873 +0000 build-fedora4:      stretch+xfce:debian-9-xfce buster:debian-10 buster+standard:debian-10 buster+xfce:debian-10-xfce
2022-06-27 10:23:39.992884 +0000 build-fedora4:      bullseye:debian-11 bullseye+standard+firmware:debian-11 bullseye+xfce:debian-11-xfce
2022-06-27 10:23:39.992896 +0000 build-fedora4:      bookworm:debian-12 bookworm+standard:debian-12 bookworm+xfce:debian-12-xfce bionic+standard:bionic
2022-06-27 10:23:39.992907 +0000 build-fedora4:      focal+standard:focal buster+whonix-gateway+minimal+no-recommends:whonix-gw-15
2022-06-27 10:23:39.992917 +0000 build-fedora4:      buster+whonix-workstation+minimal+no-recommends:whonix-ws-15
2022-06-27 10:23:39.992929 +0000 build-fedora4:      bullseye+whonix-gateway+minimal+no-recommends:whonix-gw-16
2022-06-27 10:23:39.992940 +0000 build-fedora4:      bullseye+whonix-workstation+minimal+no-recommends:whonix-ws-16 centos7:centos-7
2022-06-27 10:23:39.992952 +0000 build-fedora4:      centos7+minimal:centos-7-minimal centos7+xfce:centos-7-xfce centos-stream8:centos-stream-8
2022-06-27 10:23:39.992963 +0000 build-fedora4:      centos-stream8+minimal:centos-stream-8-minimal centos-stream8+xfce:centos-stream-8-xfce
2022-06-27 10:23:40.056722 +0000 build-fedora4: > running make
2022-06-27 10:23:40.074601 +0000 build-fedora4: Makefile:863: target 'internal-update-repo-current.vm.fc34.vmm-xen' does not exist
2022-06-27 10:23:40.074679 +0000 build-fedora4: repo_base_var="LINUX_REPO_${DIST//-/_}_BASEDIR"; \
2022-06-27 10:23:40.074694 +0000 build-fedora4: if [ "vmm-xen" = linux-template-builder ]; then \
2022-06-27 10:23:40.074707 +0000 build-fedora4: .# templates belongs to dom0 repository, even though PACKAGE_SET=vm
2022-06-27 10:23:40.074718 +0000 build-fedora4: repo_base_var="LINUX_REPO__BASEDIR"; \
2022-06-27 10:23:40.074725 +0000 build-fedora4: fi; \
2022-06-27 10:23:40.074735 +0000 build-fedora4: if [ -n "${!repo_base_var}" ]; then \
2022-06-27 10:23:40.074745 +0000 build-fedora4: .repo_basedir="${!repo_base_var}"; \
2022-06-27 10:23:40.074753 +0000 build-fedora4: else \
2022-06-27 10:23:40.074763 +0000 build-fedora4: .repo_basedir="qubes-src/linux-yum/r4.1"; \
2022-06-27 10:23:40.074770 +0000 build-fedora4: fi; \
2022-06-27 10:23:40.074795 +0000 build-fedora4: if [ -r qubes-src/vmm-xen/Makefile.builder ]; then \
2022-06-27 10:23:40.074806 +0000 build-fedora4: .echo -n "Updating qubes-src/vmm-xen... "; \
2022-06-27 10:23:40.074814 +0000 build-fedora4: .if [ "0" -eq 1 ]; then \
2022-06-27 10:23:40.074826 +0000 build-fedora4: ..vtag=`git -C qubes-src/vmm-xen tag --points-at HEAD --list v*`; \
2022-06-27 10:23:40.074834 +0000 build-fedora4: ..if [ -z "$vtag" ]; then \
2022-06-27 10:23:40.074842 +0000 build-fedora4: ...echo "no version tag"; \
2022-06-27 10:23:40.074850 +0000 build-fedora4: ...exit 0; \
2022-06-27 10:23:40.074856 +0000 build-fedora4: ..fi; \
2022-06-27 10:23:40.074863 +0000 build-fedora4: .fi; \
2022-06-27 10:23:40.074873 +0000 build-fedora4: .if [ "vmm-xen" = linux-template-builder ]; then
2022-06-27 10:23:40.074885 +0000 build-fedora4: export TEMPLATE_NAME=$(MAKEFLAGS= make -s -C qubes-src/linux-template-builder DIST=fc34 template-name)
2022-06-27 10:23:40.074893 +0000 build-fedora4: fi
2022-06-27 10:23:40.074922 +0000 build-fedora4: component_packages=$(MAKEFLAGS= make -s -f Makefile.generic DIST=fc34 PACKAGE_SET=vm COMPONENT=`basename qubes-src/vmm-xen` UPDATE_REPO=/home/user/builder-r4.1/$repo_basedir/current/vm/fc34 get-var GET_VAR=PACKAGE_LIST); \
2022-06-27 10:23:40.074936 +0000 build-fedora4: .if [ -z "$component_packages" ]; then \
2022-06-27 10:23:40.074943 +0000 build-fedora4: ..echo "no packages."; \
2022-06-27 10:23:40.074950 +0000 build-fedora4: ..exit 0; \
2022-06-27 10:23:40.074955 +0000 build-fedora4: .fi; \
2022-06-27 10:23:40.074964 +0000 build-fedora4: .make -s -f Makefile.generic DIST=fc34 PACKAGE_SET=vm \
2022-06-27 10:23:40.074972 +0000 build-fedora4: ..COMPONENT=`basename qubes-src/vmm-xen` \
2022-06-27 10:23:40.074980 +0000 build-fedora4: ..SNAPSHOT_REPO=current-testing \
2022-06-27 10:23:40.074987 +0000 build-fedora4: ..TARGET_REPO=current \
2022-06-27 10:23:40.074997 +0000 build-fedora4: ..UPDATE_REPO=/home/user/builder-r4.1/$repo_basedir/current/vm/fc34 \
2022-06-27 10:23:40.075009 +0000 build-fedora4: ..SNAPSHOT_FILE=/home/user/builder-r4.1/repo-latest-snapshot/current-testing-vm-fc34-`basename qubes-src/vmm-xen` \
2022-06-27 10:23:40.075016 +0000 build-fedora4: ..BUILD_LOG_URL= \
2022-06-27 10:23:40.075024 +0000 build-fedora4: ..update-repo-from-snapshot || exit 1; \
2022-06-27 10:23:40.075035 +0000 build-fedora4: elif make -C qubes-src/vmm-xen -n update-repo-current >/dev/null 2>/dev/null; then \
2022-06-27 10:23:40.075043 +0000 build-fedora4: .echo "Updating qubes-src/vmm-xen... "; \
2022-06-27 10:23:40.075053 +0000 build-fedora4: .DIST=fc34 UPDATE_REPO=/home/user/builder-r4.1/$repo_basedir/current/vm/fc34 \
2022-06-27 10:23:40.075063 +0000 build-fedora4: .make -s -C qubes-src/vmm-xen update-repo-current || exit 1; \
2022-06-27 10:23:40.075069 +0000 build-fedora4: else \
2022-06-27 10:23:40.075077 +0000 build-fedora4: .echo -n "Updating qubes-src/vmm-xen... skipping."; \
2022-06-27 10:23:40.075083 +0000 build-fedora4: fi; \
2022-06-27 10:23:40.075089 +0000 build-fedora4: echo
2022-06-27 10:23:40.254075 +0000 build-fedora4: Updating qubes-src/vmm-xen... no packages.
2022-06-27 10:23:40.254129 +0000 build-fedora4: Makefile:832: update target 'internal-update-repo-current.vm.fc34' due to: internal-update-repo-current.vm.fc34.vmm-xen
2022-06-27 10:23:40.254139 +0000 build-fedora4: true
2022-06-27 10:23:40.268285 +0000 build-fedora4: Makefile:863: target 'internal-update-repo-current.vm.fc35.vmm-xen' does not exist
2022-06-27 10:23:40.268327 +0000 build-fedora4: repo_base_var="LINUX_REPO_${DIST//-/_}_BASEDIR"; \
2022-06-27 10:23:40.268338 +0000 build-fedora4: if [ "vmm-xen" = linux-template-builder ]; then \
2022-06-27 10:23:40.268350 +0000 build-fedora4: .# templates belongs to dom0 repository, even though PACKAGE_SET=vm
2022-06-27 10:23:40.268358 +0000 build-fedora4: repo_base_var="LINUX_REPO__BASEDIR"; \
2022-06-27 10:23:40.268365 +0000 build-fedora4: fi; \
2022-06-27 10:23:40.268373 +0000 build-fedora4: if [ -n "${!repo_base_var}" ]; then \
2022-06-27 10:23:40.268397 +0000 build-fedora4: .repo_basedir="${!repo_base_var}"; \
2022-06-27 10:23:40.268403 +0000 build-fedora4: else \
2022-06-27 10:23:40.268412 +0000 build-fedora4: .repo_basedir="qubes-src/linux-yum/r4.1"; \
2022-06-27 10:23:40.268417 +0000 build-fedora4: fi; \
2022-06-27 10:23:40.268426 +0000 build-fedora4: if [ -r qubes-src/vmm-xen/Makefile.builder ]; then \
2022-06-27 10:23:40.268434 +0000 build-fedora4: .echo -n "Updating qubes-src/vmm-xen... "; \
2022-06-27 10:23:40.268442 +0000 build-fedora4: .if [ "0" -eq 1 ]; then \
2022-06-27 10:23:40.268452 +0000 build-fedora4: ..vtag=`git -C qubes-src/vmm-xen tag --points-at HEAD --list v*`; \
2022-06-27 10:23:40.268459 +0000 build-fedora4: ..if [ -z "$vtag" ]; then \
2022-06-27 10:23:40.268466 +0000 build-fedora4: ...echo "no version tag"; \
2022-06-27 10:23:40.268473 +0000 build-fedora4: ...exit 0; \
2022-06-27 10:23:40.268479 +0000 build-fedora4: ..fi; \
2022-06-27 10:23:40.268485 +0000 build-fedora4: .fi; \
2022-06-27 10:23:40.268493 +0000 build-fedora4: .if [ "vmm-xen" = linux-template-builder ]; then
2022-06-27 10:23:40.268505 +0000 build-fedora4: export TEMPLATE_NAME=$(MAKEFLAGS= make -s -C qubes-src/linux-template-builder DIST=fc35 template-name)
2022-06-27 10:23:40.268512 +0000 build-fedora4: fi
2022-06-27 10:23:40.268532 +0000 build-fedora4: component_packages=$(MAKEFLAGS= make -s -f Makefile.generic DIST=fc35 PACKAGE_SET=vm COMPONENT=`basename qubes-src/vmm-xen` UPDATE_REPO=/home/user/builder-r4.1/$repo_basedir/current/vm/fc35 get-var GET_VAR=PACKAGE_LIST); \
2022-06-27 10:23:40.268541 +0000 build-fedora4: .if [ -z "$component_packages" ]; then \
2022-06-27 10:23:40.268548 +0000 build-fedora4: ..echo "no packages."; \
2022-06-27 10:23:40.268555 +0000 build-fedora4: ..exit 0; \
2022-06-27 10:23:40.268561 +0000 build-fedora4: .fi; \
2022-06-27 10:23:40.268569 +0000 build-fedora4: .make -s -f Makefile.generic DIST=fc35 PACKAGE_SET=vm \
2022-06-27 10:23:40.268578 +0000 build-fedora4: ..COMPONENT=`basename qubes-src/vmm-xen` \
2022-06-27 10:23:40.268604 +0000 build-fedora4: ..SNAPSHOT_REPO=current-testing \
2022-06-27 10:23:40.268613 +0000 build-fedora4: ..TARGET_REPO=current \
2022-06-27 10:23:40.268623 +0000 build-fedora4: ..UPDATE_REPO=/home/user/builder-r4.1/$repo_basedir/current/vm/fc35 \
2022-06-27 10:23:40.268635 +0000 build-fedora4: ..SNAPSHOT_FILE=/home/user/builder-r4.1/repo-latest-snapshot/current-testing-vm-fc35-`basename qubes-src/vmm-xen` \
2022-06-27 10:23:40.268643 +0000 build-fedora4: ..BUILD_LOG_URL= \
2022-06-27 10:23:40.268651 +0000 build-fedora4: ..update-repo-from-snapshot || exit 1; \
2022-06-27 10:23:40.268661 +0000 build-fedora4: elif make -C qubes-src/vmm-xen -n update-repo-current >/dev/null 2>/dev/null; then \
2022-06-27 10:23:40.268670 +0000 build-fedora4: .echo "Updating qubes-src/vmm-xen... "; \
2022-06-27 10:23:40.268680 +0000 build-fedora4: .DIST=fc35 UPDATE_REPO=/home/user/builder-r4.1/$repo_basedir/current/vm/fc35 \
2022-06-27 10:23:40.268689 +0000 build-fedora4: .make -s -C qubes-src/vmm-xen update-repo-current || exit 1; \
2022-06-27 10:23:40.268695 +0000 build-fedora4: else \
2022-06-27 10:23:40.268704 +0000 build-fedora4: .echo -n "Updating qubes-src/vmm-xen... skipping."; \
2022-06-27 10:23:40.268709 +0000 build-fedora4: fi; \
2022-06-27 10:23:40.268715 +0000 build-fedora4: echo
2022-06-27 10:23:40.484243 +0000 build-fedora4: Updating qubes-src/vmm-xen... no packages.
2022-06-27 10:23:40.484296 +0000 build-fedora4: Makefile:832: update target 'internal-update-repo-current.vm.fc35' due to: internal-update-repo-current.vm.fc35.vmm-xen
2022-06-27 10:23:40.484306 +0000 build-fedora4: true
2022-06-27 10:23:40.498627 +0000 build-fedora4: Makefile:863: target 'internal-update-repo-current.vm.fc36.vmm-xen' does not exist
2022-06-27 10:23:40.498684 +0000 build-fedora4: repo_base_var="LINUX_REPO_${DIST//-/_}_BASEDIR"; \
2022-06-27 10:23:40.498696 +0000 build-fedora4: if [ "vmm-xen" = linux-template-builder ]; then \
2022-06-27 10:23:40.498707 +0000 build-fedora4: .# templates belongs to dom0 repository, even though PACKAGE_SET=vm
2022-06-27 10:23:40.498731 +0000 build-fedora4: repo_base_var="LINUX_REPO__BASEDIR"; \
2022-06-27 10:23:40.498738 +0000 build-fedora4: fi; \
2022-06-27 10:23:40.498746 +0000 build-fedora4: if [ -n "${!repo_base_var}" ]; then \
2022-06-27 10:23:40.498754 +0000 build-fedora4: .repo_basedir="${!repo_base_var}"; \
2022-06-27 10:23:40.498759 +0000 build-fedora4: else \
2022-06-27 10:23:40.498768 +0000 build-fedora4: .repo_basedir="qubes-src/linux-yum/r4.1"; \
2022-06-27 10:23:40.498773 +0000 build-fedora4: fi; \
2022-06-27 10:23:40.498782 +0000 build-fedora4: if [ -r qubes-src/vmm-xen/Makefile.builder ]; then \
2022-06-27 10:23:40.498790 +0000 build-fedora4: .echo -n "Updating qubes-src/vmm-xen... "; \
2022-06-27 10:23:40.498797 +0000 build-fedora4: .if [ "0" -eq 1 ]; then \
2022-06-27 10:23:40.498807 +0000 build-fedora4: ..vtag=`git -C qubes-src/vmm-xen tag --points-at HEAD --list v*`; \
2022-06-27 10:23:40.498815 +0000 build-fedora4: ..if [ -z "$vtag" ]; then \
2022-06-27 10:23:40.498822 +0000 build-fedora4: ...echo "no version tag"; \
2022-06-27 10:23:40.498829 +0000 build-fedora4: ...exit 0; \
2022-06-27 10:23:40.498835 +0000 build-fedora4: ..fi; \
2022-06-27 10:23:40.498840 +0000 build-fedora4: .fi; \
2022-06-27 10:23:40.498849 +0000 build-fedora4: .if [ "vmm-xen" = linux-template-builder ]; then
2022-06-27 10:23:40.498860 +0000 build-fedora4: export TEMPLATE_NAME=$(MAKEFLAGS= make -s -C qubes-src/linux-template-builder DIST=fc36 template-name)
2022-06-27 10:23:40.498867 +0000 build-fedora4: fi
2022-06-27 10:23:40.498887 +0000 build-fedora4: component_packages=$(MAKEFLAGS= make -s -f Makefile.generic DIST=fc36 PACKAGE_SET=vm COMPONENT=`basename qubes-src/vmm-xen` UPDATE_REPO=/home/user/builder-r4.1/$repo_basedir/current/vm/fc36 get-var GET_VAR=PACKAGE_LIST); \
2022-06-27 10:23:40.498896 +0000 build-fedora4: .if [ -z "$component_packages" ]; then \
2022-06-27 10:23:40.498903 +0000 build-fedora4: ..echo "no packages."; \
2022-06-27 10:23:40.498910 +0000 build-fedora4: ..exit 0; \
2022-06-27 10:23:40.498915 +0000 build-fedora4: .fi; \
2022-06-27 10:23:40.498927 +0000 build-fedora4: .make -s -f Makefile.generic DIST=fc36 PACKAGE_SET=vm \
2022-06-27 10:23:40.498935 +0000 build-fedora4: ..COMPONENT=`basename qubes-src/vmm-xen` \
2022-06-27 10:23:40.498943 +0000 build-fedora4: ..SNAPSHOT_REPO=current-testing \
2022-06-27 10:23:40.498950 +0000 build-fedora4: ..TARGET_REPO=current \
2022-06-27 10:23:40.498960 +0000 build-fedora4: ..UPDATE_REPO=/home/user/builder-r4.1/$repo_basedir/current/vm/fc36 \
2022-06-27 10:23:40.498972 +0000 build-fedora4: ..SNAPSHOT_FILE=/home/user/builder-r4.1/repo-latest-snapshot/current-testing-vm-fc36-`basename qubes-src/vmm-xen` \
2022-06-27 10:23:40.498979 +0000 build-fedora4: ..BUILD_LOG_URL= \
2022-06-27 10:23:40.498987 +0000 build-fedora4: ..update-repo-from-snapshot || exit 1; \
2022-06-27 10:23:40.498998 +0000 build-fedora4: elif make -C qubes-src/vmm-xen -n update-repo-current >/dev/null 2>/dev/null; then \
2022-06-27 10:23:40.499006 +0000 build-fedora4: .echo "Updating qubes-src/vmm-xen... "; \
2022-06-27 10:23:40.499016 +0000 build-fedora4: .DIST=fc36 UPDATE_REPO=/home/user/builder-r4.1/$repo_basedir/current/vm/fc36 \
2022-06-27 10:23:40.499026 +0000 build-fedora4: .make -s -C qubes-src/vmm-xen update-repo-current || exit 1; \
2022-06-27 10:23:40.499032 +0000 build-fedora4: else \
2022-06-27 10:23:40.499040 +0000 build-fedora4: .echo -n "Updating qubes-src/vmm-xen... skipping."; \
2022-06-27 10:23:40.499046 +0000 build-fedora4: fi; \
2022-06-27 10:23:40.499052 +0000 build-fedora4: echo
2022-06-27 10:23:40.695767 +0000 build-fedora4: Updating qubes-src/vmm-xen... no packages.
2022-06-27 10:23:40.696958 +0000 build-fedora4: Makefile:832: update target 'internal-update-repo-current.vm.fc36' due to: internal-update-repo-current.vm.fc36.vmm-xen
2022-06-27 10:23:40.696988 +0000 build-fedora4: true
2022-06-27 10:23:40.701860 +0000 build-fedora4: Makefile:945: target 'post-update-repo-current' does not exist
2022-06-27 10:23:40.701913 +0000 build-fedora4: true
2022-06-27 10:23:40.703583 +0000 build-fedora4: Makefile:819: update target 'update-repo-current' due to: internal-update-repo-current.vm.fc34 internal-update-repo-current.vm.fc35 internal-update-repo-current.vm.fc36 post-update-repo-current
2022-06-27 10:23:40.703638 +0000 build-fedora4: true
2022-06-27 10:23:40.705135 +0000 build-fedora4: > done
2022-06-27 10:23:40.705177 +0000 > closing log
