2020-01-17 04:26:51.245547 +0000 > starting log
2020-01-17 04:26:51.246655 +0000 build-fedora4: > starting build with log
2020-01-17 04:26:51.246688 +0000 build-fedora4: >> make args: DISTS_VM= DIST_DOM0=fc31 BUILD_LOGS_URL= core-admin-dom0-fc31=https://github.com/QubesOS/build-logs/tree/master/build-fedora4/log_2020-01-17_04-25-30 GIT_URL_core_admin=https://github.com/QubesOS/qubes-core-admin sign-all update-repo-current-testing
2020-01-17 04:26:51.246702 +0000 build-fedora4: >> MAKEFLAGS=
2020-01-17 04:26:51.246711 +0000 build-fedora4: >> COMPONENTS=core-admin
2020-01-17 04:26:51.246719 +0000 build-fedora4: >> DISTS_VM=
2020-01-17 04:26:51.246726 +0000 build-fedora4: >> DIST_DOM0=
2020-01-17 04:26:51.246736 +0000 build-fedora4: >> qubes-builder 4c9f61506fa2a46fcf52a2612feb1b97d8f52dd8
2020-01-17 04:26:51.246743 +0000 build-fedora4: ?? rpmdb/Basenames
2020-01-17 04:26:51.246751 +0000 build-fedora4: ?? rpmdb/Conflictname
2020-01-17 04:26:51.246759 +0000 build-fedora4: ?? rpmdb/Dirnames
2020-01-17 04:26:51.246766 +0000 build-fedora4: ?? rpmdb/Enhancename
2020-01-17 04:26:51.246777 +0000 build-fedora4: ?? rpmdb/Filetriggername
2020-01-17 04:26:51.246784 +0000 build-fedora4: ?? rpmdb/Group
2020-01-17 04:26:51.246792 +0000 build-fedora4: ?? rpmdb/Installtid
2020-01-17 04:26:51.246799 +0000 build-fedora4: ?? rpmdb/Name
2020-01-17 04:26:51.246806 +0000 build-fedora4: ?? rpmdb/Obsoletename
2020-01-17 04:26:51.246813 +0000 build-fedora4: ?? rpmdb/Packages
2020-01-17 04:26:51.246821 +0000 build-fedora4: ?? rpmdb/Providename
2020-01-17 04:26:51.246828 +0000 build-fedora4: ?? rpmdb/Recommendname
2020-01-17 04:26:51.246835 +0000 build-fedora4: ?? rpmdb/Requirename
2020-01-17 04:26:51.246842 +0000 build-fedora4: ?? rpmdb/Sha1header
2020-01-17 04:26:51.246850 +0000 build-fedora4: ?? rpmdb/Sigmd5
2020-01-17 04:26:51.246857 +0000 build-fedora4: ?? rpmdb/Suggestname
2020-01-17 04:26:51.246864 +0000 build-fedora4: ?? rpmdb/Supplementname
2020-01-17 04:26:51.246872 +0000 build-fedora4: ?? rpmdb/Transfiletriggername
2020-01-17 04:26:51.246880 +0000 build-fedora4: ?? rpmdb/Triggername
2020-01-17 04:26:51.246887 +0000 build-fedora4: ?? rpmdb/__db.001
2020-01-17 04:26:51.246894 +0000 build-fedora4: ?? rpmdb/__db.002
2020-01-17 04:26:51.246901 +0000 build-fedora4: ?? rpmdb/__db.003
2020-01-17 04:26:51.246914 +0000 build-fedora4: 008b0cf1adb1626188d91420f233827deaf7adfb5b47362456f36d85ad23847c1f71868df26c8a9c779ea682938cf8a5cc7bb544e1efd26b60e5d0503fcfc084  rpmdb/Basenames
2020-01-17 04:26:51.246928 +0000 build-fedora4: 884a0ec7889cd47f6292cbf31ac87d46111b8bc4c3b7adef52ac8a9fe710a35f03a004539d8e161f3d8cc91e8da7a284881dbdcb49498eddf53c21bbfc216006  rpmdb/Conflictname
2020-01-17 04:26:51.246941 +0000 build-fedora4: c274c5bcc12f25c49757f116195f584f9c756c501470b1b2305c1686a9514f3259f98c8695a2974166f1e7240506a7ac58f5c913e86e81ef818cd397d4459975  rpmdb/Dirnames
2020-01-17 04:26:51.246954 +0000 build-fedora4: c928ff933ecd0a85f6ef0d02394749635c82190144ff53d9a6db682ccec4cfae212cf52c837c02d3fdf98486f0e2e2b758e7d89ab4df8e7598043dee93415279  rpmdb/Enhancename
2020-01-17 04:26:51.246967 +0000 build-fedora4: 8d3566f32829ba98f3d1e4ac5f0acee5cbd0fbdbc7175d389697014059888449783eb752a5b099dc66085bd4914ae81f05868469c68f57de3660cc06ff594e61  rpmdb/Filetriggername
2020-01-17 04:26:51.246980 +0000 build-fedora4: ee84857b49168c7774cb0d4024cbdeb1d82e25d2beeffcb671f6de2a2ce4af2e7cff22fcca3fb9df7e9f0d790fde595494687a1c0f01c1c05359c10eb0dc15ba  rpmdb/Group
2020-01-17 04:26:51.246993 +0000 build-fedora4: ca1dc65a2ca4521523e74c549262810c66158a8e4232eaf181ba891519f2cc9c0cc08be39791794fad25e474b92caea9547c9f03dc9504019fc623bf718c46a3  rpmdb/Installtid
2020-01-17 04:26:51.247006 +0000 build-fedora4: c633583c7bc3ebb69a8cfda02fbcf132a252b73a2f27fefa9aad3d0867740b12657083fe98ae7466187d48214d424801dd6c5c7eec9a0647d25ad5b7d9ebdba7  rpmdb/Name
2020-01-17 04:26:51.247019 +0000 build-fedora4: 657a8a73d94bc235266cbbb0e392c256beeb15114b3875cbb37a96e5c4b28d9714a166cd9d4d53f97888fea9a76e2626443d2421e3598a68c5e27b8aca5a9326  rpmdb/Obsoletename
2020-01-17 04:26:51.247032 +0000 build-fedora4: 9a21e8769b1e99ddb8960da3b51bb2d1b1ceec19d506f632c412d855c9fa5b86b165dc3dca5421cafd5a6cd731d385b28e6ed408f44a27c2b681fa7d2ff7c21f  rpmdb/Packages
2020-01-17 04:26:51.247051 +0000 build-fedora4: 63eb33f1e606e06004828e4497d56259e2d8eaf5940e98191e571454f3be702a2cd2c700641bd262d7ed15f3be717b07e7ee42e0672eb251b8c597c12062bcce  rpmdb/Providename
2020-01-17 04:26:51.247065 +0000 build-fedora4: b624b7c431628fce95f90366559a719bff8c0cfcd15827b9b05778ed21657efb6b31c186b3a0748fb0e20c2e23052fbb5b448d09bb7e64ff74db83ee12913d81  rpmdb/Recommendname
2020-01-17 04:26:51.247078 +0000 build-fedora4: 3f7f3fb436b518830d848b40e766faa20bb7afadd40113ae505844621ad9a652617fb1b27c89ab1f86630975aeb17a6b93665093c86d0b16a28f4b3ebd520453  rpmdb/Requirename
2020-01-17 04:26:51.247091 +0000 build-fedora4: 5ae8757a2070ecc3a43fb18ffa735526ff33830463461e70e9497869ed9b27ffa8af9c80b28b0277fb10243e3141d314cacb6b2bed63a42a83621323b286d6a6  rpmdb/Sha1header
2020-01-17 04:26:51.247104 +0000 build-fedora4: ff3f02f723f565cf9fda2f55aa8b1b3f94a0ebd6941a4db346554dc52171052328bf740313f11b0cb2f5dc2c57a677e151203c9ca39714154a80ea1a69ab245c  rpmdb/Sigmd5
2020-01-17 04:26:51.247116 +0000 build-fedora4: cc8c53cb1a50b572c3024630d5dd2be8b2fd6b0646bf16a5044ee70e8d0021aea7043b8018d66835c702fa2eead38a3b831415e6d758771641e408b21f0e8385  rpmdb/Suggestname
2020-01-17 04:26:51.247129 +0000 build-fedora4: ffa57bfe2644a54f63bf25139edb1c791fe06886e3ac3f8fac1a62b56deb808a94a15f21e506f0d021f050f941e8d6575c098cd4d44f2cead72e52f4e6750c3a  rpmdb/Supplementname
2020-01-17 04:26:51.247143 +0000 build-fedora4: c5d4acb597592645746a98a913caaae1b6bc57c26960c3b532d4a666bc40c05e92fde3db5b657eb1af87f83025d4ffd3f4a92ad755e3e4ed0cbb1f10ff1d3725  rpmdb/Transfiletriggername
2020-01-17 04:26:51.247156 +0000 build-fedora4: 2bbb7203986ebcd053c23a28845abe24d04dc5134d250e764b0a86ca50bfd5dcdb4b898974be1c7eeedb3b2a734014e21b9e8e59bd283e6c1dd2cb540cbb3e30  rpmdb/Triggername
2020-01-17 04:26:51.247169 +0000 build-fedora4: 0b55b26ea4700684d33370f06c5ac8f2d7ef093d786e590eadd6b9d178437443da51ba36952c83c89fad760390b1888c9c5cfbf83d6fc9d8627cb86c82b068e1  rpmdb/__db.001
2020-01-17 04:26:51.247182 +0000 build-fedora4: 5297ab576756ccf2befb017c8ac3a374b84ac979e7a6cec0652749ab8734a7d9fe86a5284eb16f3feda505e5bc73eccdd053bbc1520574f152791b7365d44b2a  rpmdb/__db.002
2020-01-17 04:26:51.247201 +0000 build-fedora4: ec498f7b10428daf9c5309e8eaec33118a4c0a0d829fc68bfdc6c1443ebaea07e5eb56b1151fae1da8e8e6f1d6a140d2bbc5f94d06ea1438a57e8e910b645460  rpmdb/__db.003
2020-01-17 04:26:51.247213 +0000 build-fedora4: >> qubes-builder/qubes-src/core-admin 686f66bb85094d60b8ef470c6d0811a8cda55e31
2020-01-17 04:26:51.247222 +0000 build-fedora4: !! pkgs/dom0-fc29/core-dom0.spec.list
2020-01-17 04:26:51.247231 +0000 build-fedora4: !! pkgs/dom0-fc29/qubes-core-dom0-4.1.1-1.fc29.x86_64.buildinfo
2020-01-17 04:26:51.247241 +0000 build-fedora4: !! pkgs/dom0-fc29/qubes-core-dom0-4.1.2-1.fc29.x86_64.buildinfo
2020-01-17 04:26:51.247250 +0000 build-fedora4: !! pkgs/dom0-fc29/qubes-core-dom0-4.1.3-1.fc29.x86_64.buildinfo
2020-01-17 04:26:51.247259 +0000 build-fedora4: !! pkgs/dom0-fc29/qubes-core-dom0-4.1.4-1.fc29.x86_64.buildinfo
2020-01-17 04:26:51.247268 +0000 build-fedora4: !! pkgs/dom0-fc29/qubes-core-dom0-4.1.5-1.fc29.x86_64.buildinfo
2020-01-17 04:26:51.247295 +0000 build-fedora4: !! pkgs/dom0-fc29/qubes-core-dom0-4.1.6-1.fc29.src.rpm
2020-01-17 04:26:51.247305 +0000 build-fedora4: !! pkgs/dom0-fc29/qubes-core-dom0-4.1.6-1.fc29.x86_64.buildinfo
2020-01-17 04:26:51.247314 +0000 build-fedora4: !! pkgs/dom0-fc29/qubes-core-dom0-4.1.6-1.fc29.x86_64.rpm
2020-01-17 04:26:51.247324 +0000 build-fedora4: !! pkgs/dom0-fc29/qubes-core-dom0-debuginfo-4.1.6-1.fc29.x86_64.rpm
2020-01-17 04:26:51.247463 +0000 build-fedora4: !! pkgs/dom0-fc29/qubes-core-dom0-debugsource-4.1.6-1.fc29.x86_64.rpm
2020-01-17 04:26:51.247483 +0000 build-fedora4: !! pkgs/dom0-fc31/core-dom0.spec.list
2020-01-17 04:26:51.247494 +0000 build-fedora4: !! pkgs/dom0-fc31/qubes-core-dom0-4.1.6-1.fc31.src.rpm
2020-01-17 04:26:51.247504 +0000 build-fedora4: !! pkgs/dom0-fc31/qubes-core-dom0-4.1.6-1.fc31.x86_64.buildinfo
2020-01-17 04:26:51.247520 +0000 build-fedora4: !! pkgs/dom0-fc31/qubes-core-dom0-4.1.6-1.fc31.x86_64.rpm
2020-01-17 04:26:51.247530 +0000 build-fedora4: !! pkgs/dom0-fc31/qubes-core-dom0-4.1.7-1.fc31.src.rpm
2020-01-17 04:26:51.247539 +0000 build-fedora4: !! pkgs/dom0-fc31/qubes-core-dom0-4.1.7-1.fc31.x86_64.buildinfo
2020-01-17 04:26:51.247548 +0000 build-fedora4: !! pkgs/dom0-fc31/qubes-core-dom0-4.1.7-1.fc31.x86_64.rpm
2020-01-17 04:26:51.247558 +0000 build-fedora4: !! pkgs/dom0-fc31/qubes-core-dom0-debuginfo-4.1.6-1.fc31.x86_64.rpm
2020-01-17 04:26:51.247568 +0000 build-fedora4: !! pkgs/dom0-fc31/qubes-core-dom0-debuginfo-4.1.7-1.fc31.x86_64.rpm
2020-01-17 04:26:51.247577 +0000 build-fedora4: !! pkgs/dom0-fc31/qubes-core-dom0-debugsource-4.1.6-1.fc31.x86_64.rpm
2020-01-17 04:26:51.247587 +0000 build-fedora4: !! pkgs/dom0-fc31/qubes-core-dom0-debugsource-4.1.7-1.fc31.x86_64.rpm
2020-01-17 04:26:51.247600 +0000 build-fedora4: 8d0c6ac48f0435d1b9b23433a3bbecfe79acdfba338962121360af12514cf3c5b813549cdc7836bd5f579edd93180df8a9278a48a466fe177f373cad053185e0  pkgs/dom0-fc29/core-dom0.spec.list
2020-01-17 04:26:51.247616 +0000 build-fedora4: 738bebbde9a86739ea570b8f14f13609aaee046dcac02672924bfba913f593ec459e2a7a958720ba27688157959b2baa1b862aeb1cc4c886b0d1be168a700188  pkgs/dom0-fc29/qubes-core-dom0-4.1.1-1.fc29.x86_64.buildinfo
2020-01-17 04:26:51.247632 +0000 build-fedora4: 1b2af33890c64007e1e093502a53c49ecc01f5aa886231d2d25b5d256c1225063e27cdfd51b58e20983ab549aa370640495b4de27c5adb6eae2367f0fb7fef77  pkgs/dom0-fc29/qubes-core-dom0-4.1.2-1.fc29.x86_64.buildinfo
2020-01-17 04:26:51.247647 +0000 build-fedora4: 81dc95d26953acfa314b48e72362c16918e6dbabbd984c2941f3abb6863f5fdca092bf1aca5148b44ffdc974e01957022396e33ad9573570edd2d01db4d88e7d  pkgs/dom0-fc29/qubes-core-dom0-4.1.3-1.fc29.x86_64.buildinfo
2020-01-17 04:26:51.247662 +0000 build-fedora4: e269b67c55ba13cb7ca9ac94f3909da0ea310a338b8d534adf0936c9bb3a091b4b6a4baeff7a563833926866045fa6e08069138830d03a25b65fe6c5ad453e2b  pkgs/dom0-fc29/qubes-core-dom0-4.1.4-1.fc29.x86_64.buildinfo
2020-01-17 04:26:51.247677 +0000 build-fedora4: cbbc61a2b8fc948dd4f37acbe1b8478873c2ef2402ae66bf3eb0d808c6a8521d82287b1356970d65a576dd6d39b907dc6edf4dd6b0fc6531aa5ce9a36a20ecd3  pkgs/dom0-fc29/qubes-core-dom0-4.1.5-1.fc29.x86_64.buildinfo
2020-01-17 04:26:51.247692 +0000 build-fedora4: 849dd6605bb22f044f866ed5638d986489b58089998ad25996a2ccbf32c27a273693a4ad5c4166e7f61c334527867262a35dd883d7391127e250777dc75b7ad0  pkgs/dom0-fc29/qubes-core-dom0-4.1.6-1.fc29.src.rpm
2020-01-17 04:26:51.247710 +0000 build-fedora4: 24c4d903f4da23e5ca7180f765187c962d95bffbd11d91a916f1a0b47964377be9cf0915c405f61862e22fb106deb8252ee2129653cd9a2a2032f84bafd45d58  pkgs/dom0-fc29/qubes-core-dom0-4.1.6-1.fc29.x86_64.buildinfo
2020-01-17 04:26:51.247725 +0000 build-fedora4: bcd26f811d636901b764c9442ce359ed50d068fa5633237407afc913c94f526705be9dce874e44cb9d123d06e57c1bd673a11e719ad6db480f0babe71fff24e0  pkgs/dom0-fc29/qubes-core-dom0-4.1.6-1.fc29.x86_64.rpm
2020-01-17 04:26:51.247740 +0000 build-fedora4: 8ac8abaf4e3d945603e8d012eea25ec6c8829de4e46589d874a82c1e8523357472e5127716722850d6716b39d6f864e7a3841e3c3a94fcb68e7b4f08805c0110  pkgs/dom0-fc29/qubes-core-dom0-debuginfo-4.1.6-1.fc29.x86_64.rpm
2020-01-17 04:26:51.247756 +0000 build-fedora4: 685e2a671f4abcf625322cd0bf9a0962b2c9d75575a0a5a93733f99daf5c8cde88ba1d3f1a8d2eaad494bef9274871d74f16debceaf0719ff0c404a7c4f0759c  pkgs/dom0-fc29/qubes-core-dom0-debugsource-4.1.6-1.fc29.x86_64.rpm
2020-01-17 04:26:51.247769 +0000 build-fedora4: 06c47cd9faa709cc3d72fccf1db74822b927cd7763845f3958152b9b47b6857fb7b131e37bb398622edf4445be9313ce6ba2f6ea68f13fb20def072f53800759  pkgs/dom0-fc31/core-dom0.spec.list
2020-01-17 04:26:51.247784 +0000 build-fedora4: 0710a3c4156e9b2fb1a686b84e114dea6c3587f7a8dd629ace27f8d362f80b15cb03544c8623a1770efc042ca0231e530b742dd8f34932ed2f9b139bdaaf26a7  pkgs/dom0-fc31/qubes-core-dom0-4.1.6-1.fc31.src.rpm
2020-01-17 04:26:51.247799 +0000 build-fedora4: a87a10a22ff9a23b510fc37e723fe9fd6b60a83381ccac78d114e0d94f3ca5f18f4ec9517244cb56ebdda09f3f519e90c9974ca46b9db1cf54acef1281415d7e  pkgs/dom0-fc31/qubes-core-dom0-4.1.6-1.fc31.x86_64.buildinfo
2020-01-17 04:26:51.247825 +0000 build-fedora4: cfc79f8999f7721b1053500a2db5b88c1d61732b7e292051e387c9f1cd71fdae57868ebab726dc81dd801d5eeb4a78a6bb5906b05110284cc7318c98d2e6e077  pkgs/dom0-fc31/qubes-core-dom0-4.1.6-1.fc31.x86_64.rpm
2020-01-17 04:26:51.247840 +0000 build-fedora4: a70767db0e5d7c7d75e5e95e4aad8c3db70f207a684f34f4350235409ed46e95255f85b7d94063414cc000d3338d2dd2a71be6df833eab41ef01d72ea57fd82c  pkgs/dom0-fc31/qubes-core-dom0-4.1.7-1.fc31.src.rpm
2020-01-17 04:26:51.247855 +0000 build-fedora4: 2d8efd55a90e1d07e6a52547c39bee7430eccc1e751554fe670a17f78c2dfd261cae675ccf4acd118e920b2d8153aa6ee048444d572b3edf49fd14301c6e2915  pkgs/dom0-fc31/qubes-core-dom0-4.1.7-1.fc31.x86_64.buildinfo
2020-01-17 04:26:51.247870 +0000 build-fedora4: 2e3d29aad15891114d9a93dac3aecb4d4519059d150aacfae2230b6f377835278b5dec8e283dfeb879dc6adf3d2b5cd2271cadbc522a855af93a58fc33634e4a  pkgs/dom0-fc31/qubes-core-dom0-4.1.7-1.fc31.x86_64.rpm
2020-01-17 04:26:51.247885 +0000 build-fedora4: f68e5aaf0b1a70f2e0a1d787883c4bbfc57d5e8d0156b1680f622f68c39fbb52152654578dd5ecb4b0d056cc6515e1b3dba19c591f47e4efe00f1171234821f2  pkgs/dom0-fc31/qubes-core-dom0-debuginfo-4.1.6-1.fc31.x86_64.rpm
2020-01-17 04:26:51.247900 +0000 build-fedora4: 46a415ffb7c7685df7f443a9cd6a7856148b17aa7e2010959153a63d4b491e8f2a1b3d3990fef595d22b70b639e8e6159ecc0785b033e2658df9773fbe9cf00d  pkgs/dom0-fc31/qubes-core-dom0-debuginfo-4.1.7-1.fc31.x86_64.rpm
2020-01-17 04:26:51.247915 +0000 build-fedora4: d6139bf6e15931bb5db0bf763a794aeddfcef3c7d67abb2e48394f10698b8f4c84e9cbfd98eaf6aedfbcd392f1e9e47f27ec616288186166bfe5b431106dcc25  pkgs/dom0-fc31/qubes-core-dom0-debugsource-4.1.6-1.fc31.x86_64.rpm
2020-01-17 04:26:51.247930 +0000 build-fedora4: 84e55df66ae38f07b648245967f5876aa80b0d5b31b25a18d45c02db244c2b6e9318cd2dd4ddf6e5584f1260a29ce9a2de83ef2e5edb0207c64d1bb13e9d7ec9  pkgs/dom0-fc31/qubes-core-dom0-debugsource-4.1.7-1.fc31.x86_64.rpm
2020-01-17 04:26:51.247945 +0000 build-fedora4: ================================================================================
2020-01-17 04:26:51.247956 +0000 build-fedora4:                            B U I L D   I N F O                                  
2020-01-17 04:26:51.247966 +0000 build-fedora4: Items in red indicate it was automatically generated by configuration file(s)
2020-01-17 04:26:51.247976 +0000 build-fedora4: Items in white indicate it was automatically removed by configuration file(s)
2020-01-17 04:26:51.247986 +0000 build-fedora4: ================================================================================
2020-01-17 04:26:51.247994 +0000 build-fedora4: DISTS_VM:
2020-01-17 04:26:51.248001 +0000 build-fedora4:     
2020-01-17 04:26:51.248009 +0000 build-fedora4: DISTS_ALL:
2020-01-17 04:26:51.248016 +0000 build-fedora4:      dom0-fc31,
2020-01-17 04:26:51.248023 +0000 build-fedora4: DIST_DOM0:
2020-01-17 04:26:51.248030 +0000 build-fedora4:      fc31,
2020-01-17 04:26:51.248037 +0000 build-fedora4: BUILDER_PLUGINS:
2020-01-17 04:26:51.248050 +0000 build-fedora4:      builder-rpm, builder-debian, mgmt-salt, linux-yum, release-configs, builder-github,
2020-01-17 04:26:51.248058 +0000 build-fedora4: COMPONENTS:
2020-01-17 04:26:51.248066 +0000 build-fedora4:      core-admin,
2020-01-17 04:26:51.248073 +0000 build-fedora4: GIT_REPOS:
2020-01-17 04:26:51.248323 +0000 build-fedora4:      qubes-src/core-admin,
2020-01-17 04:26:51.249712 +0000 build-fedora4: TEMPLATE:
2020-01-17 04:26:51.250082 +0000 build-fedora4:     
2020-01-17 04:26:51.251346 +0000 build-fedora4: TEMPLATE_FLAVOR_DIR:
2020-01-17 04:26:51.251682 +0000 build-fedora4:     
2020-01-17 04:26:51.252988 +0000 build-fedora4: TEMPLATE_ALIAS:
2020-01-17 04:26:51.253295 +0000 build-fedora4:      stretch:stretch+standard, stretch+gnome:stretch+gnome+standard,
2020-01-17 04:26:51.253322 +0000 build-fedora4:      stretch+minimal:stretch+minimal+no-recommends, buster:buster+standard, buster+gnome:buster+gnome+standard,
2020-01-17 04:26:51.253337 +0000 build-fedora4:      buster+minimal:buster+minimal+no-recommends, bullseye:bullseye+standard,
2020-01-17 04:26:51.253362 +0000 build-fedora4:      bullseye+gnome:bullseye+gnome+standard, bullseye+minimal:bullseye+minimal+no-recommends,
2020-01-17 04:26:51.253373 +0000 build-fedora4:      whonix-gateway-14:stretch+whonix-gateway+minimal+no-recommends,
2020-01-17 04:26:51.253384 +0000 build-fedora4:      whonix-workstation-14:stretch+whonix-workstation+minimal+no-recommends,
2020-01-17 04:26:51.253394 +0000 build-fedora4:      whonix-gateway-15:buster+whonix-gateway+minimal+no-recommends,
2020-01-17 04:26:51.253408 +0000 build-fedora4:      whonix-workstation-15:buster+whonix-workstation+minimal+no-recommends,
2020-01-17 04:26:51.254611 +0000 build-fedora4: TEMPLATE_LABEL:
2020-01-17 04:26:51.254994 +0000 build-fedora4:      fc29:fedora-29 fc30:fedora-30 fc31:fedora-31 fc29+minimal:fedora-29-minimal fc30+minimal:fedora-30-minimal
2020-01-17 04:26:51.255021 +0000 build-fedora4:      fc31+minimal:fedora-31-minimal fc29+xfce:fedora-29-xfce fc30+xfce:fedora-30-xfce fc31+xfce:fedora-31-xfce
2020-01-17 04:26:51.255035 +0000 build-fedora4:      stretch:debian-9 stretch+standard:debian-9 buster:debian-10 buster+standard:debian-10 bullseye:debian-11
2020-01-17 04:26:51.255048 +0000 build-fedora4:      bullseye+standard:bullseye-11 stretch+whonix-gateway+minimal+no-recommends:whonix-gw-14
2020-01-17 04:26:51.255059 +0000 build-fedora4:      stretch+whonix-workstation+minimal+no-recommends:whonix-ws-14
2020-01-17 04:26:51.255069 +0000 build-fedora4:      buster+whonix-gateway+minimal+no-recommends:whonix-gw-15
2020-01-17 04:26:51.255081 +0000 build-fedora4:      buster+whonix-workstation+minimal+no-recommends:whonix-ws-15 centos7:centos-7
2020-01-17 04:26:51.255091 +0000 build-fedora4:      centos7+minimal:centos-7-minimal centos7+xfce:centos-7-xfce
2020-01-17 04:26:51.268558 +0000 build-fedora4: > running make
2020-01-17 04:26:51.279214 +0000 build-fedora4: Makefile:266: target 'sign.dom0.fc31.core-admin' does not exist
2020-01-17 04:26:51.279303 +0000 build-fedora4: if [ -n "core-admin" -a "0" -ne 0 ]; then BRANCH=master; branch_var="BRANCH_core_admin"; [ -n "${!branch_var}" ] && BRANCH="${!branch_var}"; pushd qubes-src/core-admin > /dev/null; CURRENT_BRANCH=`git symbolic-ref --short HEAD 2>/dev/null || git describe --tags --exact-match HEAD`; if [ "$BRANCH" != "$CURRENT_BRANCH" ]; then echo "-> ERROR: Wrong branch $branch_var=$CURRENT_BRANCH (expected $BRANCH)"; exit 1; fi; popd > /dev/null; fi
2020-01-17 04:26:51.279322 +0000 build-fedora4: SIGN_KEY=5817A43B283DE5A9181A522E1848792F9E2795E9; \
2020-01-17 04:26:51.279334 +0000 build-fedora4: sign_key_var="SIGN_KEY_${DIST%%+*}"; \
2020-01-17 04:26:51.279345 +0000 build-fedora4: [ -n "${!sign_key_var}" ] && SIGN_KEY="${!sign_key_var}"; \
2020-01-17 04:26:51.279355 +0000 build-fedora4: if [ "core-admin" = linux-template-builder ]; then
2020-01-17 04:26:51.279368 +0000 build-fedora4: export TEMPLATE_NAME=$(MAKEFLAGS= make -s -C qubes-src/linux-template-builder DIST=fc31 template-name)
2020-01-17 04:26:51.279376 +0000 build-fedora4: fi
2020-01-17 04:26:51.279386 +0000 build-fedora4: if [ -r qubes-src/core-admin/Makefile.builder ]; then \
2020-01-17 04:26:51.279399 +0000 build-fedora4: .make --no-print-directory -f Makefile.generic \
2020-01-17 04:26:51.279408 +0000 build-fedora4: ..DIST=fc31 \
2020-01-17 04:26:51.279415 +0000 build-fedora4: ..PACKAGE_SET=dom0 \
2020-01-17 04:26:51.279423 +0000 build-fedora4: ..COMPONENT=core-admin \
2020-01-17 04:26:51.279432 +0000 build-fedora4: ..SIGN_KEY=$SIGN_KEY \
2020-01-17 04:26:51.279439 +0000 build-fedora4: ..sign || exit 1; \
2020-01-17 04:26:51.279448 +0000 build-fedora4: elif [ -d qubes-src/core-admin/rpm ]; then \
2020-01-17 04:26:51.279456 +0000 build-fedora4: .# Old mechanism supported only for RPM
2020-01-17 04:26:51.279466 +0000 build-fedora4: FILE_LIST=""; for RPM in qubes-src/core-admin/rpm/*/*.rpm; do \
2020-01-17 04:26:51.279476 +0000 build-fedora4: ..if ! qubes-src/installer-qubes-os/rpm_verify $RPM > /dev/null; then \
2020-01-17 04:26:51.279485 +0000 build-fedora4: ...FILE_LIST="$FILE_LIST $RPM" ;\
2020-01-17 04:26:51.279505 +0000 build-fedora4: ..fi ;\
2020-01-17 04:26:51.279513 +0000 build-fedora4: .done ; \
2020-01-17 04:26:51.279522 +0000 build-fedora4: .if [ -n "$FILE_LIST" ]; then \
2020-01-17 04:26:51.279530 +0000 build-fedora4: ..echo "--> Signing..."; \
2020-01-17 04:26:51.279538 +0000 build-fedora4: ..RPMSIGN_OPTS=--digest-algo=sha256; \
2020-01-17 04:26:51.279547 +0000 build-fedora4: ..if [ -n "$SIGN_KEY" ]; then \
2020-01-17 04:26:51.279555 +0000 build-fedora4: ...RPMSIGN_OPTS="--key-id=$SIGN_KEY"; \
2020-01-17 04:26:51.279562 +0000 build-fedora4: ..fi; \
2020-01-17 04:26:51.279572 +0000 build-fedora4: ..setsid -w rpmsign "$RPMSIGN_OPTS" --addsign $FILE_LIST </dev/null ;\
2020-01-17 04:26:51.279579 +0000 build-fedora4: .fi; \
2020-01-17 04:26:51.279586 +0000 build-fedora4: fi
2020-01-17 04:26:51.291903 +0000 build-fedora4: + ERR_OUTPUT=/dev/stderr
2020-01-17 04:26:51.292251 +0000 build-fedora4: + '[' 2 -lt 2 ']'
2020-01-17 04:26:51.292277 +0000 build-fedora4: ++ basename qubes-src/core-admin/rpm_spec/core-dom0.spec.in
2020-01-17 04:26:51.293246 +0000 build-fedora4: + [[ xcore-dom0.spec.in == \x\.\i\n ]]
2020-01-17 04:26:51.293282 +0000 build-fedora4: + '[' -r qubes-src/core-admin/rpm_spec/core-dom0.spec.in ']'
2020-01-17 04:26:51.293450 +0000 build-fedora4: ++ mktemp --tmpdir tmp.XXXXXX.spec
2020-01-17 04:26:51.294429 +0000 build-fedora4: + tmp_spec=/tmp/tmp.CrivSL.spec
2020-01-17 04:26:51.294632 +0000 build-fedora4: ++ dirname /home/user/builder-r4.1-dom0/qubes-src/builder-rpm/scripts/query-spec
2020-01-17 04:26:51.295571 +0000 build-fedora4: + /home/user/builder-r4.1-dom0/qubes-src/builder-rpm/scripts/generate-spec qubes-src/core-admin/rpm_spec/core-dom0.spec.in /tmp/tmp.CrivSL.spec
2020-01-17 04:26:51.296839 +0000 build-fedora4: + '[' 2 -lt 2 ']'
2020-01-17 04:26:51.296868 +0000 build-fedora4: + '[' -z qubes-src/core-admin ']'
2020-01-17 04:26:51.296885 +0000 build-fedora4: + cp qubes-src/core-admin/rpm_spec/core-dom0.spec.in qubes-src/core-admin/rpm_spec/core-dom0.spec.in.tmp
2020-01-17 04:26:51.298451 +0000 build-fedora4: + read -r ver
2020-01-17 04:26:51.298480 +0000 build-fedora4: + '[' x = x ']'
2020-01-17 04:26:51.298496 +0000 build-fedora4: + sed -i 's|@VERSION@|4.1.7|g' qubes-src/core-admin/rpm_spec/core-dom0.spec.in.tmp
2020-01-17 04:26:51.300638 +0000 build-fedora4: + vnum=1
2020-01-17 04:26:51.300673 +0000 build-fedora4: + read -r ver
2020-01-17 04:26:51.300686 +0000 build-fedora4: + '[' -e qubes-src/core-admin/rel ']'
2020-01-17 04:26:51.300704 +0000 build-fedora4: + grep -q @REL@ qubes-src/core-admin/rpm_spec/core-dom0.spec.in.tmp
2020-01-17 04:26:51.301696 +0000 build-fedora4: + sed -i -e s:@BACKEND_VMM@:xen:g qubes-src/core-admin/rpm_spec/core-dom0.spec.in.tmp
2020-01-17 04:26:51.303583 +0000 build-fedora4: + grep -q @CHANGELOG@ qubes-src/core-admin/rpm_spec/core-dom0.spec.in.tmp
2020-01-17 04:26:51.304788 +0000 build-fedora4: ++ dirname /home/user/builder-r4.1-dom0/qubes-src/builder-rpm/scripts/generate-spec
2020-01-17 04:26:51.305483 +0000 build-fedora4: + /home/user/builder-r4.1-dom0/qubes-src/builder-rpm/scripts/generate-changelog qubes-src/core-admin qubes-src/core-admin/rpm_spec/core-dom0.spec.in.tmp
2020-01-17 04:26:51.474918 +0000 build-fedora4: + cat qubes-src/core-admin/rpm_spec/core-dom0.spec.in.tmp
2020-01-17 04:26:51.475728 +0000 build-fedora4: + rm -rf qubes-src/core-admin/rpm_spec/core-dom0.spec.in.tmp
2020-01-17 04:26:51.477077 +0000 build-fedora4: + '[' '%{SOURCE0}' = '%{SOURCE0}' ']'
2020-01-17 04:26:51.477309 +0000 build-fedora4: ++ dirname /home/user/builder-r4.1-dom0/qubes-src/builder-rpm/scripts/query-spec
2020-01-17 04:26:51.478174 +0000 build-fedora4: + /home/user/builder-r4.1-dom0/qubes-src/builder-rpm/scripts/../tools/spectool --list-files --source 0 /tmp/tmp.CrivSL.spec
2020-01-17 04:26:51.524425 +0000 build-fedora4: + rm -f /tmp/tmp.CrivSL.spec
2020-01-17 04:26:51.527427 +0000 build-fedora4: /home/user/builder-r4.1-dom0/qubes-src/builder-rpm/Makefile.rpmbuilder:177: target 'sign-prep' does not exist
2020-01-17 04:26:51.527466 +0000 build-fedora4: if [ -n "qubes-gpg-client-wrapper" ]; then \
2020-01-17 04:26:51.527493 +0000 build-fedora4: .mkdir -p /home/user/builder-r4.1-dom0/keyrings/rpmdb; \
2020-01-17 04:26:51.527508 +0000 build-fedora4: .qubes-gpg-client-wrapper --armor --export "5817A43B283DE5A9181A522E1848792F9E2795E9" > "/tmp/key_5817A43B283DE5A9181A522E1848792F9E2795E9"; \
2020-01-17 04:26:51.527523 +0000 build-fedora4: .rpmkeys --dbpath=/home/user/builder-r4.1-dom0/keyrings/rpmdb --import "/tmp/key_5817A43B283DE5A9181A522E1848792F9E2795E9"; \
2020-01-17 04:26:51.527533 +0000 build-fedora4: fi
2020-01-17 04:26:51.536384 +0000 build-fedora4: + ERR_OUTPUT=/dev/stderr
2020-01-17 04:26:51.536425 +0000 build-fedora4: + '[' 2 -lt 2 ']'
2020-01-17 04:26:51.537300 +0000 build-fedora4: ++ basename qubes-src/core-admin/rpm_spec/core-dom0.spec.in
2020-01-17 04:26:51.537745 +0000 build-fedora4: + [[ xcore-dom0.spec.in == \x\.\i\n ]]
2020-01-17 04:26:51.537772 +0000 build-fedora4: + '[' -r qubes-src/core-admin/rpm_spec/core-dom0.spec.in ']'
2020-01-17 04:26:51.537784 +0000 build-fedora4: ++ mktemp --tmpdir tmp.XXXXXX.spec
2020-01-17 04:26:51.538542 +0000 build-fedora4: + tmp_spec=/tmp/tmp.8RNQog.spec
2020-01-17 04:26:51.538678 +0000 build-fedora4: ++ dirname /home/user/builder-r4.1-dom0/qubes-src/builder-rpm/scripts/query-spec
2020-01-17 04:26:51.539348 +0000 build-fedora4: + /home/user/builder-r4.1-dom0/qubes-src/builder-rpm/scripts/generate-spec qubes-src/core-admin/rpm_spec/core-dom0.spec.in /tmp/tmp.8RNQog.spec
2020-01-17 04:26:51.540413 +0000 build-fedora4: + '[' 2 -lt 2 ']'
2020-01-17 04:26:51.540441 +0000 build-fedora4: + '[' -z qubes-src/core-admin ']'
2020-01-17 04:26:51.540457 +0000 build-fedora4: + cp qubes-src/core-admin/rpm_spec/core-dom0.spec.in qubes-src/core-admin/rpm_spec/core-dom0.spec.in.tmp
2020-01-17 04:26:51.541621 +0000 build-fedora4: + read -r ver
2020-01-17 04:26:51.541648 +0000 build-fedora4: + '[' x = x ']'
2020-01-17 04:26:51.541661 +0000 build-fedora4: + sed -i 's|@VERSION@|4.1.7|g' qubes-src/core-admin/rpm_spec/core-dom0.spec.in.tmp
2020-01-17 04:26:51.543420 +0000 build-fedora4: + vnum=1
2020-01-17 04:26:51.543452 +0000 build-fedora4: + read -r ver
2020-01-17 04:26:51.543597 +0000 build-fedora4: + '[' -e qubes-src/core-admin/rel ']'
2020-01-17 04:26:51.543616 +0000 build-fedora4: + grep -q @REL@ qubes-src/core-admin/rpm_spec/core-dom0.spec.in.tmp
2020-01-17 04:26:51.544420 +0000 build-fedora4: + sed -i -e s:@BACKEND_VMM@:xen:g qubes-src/core-admin/rpm_spec/core-dom0.spec.in.tmp
2020-01-17 04:26:51.546215 +0000 build-fedora4: + grep -q @CHANGELOG@ qubes-src/core-admin/rpm_spec/core-dom0.spec.in.tmp
2020-01-17 04:26:51.547406 +0000 build-fedora4: ++ dirname /home/user/builder-r4.1-dom0/qubes-src/builder-rpm/scripts/generate-spec
2020-01-17 04:26:51.548204 +0000 build-fedora4: + /home/user/builder-r4.1-dom0/qubes-src/builder-rpm/scripts/generate-changelog qubes-src/core-admin qubes-src/core-admin/rpm_spec/core-dom0.spec.in.tmp
2020-01-17 04:26:51.717194 +0000 build-fedora4: + cat qubes-src/core-admin/rpm_spec/core-dom0.spec.in.tmp
2020-01-17 04:26:51.717970 +0000 build-fedora4: + rm -rf qubes-src/core-admin/rpm_spec/core-dom0.spec.in.tmp
2020-01-17 04:26:51.719633 +0000 build-fedora4: + '[' '%{SOURCE0}' = '%{SOURCE0}' ']'
2020-01-17 04:26:51.719761 +0000 build-fedora4: ++ dirname /home/user/builder-r4.1-dom0/qubes-src/builder-rpm/scripts/query-spec
2020-01-17 04:26:51.720549 +0000 build-fedora4: + /home/user/builder-r4.1-dom0/qubes-src/builder-rpm/scripts/../tools/spectool --list-files --source 0 /tmp/tmp.8RNQog.spec
2020-01-17 04:26:51.762758 +0000 build-fedora4: + rm -f /tmp/tmp.8RNQog.spec
2020-01-17 04:26:51.863518 +0000 build-fedora4: Error while vchan send, exiting
2020-01-17 04:26:51.871132 +0000 build-fedora4: /home/user/builder-r4.1-dom0/qubes-src/builder-rpm/Makefile.rpmbuilder:191: update target 'sign' due to: sign-prep
2020-01-17 04:26:51.871185 +0000 build-fedora4: cd qubes-src/core-admin && for pkg in pkgs/dom0-fc31/qubes-core-dom0-4.1.7-1.fc31.src.rpm pkgs/dom0-fc31/qubes-core-dom0-4.1.7-1.fc31.x86_64.rpm pkgs/dom0-fc31/qubes-core-dom0-debuginfo-4.1.7-1.fc31.x86_64.rpm pkgs/dom0-fc31/qubes-core-dom0-debugsource-4.1.7-1.fc31.x86_64.rpm pkgs/dom0-fc31/qubes-core-dom0-4.1.7-1.fc31.x86_64.buildinfo ; do \
2020-01-17 04:26:51.871213 +0000 build-fedora4: .if [ "${pkg##*.}" = "buildinfo" ]; then \
2020-01-17 04:26:51.871232 +0000 build-fedora4: ../home/user/builder-r4.1-dom0/qubes-src/builder-rpm/scripts/update-rpmbuildinfo "$pkg" | qubes-gpg-client-wrapper --clearsign --local-user 5817A43B283DE5A9181A522E1848792F9E2795E9 > "$pkg".tmp && \
2020-01-17 04:26:51.871242 +0000 build-fedora4: ..mv -f "$pkg".tmp "$pkg"; \
2020-01-17 04:26:51.871252 +0000 build-fedora4: .elif ! rpm -K $pkg | grep -qi pgp; then \
2020-01-17 04:26:51.871264 +0000 build-fedora4: ..setsid -w rpmsign  --digest-algo=sha256 --key-id=5817A43B283DE5A9181A522E1848792F9E2795E9 --addsign $pkg </dev/null || exit 1; \
2020-01-17 04:26:51.871310 +0000 build-fedora4: .fi; \
2020-01-17 04:26:51.871320 +0000 build-fedora4: done
2020-01-17 04:26:51.880139 +0000 build-fedora4: + ERR_OUTPUT=/dev/stderr
2020-01-17 04:26:51.880177 +0000 build-fedora4: + '[' 2 -lt 2 ']'
2020-01-17 04:26:51.881170 +0000 build-fedora4: ++ basename qubes-src/core-admin/rpm_spec/core-dom0.spec.in
2020-01-17 04:26:51.881519 +0000 build-fedora4: + [[ xcore-dom0.spec.in == \x\.\i\n ]]
2020-01-17 04:26:51.881546 +0000 build-fedora4: + '[' -r qubes-src/core-admin/rpm_spec/core-dom0.spec.in ']'
2020-01-17 04:26:51.881558 +0000 build-fedora4: ++ mktemp --tmpdir tmp.XXXXXX.spec
2020-01-17 04:26:51.882312 +0000 build-fedora4: + tmp_spec=/tmp/tmp.pVfZd9.spec
2020-01-17 04:26:51.882474 +0000 build-fedora4: ++ dirname /home/user/builder-r4.1-dom0/qubes-src/builder-rpm/scripts/query-spec
2020-01-17 04:26:51.883154 +0000 build-fedora4: + /home/user/builder-r4.1-dom0/qubes-src/builder-rpm/scripts/generate-spec qubes-src/core-admin/rpm_spec/core-dom0.spec.in /tmp/tmp.pVfZd9.spec
2020-01-17 04:26:51.884199 +0000 build-fedora4: + '[' 2 -lt 2 ']'
2020-01-17 04:26:51.884229 +0000 build-fedora4: + '[' -z qubes-src/core-admin ']'
2020-01-17 04:26:51.884246 +0000 build-fedora4: + cp qubes-src/core-admin/rpm_spec/core-dom0.spec.in qubes-src/core-admin/rpm_spec/core-dom0.spec.in.tmp
2020-01-17 04:26:51.885466 +0000 build-fedora4: + read -r ver
2020-01-17 04:26:51.885493 +0000 build-fedora4: + '[' x = x ']'
2020-01-17 04:26:51.885507 +0000 build-fedora4: + sed -i 's|@VERSION@|4.1.7|g' qubes-src/core-admin/rpm_spec/core-dom0.spec.in.tmp
2020-01-17 04:26:51.887274 +0000 build-fedora4: + vnum=1
2020-01-17 04:26:51.887307 +0000 build-fedora4: + read -r ver
2020-01-17 04:26:51.887416 +0000 build-fedora4: + '[' -e qubes-src/core-admin/rel ']'
2020-01-17 04:26:51.887434 +0000 build-fedora4: + grep -q @REL@ qubes-src/core-admin/rpm_spec/core-dom0.spec.in.tmp
2020-01-17 04:26:51.888221 +0000 build-fedora4: + sed -i -e s:@BACKEND_VMM@:xen:g qubes-src/core-admin/rpm_spec/core-dom0.spec.in.tmp
2020-01-17 04:26:51.890025 +0000 build-fedora4: + grep -q @CHANGELOG@ qubes-src/core-admin/rpm_spec/core-dom0.spec.in.tmp
2020-01-17 04:26:51.891194 +0000 build-fedora4: ++ dirname /home/user/builder-r4.1-dom0/qubes-src/builder-rpm/scripts/generate-spec
2020-01-17 04:26:51.891951 +0000 build-fedora4: + /home/user/builder-r4.1-dom0/qubes-src/builder-rpm/scripts/generate-changelog qubes-src/core-admin qubes-src/core-admin/rpm_spec/core-dom0.spec.in.tmp
2020-01-17 04:26:52.221608 +0000 build-fedora4: + cat qubes-src/core-admin/rpm_spec/core-dom0.spec.in.tmp
2020-01-17 04:26:52.221649 +0000 build-fedora4: + rm -rf qubes-src/core-admin/rpm_spec/core-dom0.spec.in.tmp
2020-01-17 04:26:52.236101 +0000 build-fedora4: + '[' '%{SOURCE0}' = '%{SOURCE0}' ']'
2020-01-17 04:26:52.236145 +0000 build-fedora4: ++ dirname /home/user/builder-r4.1-dom0/qubes-src/builder-rpm/scripts/query-spec
2020-01-17 04:26:52.236165 +0000 build-fedora4: + /home/user/builder-r4.1-dom0/qubes-src/builder-rpm/scripts/../tools/spectool --list-files --source 0 /tmp/tmp.pVfZd9.spec
2020-01-17 04:26:52.341931 +0000 build-fedora4: + rm -f /tmp/tmp.pVfZd9.spec
2020-01-17 04:26:52.893426 +0000 build-fedora4: pkgs/dom0-fc31/qubes-core-dom0-4.1.7-1.fc31.src.rpm:
2020-01-17 04:26:53.287733 +0000 build-fedora4: pkgs/dom0-fc31/qubes-core-dom0-4.1.7-1.fc31.x86_64.rpm:
2020-01-17 04:26:53.693494 +0000 build-fedora4: pkgs/dom0-fc31/qubes-core-dom0-debuginfo-4.1.7-1.fc31.x86_64.rpm:
2020-01-17 04:26:54.163592 +0000 build-fedora4: pkgs/dom0-fc31/qubes-core-dom0-debugsource-4.1.7-1.fc31.x86_64.rpm:
2020-01-17 04:26:54.373117 +0000 build-fedora4: Makefile:812: target 'internal-update-repo-current-testing.dom0.fc31.core-admin' does not exist
2020-01-17 04:26:54.373158 +0000 build-fedora4: repo_base_var="LINUX_REPO_fc31_BASEDIR"; \
2020-01-17 04:26:54.373173 +0000 build-fedora4: if [ "core-admin" = linux-template-builder ]; then \
2020-01-17 04:26:54.373185 +0000 build-fedora4: .# templates belongs to dom0 repository, even though PACKAGE_SET=vm
2020-01-17 04:26:54.373195 +0000 build-fedora4: repo_base_var="LINUX_REPO_fc31_BASEDIR"; \
2020-01-17 04:26:54.373203 +0000 build-fedora4: fi; \
2020-01-17 04:26:54.373212 +0000 build-fedora4: if [ -n "${!repo_base_var}" ]; then \
2020-01-17 04:26:54.373221 +0000 build-fedora4: .repo_basedir="${!repo_base_var}"; \
2020-01-17 04:26:54.373228 +0000 build-fedora4: else \
2020-01-17 04:26:54.373237 +0000 build-fedora4: .repo_basedir="qubes-src/linux-yum/r4.1"; \
2020-01-17 04:26:54.373244 +0000 build-fedora4: fi; \
2020-01-17 04:26:54.373253 +0000 build-fedora4: if [ -r qubes-src/core-admin/Makefile.builder ]; then \
2020-01-17 04:26:54.373262 +0000 build-fedora4: .echo -n "Updating qubes-src/core-admin... "; \
2020-01-17 04:26:54.373304 +0000 build-fedora4: .if [ "0" -eq 1 ]; then \
2020-01-17 04:26:54.373318 +0000 build-fedora4: ..vtag=`git -C qubes-src/core-admin tag --points-at HEAD --list v*`; \
2020-01-17 04:26:54.373327 +0000 build-fedora4: ..if [ -z "$vtag" ]; then \
2020-01-17 04:26:54.373336 +0000 build-fedora4: ...echo "no version tag"; \
2020-01-17 04:26:54.373343 +0000 build-fedora4: ...exit 0; \
2020-01-17 04:26:54.373351 +0000 build-fedora4: ..fi; \
2020-01-17 04:26:54.373359 +0000 build-fedora4: .fi; \
2020-01-17 04:26:54.373368 +0000 build-fedora4: .if [ "core-admin" = linux-template-builder ]; then
2020-01-17 04:26:54.373379 +0000 build-fedora4: export TEMPLATE_NAME=$(MAKEFLAGS= make -s -C qubes-src/linux-template-builder DIST=fc31 template-name)
2020-01-17 04:26:54.373388 +0000 build-fedora4: fi
2020-01-17 04:26:54.373409 +0000 build-fedora4: component_packages=$(MAKEFLAGS= make -s -f Makefile.generic DIST=fc31 PACKAGE_SET=dom0 COMPONENT=`basename qubes-src/core-admin` UPDATE_REPO=/home/user/builder-r4.1-dom0/$repo_basedir/current-testing/dom0/fc31 get-var GET_VAR=PACKAGE_LIST); \
2020-01-17 04:26:54.373420 +0000 build-fedora4: .if [ -z "$component_packages" ]; then \
2020-01-17 04:26:54.373428 +0000 build-fedora4: ..echo "no packages."; \
2020-01-17 04:26:54.373436 +0000 build-fedora4: ..exit 0; \
2020-01-17 04:26:54.373443 +0000 build-fedora4: .fi; \
2020-01-17 04:26:54.373452 +0000 build-fedora4: .make -s -f Makefile.generic DIST=fc31 PACKAGE_SET=dom0 \
2020-01-17 04:26:54.373461 +0000 build-fedora4: ..COMPONENT=`basename qubes-src/core-admin` \
2020-01-17 04:26:54.373470 +0000 build-fedora4: ..SNAPSHOT_REPO=current-testing \
2020-01-17 04:26:54.373478 +0000 build-fedora4: ..TARGET_REPO=current-testing \
2020-01-17 04:26:54.373489 +0000 build-fedora4: ..UPDATE_REPO=/home/user/builder-r4.1-dom0/$repo_basedir/current-testing/dom0/fc31 \
2020-01-17 04:26:54.373502 +0000 build-fedora4: ..SNAPSHOT_FILE=/home/user/builder-r4.1-dom0/repo-latest-snapshot/current-testing-dom0-fc31-`basename qubes-src/core-admin` \
2020-01-17 04:26:54.373513 +0000 build-fedora4: ..BUILD_LOG_URL=https://github.com/QubesOS/build-logs/tree/master/build-fedora4/log_2020-01-17_04-25-30 \
2020-01-17 04:26:54.373522 +0000 build-fedora4: ..update-repo || exit 1; \
2020-01-17 04:26:54.373533 +0000 build-fedora4: elif make -C qubes-src/core-admin -n update-repo-current-testing >/dev/null 2>/dev/null; then \
2020-01-17 04:26:54.373542 +0000 build-fedora4: .echo "Updating qubes-src/core-admin... "; \
2020-01-17 04:26:54.373568 +0000 build-fedora4: .DIST=fc31 UPDATE_REPO=/home/user/builder-r4.1-dom0/$repo_basedir/current-testing/dom0/fc31 \
2020-01-17 04:26:54.373578 +0000 build-fedora4: .make -s -C qubes-src/core-admin update-repo-current-testing || exit 1; \
2020-01-17 04:26:54.373586 +0000 build-fedora4: else \
2020-01-17 04:26:54.373595 +0000 build-fedora4: .echo -n "Updating qubes-src/core-admin... skipping."; \
2020-01-17 04:26:54.373602 +0000 build-fedora4: fi; \
2020-01-17 04:26:54.373609 +0000 build-fedora4: echo
2020-01-17 04:26:54.404578 +0000 build-fedora4: Updating qubes-src/core-admin... + ERR_OUTPUT=/dev/stderr
2020-01-17 04:26:54.404614 +0000 build-fedora4: + '[' 2 -lt 2 ']'
2020-01-17 04:26:54.404628 +0000 build-fedora4: ++ basename qubes-src/core-admin/rpm_spec/core-dom0.spec.in
2020-01-17 04:26:54.404638 +0000 build-fedora4: + [[ xcore-dom0.spec.in == \x\.\i\n ]]
2020-01-17 04:26:54.404649 +0000 build-fedora4: + '[' -r qubes-src/core-admin/rpm_spec/core-dom0.spec.in ']'
2020-01-17 04:26:54.404657 +0000 build-fedora4: ++ mktemp --tmpdir tmp.XXXXXX.spec
2020-01-17 04:26:54.410310 +0000 build-fedora4: + tmp_spec=/tmp/tmp.ueogpy.spec
2020-01-17 04:26:54.410346 +0000 build-fedora4: ++ dirname /home/user/builder-r4.1-dom0/qubes-src/builder-rpm/scripts/query-spec
2020-01-17 04:26:54.415397 +0000 build-fedora4: + /home/user/builder-r4.1-dom0/qubes-src/builder-rpm/scripts/generate-spec qubes-src/core-admin/rpm_spec/core-dom0.spec.in /tmp/tmp.ueogpy.spec
2020-01-17 04:26:54.416690 +0000 build-fedora4: + '[' 2 -lt 2 ']'
2020-01-17 04:26:54.416721 +0000 build-fedora4: + '[' -z qubes-src/core-admin ']'
2020-01-17 04:26:54.416737 +0000 build-fedora4: + cp qubes-src/core-admin/rpm_spec/core-dom0.spec.in qubes-src/core-admin/rpm_spec/core-dom0.spec.in.tmp
2020-01-17 04:26:54.419790 +0000 build-fedora4: + read -r ver
2020-01-17 04:26:54.419822 +0000 build-fedora4: + '[' x = x ']'
2020-01-17 04:26:54.419837 +0000 build-fedora4: + sed -i 's|@VERSION@|4.1.7|g' qubes-src/core-admin/rpm_spec/core-dom0.spec.in.tmp
2020-01-17 04:26:54.422919 +0000 build-fedora4: + vnum=1
2020-01-17 04:26:54.422950 +0000 build-fedora4: + read -r ver
2020-01-17 04:26:54.422963 +0000 build-fedora4: + '[' -e qubes-src/core-admin/rel ']'
2020-01-17 04:26:54.422975 +0000 build-fedora4: + grep -q @REL@ qubes-src/core-admin/rpm_spec/core-dom0.spec.in.tmp
2020-01-17 04:26:54.425215 +0000 build-fedora4: + sed -i -e s:@BACKEND_VMM@:xen:g qubes-src/core-admin/rpm_spec/core-dom0.spec.in.tmp
2020-01-17 04:26:54.429106 +0000 build-fedora4: + grep -q @CHANGELOG@ qubes-src/core-admin/rpm_spec/core-dom0.spec.in.tmp
2020-01-17 04:26:54.432299 +0000 build-fedora4: ++ dirname /home/user/builder-r4.1-dom0/qubes-src/builder-rpm/scripts/generate-spec
2020-01-17 04:26:54.432337 +0000 build-fedora4: + /home/user/builder-r4.1-dom0/qubes-src/builder-rpm/scripts/generate-changelog qubes-src/core-admin qubes-src/core-admin/rpm_spec/core-dom0.spec.in.tmp
2020-01-17 04:26:55.177673 +0000 build-fedora4: + cat qubes-src/core-admin/rpm_spec/core-dom0.spec.in.tmp
