2019-06-25 04:55:08.329661 +0000 > starting log
2019-06-25 04:55:08.330639 +0000 build-fedora4: > starting build with log
2019-06-25 04:55:08.330660 +0000 build-fedora4: >> make args: DISTS_VM= DIST_DOM0=fc29 qubes
2019-06-25 04:55:08.330670 +0000 build-fedora4: >> MAKEFLAGS=
2019-06-25 04:55:08.330679 +0000 build-fedora4: >> COMPONENTS=core-admin
2019-06-25 04:55:08.330686 +0000 build-fedora4: >> DISTS_VM=
2019-06-25 04:55:08.330693 +0000 build-fedora4: >> DIST_DOM0=
2019-06-25 04:55:08.330702 +0000 build-fedora4: >> qubes-builder 6f67329cd51815dd443b07347a78a143410e5767
2019-06-25 04:55:08.330709 +0000 build-fedora4: ?? rpmdb/Basenames
2019-06-25 04:55:08.330716 +0000 build-fedora4: ?? rpmdb/Conflictname
2019-06-25 04:55:08.330723 +0000 build-fedora4: ?? rpmdb/Dirnames
2019-06-25 04:55:08.330730 +0000 build-fedora4: ?? rpmdb/Enhancename
2019-06-25 04:55:08.330738 +0000 build-fedora4: ?? rpmdb/Filetriggername
2019-06-25 04:55:08.330744 +0000 build-fedora4: ?? rpmdb/Group
2019-06-25 04:55:08.330752 +0000 build-fedora4: ?? rpmdb/Installtid
2019-06-25 04:55:08.330758 +0000 build-fedora4: ?? rpmdb/Name
2019-06-25 04:55:08.330765 +0000 build-fedora4: ?? rpmdb/Obsoletename
2019-06-25 04:55:08.330772 +0000 build-fedora4: ?? rpmdb/Packages
2019-06-25 04:55:08.330779 +0000 build-fedora4: ?? rpmdb/Providename
2019-06-25 04:55:08.330786 +0000 build-fedora4: ?? rpmdb/Recommendname
2019-06-25 04:55:08.330793 +0000 build-fedora4: ?? rpmdb/Requirename
2019-06-25 04:55:08.330800 +0000 build-fedora4: ?? rpmdb/Sha1header
2019-06-25 04:55:08.330807 +0000 build-fedora4: ?? rpmdb/Sigmd5
2019-06-25 04:55:08.330814 +0000 build-fedora4: ?? rpmdb/Suggestname
2019-06-25 04:55:08.330821 +0000 build-fedora4: ?? rpmdb/Supplementname
2019-06-25 04:55:08.330829 +0000 build-fedora4: ?? rpmdb/Transfiletriggername
2019-06-25 04:55:08.330836 +0000 build-fedora4: ?? rpmdb/Triggername
2019-06-25 04:55:08.330843 +0000 build-fedora4: ?? rpmdb/__db.001
2019-06-25 04:55:08.330850 +0000 build-fedora4: ?? rpmdb/__db.002
2019-06-25 04:55:08.330856 +0000 build-fedora4: ?? rpmdb/__db.003
2019-06-25 04:55:08.330869 +0000 build-fedora4: 008b0cf1adb1626188d91420f233827deaf7adfb5b47362456f36d85ad23847c1f71868df26c8a9c779ea682938cf8a5cc7bb544e1efd26b60e5d0503fcfc084  rpmdb/Basenames
2019-06-25 04:55:08.330882 +0000 build-fedora4: 884a0ec7889cd47f6292cbf31ac87d46111b8bc4c3b7adef52ac8a9fe710a35f03a004539d8e161f3d8cc91e8da7a284881dbdcb49498eddf53c21bbfc216006  rpmdb/Conflictname
2019-06-25 04:55:08.330895 +0000 build-fedora4: c274c5bcc12f25c49757f116195f584f9c756c501470b1b2305c1686a9514f3259f98c8695a2974166f1e7240506a7ac58f5c913e86e81ef818cd397d4459975  rpmdb/Dirnames
2019-06-25 04:55:08.330908 +0000 build-fedora4: c928ff933ecd0a85f6ef0d02394749635c82190144ff53d9a6db682ccec4cfae212cf52c837c02d3fdf98486f0e2e2b758e7d89ab4df8e7598043dee93415279  rpmdb/Enhancename
2019-06-25 04:55:08.330921 +0000 build-fedora4: 8d3566f32829ba98f3d1e4ac5f0acee5cbd0fbdbc7175d389697014059888449783eb752a5b099dc66085bd4914ae81f05868469c68f57de3660cc06ff594e61  rpmdb/Filetriggername
2019-06-25 04:55:08.330934 +0000 build-fedora4: ee84857b49168c7774cb0d4024cbdeb1d82e25d2beeffcb671f6de2a2ce4af2e7cff22fcca3fb9df7e9f0d790fde595494687a1c0f01c1c05359c10eb0dc15ba  rpmdb/Group
2019-06-25 04:55:08.330947 +0000 build-fedora4: ca1dc65a2ca4521523e74c549262810c66158a8e4232eaf181ba891519f2cc9c0cc08be39791794fad25e474b92caea9547c9f03dc9504019fc623bf718c46a3  rpmdb/Installtid
2019-06-25 04:55:08.330959 +0000 build-fedora4: c633583c7bc3ebb69a8cfda02fbcf132a252b73a2f27fefa9aad3d0867740b12657083fe98ae7466187d48214d424801dd6c5c7eec9a0647d25ad5b7d9ebdba7  rpmdb/Name
2019-06-25 04:55:08.330972 +0000 build-fedora4: 657a8a73d94bc235266cbbb0e392c256beeb15114b3875cbb37a96e5c4b28d9714a166cd9d4d53f97888fea9a76e2626443d2421e3598a68c5e27b8aca5a9326  rpmdb/Obsoletename
2019-06-25 04:55:08.330985 +0000 build-fedora4: 9a21e8769b1e99ddb8960da3b51bb2d1b1ceec19d506f632c412d855c9fa5b86b165dc3dca5421cafd5a6cd731d385b28e6ed408f44a27c2b681fa7d2ff7c21f  rpmdb/Packages
2019-06-25 04:55:08.330998 +0000 build-fedora4: 63eb33f1e606e06004828e4497d56259e2d8eaf5940e98191e571454f3be702a2cd2c700641bd262d7ed15f3be717b07e7ee42e0672eb251b8c597c12062bcce  rpmdb/Providename
2019-06-25 04:55:08.331016 +0000 build-fedora4: b624b7c431628fce95f90366559a719bff8c0cfcd15827b9b05778ed21657efb6b31c186b3a0748fb0e20c2e23052fbb5b448d09bb7e64ff74db83ee12913d81  rpmdb/Recommendname
2019-06-25 04:55:08.331065 +0000 build-fedora4: 3f7f3fb436b518830d848b40e766faa20bb7afadd40113ae505844621ad9a652617fb1b27c89ab1f86630975aeb17a6b93665093c86d0b16a28f4b3ebd520453  rpmdb/Requirename
2019-06-25 04:55:08.331080 +0000 build-fedora4: 5ae8757a2070ecc3a43fb18ffa735526ff33830463461e70e9497869ed9b27ffa8af9c80b28b0277fb10243e3141d314cacb6b2bed63a42a83621323b286d6a6  rpmdb/Sha1header
2019-06-25 04:55:08.331093 +0000 build-fedora4: ff3f02f723f565cf9fda2f55aa8b1b3f94a0ebd6941a4db346554dc52171052328bf740313f11b0cb2f5dc2c57a677e151203c9ca39714154a80ea1a69ab245c  rpmdb/Sigmd5
2019-06-25 04:55:08.331106 +0000 build-fedora4: cc8c53cb1a50b572c3024630d5dd2be8b2fd6b0646bf16a5044ee70e8d0021aea7043b8018d66835c702fa2eead38a3b831415e6d758771641e408b21f0e8385  rpmdb/Suggestname
2019-06-25 04:55:08.331119 +0000 build-fedora4: ffa57bfe2644a54f63bf25139edb1c791fe06886e3ac3f8fac1a62b56deb808a94a15f21e506f0d021f050f941e8d6575c098cd4d44f2cead72e52f4e6750c3a  rpmdb/Supplementname
2019-06-25 04:55:08.331132 +0000 build-fedora4: c5d4acb597592645746a98a913caaae1b6bc57c26960c3b532d4a666bc40c05e92fde3db5b657eb1af87f83025d4ffd3f4a92ad755e3e4ed0cbb1f10ff1d3725  rpmdb/Transfiletriggername
2019-06-25 04:55:08.331145 +0000 build-fedora4: 2bbb7203986ebcd053c23a28845abe24d04dc5134d250e764b0a86ca50bfd5dcdb4b898974be1c7eeedb3b2a734014e21b9e8e59bd283e6c1dd2cb540cbb3e30  rpmdb/Triggername
2019-06-25 04:55:08.331158 +0000 build-fedora4: 0b55b26ea4700684d33370f06c5ac8f2d7ef093d786e590eadd6b9d178437443da51ba36952c83c89fad760390b1888c9c5cfbf83d6fc9d8627cb86c82b068e1  rpmdb/__db.001
2019-06-25 04:55:08.331171 +0000 build-fedora4: 5297ab576756ccf2befb017c8ac3a374b84ac979e7a6cec0652749ab8734a7d9fe86a5284eb16f3feda505e5bc73eccdd053bbc1520574f152791b7365d44b2a  rpmdb/__db.002
2019-06-25 04:55:08.331183 +0000 build-fedora4: ec498f7b10428daf9c5309e8eaec33118a4c0a0d829fc68bfdc6c1443ebaea07e5eb56b1151fae1da8e8e6f1d6a140d2bbc5f94d06ea1438a57e8e910b645460  rpmdb/__db.003
2019-06-25 04:55:08.331193 +0000 build-fedora4: >> qubes-builder/qubes-src/core-admin d94e13f7533718e7b45ffd7abb4138e8367758cc
2019-06-25 04:55:08.331202 +0000 build-fedora4: !! pkgs/dom0-fc29/core-dom0.spec.list
2019-06-25 04:55:08.331211 +0000 build-fedora4: !! pkgs/dom0-fc29/qubes-core-dom0-4.1.0-1.fc29.src.rpm
2019-06-25 04:55:08.331224 +0000 build-fedora4: !! pkgs/dom0-fc29/qubes-core-dom0-4.1.0-1.fc29.x86_64.rpm
2019-06-25 04:55:08.331234 +0000 build-fedora4: !! pkgs/dom0-fc29/qubes-core-dom0-debuginfo-4.1.0-1.fc29.x86_64.rpm
2019-06-25 04:55:08.331244 +0000 build-fedora4: !! pkgs/dom0-fc29/qubes-core-dom0-debugsource-4.1.0-1.fc29.x86_64.rpm
2019-06-25 04:55:08.331257 +0000 build-fedora4: 3388b42bc528aaf8b6128085c63ca7fbebc9e90e0fd5591cb6b6e872fd47b169c6e67c83381329330d7695cb5e582d5636aead2cf35f1857179b6626a7657570  pkgs/dom0-fc29/core-dom0.spec.list
2019-06-25 04:55:08.331275 +0000 build-fedora4: 8a36c24729e570f751d50146f8e7b05ea4e5271aeb9e9e271392ee66085cb4f6b528533701ce60e3a7e3cd72ad7c3def8e4293953cb881a2224c7a834c0624b4  pkgs/dom0-fc29/qubes-core-dom0-4.1.0-1.fc29.src.rpm
2019-06-25 04:55:08.331290 +0000 build-fedora4: 2b606995358785fc23ac7a018f3711ed325d2233a9dd93299d419c8f2cba32b201b28add86fff6684cd1c33212603100cea2237ada12103ce9f68dceee80b97e  pkgs/dom0-fc29/qubes-core-dom0-4.1.0-1.fc29.x86_64.rpm
2019-06-25 04:55:08.331305 +0000 build-fedora4: 2ee17dfd83f829d1064be1d948b668d51557e674438e9e6573d956d54a5cda26d14d28725d37d01def7b1d3a78441ca82ee9ca20fab85bb380f4e80426f59454  pkgs/dom0-fc29/qubes-core-dom0-debuginfo-4.1.0-1.fc29.x86_64.rpm
2019-06-25 04:55:08.331320 +0000 build-fedora4: 122470d4a0051299c1adca132c16f8144d5ca5da9e10091151fde06833e57221f80d3d64b27931a281c3f9202d30a81650e89704351094f1dbd2d784020fe83c  pkgs/dom0-fc29/qubes-core-dom0-debugsource-4.1.0-1.fc29.x86_64.rpm
2019-06-25 04:55:08.333546 +0000 build-fedora4: ================================================================================
2019-06-25 04:55:08.333585 +0000 build-fedora4:                            B U I L D   I N F O                                  
2019-06-25 04:55:08.333598 +0000 build-fedora4: Items in red indicate it was automatically generated by configuration file(s)
2019-06-25 04:55:08.333610 +0000 build-fedora4: Items in white indicate it was automatically removed by configuration file(s)
2019-06-25 04:55:08.333620 +0000 build-fedora4: ================================================================================
2019-06-25 04:55:08.333825 +0000 build-fedora4: DISTS_VM:
2019-06-25 04:55:08.335197 +0000 build-fedora4:     
2019-06-25 04:55:08.335230 +0000 build-fedora4: DISTS_ALL:
2019-06-25 04:55:08.337285 +0000 build-fedora4:      dom0-fc29,
2019-06-25 04:55:08.337323 +0000 build-fedora4: DIST_DOM0:
2019-06-25 04:55:08.337726 +0000 build-fedora4:      fc29,
2019-06-25 04:55:08.338238 +0000 build-fedora4: BUILDER_PLUGINS:
2019-06-25 04:55:08.339789 +0000 build-fedora4:      builder-rpm, builder-debian, mgmt-salt, linux-yum, builder-github,
2019-06-25 04:55:08.340273 +0000 build-fedora4: COMPONENTS:
2019-06-25 04:55:08.341412 +0000 build-fedora4:      core-admin,
2019-06-25 04:55:08.341890 +0000 build-fedora4: GIT_REPOS:
2019-06-25 04:55:08.343314 +0000 build-fedora4:      qubes-src/core-admin,
2019-06-25 04:55:08.343942 +0000 build-fedora4: TEMPLATE:
2019-06-25 04:55:08.345203 +0000 build-fedora4:     
2019-06-25 04:55:08.345734 +0000 build-fedora4: TEMPLATE_FLAVOR_DIR:
2019-06-25 04:55:08.347048 +0000 build-fedora4:     
2019-06-25 04:55:08.347606 +0000 build-fedora4: TEMPLATE_ALIAS:
2019-06-25 04:55:08.348996 +0000 build-fedora4:      stretch:stretch+standard, stretch+gnome:stretch+gnome+standard,
2019-06-25 04:55:08.349027 +0000 build-fedora4:      stretch+minimal:stretch+minimal+no-recommends,
2019-06-25 04:55:08.349040 +0000 build-fedora4:      whonix-gateway-14:stretch+whonix-gateway+minimal+no-recommends,
2019-06-25 04:55:08.349051 +0000 build-fedora4:      whonix-workstation-14:stretch+whonix-workstation+minimal+no-recommends,
2019-06-25 04:55:08.349084 +0000 build-fedora4:      whonix-gateway:jessie+whonix-gateway+minimal+no-recommends,
2019-06-25 04:55:08.349096 +0000 build-fedora4:      whonix-workstation:jessie+whonix-workstation+minimal+no-recommends,
2019-06-25 04:55:08.349621 +0000 build-fedora4: TEMPLATE_LABEL:
2019-06-25 04:55:08.350878 +0000 build-fedora4:      fc29:fedora-29 fc29+minimal:fedora-29-minimal fc29+xfce:fedora-29-xfce stretch:debian-9
2019-06-25 04:55:08.350909 +0000 build-fedora4:      stretch+standard:debian-9 centos7:centos-7 centos7+minimal:centos-7-minimal
2019-06-25 04:55:08.350924 +0000 build-fedora4:      centos7+xfce:centos-7-xfce stretch+whonix-gateway+minimal+no-recommends:whonix-gw-14
2019-06-25 04:55:08.350935 +0000 build-fedora4:      stretch+whonix-workstation+minimal+no-recommends:whonix-ws-14
2019-06-25 04:55:08.350945 +0000 build-fedora4:      jessie+whonix-gateway+minimal+no-recommends:whonix-gw
2019-06-25 04:55:08.350955 +0000 build-fedora4:      jessie+whonix-workstation+minimal+no-recommends:whonix-ws
2019-06-25 04:55:08.364169 +0000 build-fedora4: > running make
2019-06-25 04:55:08.374619 +0000 build-fedora4: Makefile:998: target 'build-info' does not exist
2019-06-25 04:55:08.374662 +0000 build-fedora4: echo "================================================================================"
2019-06-25 04:55:08.374684 +0000 build-fedora4: echo "                           B U I L D   I N F O                                  "
2019-06-25 04:55:08.374697 +0000 build-fedora4: echo -e "Items in red indicate it was automatically generated by configuration file(s)"
2019-06-25 04:55:08.374710 +0000 build-fedora4: echo -e "Items in white indicate it was automatically removed by configuration file(s)"
2019-06-25 04:55:08.374722 +0000 build-fedora4: echo "================================================================================"
2019-06-25 04:55:08.374733 +0000 build-fedora4: # (1): Item Color, (2): Label, (3): Item, (4): Original item used to compare if changed
2019-06-25 04:55:08.374755 +0000 build-fedora4: echo -e "DISTS_VM:"; echo -e " " | fmt -w110  | sed -e 's/^/    /'
2019-06-25 04:55:08.374769 +0000 build-fedora4: echo -e "DISTS_ALL:"; echo -e " dom0-fc29," | fmt -w110  | sed -e 's/^/    /'
2019-06-25 04:55:08.374781 +0000 build-fedora4: echo -e "DIST_DOM0:"; echo -e " fc29," | fmt -w110  | sed -e 's/^/    /'
2019-06-25 04:55:08.374797 +0000 build-fedora4: echo -e "BUILDER_PLUGINS:"; echo -e " builder-rpm, builder-debian, mgmt-salt, linux-yum, builder-github," | fmt -w110  | sed -e 's/^/    /'
2019-06-25 04:55:08.374810 +0000 build-fedora4: echo -e "COMPONENTS:"; echo -e " core-admin," | fmt -w110  | sed -e 's/^/    /'
2019-06-25 04:55:08.374823 +0000 build-fedora4: echo -e "GIT_REPOS:"; echo -e " qubes-src/core-admin," | fmt -w110  | sed -e 's/^/    /'
2019-06-25 04:55:08.374834 +0000 build-fedora4: echo -e "TEMPLATE:"; echo -e " " | fmt -w110  | sed -e 's/^/    /'
2019-06-25 04:55:08.374845 +0000 build-fedora4: echo -e "TEMPLATE_FLAVOR_DIR:"; echo -e " " | fmt -w110  | sed -e 's/^/    /'
2019-06-25 04:55:08.374877 +0000 build-fedora4: echo -e "TEMPLATE_ALIAS:"; echo -e " stretch:stretch+standard, stretch+gnome:stretch+gnome+standard, stretch+minimal:stretch+minimal+no-recommends, whonix-gateway-14:stretch+whonix-gateway+minimal+no-recommends, whonix-workstation-14:stretch+whonix-workstation+minimal+no-recommends, whonix-gateway:jessie+whonix-gateway+minimal+no-recommends, whonix-workstation:jessie+whonix-workstation+minimal+no-recommends," | fmt -w110  | sed -e 's/^/    /'
2019-06-25 04:55:08.374913 +0000 build-fedora4: echo -e "TEMPLATE_LABEL:"; echo -e " fc29:fedora-29 fc29+minimal:fedora-29-minimal fc29+xfce:fedora-29-xfce stretch:debian-9 stretch+standard:debian-9 centos7:centos-7 centos7+minimal:centos-7-minimal centos7+xfce:centos-7-xfce stretch+whonix-gateway+minimal+no-recommends:whonix-gw-14 stretch+whonix-workstation+minimal+no-recommends:whonix-ws-14 jessie+whonix-gateway+minimal+no-recommends:whonix-gw jessie+whonix-workstation+minimal+no-recommends:whonix-ws" | fmt -w110  | sed -e 's/^/    /'
2019-06-25 04:55:08.374925 +0000 build-fedora4: for component in core-admin; do \
2019-06-25 04:55:08.374937 +0000 build-fedora4: .component_env_var=`make -s get-var GET_VAR=ENV_${component//-/_}`; \
2019-06-25 04:55:08.374953 +0000 build-fedora4: .if [ ! -z "$component_env_var" ]; then echo -e "ENV_${component//-/_}:"; echo -e " ${component_env_var}, """ | fmt -w110  | sed -e 's/^/    /'; fi; \
2019-06-25 04:55:08.374962 +0000 build-fedora4: done
2019-06-25 04:55:08.375787 +0000 build-fedora4: ================================================================================
2019-06-25 04:55:08.375814 +0000 build-fedora4:                            B U I L D   I N F O                                  
2019-06-25 04:55:08.375828 +0000 build-fedora4: Items in red indicate it was automatically generated by configuration file(s)
2019-06-25 04:55:08.375840 +0000 build-fedora4: Items in white indicate it was automatically removed by configuration file(s)
2019-06-25 04:55:08.376172 +0000 build-fedora4: ================================================================================
2019-06-25 04:55:08.376192 +0000 build-fedora4: DISTS_VM:
2019-06-25 04:55:08.377552 +0000 build-fedora4:     
2019-06-25 04:55:08.377941 +0000 build-fedora4: DISTS_ALL:
2019-06-25 04:55:08.379271 +0000 build-fedora4:      dom0-fc29,
2019-06-25 04:55:08.379982 +0000 build-fedora4: DIST_DOM0:
2019-06-25 04:55:08.381592 +0000 build-fedora4:      fc29,
2019-06-25 04:55:08.382106 +0000 build-fedora4: BUILDER_PLUGINS:
2019-06-25 04:55:08.385065 +0000 build-fedora4:      builder-rpm, builder-debian, mgmt-salt, linux-yum, builder-github,
2019-06-25 04:55:08.385496 +0000 build-fedora4: COMPONENTS:
2019-06-25 04:55:08.387496 +0000 build-fedora4:      core-admin,
2019-06-25 04:55:08.388001 +0000 build-fedora4: GIT_REPOS:
2019-06-25 04:55:08.389178 +0000 build-fedora4:      qubes-src/core-admin,
2019-06-25 04:55:08.389599 +0000 build-fedora4: TEMPLATE:
2019-06-25 04:55:08.390792 +0000 build-fedora4:     
2019-06-25 04:55:08.391428 +0000 build-fedora4: TEMPLATE_FLAVOR_DIR:
2019-06-25 04:55:08.392922 +0000 build-fedora4:     
2019-06-25 04:55:08.395902 +0000 build-fedora4: TEMPLATE_ALIAS:
2019-06-25 04:55:08.396372 +0000 build-fedora4:      stretch:stretch+standard, stretch+gnome:stretch+gnome+standard,
2019-06-25 04:55:08.396400 +0000 build-fedora4:      stretch+minimal:stretch+minimal+no-recommends,
2019-06-25 04:55:08.396413 +0000 build-fedora4:      whonix-gateway-14:stretch+whonix-gateway+minimal+no-recommends,
2019-06-25 04:55:08.396425 +0000 build-fedora4:      whonix-workstation-14:stretch+whonix-workstation+minimal+no-recommends,
2019-06-25 04:55:08.396436 +0000 build-fedora4:      whonix-gateway:jessie+whonix-gateway+minimal+no-recommends,
2019-06-25 04:55:08.396446 +0000 build-fedora4:      whonix-workstation:jessie+whonix-workstation+minimal+no-recommends,
2019-06-25 04:55:08.396831 +0000 build-fedora4: TEMPLATE_LABEL:
2019-06-25 04:55:08.398372 +0000 build-fedora4:      fc29:fedora-29 fc29+minimal:fedora-29-minimal fc29+xfce:fedora-29-xfce stretch:debian-9
2019-06-25 04:55:08.398407 +0000 build-fedora4:      stretch+standard:debian-9 centos7:centos-7 centos7+minimal:centos-7-minimal
2019-06-25 04:55:08.398422 +0000 build-fedora4:      centos7+xfce:centos-7-xfce stretch+whonix-gateway+minimal+no-recommends:whonix-gw-14
2019-06-25 04:55:08.398433 +0000 build-fedora4:      stretch+whonix-workstation+minimal+no-recommends:whonix-ws-14
2019-06-25 04:55:08.398443 +0000 build-fedora4:      jessie+whonix-gateway+minimal+no-recommends:whonix-gw
2019-06-25 04:55:08.398453 +0000 build-fedora4:      jessie+whonix-workstation+minimal+no-recommends:whonix-ws
2019-06-25 04:55:08.414815 +0000 build-fedora4: ENV_core_admin:
2019-06-25 04:55:08.415124 +0000 build-fedora4:      Makefile:1056: target 'get-var' does not exist
2019-06-25 04:55:08.415151 +0000 build-fedora4:     GET_VAR=${!GET_VAR}; \ echo "${GET_VAR}",
2019-06-25 04:55:08.420272 +0000 build-fedora4: Makefile:209: target 'check-depend.rpm' does not exist
2019-06-25 04:55:08.420317 +0000 build-fedora4: echo "Currently installed dependencies:" && rpm -q --whatprovides PyYAML createrepo debootstrap devscripts dpkg-dev git pbuilder perl-Digest-MD5 perl-Digest-SHA python2-sh rpm-build rpm-sign rpmdevtools wget || \
2019-06-25 04:55:08.420335 +0000 build-fedora4: .{ echo "ERROR: call 'make install-deps' to install missing dependencies"; exit 1; }
2019-06-25 04:55:08.421067 +0000 build-fedora4: Currently installed dependencies:
2019-06-25 04:55:08.427044 +0000 build-fedora4: python2-pyyaml-4.2-0.1.b4.fc29.x86_64
2019-06-25 04:55:08.427204 +0000 build-fedora4: createrepo_c-0.12.1-1.fc29.x86_64
2019-06-25 04:55:08.427314 +0000 build-fedora4: debootstrap-1.0.109-3.fc29.noarch
2019-06-25 04:55:08.427805 +0000 build-fedora4: devscripts-2.19.2-3.fc29.x86_64
2019-06-25 04:55:08.428246 +0000 build-fedora4: dpkg-dev-1.18.25-8.fc29.noarch
2019-06-25 04:55:08.428930 +0000 build-fedora4: git-2.20.1-1.fc29.x86_64
2019-06-25 04:55:08.429392 +0000 build-fedora4: pbuilder-0.229.3-2.fc29.noarch
2019-06-25 04:55:08.429531 +0000 build-fedora4: perl-Digest-MD5-2.55-417.fc29.x86_64
2019-06-25 04:55:08.429639 +0000 build-fedora4: perl-Digest-SHA-6.02-4.fc29.x86_64
2019-06-25 04:55:08.429793 +0000 build-fedora4: python2-sh-1.12.14-10.fc29.noarch
2019-06-25 04:55:08.430109 +0000 build-fedora4: rpm-build-4.14.2.1-2.fc29.x86_64
2019-06-25 04:55:08.430376 +0000 build-fedora4: rpm-sign-4.14.2.1-2.fc29.x86_64
2019-06-25 04:55:08.430628 +0000 build-fedora4: rpmdevtools-8.10-7.fc29.noarch
2019-06-25 04:55:08.430890 +0000 build-fedora4: wget-1.20.1-1.fc29.x86_64
2019-06-25 04:55:08.431775 +0000 build-fedora4: Makefile:231: update target 'core-admin-dom0' due to: check-depend
2019-06-25 04:55:08.431823 +0000 build-fedora4: if [ -n "core-admin" -a "0" -ne 0 ]; then BRANCH=master; branch_var="BRANCH_core_admin"; [ -n "${!branch_var}" ] && BRANCH="${!branch_var}"; pushd qubes-src/core-admin > /dev/null; CURRENT_BRANCH=`git symbolic-ref --short HEAD 2>/dev/null || git describe --tags --exact-match HEAD`; if [ "$BRANCH" != "$CURRENT_BRANCH" ]; then echo "-> ERROR: Wrong branch $branch_var=$CURRENT_BRANCH (expected $BRANCH)"; exit 1; fi; popd > /dev/null; fi
2019-06-25 04:55:08.431849 +0000 build-fedora4: if [ -r qubes-src/core-admin/Makefile.builder ]; then \
2019-06-25 04:55:08.431864 +0000 build-fedora4: .make -f Makefile.generic DIST=fc29 PACKAGE_SET=dom0 COMPONENT=core-admin ENV_COMPONENT= all || exit 1; \
2019-06-25 04:55:08.431877 +0000 build-fedora4: elif [ -n "`make -n -s -C qubes-src/core-admin rpms-dom0 2> /dev/null`" ]; then \
2019-06-25 04:55:08.431887 +0000 build-fedora4:     MAKE_TARGET="rpms-dom0" ./scripts/build fc29 core-admin || exit 1; \
2019-06-25 04:55:08.431895 +0000 build-fedora4: fi
2019-06-25 04:55:08.434608 +0000 build-fedora4: make[1]: Entering directory '/home/user/builder-r4.1-dom0'
2019-06-25 04:55:08.439139 +0000 build-fedora4: + ERR_OUTPUT=/dev/stderr
2019-06-25 04:55:08.439179 +0000 build-fedora4: + '[' 2 -lt 2 ']'
2019-06-25 04:55:08.439192 +0000 build-fedora4: ++ basename qubes-src/core-admin/rpm_spec/core-dom0.spec.in
2019-06-25 04:55:08.441564 +0000 build-fedora4: + [[ xcore-dom0.spec.in == \x\.\i\n ]]
2019-06-25 04:55:08.441604 +0000 build-fedora4: + '[' -r qubes-src/core-admin/rpm_spec/core-dom0.spec.in ']'
2019-06-25 04:55:08.441616 +0000 build-fedora4: ++ mktemp --tmpdir tmp.XXXXXX.spec
2019-06-25 04:55:08.443266 +0000 build-fedora4: + tmp_spec=/tmp/tmp.7bHa3R.spec
2019-06-25 04:55:08.443304 +0000 build-fedora4: ++ dirname /home/user/builder-r4.1-dom0/qubes-src/builder-rpm/scripts/query-spec
2019-06-25 04:55:08.444777 +0000 build-fedora4: + /home/user/builder-r4.1-dom0/qubes-src/builder-rpm/scripts/generate-spec qubes-src/core-admin/rpm_spec/core-dom0.spec.in /tmp/tmp.7bHa3R.spec
2019-06-25 04:55:08.444810 +0000 build-fedora4: + '[' 2 -lt 2 ']'
2019-06-25 04:55:08.444822 +0000 build-fedora4: + '[' -z qubes-src/core-admin ']'
2019-06-25 04:55:08.444835 +0000 build-fedora4: + cp qubes-src/core-admin/rpm_spec/core-dom0.spec.in qubes-src/core-admin/rpm_spec/core-dom0.spec.in.tmp
2019-06-25 04:55:08.446783 +0000 build-fedora4: + read -r ver
2019-06-25 04:55:08.447683 +0000 build-fedora4: ++ echo 4.1.1
2019-06-25 04:55:08.447708 +0000 build-fedora4: ++ sed s/-rc/~rc/
2019-06-25 04:55:08.449551 +0000 build-fedora4: + ver=4.1.1
2019-06-25 04:55:08.449589 +0000 build-fedora4: + '[' x = x ']'
2019-06-25 04:55:08.449604 +0000 build-fedora4: + sed -i 's|@VERSION@|4.1.1|g' qubes-src/core-admin/rpm_spec/core-dom0.spec.in.tmp
2019-06-25 04:55:08.451966 +0000 build-fedora4: + vnum=1
2019-06-25 04:55:08.452002 +0000 build-fedora4: + read -r ver
2019-06-25 04:55:08.452015 +0000 build-fedora4: + '[' -e qubes-src/core-admin/rel ']'
2019-06-25 04:55:08.452060 +0000 build-fedora4: + grep -q @REL@ qubes-src/core-admin/rpm_spec/core-dom0.spec.in.tmp
2019-06-25 04:55:08.453462 +0000 build-fedora4: + sed -i -e s:@BACKEND_VMM@:xen:g qubes-src/core-admin/rpm_spec/core-dom0.spec.in.tmp
2019-06-25 04:55:08.455680 +0000 build-fedora4: + grep -q @CHANGELOG@ qubes-src/core-admin/rpm_spec/core-dom0.spec.in.tmp
2019-06-25 04:55:08.482092 +0000 build-fedora4: ++ dirname /home/user/builder-r4.1-dom0/qubes-src/builder-rpm/scripts/generate-spec
2019-06-25 04:55:08.482137 +0000 build-fedora4: + /home/user/builder-r4.1-dom0/qubes-src/builder-rpm/scripts/generate-changelog qubes-src/core-admin qubes-src/core-admin/rpm_spec/core-dom0.spec.in.tmp
2019-06-25 04:55:08.725805 +0000 build-fedora4: + cat qubes-src/core-admin/rpm_spec/core-dom0.spec.in.tmp
2019-06-25 04:55:08.728083 +0000 build-fedora4: + rm -rf qubes-src/core-admin/rpm_spec/core-dom0.spec.in.tmp
2019-06-25 04:55:08.729434 +0000 build-fedora4: + '[' '%{SOURCE0}' = '%{SOURCE0}' ']'
2019-06-25 04:55:08.729474 +0000 build-fedora4: ++ dirname /home/user/builder-r4.1-dom0/qubes-src/builder-rpm/scripts/query-spec
2019-06-25 04:55:08.730253 +0000 build-fedora4: + /home/user/builder-r4.1-dom0/qubes-src/builder-rpm/scripts/../tools/spectool --list-files --source 0 /tmp/tmp.7bHa3R.spec
2019-06-25 04:55:08.779527 +0000 build-fedora4: + rm -f /tmp/tmp.7bHa3R.spec
2019-06-25 04:55:08.781936 +0000 build-fedora4: Makefile.generic:151: target 'generic-prepare-chroot' does not exist
2019-06-25 04:55:08.781975 +0000 build-fedora4: if [ "`id -u`" = 0 ]; then \
2019-06-25 04:55:08.781995 +0000 build-fedora4: .echo "*******************************************************************************"; \
2019-06-25 04:55:08.782009 +0000 build-fedora4: .echo "***                               ERROR                                      ***"; \
2019-06-25 04:55:08.782020 +0000 build-fedora4: .echo "*** Start the build as normal user, it will use sudo (only) where necessary! ***"; \
2019-06-25 04:55:08.782031 +0000 build-fedora4: .echo "***                                                                          ***"; \
2019-06-25 04:55:08.782060 +0000 build-fedora4: .echo "*******************************************************************************"; \
2019-06-25 04:55:08.782071 +0000 build-fedora4: .exit 1; \
2019-06-25 04:55:08.782079 +0000 build-fedora4: fi
2019-06-25 04:55:08.791535 +0000 build-fedora4: + ERR_OUTPUT=/dev/stderr
2019-06-25 04:55:08.791574 +0000 build-fedora4: + '[' 2 -lt 2 ']'
2019-06-25 04:55:08.791592 +0000 build-fedora4: ++ basename qubes-src/core-admin/rpm_spec/core-dom0.spec.in
2019-06-25 04:55:08.793069 +0000 build-fedora4: + [[ xcore-dom0.spec.in == \x\.\i\n ]]
2019-06-25 04:55:08.793109 +0000 build-fedora4: + '[' -r qubes-src/core-admin/rpm_spec/core-dom0.spec.in ']'
2019-06-25 04:55:08.793142 +0000 build-fedora4: ++ mktemp --tmpdir tmp.XXXXXX.spec
2019-06-25 04:55:08.794130 +0000 build-fedora4: + tmp_spec=/tmp/tmp.F2WudX.spec
2019-06-25 04:55:08.794169 +0000 build-fedora4: ++ dirname /home/user/builder-r4.1-dom0/qubes-src/builder-rpm/scripts/query-spec
2019-06-25 04:55:08.795423 +0000 build-fedora4: + /home/user/builder-r4.1-dom0/qubes-src/builder-rpm/scripts/generate-spec qubes-src/core-admin/rpm_spec/core-dom0.spec.in /tmp/tmp.F2WudX.spec
2019-06-25 04:55:08.795460 +0000 build-fedora4: + '[' 2 -lt 2 ']'
2019-06-25 04:55:08.795472 +0000 build-fedora4: + '[' -z qubes-src/core-admin ']'
2019-06-25 04:55:08.795484 +0000 build-fedora4: + cp qubes-src/core-admin/rpm_spec/core-dom0.spec.in qubes-src/core-admin/rpm_spec/core-dom0.spec.in.tmp
2019-06-25 04:55:08.798146 +0000 build-fedora4: + read -r ver
2019-06-25 04:55:08.799237 +0000 build-fedora4: ++ sed s/-rc/~rc/
2019-06-25 04:55:08.799272 +0000 build-fedora4: ++ echo 4.1.1
2019-06-25 04:55:08.800488 +0000 build-fedora4: + ver=4.1.1
2019-06-25 04:55:08.800523 +0000 build-fedora4: + '[' x = x ']'
2019-06-25 04:55:08.800538 +0000 build-fedora4: + sed -i 's|@VERSION@|4.1.1|g' qubes-src/core-admin/rpm_spec/core-dom0.spec.in.tmp
2019-06-25 04:55:08.803261 +0000 build-fedora4: + vnum=1
2019-06-25 04:55:08.803299 +0000 build-fedora4: + read -r ver
2019-06-25 04:55:08.803311 +0000 build-fedora4: + '[' -e qubes-src/core-admin/rel ']'
2019-06-25 04:55:08.803324 +0000 build-fedora4: + grep -q @REL@ qubes-src/core-admin/rpm_spec/core-dom0.spec.in.tmp
2019-06-25 04:55:08.804558 +0000 build-fedora4: + sed -i -e s:@BACKEND_VMM@:xen:g qubes-src/core-admin/rpm_spec/core-dom0.spec.in.tmp
2019-06-25 04:55:08.807242 +0000 build-fedora4: + grep -q @CHANGELOG@ qubes-src/core-admin/rpm_spec/core-dom0.spec.in.tmp
2019-06-25 04:55:08.809575 +0000 build-fedora4: ++ dirname /home/user/builder-r4.1-dom0/qubes-src/builder-rpm/scripts/generate-spec
2019-06-25 04:55:08.809620 +0000 build-fedora4: + /home/user/builder-r4.1-dom0/qubes-src/builder-rpm/scripts/generate-changelog qubes-src/core-admin qubes-src/core-admin/rpm_spec/core-dom0.spec.in.tmp
2019-06-25 04:55:09.235763 +0000 build-fedora4: + cat qubes-src/core-admin/rpm_spec/core-dom0.spec.in.tmp
2019-06-25 04:55:09.235812 +0000 build-fedora4: + rm -rf qubes-src/core-admin/rpm_spec/core-dom0.spec.in.tmp
2019-06-25 04:55:09.237022 +0000 build-fedora4: + '[' '%{SOURCE0}' = '%{SOURCE0}' ']'
2019-06-25 04:55:09.238209 +0000 build-fedora4: ++ dirname /home/user/builder-r4.1-dom0/qubes-src/builder-rpm/scripts/query-spec
2019-06-25 04:55:09.239410 +0000 build-fedora4: + /home/user/builder-r4.1-dom0/qubes-src/builder-rpm/scripts/../tools/spectool --list-files --source 0 /tmp/tmp.F2WudX.spec
2019-06-25 04:55:09.302337 +0000 build-fedora4: + rm -f /tmp/tmp.F2WudX.spec
2019-06-25 04:55:09.307667 +0000 build-fedora4: mkdir -p "/home/user/builder-r4.1-dom0/cache/fc29"
2019-06-25 04:55:09.311817 +0000 build-fedora4: /home/user/builder-r4.1-dom0/qubes-src/builder-rpm/Makefile-mock.rpmbuilder:40: target 'dist-prepare-chroot' does not exist
2019-06-25 04:55:09.311858 +0000 build-fedora4: mkdir -p /home/user/builder-r4.1-dom0/chroot-dom0-fc29/home/user/qubes-src
2019-06-25 04:55:09.317561 +0000 build-fedora4: + ERR_OUTPUT=/dev/stderr
2019-06-25 04:55:09.317598 +0000 build-fedora4: + '[' 2 -lt 2 ']'
2019-06-25 04:55:09.319671 +0000 build-fedora4: ++ basename qubes-src/core-admin/rpm_spec/core-dom0.spec.in
2019-06-25 04:55:09.320513 +0000 build-fedora4: + [[ xcore-dom0.spec.in == \x\.\i\n ]]
2019-06-25 04:55:09.320551 +0000 build-fedora4: + '[' -r qubes-src/core-admin/rpm_spec/core-dom0.spec.in ']'
2019-06-25 04:55:09.320562 +0000 build-fedora4: ++ mktemp --tmpdir tmp.XXXXXX.spec
2019-06-25 04:55:09.320572 +0000 build-fedora4: + tmp_spec=/tmp/tmp.ZdnUv4.spec
2019-06-25 04:55:09.321163 +0000 build-fedora4: ++ dirname /home/user/builder-r4.1-dom0/qubes-src/builder-rpm/scripts/query-spec
2019-06-25 04:55:09.321198 +0000 build-fedora4: + /home/user/builder-r4.1-dom0/qubes-src/builder-rpm/scripts/generate-spec qubes-src/core-admin/rpm_spec/core-dom0.spec.in /tmp/tmp.ZdnUv4.spec
2019-06-25 04:55:09.321873 +0000 build-fedora4: + '[' 2 -lt 2 ']'
2019-06-25 04:55:09.321896 +0000 build-fedora4: + '[' -z qubes-src/core-admin ']'
2019-06-25 04:55:09.321910 +0000 build-fedora4: + cp qubes-src/core-admin/rpm_spec/core-dom0.spec.in qubes-src/core-admin/rpm_spec/core-dom0.spec.in.tmp
2019-06-25 04:55:09.324190 +0000 build-fedora4: + read -r ver
2019-06-25 04:55:09.324226 +0000 build-fedora4: ++ echo 4.1.1
2019-06-25 04:55:09.324237 +0000 build-fedora4: ++ sed s/-rc/~rc/
2019-06-25 04:55:09.331304 +0000 build-fedora4: + ver=4.1.1
2019-06-25 04:55:09.331343 +0000 build-fedora4: + '[' x = x ']'
2019-06-25 04:55:09.331358 +0000 build-fedora4: + sed -i 's|@VERSION@|4.1.1|g' qubes-src/core-admin/rpm_spec/core-dom0.spec.in.tmp
2019-06-25 04:55:09.331367 +0000 build-fedora4: + vnum=1
2019-06-25 04:55:09.331375 +0000 build-fedora4: + read -r ver
2019-06-25 04:55:09.331384 +0000 build-fedora4: + '[' -e qubes-src/core-admin/rel ']'
2019-06-25 04:55:09.331395 +0000 build-fedora4: + grep -q @REL@ qubes-src/core-admin/rpm_spec/core-dom0.spec.in.tmp
2019-06-25 04:55:09.331406 +0000 build-fedora4: + sed -i -e s:@BACKEND_VMM@:xen:g qubes-src/core-admin/rpm_spec/core-dom0.spec.in.tmp
2019-06-25 04:55:09.334801 +0000 build-fedora4: + grep -q @CHANGELOG@ qubes-src/core-admin/rpm_spec/core-dom0.spec.in.tmp
2019-06-25 04:55:09.335792 +0000 build-fedora4: ++ dirname /home/user/builder-r4.1-dom0/qubes-src/builder-rpm/scripts/generate-spec
2019-06-25 04:55:09.336585 +0000 build-fedora4: + /home/user/builder-r4.1-dom0/qubes-src/builder-rpm/scripts/generate-changelog qubes-src/core-admin qubes-src/core-admin/rpm_spec/core-dom0.spec.in.tmp
2019-06-25 04:55:09.568082 +0000 build-fedora4: + cat qubes-src/core-admin/rpm_spec/core-dom0.spec.in.tmp
2019-06-25 04:55:09.572804 +0000 build-fedora4: + rm -rf qubes-src/core-admin/rpm_spec/core-dom0.spec.in.tmp
2019-06-25 04:55:09.572843 +0000 build-fedora4: + '[' '%{SOURCE0}' = '%{SOURCE0}' ']'
2019-06-25 04:55:09.572858 +0000 build-fedora4: ++ dirname /home/user/builder-r4.1-dom0/qubes-src/builder-rpm/scripts/query-spec
2019-06-25 04:55:09.572872 +0000 build-fedora4: + /home/user/builder-r4.1-dom0/qubes-src/builder-rpm/scripts/../tools/spectool --list-files --source 0 /tmp/tmp.ZdnUv4.spec
2019-06-25 04:55:09.624436 +0000 build-fedora4: + rm -f /tmp/tmp.ZdnUv4.spec
2019-06-25 04:55:09.630069 +0000 build-fedora4: Makefile.generic:145: target 'generic-prep' does not exist
2019-06-25 04:55:09.630109 +0000 build-fedora4: if [ -e ""build-logs/core-admin-dom0-fc29.log"" ]; then\
2019-06-25 04:55:09.630158 +0000 build-fedora4:    mv -f ""build-logs/core-admin-dom0-fc29.log"" ""build-logs/core-admin-dom0-fc29.log".old";\
2019-06-25 04:55:09.630169 +0000 build-fedora4: fi
2019-06-25 04:55:09.641694 +0000 build-fedora4: + ERR_OUTPUT=/dev/stderr
2019-06-25 04:55:09.641734 +0000 build-fedora4: + '[' 2 -lt 2 ']'
2019-06-25 04:55:09.644776 +0000 build-fedora4: ++ basename qubes-src/core-admin/rpm_spec/core-dom0.spec.in
2019-06-25 04:55:09.646515 +0000 build-fedora4: + [[ xcore-dom0.spec.in == \x\.\i\n ]]
2019-06-25 04:55:09.646556 +0000 build-fedora4: + '[' -r qubes-src/core-admin/rpm_spec/core-dom0.spec.in ']'
2019-06-25 04:55:09.646568 +0000 build-fedora4: ++ mktemp --tmpdir tmp.XXXXXX.spec
2019-06-25 04:55:09.647396 +0000 build-fedora4: + tmp_spec=/tmp/tmp.QjZVl6.spec
2019-06-25 04:55:09.647434 +0000 build-fedora4: ++ dirname /home/user/builder-r4.1-dom0/qubes-src/builder-rpm/scripts/query-spec
2019-06-25 04:55:09.649130 +0000 build-fedora4: + /home/user/builder-r4.1-dom0/qubes-src/builder-rpm/scripts/generate-spec qubes-src/core-admin/rpm_spec/core-dom0.spec.in /tmp/tmp.QjZVl6.spec
2019-06-25 04:55:09.649168 +0000 build-fedora4: + '[' 2 -lt 2 ']'
2019-06-25 04:55:09.649180 +0000 build-fedora4: + '[' -z qubes-src/core-admin ']'
2019-06-25 04:55:09.649193 +0000 build-fedora4: + cp qubes-src/core-admin/rpm_spec/core-dom0.spec.in qubes-src/core-admin/rpm_spec/core-dom0.spec.in.tmp
2019-06-25 04:55:09.650434 +0000 build-fedora4: + read -r ver
2019-06-25 04:55:09.653307 +0000 build-fedora4: ++ echo 4.1.1
2019-06-25 04:55:09.653343 +0000 build-fedora4: ++ sed s/-rc/~rc/
2019-06-25 04:55:09.654548 +0000 build-fedora4: + ver=4.1.1
2019-06-25 04:55:09.654579 +0000 build-fedora4: + '[' x = x ']'
2019-06-25 04:55:09.654593 +0000 build-fedora4: + sed -i 's|@VERSION@|4.1.1|g' qubes-src/core-admin/rpm_spec/core-dom0.spec.in.tmp
2019-06-25 04:55:09.659940 +0000 build-fedora4: + vnum=1
2019-06-25 04:55:09.659978 +0000 build-fedora4: + read -r ver
2019-06-25 04:55:09.659991 +0000 build-fedora4: + '[' -e qubes-src/core-admin/rel ']'
2019-06-25 04:55:09.660003 +0000 build-fedora4: + grep -q @REL@ qubes-src/core-admin/rpm_spec/core-dom0.spec.in.tmp
2019-06-25 04:55:09.660016 +0000 build-fedora4: + sed -i -e s:@BACKEND_VMM@:xen:g qubes-src/core-admin/rpm_spec/core-dom0.spec.in.tmp
2019-06-25 04:55:09.663881 +0000 build-fedora4: + grep -q @CHANGELOG@ qubes-src/core-admin/rpm_spec/core-dom0.spec.in.tmp
2019-06-25 04:55:09.668146 +0000 build-fedora4: ++ dirname /home/user/builder-r4.1-dom0/qubes-src/builder-rpm/scripts/generate-spec
2019-06-25 04:55:09.668190 +0000 build-fedora4: + /home/user/builder-r4.1-dom0/qubes-src/builder-rpm/scripts/generate-changelog qubes-src/core-admin qubes-src/core-admin/rpm_spec/core-dom0.spec.in.tmp
2019-06-25 04:55:09.905677 +0000 build-fedora4: + cat qubes-src/core-admin/rpm_spec/core-dom0.spec.in.tmp
2019-06-25 04:55:09.908070 +0000 build-fedora4: + rm -rf qubes-src/core-admin/rpm_spec/core-dom0.spec.in.tmp
2019-06-25 04:55:09.912643 +0000 build-fedora4: + '[' '%{SOURCE0}' = '%{SOURCE0}' ']'
2019-06-25 04:55:09.912688 +0000 build-fedora4: ++ dirname /home/user/builder-r4.1-dom0/qubes-src/builder-rpm/scripts/query-spec
2019-06-25 04:55:09.912705 +0000 build-fedora4: + /home/user/builder-r4.1-dom0/qubes-src/builder-rpm/scripts/../tools/spectool --list-files --source 0 /tmp/tmp.QjZVl6.spec
2019-06-25 04:55:09.962669 +0000 build-fedora4: + rm -f /tmp/tmp.QjZVl6.spec
2019-06-25 04:55:09.967344 +0000 build-fedora4: /home/user/builder-r4.1-dom0/qubes-src/builder-rpm/Makefile.rpmbuilder:110: target 'dist-prep' does not exist
2019-06-25 04:55:09.967384 +0000 build-fedora4: true
2019-06-25 04:55:09.980950 +0000 build-fedora4: + ERR_OUTPUT=/dev/stderr
2019-06-25 04:55:09.980990 +0000 build-fedora4: + '[' 2 -lt 2 ']'
2019-06-25 04:55:09.986040 +0000 build-fedora4: ++ basename qubes-src/core-admin/rpm_spec/core-dom0.spec.in
2019-06-25 04:55:09.986079 +0000 build-fedora4: + [[ xcore-dom0.spec.in == \x\.\i\n ]]
2019-06-25 04:55:09.986125 +0000 build-fedora4: + '[' -r qubes-src/core-admin/rpm_spec/core-dom0.spec.in ']'
2019-06-25 04:55:09.990518 +0000 build-fedora4: ++ mktemp --tmpdir tmp.XXXXXX.spec
2019-06-25 04:55:09.990557 +0000 build-fedora4: + tmp_spec=/tmp/tmp.qSZSlD.spec
2019-06-25 04:55:09.994821 +0000 build-fedora4: ++ dirname /home/user/builder-r4.1-dom0/qubes-src/builder-rpm/scripts/query-spec
2019-06-25 04:55:09.994865 +0000 build-fedora4: + /home/user/builder-r4.1-dom0/qubes-src/builder-rpm/scripts/generate-spec qubes-src/core-admin/rpm_spec/core-dom0.spec.in /tmp/tmp.qSZSlD.spec
2019-06-25 04:55:09.998334 +0000 build-fedora4: + '[' 2 -lt 2 ']'
2019-06-25 04:55:09.998372 +0000 build-fedora4: + '[' -z qubes-src/core-admin ']'
2019-06-25 04:55:09.998387 +0000 build-fedora4: + cp qubes-src/core-admin/rpm_spec/core-dom0.spec.in qubes-src/core-admin/rpm_spec/core-dom0.spec.in.tmp
2019-06-25 04:55:10.002121 +0000 build-fedora4: + read -r ver
2019-06-25 04:55:10.005034 +0000 build-fedora4: ++ echo 4.1.1
2019-06-25 04:55:10.006287 +0000 build-fedora4: ++ sed s/-rc/~rc/
2019-06-25 04:55:10.008551 +0000 build-fedora4: + ver=4.1.1
2019-06-25 04:55:10.008587 +0000 build-fedora4: + '[' x = x ']'
2019-06-25 04:55:10.008602 +0000 build-fedora4: + sed -i 's|@VERSION@|4.1.1|g' qubes-src/core-admin/rpm_spec/core-dom0.spec.in.tmp
2019-06-25 04:55:10.012110 +0000 build-fedora4: + vnum=1
2019-06-25 04:55:10.012146 +0000 build-fedora4: + read -r ver
2019-06-25 04:55:10.012159 +0000 build-fedora4: + '[' -e qubes-src/core-admin/rel ']'
2019-06-25 04:55:10.012171 +0000 build-fedora4: + grep -q @REL@ qubes-src/core-admin/rpm_spec/core-dom0.spec.in.tmp
2019-06-25 04:55:10.014726 +0000 build-fedora4: + sed -i -e s:@BACKEND_VMM@:xen:g qubes-src/core-admin/rpm_spec/core-dom0.spec.in.tmp
2019-06-25 04:55:10.018344 +0000 build-fedora4: + grep -q @CHANGELOG@ qubes-src/core-admin/rpm_spec/core-dom0.spec.in.tmp
2019-06-25 04:55:10.020675 +0000 build-fedora4: ++ dirname /home/user/builder-r4.1-dom0/qubes-src/builder-rpm/scripts/generate-spec
2019-06-25 04:55:10.021911 +0000 build-fedora4: + /home/user/builder-r4.1-dom0/qubes-src/builder-rpm/scripts/generate-changelog qubes-src/core-admin qubes-src/core-admin/rpm_spec/core-dom0.spec.in.tmp
2019-06-25 04:55:10.293506 +0000 build-fedora4: + cat qubes-src/core-admin/rpm_spec/core-dom0.spec.in.tmp
2019-06-25 04:55:10.293555 +0000 build-fedora4: + rm -rf qubes-src/core-admin/rpm_spec/core-dom0.spec.in.tmp
2019-06-25 04:55:10.295161 +0000 build-fedora4: + '[' '%{SOURCE0}' = '%{SOURCE0}' ']'
2019-06-25 04:55:10.296347 +0000 build-fedora4: ++ dirname /home/user/builder-r4.1-dom0/qubes-src/builder-rpm/scripts/query-spec
2019-06-25 04:55:10.297365 +0000 build-fedora4: + /home/user/builder-r4.1-dom0/qubes-src/builder-rpm/scripts/../tools/spectool --list-files --source 0 /tmp/tmp.qSZSlD.spec
2019-06-25 04:55:10.352691 +0000 build-fedora4: + rm -f /tmp/tmp.qSZSlD.spec
2019-06-25 04:55:10.358751 +0000 build-fedora4: Makefile.generic:126: target 'generic-copy-in' does not exist
2019-06-25 04:55:10.358792 +0000 build-fedora4: mkdir -p /home/user/builder-r4.1-dom0/chroot-dom0-fc29//home/user/qubes-src
