2024-05-07 22:38:32.362322 +0000 > starting log
2024-05-07 22:38:32.362544 +0000 build-fedora4: > starting build with log
2024-05-07 22:38:32.362557 +0000 build-fedora4: >> make args: update-repo-current
2024-05-07 22:38:32.362565 +0000 build-fedora4: >> MAKEFLAGS=
2024-05-07 22:38:32.362572 +0000 build-fedora4: >> COMPONENTS=sbsigntools
2024-05-07 22:38:32.362580 +0000 build-fedora4: >> DISTS_VM=fc37 fc38 fc39
2024-05-07 22:38:32.362586 +0000 build-fedora4: >> DIST_DOM0=
2024-05-07 22:38:32.362595 +0000 build-fedora4: >> qubes-builder 3d3e766de05b37cd858f0d3cb2c6ebf716510cd8
2024-05-07 22:38:32.362608 +0000 build-fedora4: >> qubes-builder/qubes-src/sbsigntools 44dcde72db4bb3a04f3750adb630730c5ad71223
2024-05-07 22:38:32.362618 +0000 build-fedora4: ================================================================================
2024-05-07 22:38:32.362645 +0000 build-fedora4:                            B U I L D   I N F O                                  
2024-05-07 22:38:32.362655 +0000 build-fedora4: Items in red indicate it was automatically generated by configuration file(s)
2024-05-07 22:38:32.362663 +0000 build-fedora4: Items in white indicate it was automatically removed by configuration file(s)
2024-05-07 22:38:32.362671 +0000 build-fedora4: ================================================================================
2024-05-07 22:38:32.362677 +0000 build-fedora4: DISTS_VM:
2024-05-07 22:38:32.362684 +0000 build-fedora4:      fc37, fc38, fc39,
2024-05-07 22:38:32.362689 +0000 build-fedora4: DISTS_ALL:
2024-05-07 22:38:32.362696 +0000 build-fedora4:      vm-fc37, vm-fc38, vm-fc39,
2024-05-07 22:38:32.362701 +0000 build-fedora4: DIST_DOM0:
2024-05-07 22:38:32.362707 +0000 build-fedora4:     
2024-05-07 22:38:32.362713 +0000 build-fedora4: BUILDER_PLUGINS:
2024-05-07 22:38:32.362721 +0000 build-fedora4:      builder-rpm, builder-debian, mgmt-salt, linux-yum, release-configs, builder-github,
2024-05-07 22:38:32.362727 +0000 build-fedora4: COMPONENTS:
2024-05-07 22:38:32.362733 +0000 build-fedora4:      sbsigntools,
2024-05-07 22:38:32.362739 +0000 build-fedora4: GIT_REPOS:
2024-05-07 22:38:32.362745 +0000 build-fedora4:      qubes-src/sbsigntools,
2024-05-07 22:38:32.362750 +0000 build-fedora4: TEMPLATE:
2024-05-07 22:38:32.362756 +0000 build-fedora4:     
2024-05-07 22:38:32.362762 +0000 build-fedora4: TEMPLATE_FLAVOR_DIR:
2024-05-07 22:38:32.362767 +0000 build-fedora4:     
2024-05-07 22:38:32.362773 +0000 build-fedora4: TEMPLATE_ALIAS:
2024-05-07 22:38:32.362781 +0000 build-fedora4:      stretch:stretch+standard, stretch+gnome:stretch+gnome+standard,
2024-05-07 22:38:32.362788 +0000 build-fedora4:      stretch+minimal:stretch+minimal+no-recommends, buster:buster+gnome,
2024-05-07 22:38:32.362797 +0000 build-fedora4:      buster+minimal:buster+minimal+no-recommends, bullseye:bullseye+gnome+firmware,
2024-05-07 22:38:32.362805 +0000 build-fedora4:      bullseye+minimal:bullseye+minimal+no-recommends, bookworm:bookworm+gnome+firmware,
2024-05-07 22:38:32.362813 +0000 build-fedora4:      bookworm+minimal:bookworm+minimal+no-recommends, bionic:bionic+standard,
2024-05-07 22:38:32.362822 +0000 build-fedora4:      focal:focal+standard, whonix-gateway-15:buster+whonix-gateway+minimal+no-recommends,
2024-05-07 22:38:32.362829 +0000 build-fedora4:      whonix-workstation-15:buster+whonix-workstation+minimal+no-recommends,
2024-05-07 22:38:32.362837 +0000 build-fedora4:      whonix-gateway-16:bullseye+whonix-gateway+minimal+no-recommends,
2024-05-07 22:38:32.362845 +0000 build-fedora4:      whonix-workstation-16:bullseye+whonix-workstation+minimal+no-recommends,
2024-05-07 22:38:32.362851 +0000 build-fedora4: TEMPLATE_LABEL:
2024-05-07 22:38:32.362860 +0000 build-fedora4:      fc37:fedora-37, fc38:fedora-38, fc34:fedora-34 fc35:fedora-35 fc36:fedora-36 fc34+minimal:fedora-34-minimal
2024-05-07 22:38:32.362869 +0000 build-fedora4:      fc35+minimal:fedora-35-minimal fc36+minimal:fedora-36-minimal fc37+minimal:fedora-37-minimal
2024-05-07 22:38:32.362878 +0000 build-fedora4:      fc38+minimal:fedora-38-minimal fc34+xfce:fedora-34-xfce fc35+xfce:fedora-35-xfce fc36+xfce:fedora-36-xfce
2024-05-07 22:38:32.362894 +0000 build-fedora4:      fc37+xfce:fedora-37-xfce fc38+xfce:fedora-38-xfce stretch:debian-9 stretch+standard:debian-9
2024-05-07 22:38:32.362904 +0000 build-fedora4:      stretch+xfce:debian-9-xfce buster+gnome:debian-10 buster+xfce:debian-10-xfce bullseye:debian-11
2024-05-07 22:38:32.362913 +0000 build-fedora4:      bullseye+standard+firmware:debian-11 bullseye+xfce:debian-11-xfce bookworm:debian-12
2024-05-07 22:38:32.362921 +0000 build-fedora4:      bookworm+standard:debian-12 bookworm+xfce:debian-12-xfce bionic+standard:bionic
2024-05-07 22:38:32.362930 +0000 build-fedora4:      focal+standard:focal buster+whonix-gateway+minimal+no-recommends:whonix-gw-15
2024-05-07 22:38:32.362937 +0000 build-fedora4:      buster+whonix-workstation+minimal+no-recommends:whonix-ws-15
2024-05-07 22:38:32.362945 +0000 build-fedora4:      bullseye+whonix-gateway+minimal+no-recommends:whonix-gw-16
2024-05-07 22:38:32.362953 +0000 build-fedora4:      bullseye+whonix-workstation+minimal+no-recommends:whonix-ws-16 centos7:centos-7
2024-05-07 22:38:32.362962 +0000 build-fedora4:      centos7+minimal:centos-7-minimal centos7+xfce:centos-7-xfce centos-stream8:centos-stream-8
2024-05-07 22:38:32.362971 +0000 build-fedora4:      centos-stream8+minimal:centos-stream-8-minimal centos-stream8+xfce:centos-stream-8-xfce
2024-05-07 22:38:32.362977 +0000 build-fedora4: > running make
2024-05-07 22:38:32.362986 +0000 build-fedora4: Makefile:863: update target 'internal-update-repo-current.vm.fc37.sbsigntools' due to: target does not exist
2024-05-07 22:38:32.362993 +0000 build-fedora4: repo_base_var="LINUX_REPO_${DIST//-/_}_BASEDIR"; \
2024-05-07 22:38:32.363000 +0000 build-fedora4: if [ "sbsigntools" = linux-template-builder ]; then \
2024-05-07 22:38:32.363008 +0000 build-fedora4: .# templates belongs to dom0 repository, even though PACKAGE_SET=vm
2024-05-07 22:38:32.363015 +0000 build-fedora4: repo_base_var="LINUX_REPO__BASEDIR"; \
2024-05-07 22:38:32.363021 +0000 build-fedora4: fi; \
2024-05-07 22:38:32.363028 +0000 build-fedora4: if [ -n "${!repo_base_var}" ]; then \
2024-05-07 22:38:32.363035 +0000 build-fedora4: .repo_basedir="${!repo_base_var}"; \
2024-05-07 22:38:32.363041 +0000 build-fedora4: else \
2024-05-07 22:38:32.363048 +0000 build-fedora4: .repo_basedir="qubes-src/linux-yum/r4.1"; \
2024-05-07 22:38:32.363054 +0000 build-fedora4: fi; \
2024-05-07 22:38:32.363061 +0000 build-fedora4: if [ -r qubes-src/sbsigntools/Makefile.builder ]; then \
2024-05-07 22:38:32.363068 +0000 build-fedora4: .echo -n "Updating qubes-src/sbsigntools... "; \
2024-05-07 22:38:32.363075 +0000 build-fedora4: .if [ "0" -eq 1 ]; then \
2024-05-07 22:38:32.363083 +0000 build-fedora4: ..vtag=`git -C qubes-src/sbsigntools tag --points-at HEAD --list v*`; \
2024-05-07 22:38:32.363090 +0000 build-fedora4: ..if [ -z "$vtag" ]; then \
2024-05-07 22:38:32.363097 +0000 build-fedora4: ...echo "no version tag"; \
2024-05-07 22:38:32.363103 +0000 build-fedora4: ...exit 0; \
2024-05-07 22:38:32.363109 +0000 build-fedora4: ..fi; \
2024-05-07 22:38:32.363115 +0000 build-fedora4: .fi; \
2024-05-07 22:38:32.363122 +0000 build-fedora4: .if [ "sbsigntools" = linux-template-builder ]; then
2024-05-07 22:38:32.363131 +0000 build-fedora4: export TEMPLATE_NAME=$(MAKEFLAGS= make -s -C qubes-src/linux-template-builder DIST=fc37 template-name)
2024-05-07 22:38:32.363137 +0000 build-fedora4: fi
2024-05-07 22:38:32.363151 +0000 build-fedora4: component_packages=$(MAKEFLAGS= make -s -f Makefile.generic DIST=fc37 PACKAGE_SET=vm COMPONENT=`basename qubes-src/sbsigntools` UPDATE_REPO=/home/user/builder-r4.1/$repo_basedir/current/vm/fc37 get-var GET_VAR=PACKAGE_LIST); \
2024-05-07 22:38:32.363158 +0000 build-fedora4: .if [ -z "$component_packages" ]; then \
2024-05-07 22:38:32.363169 +0000 build-fedora4: ..echo "no packages."; \
2024-05-07 22:38:32.363175 +0000 build-fedora4: ..exit 0; \
2024-05-07 22:38:32.363180 +0000 build-fedora4: .fi; \
2024-05-07 22:38:32.363193 +0000 build-fedora4: .make -s -f Makefile.generic DIST=fc37 PACKAGE_SET=vm \
2024-05-07 22:38:32.363201 +0000 build-fedora4: ..COMPONENT=`basename qubes-src/sbsigntools` \
2024-05-07 22:38:32.363207 +0000 build-fedora4: ..SNAPSHOT_REPO=current-testing \
2024-05-07 22:38:32.363213 +0000 build-fedora4: ..TARGET_REPO=current \
2024-05-07 22:38:32.363221 +0000 build-fedora4: ..UPDATE_REPO=/home/user/builder-r4.1/$repo_basedir/current/vm/fc37 \
2024-05-07 22:38:32.363231 +0000 build-fedora4: ..SNAPSHOT_FILE=/home/user/builder-r4.1/repo-latest-snapshot/current-testing-vm-fc37-`basename qubes-src/sbsigntools` \
2024-05-07 22:38:32.363237 +0000 build-fedora4: ..BUILD_LOG_URL= \
2024-05-07 22:38:32.363244 +0000 build-fedora4: ..update-repo-from-snapshot || exit 1; \
2024-05-07 22:38:32.363253 +0000 build-fedora4: elif make -C qubes-src/sbsigntools -n update-repo-current >/dev/null 2>/dev/null; then \
2024-05-07 22:38:32.363260 +0000 build-fedora4: .echo "Updating qubes-src/sbsigntools... "; \
2024-05-07 22:38:32.363268 +0000 build-fedora4: .DIST=fc37 UPDATE_REPO=/home/user/builder-r4.1/$repo_basedir/current/vm/fc37 \
2024-05-07 22:38:32.363275 +0000 build-fedora4: .make -s -C qubes-src/sbsigntools update-repo-current || exit 1; \
2024-05-07 22:38:32.363281 +0000 build-fedora4: else \
2024-05-07 22:38:32.363288 +0000 build-fedora4: .echo -n "Updating qubes-src/sbsigntools... skipping."; \
2024-05-07 22:38:32.363294 +0000 build-fedora4: fi; \
2024-05-07 22:38:32.363299 +0000 build-fedora4: echo
2024-05-07 22:38:32.363306 +0000 build-fedora4: Updating qubes-src/sbsigntools... no packages.
2024-05-07 22:38:32.363314 +0000 build-fedora4: Makefile:832: update target 'internal-update-repo-current.vm.fc37' due to: target does not exist
2024-05-07 22:38:32.363320 +0000 build-fedora4: true
2024-05-07 22:38:32.363329 +0000 build-fedora4: Makefile:863: update target 'internal-update-repo-current.vm.fc38.sbsigntools' due to: target does not exist
2024-05-07 22:38:32.363336 +0000 build-fedora4: repo_base_var="LINUX_REPO_${DIST//-/_}_BASEDIR"; \
2024-05-07 22:38:32.363343 +0000 build-fedora4: if [ "sbsigntools" = linux-template-builder ]; then \
2024-05-07 22:38:32.363350 +0000 build-fedora4: .# templates belongs to dom0 repository, even though PACKAGE_SET=vm
2024-05-07 22:38:32.363357 +0000 build-fedora4: repo_base_var="LINUX_REPO__BASEDIR"; \
2024-05-07 22:38:32.363362 +0000 build-fedora4: fi; \
2024-05-07 22:38:32.363369 +0000 build-fedora4: if [ -n "${!repo_base_var}" ]; then \
2024-05-07 22:38:32.363375 +0000 build-fedora4: .repo_basedir="${!repo_base_var}"; \
2024-05-07 22:38:32.363381 +0000 build-fedora4: else \
2024-05-07 22:38:32.363387 +0000 build-fedora4: .repo_basedir="qubes-src/linux-yum/r4.1"; \
2024-05-07 22:38:32.363393 +0000 build-fedora4: fi; \
2024-05-07 22:38:32.363400 +0000 build-fedora4: if [ -r qubes-src/sbsigntools/Makefile.builder ]; then \
2024-05-07 22:38:32.363407 +0000 build-fedora4: .echo -n "Updating qubes-src/sbsigntools... "; \
2024-05-07 22:38:32.363413 +0000 build-fedora4: .if [ "0" -eq 1 ]; then \
2024-05-07 22:38:32.363421 +0000 build-fedora4: ..vtag=`git -C qubes-src/sbsigntools tag --points-at HEAD --list v*`; \
2024-05-07 22:38:32.363427 +0000 build-fedora4: ..if [ -z "$vtag" ]; then \
2024-05-07 22:38:32.363433 +0000 build-fedora4: ...echo "no version tag"; \
2024-05-07 22:38:32.363439 +0000 build-fedora4: ...exit 0; \
2024-05-07 22:38:32.363445 +0000 build-fedora4: ..fi; \
2024-05-07 22:38:32.363451 +0000 build-fedora4: .fi; \
2024-05-07 22:38:32.363458 +0000 build-fedora4: .if [ "sbsigntools" = linux-template-builder ]; then
2024-05-07 22:38:32.363467 +0000 build-fedora4: export TEMPLATE_NAME=$(MAKEFLAGS= make -s -C qubes-src/linux-template-builder DIST=fc38 template-name)
2024-05-07 22:38:32.363472 +0000 build-fedora4: fi
2024-05-07 22:38:32.363485 +0000 build-fedora4: component_packages=$(MAKEFLAGS= make -s -f Makefile.generic DIST=fc38 PACKAGE_SET=vm COMPONENT=`basename qubes-src/sbsigntools` UPDATE_REPO=/home/user/builder-r4.1/$repo_basedir/current/vm/fc38 get-var GET_VAR=PACKAGE_LIST); \
2024-05-07 22:38:32.363496 +0000 build-fedora4: .if [ -z "$component_packages" ]; then \
2024-05-07 22:38:32.363503 +0000 build-fedora4: ..echo "no packages."; \
2024-05-07 22:38:32.363509 +0000 build-fedora4: ..exit 0; \
2024-05-07 22:38:32.363515 +0000 build-fedora4: .fi; \
2024-05-07 22:38:32.363522 +0000 build-fedora4: .make -s -f Makefile.generic DIST=fc38 PACKAGE_SET=vm \
2024-05-07 22:38:32.363529 +0000 build-fedora4: ..COMPONENT=`basename qubes-src/sbsigntools` \
2024-05-07 22:38:32.363536 +0000 build-fedora4: ..SNAPSHOT_REPO=current-testing \
2024-05-07 22:38:32.363542 +0000 build-fedora4: ..TARGET_REPO=current \
2024-05-07 22:38:32.363550 +0000 build-fedora4: ..UPDATE_REPO=/home/user/builder-r4.1/$repo_basedir/current/vm/fc38 \
2024-05-07 22:38:32.363560 +0000 build-fedora4: ..SNAPSHOT_FILE=/home/user/builder-r4.1/repo-latest-snapshot/current-testing-vm-fc38-`basename qubes-src/sbsigntools` \
2024-05-07 22:38:32.363566 +0000 build-fedora4: ..BUILD_LOG_URL= \
2024-05-07 22:38:32.363573 +0000 build-fedora4: ..update-repo-from-snapshot || exit 1; \
2024-05-07 22:38:32.363581 +0000 build-fedora4: elif make -C qubes-src/sbsigntools -n update-repo-current >/dev/null 2>/dev/null; then \
2024-05-07 22:38:32.363588 +0000 build-fedora4: .echo "Updating qubes-src/sbsigntools... "; \
2024-05-07 22:38:32.363596 +0000 build-fedora4: .DIST=fc38 UPDATE_REPO=/home/user/builder-r4.1/$repo_basedir/current/vm/fc38 \
2024-05-07 22:38:32.363604 +0000 build-fedora4: .make -s -C qubes-src/sbsigntools update-repo-current || exit 1; \
2024-05-07 22:38:32.363609 +0000 build-fedora4: else \
2024-05-07 22:38:32.363617 +0000 build-fedora4: .echo -n "Updating qubes-src/sbsigntools... skipping."; \
2024-05-07 22:38:32.363622 +0000 build-fedora4: fi; \
2024-05-07 22:38:32.363646 +0000 build-fedora4: echo
2024-05-07 22:38:32.363654 +0000 build-fedora4: Updating qubes-src/sbsigntools... no packages.
2024-05-07 22:38:32.363663 +0000 build-fedora4: Makefile:832: update target 'internal-update-repo-current.vm.fc38' due to: target does not exist
2024-05-07 22:38:32.363668 +0000 build-fedora4: true
2024-05-07 22:38:32.363677 +0000 build-fedora4: Makefile:863: update target 'internal-update-repo-current.vm.fc39.sbsigntools' due to: target does not exist
2024-05-07 22:38:32.363684 +0000 build-fedora4: repo_base_var="LINUX_REPO_${DIST//-/_}_BASEDIR"; \
2024-05-07 22:38:32.363691 +0000 build-fedora4: if [ "sbsigntools" = linux-template-builder ]; then \
2024-05-07 22:38:32.363699 +0000 build-fedora4: .# templates belongs to dom0 repository, even though PACKAGE_SET=vm
2024-05-07 22:38:32.363705 +0000 build-fedora4: repo_base_var="LINUX_REPO__BASEDIR"; \
2024-05-07 22:38:32.363711 +0000 build-fedora4: fi; \
2024-05-07 22:38:32.363717 +0000 build-fedora4: if [ -n "${!repo_base_var}" ]; then \
2024-05-07 22:38:32.363724 +0000 build-fedora4: .repo_basedir="${!repo_base_var}"; \
2024-05-07 22:38:32.363729 +0000 build-fedora4: else \
2024-05-07 22:38:32.363736 +0000 build-fedora4: .repo_basedir="qubes-src/linux-yum/r4.1"; \
2024-05-07 22:38:32.363741 +0000 build-fedora4: fi; \
2024-05-07 22:38:32.363749 +0000 build-fedora4: if [ -r qubes-src/sbsigntools/Makefile.builder ]; then \
2024-05-07 22:38:32.363755 +0000 build-fedora4: .echo -n "Updating qubes-src/sbsigntools... "; \
2024-05-07 22:38:32.363762 +0000 build-fedora4: .if [ "0" -eq 1 ]; then \
2024-05-07 22:38:32.363769 +0000 build-fedora4: ..vtag=`git -C qubes-src/sbsigntools tag --points-at HEAD --list v*`; \
2024-05-07 22:38:32.363776 +0000 build-fedora4: ..if [ -z "$vtag" ]; then \
2024-05-07 22:38:32.363782 +0000 build-fedora4: ...echo "no version tag"; \
2024-05-07 22:38:32.363788 +0000 build-fedora4: ...exit 0; \
2024-05-07 22:38:32.363794 +0000 build-fedora4: ..fi; \
2024-05-07 22:38:32.363799 +0000 build-fedora4: .fi; \
2024-05-07 22:38:32.363806 +0000 build-fedora4: .if [ "sbsigntools" = linux-template-builder ]; then
2024-05-07 22:38:32.363820 +0000 build-fedora4: export TEMPLATE_NAME=$(MAKEFLAGS= make -s -C qubes-src/linux-template-builder DIST=fc39 template-name)
2024-05-07 22:38:32.363826 +0000 build-fedora4: fi
2024-05-07 22:38:32.363849 +0000 build-fedora4: component_packages=$(MAKEFLAGS= make -s -f Makefile.generic DIST=fc39 PACKAGE_SET=vm COMPONENT=`basename qubes-src/sbsigntools` UPDATE_REPO=/home/user/builder-r4.1/$repo_basedir/current/vm/fc39 get-var GET_VAR=PACKAGE_LIST); \
2024-05-07 22:38:32.363857 +0000 build-fedora4: .if [ -z "$component_packages" ]; then \
2024-05-07 22:38:32.363863 +0000 build-fedora4: ..echo "no packages."; \
2024-05-07 22:38:32.363869 +0000 build-fedora4: ..exit 0; \
2024-05-07 22:38:32.363875 +0000 build-fedora4: .fi; \
2024-05-07 22:38:32.363882 +0000 build-fedora4: .make -s -f Makefile.generic DIST=fc39 PACKAGE_SET=vm \
2024-05-07 22:38:32.363889 +0000 build-fedora4: ..COMPONENT=`basename qubes-src/sbsigntools` \
2024-05-07 22:38:32.363895 +0000 build-fedora4: ..SNAPSHOT_REPO=current-testing \
2024-05-07 22:38:32.363902 +0000 build-fedora4: ..TARGET_REPO=current \
2024-05-07 22:38:32.363909 +0000 build-fedora4: ..UPDATE_REPO=/home/user/builder-r4.1/$repo_basedir/current/vm/fc39 \
2024-05-07 22:38:32.363919 +0000 build-fedora4: ..SNAPSHOT_FILE=/home/user/builder-r4.1/repo-latest-snapshot/current-testing-vm-fc39-`basename qubes-src/sbsigntools` \
2024-05-07 22:38:32.363925 +0000 build-fedora4: ..BUILD_LOG_URL= \
2024-05-07 22:38:32.363931 +0000 build-fedora4: ..update-repo-from-snapshot || exit 1; \
2024-05-07 22:38:32.363940 +0000 build-fedora4: elif make -C qubes-src/sbsigntools -n update-repo-current >/dev/null 2>/dev/null; then \
2024-05-07 22:38:32.363947 +0000 build-fedora4: .echo "Updating qubes-src/sbsigntools... "; \
2024-05-07 22:38:32.363955 +0000 build-fedora4: .DIST=fc39 UPDATE_REPO=/home/user/builder-r4.1/$repo_basedir/current/vm/fc39 \
2024-05-07 22:38:32.363962 +0000 build-fedora4: .make -s -C qubes-src/sbsigntools update-repo-current || exit 1; \
2024-05-07 22:38:32.363968 +0000 build-fedora4: else \
2024-05-07 22:38:32.363975 +0000 build-fedora4: .echo -n "Updating qubes-src/sbsigntools... skipping."; \
2024-05-07 22:38:32.363981 +0000 build-fedora4: fi; \
2024-05-07 22:38:32.363986 +0000 build-fedora4: echo
2024-05-07 22:38:32.363993 +0000 build-fedora4: Updating qubes-src/sbsigntools... no packages.
2024-05-07 22:38:32.364001 +0000 build-fedora4: Makefile:832: update target 'internal-update-repo-current.vm.fc39' due to: target does not exist
2024-05-07 22:38:32.364007 +0000 build-fedora4: true
2024-05-07 22:38:32.364015 +0000 build-fedora4: Makefile:945: update target 'post-update-repo-current' due to: target does not exist
2024-05-07 22:38:32.364020 +0000 build-fedora4: true
2024-05-07 22:38:32.364028 +0000 build-fedora4: Makefile:819: update target 'update-repo-current' due to: target does not exist
2024-05-07 22:38:32.364033 +0000 build-fedora4: true
2024-05-07 22:38:32.364039 +0000 build-fedora4: > done
2024-05-07 22:38:32.364046 +0000 > closing log
