2022-07-05 21:47:05.861966 +0000 > starting log
2022-07-05 21:47:05.870694 +0000 build-fedora4: > starting build with log
2022-07-05 21:47:05.870710 +0000 build-fedora4: >> make args: update-repo-security-testing
2022-07-05 21:47:05.870718 +0000 build-fedora4: >> MAKEFLAGS=
2022-07-05 21:47:05.870726 +0000 build-fedora4: >> COMPONENTS=linux-kernel
2022-07-05 21:47:05.870733 +0000 build-fedora4: >> DISTS_VM=fc34 fc35 fc36
2022-07-05 21:47:05.870740 +0000 build-fedora4: >> DIST_DOM0=
2022-07-05 21:47:05.870749 +0000 build-fedora4: >> qubes-builder 20ad3a0690db5a940dc9c0c7f080d1980cf24c83
2022-07-05 21:47:05.870760 +0000 build-fedora4: >> qubes-builder/qubes-src/linux-kernel 99fa6b3f0db26d4e8a5b690fa3b4f76561d03d33
2022-07-05 21:47:06.092200 +0000 build-fedora4: !! linux-5.15.48.tar
2022-07-05 21:47:06.092278 +0000 build-fedora4: !! linux-5.15.48.tar.sign
2022-07-05 21:47:06.092291 +0000 build-fedora4: !! linux-5.15.48.tar.xz.UNTRUSTED
2022-07-05 21:47:06.092298 +0000 build-fedora4: !! linux-5.15.52.tar
2022-07-05 21:47:06.092305 +0000 build-fedora4: !! linux-5.15.52.tar.sign
2022-07-05 21:47:06.092313 +0000 build-fedora4: !! linux-5.15.52.tar.xz.UNTRUSTED
2022-07-05 21:47:06.092323 +0000 build-fedora4: !! macbook12-spi-driver-f85d028a41fbc928048c8ad248735501e76a2ce9.tar
2022-07-05 21:47:06.092334 +0000 build-fedora4: !! macbook12-spi-driver-f85d028a41fbc928048c8ad248735501e76a2ce9.tar.gz.UNTRUSTED
2022-07-05 21:47:46.080880 +0000 build-fedora4: ec3a97975752ebcf0c9ed7eb91bc78f15c63297af29fe3acb2dc48f1b7a05d324565e6dbc84b7c7910e988cb6e10139450ee52e16ed49b483aa1899548d01ec1  linux-5.15.48.tar
2022-07-05 21:47:46.084772 +0000 build-fedora4: 160bcdb7aa692c5413ac7b13bb6548c73b0d5256df8eda25d02d910d8de3b9afa27820da4c4273f7f7244265c92e1dca88f70ce7deeab7d9f670af49f1cd03ae  linux-5.15.48.tar.sign
2022-07-05 21:47:52.699163 +0000 build-fedora4: 6eee3ff3352a864a5d98295527056da0d6d52b5f566fd7858b2e12a5d0094efea0af484a7e8cdcb344bba343c5d95b5d19c0d2756dd3f38531712438223755b6  linux-5.15.48.tar.xz.UNTRUSTED
2022-07-05 21:48:13.922198 +0000 build-fedora4: 410e40f8d6495e53cd84f595ae633997ca96edc0ce7f45e7f4572bad33400ad580b028818529149c437448469ce2879b72e8ef0e304398f5768accbf470e2b31  linux-5.15.52.tar
2022-07-05 21:48:13.923439 +0000 build-fedora4: 1ab45e728a768b704ff52551e31cf91fa8a6ec008e3f2aef387b925ab18dcd837f4a4b71f85a7bb96b0ab403c39757ddfa8d22578117728f594768904bc5ce62  linux-5.15.52.tar.sign
2022-07-05 21:48:15.730986 +0000 build-fedora4: 01852559b30b177ba350827b076dc58ecad020e63940482e694286ade3debe53919a4514338536f46da1aa4f89b671368a112a913a53a0352d033252bc6b2a1b  linux-5.15.52.tar.xz.UNTRUSTED
2022-07-05 21:48:15.739124 +0000 build-fedora4: a931dbb4e2d317b2fac056f1eeda27de7babab55b764015619d8008d712dbd924a2d3e2368b4e9b818d5ae2335025629677bbeee83a28b35f3c93de220ab45ae  macbook12-spi-driver-f85d028a41fbc928048c8ad248735501e76a2ce9.tar
2022-07-05 21:48:15.743679 +0000 build-fedora4: 1737964dfd724fb75824fb9519b580464c3b228c645cc17f30f682e2b0440e16c3fcc650de06e4e0f2fb0f66037afaa7a684bb1d1f9e197b6abb1632cf0239cf  macbook12-spi-driver-f85d028a41fbc928048c8ad248735501e76a2ce9.tar.gz.UNTRUSTED
2022-07-05 21:48:16.214629 +0000 build-fedora4: >> qubes-builder/qubes-src/linux-kernel/dummy-backlight 33420931ad20f1e3edc805d0db89da2a73c044cb
2022-07-05 21:48:16.662316 +0000 build-fedora4: >> qubes-builder/qubes-src/linux-kernel/dummy-psu 49475d88d94e079bda8212ddb8489f1654615047
2022-07-05 21:48:17.146726 +0000 build-fedora4: >> qubes-builder/qubes-src/linux-kernel/linux-utils 97271bab41f588b0c9dc8cbcf3ff70bd775e1ec3
2022-07-05 21:48:17.573207 +0000 build-fedora4: ================================================================================
2022-07-05 21:48:17.573280 +0000 build-fedora4:                            B U I L D   I N F O                                  
2022-07-05 21:48:17.573295 +0000 build-fedora4: Items in red indicate it was automatically generated by configuration file(s)
2022-07-05 21:48:17.573307 +0000 build-fedora4: Items in white indicate it was automatically removed by configuration file(s)
2022-07-05 21:48:17.573318 +0000 build-fedora4: ================================================================================
2022-07-05 21:48:17.573342 +0000 build-fedora4: DISTS_VM:
2022-07-05 21:48:17.582114 +0000 build-fedora4:      fc34, fc35, fc36,
2022-07-05 21:48:17.585361 +0000 build-fedora4: DISTS_ALL:
2022-07-05 21:48:17.596895 +0000 build-fedora4:      vm-fc34, vm-fc35, vm-fc36,
2022-07-05 21:48:17.603822 +0000 build-fedora4: DIST_DOM0:
2022-07-05 21:48:17.610872 +0000 build-fedora4:     
2022-07-05 21:48:17.610910 +0000 build-fedora4: BUILDER_PLUGINS:
2022-07-05 21:48:17.639878 +0000 build-fedora4:      builder-rpm, builder-debian, mgmt-salt, linux-yum, release-configs, builder-github,
2022-07-05 21:48:17.639922 +0000 build-fedora4: COMPONENTS:
2022-07-05 21:48:17.651180 +0000 build-fedora4:      linux-kernel,
2022-07-05 21:48:17.655854 +0000 build-fedora4: GIT_REPOS:
2022-07-05 21:48:17.666370 +0000 build-fedora4:      qubes-src/linux-kernel,
2022-07-05 21:48:17.666408 +0000 build-fedora4: TEMPLATE:
2022-07-05 21:48:17.689869 +0000 build-fedora4:     
2022-07-05 21:48:17.691051 +0000 build-fedora4: TEMPLATE_FLAVOR_DIR:
2022-07-05 21:48:17.693806 +0000 build-fedora4:     
2022-07-05 21:48:17.696847 +0000 build-fedora4: TEMPLATE_ALIAS:
2022-07-05 21:48:17.704237 +0000 build-fedora4:      stretch:stretch+standard, stretch+gnome:stretch+gnome+standard,
2022-07-05 21:48:17.704299 +0000 build-fedora4:      stretch+minimal:stretch+minimal+no-recommends, buster:buster+standard,
2022-07-05 21:48:17.704313 +0000 build-fedora4:      buster+gnome:buster+gnome+standard, buster+minimal:buster+minimal+no-recommends,
2022-07-05 21:48:17.704326 +0000 build-fedora4:      bullseye:bullseye+standard+firmware, bullseye+gnome:bullseye+gnome+standard+firmware,
2022-07-05 21:48:17.704336 +0000 build-fedora4:      bullseye+minimal:bullseye+minimal+no-recommends, bookworm:bookworm+standard,
2022-07-05 21:48:17.704348 +0000 build-fedora4:      bookworm+gnome:bookworm+gnome+standard, bookworm+minimal:bookworm+minimal+no-recommends,
2022-07-05 21:48:17.704360 +0000 build-fedora4:      bionic:bionic+standard, focal:focal+standard, whonix-gateway-15:buster+whonix-gateway+minimal+no-recommends,
2022-07-05 21:48:17.704371 +0000 build-fedora4:      whonix-workstation-15:buster+whonix-workstation+minimal+no-recommends,
2022-07-05 21:48:17.704381 +0000 build-fedora4:      whonix-gateway-16:bullseye+whonix-gateway+minimal+no-recommends,
2022-07-05 21:48:17.704391 +0000 build-fedora4:      whonix-workstation-16:bullseye+whonix-workstation+minimal+no-recommends,
2022-07-05 21:48:17.707253 +0000 build-fedora4: TEMPLATE_LABEL:
2022-07-05 21:48:17.717113 +0000 build-fedora4:      fc34:fedora-34, fc35:fedora-35, fc36:fedora-36, fc34+minimal:fedora-34-minimal
2022-07-05 21:48:17.717154 +0000 build-fedora4:      fc35+minimal:fedora-35-minimal fc36+minimal:fedora-36-minimal fc34+xfce:fedora-34-xfce
2022-07-05 21:48:17.717168 +0000 build-fedora4:      fc35+xfce:fedora-35-xfce fc36+xfce:fedora-36-xfce stretch:debian-9 stretch+standard:debian-9
2022-07-05 21:48:17.717181 +0000 build-fedora4:      stretch+xfce:debian-9-xfce buster:debian-10 buster+standard:debian-10 buster+xfce:debian-10-xfce
2022-07-05 21:48:17.717193 +0000 build-fedora4:      bullseye:debian-11 bullseye+standard+firmware:debian-11 bullseye+xfce:debian-11-xfce
2022-07-05 21:48:17.717205 +0000 build-fedora4:      bookworm:debian-12 bookworm+standard:debian-12 bookworm+xfce:debian-12-xfce bionic+standard:bionic
2022-07-05 21:48:17.717216 +0000 build-fedora4:      focal+standard:focal buster+whonix-gateway+minimal+no-recommends:whonix-gw-15
2022-07-05 21:48:17.717243 +0000 build-fedora4:      buster+whonix-workstation+minimal+no-recommends:whonix-ws-15
2022-07-05 21:48:17.717255 +0000 build-fedora4:      bullseye+whonix-gateway+minimal+no-recommends:whonix-gw-16
2022-07-05 21:48:17.717266 +0000 build-fedora4:      bullseye+whonix-workstation+minimal+no-recommends:whonix-ws-16 centos7:centos-7
2022-07-05 21:48:17.717278 +0000 build-fedora4:      centos7+minimal:centos-7-minimal centos7+xfce:centos-7-xfce centos-stream8:centos-stream-8
2022-07-05 21:48:17.717306 +0000 build-fedora4:      centos-stream8+minimal:centos-stream-8-minimal centos-stream8+xfce:centos-stream-8-xfce
2022-07-05 21:48:17.793678 +0000 build-fedora4: > running make
2022-07-05 21:48:17.882928 +0000 build-fedora4: Makefile:863: target 'internal-update-repo-security-testing.vm.fc34.linux-kernel' does not exist
2022-07-05 21:48:17.882976 +0000 build-fedora4: repo_base_var="LINUX_REPO_${DIST//-/_}_BASEDIR"; \
2022-07-05 21:48:17.882990 +0000 build-fedora4: if [ "linux-kernel" = linux-template-builder ]; then \
2022-07-05 21:48:17.883001 +0000 build-fedora4: .# templates belongs to dom0 repository, even though PACKAGE_SET=vm
2022-07-05 21:48:17.883010 +0000 build-fedora4: repo_base_var="LINUX_REPO__BASEDIR"; \
2022-07-05 21:48:17.883016 +0000 build-fedora4: fi; \
2022-07-05 21:48:17.883024 +0000 build-fedora4: if [ -n "${!repo_base_var}" ]; then \
2022-07-05 21:48:17.883032 +0000 build-fedora4: .repo_basedir="${!repo_base_var}"; \
2022-07-05 21:48:17.883038 +0000 build-fedora4: else \
2022-07-05 21:48:17.883046 +0000 build-fedora4: .repo_basedir="qubes-src/linux-yum/r4.1"; \
2022-07-05 21:48:17.883052 +0000 build-fedora4: fi; \
2022-07-05 21:48:17.883061 +0000 build-fedora4: if [ -r qubes-src/linux-kernel/Makefile.builder ]; then \
2022-07-05 21:48:17.883069 +0000 build-fedora4: .echo -n "Updating qubes-src/linux-kernel... "; \
2022-07-05 21:48:17.883077 +0000 build-fedora4: .if [ "0" -eq 1 ]; then \
2022-07-05 21:48:17.883087 +0000 build-fedora4: ..vtag=`git -C qubes-src/linux-kernel tag --points-at HEAD --list v*`; \
2022-07-05 21:48:17.883094 +0000 build-fedora4: ..if [ -z "$vtag" ]; then \
2022-07-05 21:48:17.883102 +0000 build-fedora4: ...echo "no version tag"; \
2022-07-05 21:48:17.883108 +0000 build-fedora4: ...exit 0; \
2022-07-05 21:48:17.883114 +0000 build-fedora4: ..fi; \
2022-07-05 21:48:17.883120 +0000 build-fedora4: .fi; \
2022-07-05 21:48:17.883129 +0000 build-fedora4: .if [ "linux-kernel" = linux-template-builder ]; then
2022-07-05 21:48:17.883140 +0000 build-fedora4: export TEMPLATE_NAME=$(MAKEFLAGS= make -s -C qubes-src/linux-template-builder DIST=fc34 template-name)
2022-07-05 21:48:17.883146 +0000 build-fedora4: fi
2022-07-05 21:48:17.883167 +0000 build-fedora4: component_packages=$(MAKEFLAGS= make -s -f Makefile.generic DIST=fc34 PACKAGE_SET=vm COMPONENT=`basename qubes-src/linux-kernel` UPDATE_REPO=/home/user/builder-r4.1/$repo_basedir/security-testing/vm/fc34 get-var GET_VAR=PACKAGE_LIST); \
2022-07-05 21:48:17.883176 +0000 build-fedora4: .if [ -z "$component_packages" ]; then \
2022-07-05 21:48:17.883183 +0000 build-fedora4: ..echo "no packages."; \
2022-07-05 21:48:17.883190 +0000 build-fedora4: ..exit 0; \
2022-07-05 21:48:17.883196 +0000 build-fedora4: .fi; \
2022-07-05 21:48:17.883204 +0000 build-fedora4: .make -s -f Makefile.generic DIST=fc34 PACKAGE_SET=vm \
2022-07-05 21:48:17.883213 +0000 build-fedora4: ..COMPONENT=`basename qubes-src/linux-kernel` \
2022-07-05 21:48:17.883220 +0000 build-fedora4: ..SNAPSHOT_REPO=security-testing \
2022-07-05 21:48:17.883251 +0000 build-fedora4: ..TARGET_REPO=security-testing \
2022-07-05 21:48:17.883263 +0000 build-fedora4: ..UPDATE_REPO=/home/user/builder-r4.1/$repo_basedir/security-testing/vm/fc34 \
2022-07-05 21:48:17.883276 +0000 build-fedora4: ..SNAPSHOT_FILE=/home/user/builder-r4.1/repo-latest-snapshot/security-testing-vm-fc34-`basename qubes-src/linux-kernel` \
2022-07-05 21:48:17.883283 +0000 build-fedora4: ..BUILD_LOG_URL= \
2022-07-05 21:48:17.883290 +0000 build-fedora4: ..update-repo || exit 1; \
2022-07-05 21:48:17.883302 +0000 build-fedora4: elif make -C qubes-src/linux-kernel -n update-repo-security-testing >/dev/null 2>/dev/null; then \
2022-07-05 21:48:17.883310 +0000 build-fedora4: .echo "Updating qubes-src/linux-kernel... "; \
2022-07-05 21:48:17.883321 +0000 build-fedora4: .DIST=fc34 UPDATE_REPO=/home/user/builder-r4.1/$repo_basedir/security-testing/vm/fc34 \
2022-07-05 21:48:17.883331 +0000 build-fedora4: .make -s -C qubes-src/linux-kernel update-repo-security-testing || exit 1; \
2022-07-05 21:48:17.883354 +0000 build-fedora4: else \
2022-07-05 21:48:17.883365 +0000 build-fedora4: .echo -n "Updating qubes-src/linux-kernel... skipping."; \
2022-07-05 21:48:17.883370 +0000 build-fedora4: fi; \
2022-07-05 21:48:17.883376 +0000 build-fedora4: echo
2022-07-05 21:48:18.285471 +0000 build-fedora4: Updating qubes-src/linux-kernel... no packages.
2022-07-05 21:48:18.291913 +0000 build-fedora4: Makefile:836: update target 'internal-update-repo-security-testing.vm.fc34' due to: internal-update-repo-security-testing.vm.fc34.linux-kernel
2022-07-05 21:48:18.291951 +0000 build-fedora4: true
2022-07-05 21:48:18.310852 +0000 build-fedora4: Makefile:863: target 'internal-update-repo-security-testing.vm.fc35.linux-kernel' does not exist
2022-07-05 21:48:18.310898 +0000 build-fedora4: repo_base_var="LINUX_REPO_${DIST//-/_}_BASEDIR"; \
2022-07-05 21:48:18.310910 +0000 build-fedora4: if [ "linux-kernel" = linux-template-builder ]; then \
2022-07-05 21:48:18.310921 +0000 build-fedora4: .# templates belongs to dom0 repository, even though PACKAGE_SET=vm
2022-07-05 21:48:18.310930 +0000 build-fedora4: repo_base_var="LINUX_REPO__BASEDIR"; \
2022-07-05 21:48:18.310936 +0000 build-fedora4: fi; \
2022-07-05 21:48:18.310944 +0000 build-fedora4: if [ -n "${!repo_base_var}" ]; then \
2022-07-05 21:48:18.310952 +0000 build-fedora4: .repo_basedir="${!repo_base_var}"; \
2022-07-05 21:48:18.310958 +0000 build-fedora4: else \
2022-07-05 21:48:18.310966 +0000 build-fedora4: .repo_basedir="qubes-src/linux-yum/r4.1"; \
2022-07-05 21:48:18.310972 +0000 build-fedora4: fi; \
2022-07-05 21:48:18.310981 +0000 build-fedora4: if [ -r qubes-src/linux-kernel/Makefile.builder ]; then \
2022-07-05 21:48:18.310990 +0000 build-fedora4: .echo -n "Updating qubes-src/linux-kernel... "; \
2022-07-05 21:48:18.310997 +0000 build-fedora4: .if [ "0" -eq 1 ]; then \
2022-07-05 21:48:18.311008 +0000 build-fedora4: ..vtag=`git -C qubes-src/linux-kernel tag --points-at HEAD --list v*`; \
2022-07-05 21:48:18.311015 +0000 build-fedora4: ..if [ -z "$vtag" ]; then \
2022-07-05 21:48:18.311022 +0000 build-fedora4: ...echo "no version tag"; \
2022-07-05 21:48:18.311029 +0000 build-fedora4: ...exit 0; \
2022-07-05 21:48:18.311035 +0000 build-fedora4: ..fi; \
2022-07-05 21:48:18.311041 +0000 build-fedora4: .fi; \
2022-07-05 21:48:18.311049 +0000 build-fedora4: .if [ "linux-kernel" = linux-template-builder ]; then
2022-07-05 21:48:18.311061 +0000 build-fedora4: export TEMPLATE_NAME=$(MAKEFLAGS= make -s -C qubes-src/linux-template-builder DIST=fc35 template-name)
2022-07-05 21:48:18.311067 +0000 build-fedora4: fi
2022-07-05 21:48:18.311088 +0000 build-fedora4: component_packages=$(MAKEFLAGS= make -s -f Makefile.generic DIST=fc35 PACKAGE_SET=vm COMPONENT=`basename qubes-src/linux-kernel` UPDATE_REPO=/home/user/builder-r4.1/$repo_basedir/security-testing/vm/fc35 get-var GET_VAR=PACKAGE_LIST); \
2022-07-05 21:48:18.311098 +0000 build-fedora4: .if [ -z "$component_packages" ]; then \
2022-07-05 21:48:18.311105 +0000 build-fedora4: ..echo "no packages."; \
2022-07-05 21:48:18.311111 +0000 build-fedora4: ..exit 0; \
2022-07-05 21:48:18.311117 +0000 build-fedora4: .fi; \
2022-07-05 21:48:18.311126 +0000 build-fedora4: .make -s -f Makefile.generic DIST=fc35 PACKAGE_SET=vm \
2022-07-05 21:48:18.311135 +0000 build-fedora4: ..COMPONENT=`basename qubes-src/linux-kernel` \
2022-07-05 21:48:18.311142 +0000 build-fedora4: ..SNAPSHOT_REPO=security-testing \
2022-07-05 21:48:18.311150 +0000 build-fedora4: ..TARGET_REPO=security-testing \
2022-07-05 21:48:18.311160 +0000 build-fedora4: ..UPDATE_REPO=/home/user/builder-r4.1/$repo_basedir/security-testing/vm/fc35 \
2022-07-05 21:48:18.311174 +0000 build-fedora4: ..SNAPSHOT_FILE=/home/user/builder-r4.1/repo-latest-snapshot/security-testing-vm-fc35-`basename qubes-src/linux-kernel` \
2022-07-05 21:48:18.311181 +0000 build-fedora4: ..BUILD_LOG_URL= \
2022-07-05 21:48:18.311188 +0000 build-fedora4: ..update-repo || exit 1; \
2022-07-05 21:48:18.311217 +0000 build-fedora4: elif make -C qubes-src/linux-kernel -n update-repo-security-testing >/dev/null 2>/dev/null; then \
2022-07-05 21:48:18.311249 +0000 build-fedora4: .echo "Updating qubes-src/linux-kernel... "; \
2022-07-05 21:48:18.311262 +0000 build-fedora4: .DIST=fc35 UPDATE_REPO=/home/user/builder-r4.1/$repo_basedir/security-testing/vm/fc35 \
2022-07-05 21:48:18.311273 +0000 build-fedora4: .make -s -C qubes-src/linux-kernel update-repo-security-testing || exit 1; \
2022-07-05 21:48:18.311279 +0000 build-fedora4: else \
2022-07-05 21:48:18.311289 +0000 build-fedora4: .echo -n "Updating qubes-src/linux-kernel... skipping."; \
2022-07-05 21:48:18.311294 +0000 build-fedora4: fi; \
2022-07-05 21:48:18.311300 +0000 build-fedora4: echo
2022-07-05 21:48:18.566699 +0000 build-fedora4: Updating qubes-src/linux-kernel... no packages.
2022-07-05 21:48:18.566756 +0000 build-fedora4: Makefile:836: update target 'internal-update-repo-security-testing.vm.fc35' due to: internal-update-repo-security-testing.vm.fc35.linux-kernel
2022-07-05 21:48:18.566767 +0000 build-fedora4: true
2022-07-05 21:48:18.579861 +0000 build-fedora4: Makefile:863: target 'internal-update-repo-security-testing.vm.fc36.linux-kernel' does not exist
2022-07-05 21:48:18.579904 +0000 build-fedora4: repo_base_var="LINUX_REPO_${DIST//-/_}_BASEDIR"; \
2022-07-05 21:48:18.579915 +0000 build-fedora4: if [ "linux-kernel" = linux-template-builder ]; then \
2022-07-05 21:48:18.579926 +0000 build-fedora4: .# templates belongs to dom0 repository, even though PACKAGE_SET=vm
2022-07-05 21:48:18.579934 +0000 build-fedora4: repo_base_var="LINUX_REPO__BASEDIR"; \
2022-07-05 21:48:18.579940 +0000 build-fedora4: fi; \
2022-07-05 21:48:18.579948 +0000 build-fedora4: if [ -n "${!repo_base_var}" ]; then \
2022-07-05 21:48:18.579956 +0000 build-fedora4: .repo_basedir="${!repo_base_var}"; \
2022-07-05 21:48:18.579962 +0000 build-fedora4: else \
2022-07-05 21:48:18.579970 +0000 build-fedora4: .repo_basedir="qubes-src/linux-yum/r4.1"; \
2022-07-05 21:48:18.579976 +0000 build-fedora4: fi; \
2022-07-05 21:48:18.579985 +0000 build-fedora4: if [ -r qubes-src/linux-kernel/Makefile.builder ]; then \
2022-07-05 21:48:18.579993 +0000 build-fedora4: .echo -n "Updating qubes-src/linux-kernel... "; \
2022-07-05 21:48:18.580000 +0000 build-fedora4: .if [ "0" -eq 1 ]; then \
2022-07-05 21:48:18.580011 +0000 build-fedora4: ..vtag=`git -C qubes-src/linux-kernel tag --points-at HEAD --list v*`; \
2022-07-05 21:48:18.580018 +0000 build-fedora4: ..if [ -z "$vtag" ]; then \
2022-07-05 21:48:18.580026 +0000 build-fedora4: ...echo "no version tag"; \
2022-07-05 21:48:18.580032 +0000 build-fedora4: ...exit 0; \
2022-07-05 21:48:18.580038 +0000 build-fedora4: ..fi; \
2022-07-05 21:48:18.580044 +0000 build-fedora4: .fi; \
2022-07-05 21:48:18.580053 +0000 build-fedora4: .if [ "linux-kernel" = linux-template-builder ]; then
2022-07-05 21:48:18.580065 +0000 build-fedora4: export TEMPLATE_NAME=$(MAKEFLAGS= make -s -C qubes-src/linux-template-builder DIST=fc36 template-name)
2022-07-05 21:48:18.580071 +0000 build-fedora4: fi
2022-07-05 21:48:18.580092 +0000 build-fedora4: component_packages=$(MAKEFLAGS= make -s -f Makefile.generic DIST=fc36 PACKAGE_SET=vm COMPONENT=`basename qubes-src/linux-kernel` UPDATE_REPO=/home/user/builder-r4.1/$repo_basedir/security-testing/vm/fc36 get-var GET_VAR=PACKAGE_LIST); \
2022-07-05 21:48:18.580102 +0000 build-fedora4: .if [ -z "$component_packages" ]; then \
2022-07-05 21:48:18.580109 +0000 build-fedora4: ..echo "no packages."; \
2022-07-05 21:48:18.580115 +0000 build-fedora4: ..exit 0; \
2022-07-05 21:48:18.580121 +0000 build-fedora4: .fi; \
2022-07-05 21:48:18.580130 +0000 build-fedora4: .make -s -f Makefile.generic DIST=fc36 PACKAGE_SET=vm \
2022-07-05 21:48:18.580138 +0000 build-fedora4: ..COMPONENT=`basename qubes-src/linux-kernel` \
2022-07-05 21:48:18.580146 +0000 build-fedora4: ..SNAPSHOT_REPO=security-testing \
2022-07-05 21:48:18.580153 +0000 build-fedora4: ..TARGET_REPO=security-testing \
2022-07-05 21:48:18.580180 +0000 build-fedora4: ..UPDATE_REPO=/home/user/builder-r4.1/$repo_basedir/security-testing/vm/fc36 \
2022-07-05 21:48:18.580195 +0000 build-fedora4: ..SNAPSHOT_FILE=/home/user/builder-r4.1/repo-latest-snapshot/security-testing-vm-fc36-`basename qubes-src/linux-kernel` \
2022-07-05 21:48:18.580202 +0000 build-fedora4: ..BUILD_LOG_URL= \
2022-07-05 21:48:18.580209 +0000 build-fedora4: ..update-repo || exit 1; \
2022-07-05 21:48:18.580220 +0000 build-fedora4: elif make -C qubes-src/linux-kernel -n update-repo-security-testing >/dev/null 2>/dev/null; then \
2022-07-05 21:48:18.580249 +0000 build-fedora4: .echo "Updating qubes-src/linux-kernel... "; \
2022-07-05 21:48:18.580261 +0000 build-fedora4: .DIST=fc36 UPDATE_REPO=/home/user/builder-r4.1/$repo_basedir/security-testing/vm/fc36 \
2022-07-05 21:48:18.580272 +0000 build-fedora4: .make -s -C qubes-src/linux-kernel update-repo-security-testing || exit 1; \
2022-07-05 21:48:18.580278 +0000 build-fedora4: else \
2022-07-05 21:48:18.580288 +0000 build-fedora4: .echo -n "Updating qubes-src/linux-kernel... skipping."; \
2022-07-05 21:48:18.580294 +0000 build-fedora4: fi; \
2022-07-05 21:48:18.580299 +0000 build-fedora4: echo
2022-07-05 21:48:18.819821 +0000 build-fedora4: Updating qubes-src/linux-kernel... no packages.
2022-07-05 21:48:18.819876 +0000 build-fedora4: Makefile:836: update target 'internal-update-repo-security-testing.vm.fc36' due to: internal-update-repo-security-testing.vm.fc36.linux-kernel
2022-07-05 21:48:18.819886 +0000 build-fedora4: true
2022-07-05 21:48:18.836247 +0000 build-fedora4: Makefile:945: target 'post-update-repo-security-testing' does not exist
2022-07-05 21:48:18.836307 +0000 build-fedora4: true
2022-07-05 21:48:18.845108 +0000 build-fedora4: Makefile:819: update target 'update-repo-security-testing' due to: internal-update-repo-security-testing.vm.fc34 internal-update-repo-security-testing.vm.fc35 internal-update-repo-security-testing.vm.fc36 post-update-repo-security-testing
2022-07-05 21:48:18.845149 +0000 build-fedora4: true
2022-07-05 21:48:18.855887 +0000 build-fedora4: > done
2022-07-05 21:48:18.855927 +0000 > closing log
