2018-12-17 03:11:56.277579 +0000 > starting log
2018-12-17 03:11:56.280111 +0000 build-fedora4: > starting build with log
2018-12-17 03:11:56.280149 +0000 build-fedora4: >> make args: update-repo-current
2018-12-17 03:11:56.280165 +0000 build-fedora4: >> MAKEFLAGS=
2018-12-17 03:11:56.280178 +0000 build-fedora4: >> COMPONENTS=manager
2018-12-17 03:11:56.280189 +0000 build-fedora4: >> DISTS_VM=
2018-12-17 03:11:56.280199 +0000 build-fedora4: >> DIST_DOM0=
2018-12-17 03:11:56.280212 +0000 build-fedora4: >> qubes-builder 865b6a2324a3a3eab47f84e35a1f85e6e9e8ec59
2018-12-17 03:11:56.280223 +0000 build-fedora4: ?? rpmdb/Basenames
2018-12-17 03:11:56.280234 +0000 build-fedora4: ?? rpmdb/Conflictname
2018-12-17 03:11:56.280244 +0000 build-fedora4: ?? rpmdb/Dirnames
2018-12-17 03:11:56.280255 +0000 build-fedora4: ?? rpmdb/Enhancename
2018-12-17 03:11:56.280266 +0000 build-fedora4: ?? rpmdb/Filetriggername
2018-12-17 03:11:56.280277 +0000 build-fedora4: ?? rpmdb/Group
2018-12-17 03:11:56.280287 +0000 build-fedora4: ?? rpmdb/Installtid
2018-12-17 03:11:56.280297 +0000 build-fedora4: ?? rpmdb/Name
2018-12-17 03:11:56.280308 +0000 build-fedora4: ?? rpmdb/Obsoletename
2018-12-17 03:11:56.280319 +0000 build-fedora4: ?? rpmdb/Packages
2018-12-17 03:11:56.280329 +0000 build-fedora4: ?? rpmdb/Providename
2018-12-17 03:11:56.280340 +0000 build-fedora4: ?? rpmdb/Recommendname
2018-12-17 03:11:56.280351 +0000 build-fedora4: ?? rpmdb/Requirename
2018-12-17 03:11:56.280361 +0000 build-fedora4: ?? rpmdb/Sha1header
2018-12-17 03:11:56.280372 +0000 build-fedora4: ?? rpmdb/Sigmd5
2018-12-17 03:11:56.280383 +0000 build-fedora4: ?? rpmdb/Suggestname
2018-12-17 03:11:56.280393 +0000 build-fedora4: ?? rpmdb/Supplementname
2018-12-17 03:11:56.280405 +0000 build-fedora4: ?? rpmdb/Transfiletriggername
2018-12-17 03:11:56.280415 +0000 build-fedora4: ?? rpmdb/Triggername
2018-12-17 03:11:56.280426 +0000 build-fedora4: ?? rpmdb/__db.001
2018-12-17 03:11:56.280436 +0000 build-fedora4: ?? rpmdb/__db.002
2018-12-17 03:11:56.280447 +0000 build-fedora4: ?? rpmdb/__db.003
2018-12-17 03:11:56.280465 +0000 build-fedora4: 13ba59cedb4aefd75ebcee4a368f06945260650c16fd93d3b5a9258b6eaccc611c1096d0ebd70e4a891cf2508b40f2322e579074136568caf44ace93a57e329c  rpmdb/Basenames
2018-12-17 03:11:56.280572 +0000 build-fedora4: 32e3d62c25a4b8c84f173bc44b52e8af71c2d019dd6220a56d7b5495f695160dd517f23665d537bdeedd18664c28aa05bd6387ec4e9399cb04625aff775fb7af  rpmdb/Conflictname
2018-12-17 03:11:56.280599 +0000 build-fedora4: e10d96467084938d2ad3398ef54aa9e9ad756ee401d00fc64a196c7ee2b09f97dfa33bee18946412dfa5259d7df1b838ae0f82c2f8c9a215fd023a4add76e8ed  rpmdb/Dirnames
2018-12-17 03:11:56.280618 +0000 build-fedora4: 10cb2ab2529b0fdba4e500a255b9432123606ca36f1182a4b5c7338db10b9fac6a1337bc5fb86dbf7fe4eff1e83aa2fe37a955552652f509a46ce6ed10ffa0ac  rpmdb/Enhancename
2018-12-17 03:11:56.280638 +0000 build-fedora4: f0c8bc7e30c8ae86c4de7d6ce151efa7c327ae71608753380236e080c6c7b88f7f87b7c1369bf57e35cf1a22a7c730441b7dfce39a9501d3908079b22b7f6703  rpmdb/Filetriggername
2018-12-17 03:11:56.280656 +0000 build-fedora4: 67264f2e840d05017dcb4331d6bd90bfbc0abefbb231f237a8f1f5aee8e5e5301e6c25612d4785eb8d94bd8118b0ef0e7a864a8e9014e6d02073705eb7cabfba  rpmdb/Group
2018-12-17 03:11:56.280674 +0000 build-fedora4: 0bddc519c9417b5bf2f09a36aa5593ff9f9dd0e1ca4cf79125f7fdc9a41687340212b6dc08c7c050a3b4717815a1ac1ee3578fc9635abfb60685f84f89456d6b  rpmdb/Installtid
2018-12-17 03:11:56.280692 +0000 build-fedora4: 5ac4d17299a955d0a49d40b1f6cf63d79dee84bbda1519efc3540f4eef76893f6328f57b94c11ab3ff9a3e75b52d9a76a47a7fda047a708c22679236965fbbda  rpmdb/Name
2018-12-17 03:11:56.280711 +0000 build-fedora4: 0e0862f7e7675874ddd414ca7012dd160cbca60128266259f846d94ee5cce85e7594445d0a05444857e49ab8677224be9ff8556e86dd30e995c60522a7051701  rpmdb/Obsoletename
2018-12-17 03:11:56.280729 +0000 build-fedora4: cf8e933da4096cdb553c7a98269de6e592820fea545d6fc38bcdbf6ea49d3193fd644924f3b8446d250989a0e92076e202c03eada0160f9f5c8abdea4b99d4a4  rpmdb/Packages
2018-12-17 03:11:56.280747 +0000 build-fedora4: da72f1eb5ebd38e7c88827d29a75d7908d8bacdc4ee9b6836216d4319046262ed67aabf90434eee76180c8ab9d54d26a9791609558605975c3bdf85f3717e04d  rpmdb/Providename
2018-12-17 03:11:56.280781 +0000 build-fedora4: 4383228d9622cb3b603ce8fc08efa27ac2800e32ff4ba65c1e8275650463beea4c4d08beac525df4b7081e07dce3a3d8aabe1a5964aad273c423f0c779e5cc13  rpmdb/Recommendname
2018-12-17 03:11:56.280800 +0000 build-fedora4: e97451492fa6647d3a6f628e3a72787d46f60eae106ef7cfa90fc0b592b190dce03b55f71a3378e98bf50faaa6a9ff5606893bbd33104281e70ca0cca8aea6f6  rpmdb/Requirename
2018-12-17 03:11:56.280819 +0000 build-fedora4: 553813917ba501658b7ff44889b6a7c5119532304267e2b80b798882a47f708801263407f7f1bbf511bf483052811303982f8894fa1840a4d0912fc68fa4d286  rpmdb/Sha1header
2018-12-17 03:11:56.280837 +0000 build-fedora4: 9d99a8fa657fc514126f8f1a3a46a18ed23a4e34f31e37688e26d441fc9921d809ddcb242e634d4f1e5be7baaaa15b336e4b781eb3f942751b7abbbd5a681b1d  rpmdb/Sigmd5
2018-12-17 03:11:56.280855 +0000 build-fedora4: f207f20abeb25e6dee34bc493da120c5136f3655e109974a7a02f6833e154d22488f1d176506b16828ba1051ac8a53c67ffcfc0def869344688bfc7d1a9e15f8  rpmdb/Suggestname
2018-12-17 03:11:56.280873 +0000 build-fedora4: f3b2b6be6a9259bd10d462b31c8c3f134a617cc286d60f0aba54895ad143584530155f94f1f3379651063772b006f6777e00141957714ab19088c0d30cda8f92  rpmdb/Supplementname
2018-12-17 03:11:56.280893 +0000 build-fedora4: 7aeaf1c30ec44b09a3fa6119c916510e30b49a8cae96b56eef834fed0baf1a2f73f16ba32291ffe075f27eb9bd73a21783c12629d63c6043d59af4a1ab84ca6d  rpmdb/Transfiletriggername
2018-12-17 03:11:56.280913 +0000 build-fedora4: acdcb565daeaed55740986614e13badbef7bf54ce15464254de19f97ac1aeb6783e87182b36d9429b4693d0c48fe99ecb56442f713443ca6f74c2f646e76d2d2  rpmdb/Triggername
2018-12-17 03:11:56.280946 +0000 build-fedora4: 1765ee3ea90c72e3f288e983bd9820a61979aae5750ffc6ce430fe138f93b1205388c52f08e82ed8ff27a82c778088035e5146dbdf77c79a373ffaf19f79e37a  rpmdb/__db.001
2018-12-17 03:11:56.280965 +0000 build-fedora4: c942d579df547656661a064e45043319e4addb11989afa2f8edddbb520e72ffbf121ecd1587b437cc4ea25325588325dc92dadec31564827beebc5de6041e063  rpmdb/__db.002
2018-12-17 03:11:56.280983 +0000 build-fedora4: ee2041240eb94e8c9834a86ad61f6dd19cad536c2974711655ba0aa99f6035c5c0874c225d01575d6f9042f81f9b522357214ce2b8e7c10dfcfedf7c079b1c09  rpmdb/__db.003
2018-12-17 03:11:56.280998 +0000 build-fedora4: >> qubes-builder/qubes-src/manager c16b9694b3bc504fcebfa904ddfa63e407a1e04b
2018-12-17 03:11:56.281011 +0000 build-fedora4: !! pkgs/fc25/noarch/qubes-manager-4.0.18-1.fc25.noarch.rpm
2018-12-17 03:11:56.281024 +0000 build-fedora4: !! pkgs/fc25/noarch/qubes-manager-4.0.19-1.fc25.noarch.rpm
2018-12-17 03:11:56.281051 +0000 build-fedora4: !! pkgs/fc25/noarch/qubes-manager-4.0.20-1.fc25.noarch.rpm
2018-12-17 03:11:56.281065 +0000 build-fedora4: !! pkgs/fc25/noarch/qubes-manager-4.0.21-1.fc25.noarch.rpm
2018-12-17 03:11:56.281078 +0000 build-fedora4: !! pkgs/fc25/noarch/qubes-manager-4.0.22-1.fc25.noarch.rpm
2018-12-17 03:11:56.281091 +0000 build-fedora4: !! pkgs/fc25/noarch/qubes-manager-4.0.23-1.fc25.noarch.rpm
2018-12-17 03:11:56.281104 +0000 build-fedora4: !! pkgs/fc25/noarch/qubes-manager-4.0.24-1.fc25.noarch.rpm
2018-12-17 03:11:56.281117 +0000 build-fedora4: !! pkgs/fc25/noarch/qubes-manager-4.0.25-1.fc25.noarch.rpm
2018-12-17 03:11:56.281128 +0000 build-fedora4: !! pkgs/fc25/qmgr.spec.list
2018-12-17 03:11:56.281141 +0000 build-fedora4: !! pkgs/fc25/x86_64/qubes-manager-4.0.0-1.fc25.x86_64.rpm
2018-12-17 03:11:56.281155 +0000 build-fedora4: !! pkgs/fc25/x86_64/qubes-manager-4.0.1-1.fc25.x86_64.rpm
2018-12-17 03:11:56.281168 +0000 build-fedora4: !! pkgs/fc25/x86_64/qubes-manager-4.0.10-1.fc25.x86_64.rpm
2018-12-17 03:11:56.281181 +0000 build-fedora4: !! pkgs/fc25/x86_64/qubes-manager-4.0.11-1.fc25.x86_64.rpm
2018-12-17 03:11:56.281193 +0000 build-fedora4: !! pkgs/fc25/x86_64/qubes-manager-4.0.12-1.fc25.x86_64.rpm
2018-12-17 03:11:56.281206 +0000 build-fedora4: !! pkgs/fc25/x86_64/qubes-manager-4.0.13-1.fc25.x86_64.rpm
2018-12-17 03:11:56.281219 +0000 build-fedora4: !! pkgs/fc25/x86_64/qubes-manager-4.0.14-1.fc25.x86_64.rpm
2018-12-17 03:11:56.281232 +0000 build-fedora4: !! pkgs/fc25/x86_64/qubes-manager-4.0.15-1.fc25.x86_64.rpm
2018-12-17 03:11:56.281252 +0000 build-fedora4: !! pkgs/fc25/x86_64/qubes-manager-4.0.16-1.fc25.x86_64.rpm
2018-12-17 03:11:56.281265 +0000 build-fedora4: !! pkgs/fc25/x86_64/qubes-manager-4.0.17-1.fc25.x86_64.rpm
2018-12-17 03:11:56.281278 +0000 build-fedora4: !! pkgs/fc25/x86_64/qubes-manager-4.0.2-1.fc25.x86_64.rpm
2018-12-17 03:11:56.281291 +0000 build-fedora4: !! pkgs/fc25/x86_64/qubes-manager-4.0.3-1.fc25.x86_64.rpm
2018-12-17 03:11:56.281303 +0000 build-fedora4: !! pkgs/fc25/x86_64/qubes-manager-4.0.4-1.fc25.x86_64.rpm
2018-12-17 03:11:56.281316 +0000 build-fedora4: !! pkgs/fc25/x86_64/qubes-manager-4.0.5-1.fc25.x86_64.rpm
2018-12-17 03:11:56.281329 +0000 build-fedora4: !! pkgs/fc25/x86_64/qubes-manager-4.0.6-1.fc25.x86_64.rpm
2018-12-17 03:11:56.281341 +0000 build-fedora4: !! pkgs/fc25/x86_64/qubes-manager-4.0.7-1.fc25.x86_64.rpm
2018-12-17 03:11:56.281354 +0000 build-fedora4: !! pkgs/fc25/x86_64/qubes-manager-4.0.8-1.fc25.x86_64.rpm
2018-12-17 03:11:56.281367 +0000 build-fedora4: !! pkgs/fc25/x86_64/qubes-manager-4.0.9-1.fc25.x86_64.rpm
2018-12-17 03:11:56.281387 +0000 build-fedora4: 0c3928841ff227ea219bf2884abe71b3c5ac44cb8e618296e42090e54a225022df0d17d53777dc5bd995dfac7acc7461da75931055ec5128e40ff292d052df06  pkgs/fc25/noarch/qubes-manager-4.0.18-1.fc25.noarch.rpm
2018-12-17 03:11:56.281408 +0000 build-fedora4: 236fc81bd01709a23df255733f9a36a5b2f1413d8e2dc019d9c10d3fe5d04305b03439a21c3c3c2ac39046ea24b8af2e6073419a72aaa9f905ec3291fb469a57  pkgs/fc25/noarch/qubes-manager-4.0.19-1.fc25.noarch.rpm
2018-12-17 03:11:56.281428 +0000 build-fedora4: 5191e7dbb651bbdfff0a69e12e83a08cc14432b1cb09fd7bf46818e39f37e103fec74a724e25dee35779c06e548f7f00a84570a6e206d725ea54b020b2fa01ef  pkgs/fc25/noarch/qubes-manager-4.0.20-1.fc25.noarch.rpm
2018-12-17 03:11:56.281451 +0000 build-fedora4: d70447c8b2f87291f0489af40a4232d2bfa1d3eded57cbab9df528c9bb4f96b982640953b9a777e1d2d6b2b6c53662f64c0d984c794ee9fcc5eb8bea21c2e319  pkgs/fc25/noarch/qubes-manager-4.0.21-1.fc25.noarch.rpm
2018-12-17 03:11:56.281471 +0000 build-fedora4: d8244fdf2202d4fee168208cfc1cd669545688e0b77ae00df58411ea55b0d5b4e388393934a4a968c0a950a01cea2da50cf2293719e3052cb5a43214ca1357b0  pkgs/fc25/noarch/qubes-manager-4.0.22-1.fc25.noarch.rpm
2018-12-17 03:11:56.281492 +0000 build-fedora4: 7586c63022a69b0c1de375341ff6bc7094d619d26fe0d0ebb3852cc35d25b5ef817adc85bfaf6086e64efc0626ea7df072f4e8dc10766ad2a7254877e24f825a  pkgs/fc25/noarch/qubes-manager-4.0.23-1.fc25.noarch.rpm
2018-12-17 03:11:56.281512 +0000 build-fedora4: 54c9943edb47f4a6093165e523bba140b774b19aed4a4794b8bb13ceb94cb24fb0b72e13664208bd32b43a3a558b2904552a685963dd0dc1bf053c26c229bd9d  pkgs/fc25/noarch/qubes-manager-4.0.24-1.fc25.noarch.rpm
2018-12-17 03:11:56.281532 +0000 build-fedora4: 216c7ca00962be599531e551998ad0a2b328d45e3189e266d8a47a6d0d08063738ad64a954055b0c5968a48c498ed86bac5f75abf4c02fe7ad31216b90968ac0  pkgs/fc25/noarch/qubes-manager-4.0.25-1.fc25.noarch.rpm
2018-12-17 03:11:56.281682 +0000 build-fedora4: cb7a06ab313f4573a388d56bab7aa6d59018e5d6eff3d769063cdd2674b9b8f563b88565baf86752cdced7ee3c4a362a8e7859c13eeb6966c3b3e06fe4a42e8d  pkgs/fc25/qmgr.spec.list
2018-12-17 03:11:56.281713 +0000 build-fedora4: ab234e0b95208199567c6190b35885498840134b57a32ecad5628924ca56d114387841f9e28d45894a32cbe0d8c113a772c1fea70887a66b6543d51628d1c7ea  pkgs/fc25/x86_64/qubes-manager-4.0.0-1.fc25.x86_64.rpm
2018-12-17 03:11:56.281746 +0000 build-fedora4: bf88108e5178e23b7f7d06bfd3115c47a917c87e4ad8888ea4b0bc15b6264b9fb1f298e9c9dde8b52c4c3f0300acb87684b23959e0c867107c4343e9798e7fa5  pkgs/fc25/x86_64/qubes-manager-4.0.1-1.fc25.x86_64.rpm
2018-12-17 03:11:56.291414 +0000 build-fedora4: 2b2fd2093ce7f7d3fdf91fd710db374cf741e3191abd773ec847a212d8b82a2f4c98936da6d73850bc1ee92039c941188a71c9abead0b8ee81075aed70c50825  pkgs/fc25/x86_64/qubes-manager-4.0.10-1.fc25.x86_64.rpm
2018-12-17 03:11:56.301012 +0000 build-fedora4: e0d6d9221aaf734f77c725dbebf8b3368d493722311be1ef9fed6112ac62685a6da12d22187b6b6ae8a0fbc023d80c8115a6f6ff1643e743eb2bc3efc304fa92  pkgs/fc25/x86_64/qubes-manager-4.0.11-1.fc25.x86_64.rpm
2018-12-17 03:11:56.316136 +0000 build-fedora4: aa6066cf2ffcbd351b777a2bac5ebd4a119cade9e6f6a3593d62e832efb17bdf2dec8a724cf29fefd1977ac5c1075727d2cdbae543a5d8a26ac68efbfa331101  pkgs/fc25/x86_64/qubes-manager-4.0.12-1.fc25.x86_64.rpm
2018-12-17 03:11:56.316186 +0000 build-fedora4: 01d186720d26746676eb201c2d09c28bfb11145a498cac36a195eb5fefd062d55cd8b7dce52d8b2350115c2b28562516a4bb696f6436f8db667c19f3560d4153  pkgs/fc25/x86_64/qubes-manager-4.0.13-1.fc25.x86_64.rpm
2018-12-17 03:11:56.325561 +0000 build-fedora4: 535a80debbedb02c425a1683c25adedfb9e77148a6a83a0c60886269207151004096cf0eaed3ddcb3d44f6240c0dc56e85724d064163d4e43d963483acfa11e5  pkgs/fc25/x86_64/qubes-manager-4.0.14-1.fc25.x86_64.rpm
2018-12-17 03:11:56.330335 +0000 build-fedora4: 83cda9abdba08f70714d122a75d20fabfb3ba10279a9d39204bd822883c78699e474d99aa2ae856532569165d5eedabee32a7e023dc9d38fe96d109e6fcebe32  pkgs/fc25/x86_64/qubes-manager-4.0.15-1.fc25.x86_64.rpm
2018-12-17 03:11:56.335000 +0000 build-fedora4: 8ff8b4878665c829b6b39c3396c41cdec156fa26213eddca812ce2a25f8930462b893737be09e9667cf7b49d025e45c0dc09b78483970870099960983270e222  pkgs/fc25/x86_64/qubes-manager-4.0.16-1.fc25.x86_64.rpm
2018-12-17 03:11:56.339876 +0000 build-fedora4: 3e62e9ff35978d25c6ea4eee00aaa250532fd834f1184ebe1ed853e1d8c254d363a3aa99c16aa8d8bad7067777adaac8a5f102ab4a54ae027f047941264646ef  pkgs/fc25/x86_64/qubes-manager-4.0.17-1.fc25.x86_64.rpm
2018-12-17 03:11:56.351288 +0000 build-fedora4: 9d682e745974ed273e80bb2a932109fd74d05d2bfac6a4d8e182e4d74be83b0e2ad708b8da5669bf94d94b0d45304e12bd29c0a07dd5ccf0fe03856e9fdd015f  pkgs/fc25/x86_64/qubes-manager-4.0.2-1.fc25.x86_64.rpm
2018-12-17 03:11:56.361788 +0000 build-fedora4: 54ff28375c43ecb0a09856043dfaeed53bbd9912070161190cc40589dc408374af00784783decd207263eade027365cef8084f630b94b1aef8666801fd9c368b  pkgs/fc25/x86_64/qubes-manager-4.0.3-1.fc25.x86_64.rpm
2018-12-17 03:11:56.369782 +0000 build-fedora4: cc102db4d9bccae81ad146c25246f248ef2fb92c44839124927b51932b28bd41c66f8e96bc022cc76612249f791e2bbed02a23b5b4b43dec18adb12122523206  pkgs/fc25/x86_64/qubes-manager-4.0.4-1.fc25.x86_64.rpm
2018-12-17 03:11:56.379067 +0000 build-fedora4: 3e4c19ea364617d09fb1b299ed64015314575346fd5ac790a937556eb922a29e5c6b1bcbbd3e9c761c502da1303c586bafce8b6366300fbc357080a40fbdb8d9  pkgs/fc25/x86_64/qubes-manager-4.0.5-1.fc25.x86_64.rpm
2018-12-17 03:11:56.397949 +0000 build-fedora4: 1553af2e25f06f37590c0b9d36574ca6d6c359c281342064bc3f7e115ea69c9c31dc3cb2e1db4501ef150bfdeda0d2f50ea21a837bf3b18f62450c84d72049e8  pkgs/fc25/x86_64/qubes-manager-4.0.6-1.fc25.x86_64.rpm
2018-12-17 03:11:56.416327 +0000 build-fedora4: 44388795d5f9f111c97d3cef0e0d263829b83b33a5d7b595b52ca4a43ff073cc3de2ae95b5ed72e14e8d2035e4b5cf77b6d107c971d067dea28e473d3b13add7  pkgs/fc25/x86_64/qubes-manager-4.0.7-1.fc25.x86_64.rpm
2018-12-17 03:11:56.422803 +0000 build-fedora4: daaf7af0706edb56f132ad6bb9e173b38b9d89fe95b86ab8921791e76df40c86b08c446fcb7721e5d7e6f2cd8e1190fd1552bf03345f82f090d713c07e211f30  pkgs/fc25/x86_64/qubes-manager-4.0.8-1.fc25.x86_64.rpm
2018-12-17 03:11:56.422850 +0000 build-fedora4: 88b1d4d0c092d9697bcfdefc0fcafc1d3c2497f785ae1b387bafb6a7c81c795f37165572d93e1e58b1638bb997d6bd230892877ed26823b864dc1d5865266772  pkgs/fc25/x86_64/qubes-manager-4.0.9-1.fc25.x86_64.rpm
2018-12-17 03:11:56.636768 +0000 build-fedora4: ================================================================================
2018-12-17 03:11:56.636811 +0000 build-fedora4:                            B U I L D   I N F O                                  
2018-12-17 03:11:56.636830 +0000 build-fedora4: Items in red indicate it was automatically generated by configuration file(s)
2018-12-17 03:11:56.636846 +0000 build-fedora4: Items in white indicate it was automatically removed by configuration file(s)
2018-12-17 03:11:56.636861 +0000 build-fedora4: ================================================================================
2018-12-17 03:11:56.636872 +0000 build-fedora4: DISTS_VM:
2018-12-17 03:11:56.641775 +0000 build-fedora4:     
2018-12-17 03:11:56.646343 +0000 build-fedora4: DISTS_ALL:
2018-12-17 03:11:56.647973 +0000 build-fedora4:      fc25,
2018-12-17 03:11:56.653132 +0000 build-fedora4: DIST_DOM0:
2018-12-17 03:11:56.656085 +0000 build-fedora4:      fc25,
2018-12-17 03:11:56.661447 +0000 build-fedora4: BUILDER_PLUGINS:
2018-12-17 03:11:56.665412 +0000 build-fedora4:      builder-rpm, mgmt-salt, linux-yum, builder-github,
2018-12-17 03:11:56.665449 +0000 build-fedora4: COMPONENTS:
2018-12-17 03:11:56.676241 +0000 build-fedora4:      manager,
2018-12-17 03:11:56.676279 +0000 build-fedora4: GIT_REPOS:
2018-12-17 03:11:56.677390 +0000 build-fedora4:      qubes-src/manager,
2018-12-17 03:11:56.677412 +0000 build-fedora4: TEMPLATE:
2018-12-17 03:11:56.685644 +0000 build-fedora4:     
2018-12-17 03:11:56.685680 +0000 build-fedora4: TEMPLATE_FLAVOR_DIR:
2018-12-17 03:11:56.691696 +0000 build-fedora4:     
2018-12-17 03:11:56.691729 +0000 build-fedora4: TEMPLATE_ALIAS:
2018-12-17 03:11:56.698803 +0000 build-fedora4:      jessie:jessie+standard, jessie+gnome:jessie+gnome+standard,
2018-12-17 03:11:56.698840 +0000 build-fedora4:      jessie+minimal:jessie+minimal+no-recommends, stretch:stretch+standard, stretch+gnome:stretch+gnome+standard,
2018-12-17 03:11:56.698859 +0000 build-fedora4:      stretch+minimal:stretch+minimal+no-recommends, whonix-gateway:jessie+whonix-gateway+minimal+no-recommends,
2018-12-17 03:11:56.698875 +0000 build-fedora4:      whonix-workstation:jessie+whonix-workstation+minimal+no-recommends,
2018-12-17 03:11:56.698889 +0000 build-fedora4:      whonix-gateway-14:stretch+whonix-gateway+minimal+no-recommends,
2018-12-17 03:11:56.698904 +0000 build-fedora4:      whonix-workstation-14:stretch+whonix-workstation+minimal+no-recommends,
2018-12-17 03:11:56.698918 +0000 build-fedora4:      whonix-gateway:jessie+whonix-gateway+minimal+no-recommends,
2018-12-17 03:11:56.698961 +0000 build-fedora4:      whonix-workstation:jessie+whonix-workstation+minimal+no-recommends,
2018-12-17 03:11:56.698975 +0000 build-fedora4: TEMPLATE_LABEL:
2018-12-17 03:11:56.703690 +0000 build-fedora4:      fc20:fedora-20 fc21:fedora-21 fc22:fedora-22 fc23:fedora-23 fc24:fedora-24 fc25:fedora-25
2018-12-17 03:11:56.703737 +0000 build-fedora4:      fc26:fedora-26 fc27:fedora-27 fc28:fedora-28 fc29:fedora-29 fc20+minimal:fedora-20-minimal
2018-12-17 03:11:56.703759 +0000 build-fedora4:      fc21+minimal:fedora-21-minimal fc23+minimal:fedora-23-minimal fc24+minimal:fedora-24-minimal
2018-12-17 03:11:56.703777 +0000 build-fedora4:      fc25+minimal:fedora-25-minimal fc26+minimal:fedora-26-minimal fc27+minimal:fedora-27-minimal
2018-12-17 03:11:56.703793 +0000 build-fedora4:      fc28+minimal:fedora-28-minimal fc29+minimal:fedora-29-minimal fc25+xfce:fedora-25-xfce
2018-12-17 03:11:56.703811 +0000 build-fedora4:      fc26+xfce:fedora-26-xfce fc27+xfce:fedora-27-xfce fc28+xfce:fedora-28-xfce fc29+xfce:fedora-29-xfce
2018-12-17 03:11:56.703827 +0000 build-fedora4:      wheezy:debian-7 wheezy+standard:debian-7 jessie:debian-8 jessie+standard:debian-8
2018-12-17 03:11:56.703843 +0000 build-fedora4:      stretch:debian-9 stretch+standard:debian-9 centos7:centos-7 centos7+minimal:centos-7-minimal
2018-12-17 03:11:56.703858 +0000 build-fedora4:      centos7+xfce:centos-7-xfce jessie+whonix-gateway+minimal+no-recommends:whonix-gw
2018-12-17 03:11:56.703872 +0000 build-fedora4:      jessie+whonix-workstation+minimal+no-recommends:whonix-ws
2018-12-17 03:11:56.703886 +0000 build-fedora4:      stretch+whonix-gateway+minimal+no-recommends:whonix-gw-14
2018-12-17 03:11:56.703900 +0000 build-fedora4:      stretch+whonix-workstation+minimal+no-recommends:whonix-ws-14
2018-12-17 03:11:56.703913 +0000 build-fedora4:      jessie+whonix-gateway+minimal+no-recommends:whonix-gw
2018-12-17 03:11:56.703938 +0000 build-fedora4:      jessie+whonix-workstation+minimal+no-recommends:whonix-ws
2018-12-17 03:11:56.741811 +0000 build-fedora4: > running make
2018-12-17 03:11:56.784528 +0000 build-fedora4: Makefile:798: target 'internal-update-repo-current.dom0.fc25.manager' does not exist
2018-12-17 03:11:56.784570 +0000 build-fedora4: repo_base_var="LINUX_REPO_fc25_BASEDIR"; \
2018-12-17 03:11:56.784602 +0000 build-fedora4: if [ "manager" = linux-template-builder ]; then \
2018-12-17 03:11:56.784620 +0000 build-fedora4: .# templates belongs to dom0 repository, even though PACKAGE_SET=vm
2018-12-17 03:11:56.784633 +0000 build-fedora4: repo_base_var="LINUX_REPO_fc25_BASEDIR"; \
2018-12-17 03:11:56.784644 +0000 build-fedora4: fi; \
2018-12-17 03:11:56.784658 +0000 build-fedora4: if [ -n "${!repo_base_var}" ]; then \
2018-12-17 03:11:56.784670 +0000 build-fedora4: .repo_basedir="${!repo_base_var}"; \
2018-12-17 03:11:56.784681 +0000 build-fedora4: else \
2018-12-17 03:11:56.784693 +0000 build-fedora4: .repo_basedir="qubes-src/linux-yum/r4.0"; \
2018-12-17 03:11:56.784704 +0000 build-fedora4: fi; \
2018-12-17 03:11:56.784717 +0000 build-fedora4: if [ -r qubes-src/manager/Makefile.builder ]; then \
2018-12-17 03:11:56.784729 +0000 build-fedora4: .echo -n "Updating qubes-src/manager... "; \
2018-12-17 03:11:56.784741 +0000 build-fedora4: .if [ "0" -eq 1 ]; then \
2018-12-17 03:11:56.784755 +0000 build-fedora4: ..vtag=`git -C qubes-src/manager tag --points-at HEAD --list v*`; \
2018-12-17 03:11:56.784770 +0000 build-fedora4: ..if [ -z "$vtag" ]; then \
2018-12-17 03:11:56.784782 +0000 build-fedora4: ...echo "no version tag"; \
2018-12-17 03:11:56.784792 +0000 build-fedora4: ...exit 0; \
2018-12-17 03:11:56.784803 +0000 build-fedora4: ..fi; \
2018-12-17 03:11:56.784813 +0000 build-fedora4: .fi; \
2018-12-17 03:11:56.784825 +0000 build-fedora4: .if [ "manager" = linux-template-builder ]; then
2018-12-17 03:11:56.784841 +0000 build-fedora4: export TEMPLATE_NAME=$(MAKEFLAGS= make -s -C qubes-src/linux-template-builder DIST=fc25 template-name)
2018-12-17 03:11:56.784853 +0000 build-fedora4: fi
2018-12-17 03:11:56.784876 +0000 build-fedora4: component_packages=$(MAKEFLAGS= make -s -f Makefile.generic DIST=fc25 PACKAGE_SET=dom0 COMPONENT=`basename qubes-src/manager` UPDATE_REPO=/home/user/builder-r4.0-dom0/$repo_basedir/current/dom0/fc25 get-var GET_VAR=PACKAGE_LIST); \
2018-12-17 03:11:56.784890 +0000 build-fedora4: .if [ -z "$component_packages" ]; then \
2018-12-17 03:11:56.784902 +0000 build-fedora4: ..echo "no packages."; \
2018-12-17 03:11:56.784913 +0000 build-fedora4: ..exit 0; \
2018-12-17 03:11:56.784923 +0000 build-fedora4: .fi; \
2018-12-17 03:11:56.784953 +0000 build-fedora4: .make -s -f Makefile.generic DIST=fc25 PACKAGE_SET=dom0 \
2018-12-17 03:11:56.784966 +0000 build-fedora4: ..COMPONENT=`basename qubes-src/manager` \
2018-12-17 03:11:56.784978 +0000 build-fedora4: ..SNAPSHOT_REPO=current-testing \
2018-12-17 03:11:56.784989 +0000 build-fedora4: ..TARGET_REPO=current \
2018-12-17 03:11:56.785003 +0000 build-fedora4: ..UPDATE_REPO=/home/user/builder-r4.0-dom0/$repo_basedir/current/dom0/fc25 \
2018-12-17 03:11:56.785021 +0000 build-fedora4: ..SNAPSHOT_FILE=/home/user/builder-r4.0-dom0/repo-latest-snapshot/current-testing-dom0-fc25-`basename qubes-src/manager` \
2018-12-17 03:11:56.785033 +0000 build-fedora4: ..BUILD_LOG_URL= \
2018-12-17 03:11:56.785045 +0000 build-fedora4: ..update-repo-from-snapshot || exit 1; \
2018-12-17 03:11:56.785059 +0000 build-fedora4: elif make -C qubes-src/manager -n update-repo-current >/dev/null 2>/dev/null; then \
2018-12-17 03:11:56.785072 +0000 build-fedora4: .echo "Updating qubes-src/manager... "; \
2018-12-17 03:11:56.785086 +0000 build-fedora4: .DIST=fc25 UPDATE_REPO=/home/user/builder-r4.0-dom0/$repo_basedir/current/dom0/fc25 \
2018-12-17 03:11:56.785099 +0000 build-fedora4: .make -s -C qubes-src/manager update-repo-current || exit 1; \
2018-12-17 03:11:56.785110 +0000 build-fedora4: else \
2018-12-17 03:11:56.785123 +0000 build-fedora4: .echo -n "Updating qubes-src/manager... skipping."; \
2018-12-17 03:11:56.785133 +0000 build-fedora4: fi; \
2018-12-17 03:11:56.785143 +0000 build-fedora4: echo
2018-12-17 03:11:56.847447 +0000 build-fedora4: Updating qubes-src/manager... + ERR_OUTPUT=/dev/stderr
2018-12-17 03:11:56.847489 +0000 build-fedora4: + '[' 2 -lt 2 ']'
2018-12-17 03:11:56.848702 +0000 build-fedora4: ++ basename qubes-src/manager/rpm_spec/qmgr.spec.in
2018-12-17 03:11:56.850698 +0000 build-fedora4: + [[ xqmgr.spec.in == \x\.\i\n ]]
2018-12-17 03:11:56.850738 +0000 build-fedora4: + '[' -r qubes-src/manager/rpm_spec/qmgr.spec.in ']'
2018-12-17 03:11:56.850755 +0000 build-fedora4: ++ mktemp --tmpdir tmp.XXXXXX.spec
2018-12-17 03:11:56.857563 +0000 build-fedora4: + tmp_spec=/tmp/tmp.W7BJEi.spec
2018-12-17 03:11:56.857604 +0000 build-fedora4: ++ dirname /home/user/builder-r4.0-dom0/qubes-src/builder-rpm/scripts/query-spec
2018-12-17 03:11:56.857627 +0000 build-fedora4: + /home/user/builder-r4.0-dom0/qubes-src/builder-rpm/scripts/generate-spec qubes-src/manager/rpm_spec/qmgr.spec.in /tmp/tmp.W7BJEi.spec
2018-12-17 03:11:56.861445 +0000 build-fedora4: + '[' 2 -lt 2 ']'
2018-12-17 03:11:56.861484 +0000 build-fedora4: + '[' -z qubes-src/manager ']'
2018-12-17 03:11:56.861504 +0000 build-fedora4: + cp qubes-src/manager/rpm_spec/qmgr.spec.in qubes-src/manager/rpm_spec/qmgr.spec.in.tmp
2018-12-17 03:11:56.869657 +0000 build-fedora4: + read -r ver
2018-12-17 03:11:56.870927 +0000 build-fedora4: + '[' x = x ']'
2018-12-17 03:11:56.870966 +0000 build-fedora4: + sed -i 's|@VERSION@|4.0.25|g' qubes-src/manager/rpm_spec/qmgr.spec.in.tmp
2018-12-17 03:11:56.876307 +0000 build-fedora4: + vnum=1
2018-12-17 03:11:56.876345 +0000 build-fedora4: + read -r ver
2018-12-17 03:11:56.876362 +0000 build-fedora4: + '[' -e qubes-src/manager/rel ']'
2018-12-17 03:11:56.877361 +0000 build-fedora4: ++ cat qubes-src/manager/rel
2018-12-17 03:11:56.880251 +0000 build-fedora4: ++ echo 1
2018-12-17 03:11:56.880520 +0000 build-fedora4: + sed -i -e s:@REL@:1:g -e s:@BACKEND_VMM@:xen:g qubes-src/manager/rpm_spec/qmgr.spec.in.tmp
2018-12-17 03:11:56.884946 +0000 build-fedora4: + '[' -e qubes-src/manager/changelog ']'
2018-12-17 03:11:56.884987 +0000 build-fedora4: + sed -i /@CHANGELOG@/d qubes-src/manager/rpm_spec/qmgr.spec.in.tmp
2018-12-17 03:11:56.942542 +0000 build-fedora4: + cat qubes-src/manager/rpm_spec/qmgr.spec.in.tmp
2018-12-17 03:11:56.942584 +0000 build-fedora4: + rm -rf qubes-src/manager/rpm_spec/qmgr.spec.in.tmp
2018-12-17 03:11:56.943630 +0000 build-fedora4: + '[' '%{SOURCE0}' = '%{SOURCE0}' ']'
2018-12-17 03:11:56.944873 +0000 build-fedora4: ++ dirname /home/user/builder-r4.0-dom0/qubes-src/builder-rpm/scripts/query-spec
2018-12-17 03:11:56.948119 +0000 build-fedora4: + /home/user/builder-r4.0-dom0/qubes-src/builder-rpm/scripts/../tools/spectool --list-files --source 0 /tmp/tmp.W7BJEi.spec
2018-12-17 03:11:57.036996 +0000 build-fedora4: + rm -f /tmp/tmp.W7BJEi.spec
2018-12-17 03:11:57.051085 +0000 build-fedora4: + ERR_OUTPUT=/dev/stderr
2018-12-17 03:11:57.051134 +0000 build-fedora4: + '[' 2 -lt 2 ']'
2018-12-17 03:11:57.054542 +0000 build-fedora4: ++ basename qubes-src/manager/rpm_spec/qmgr.spec.in
2018-12-17 03:11:57.056295 +0000 build-fedora4: + [[ xqmgr.spec.in == \x\.\i\n ]]
2018-12-17 03:11:57.056338 +0000 build-fedora4: + '[' -r qubes-src/manager/rpm_spec/qmgr.spec.in ']'
2018-12-17 03:11:57.056354 +0000 build-fedora4: ++ mktemp --tmpdir tmp.XXXXXX.spec
2018-12-17 03:11:57.062011 +0000 build-fedora4: + tmp_spec=/tmp/tmp.0x89xb.spec
2018-12-17 03:11:57.062053 +0000 build-fedora4: ++ dirname /home/user/builder-r4.0-dom0/qubes-src/builder-rpm/scripts/query-spec
2018-12-17 03:11:57.062075 +0000 build-fedora4: + /home/user/builder-r4.0-dom0/qubes-src/builder-rpm/scripts/generate-spec qubes-src/manager/rpm_spec/qmgr.spec.in /tmp/tmp.0x89xb.spec
2018-12-17 03:11:57.065321 +0000 build-fedora4: + '[' 2 -lt 2 ']'
2018-12-17 03:11:57.065352 +0000 build-fedora4: + '[' -z qubes-src/manager ']'
2018-12-17 03:11:57.065370 +0000 build-fedora4: + cp qubes-src/manager/rpm_spec/qmgr.spec.in qubes-src/manager/rpm_spec/qmgr.spec.in.tmp
2018-12-17 03:11:57.068521 +0000 build-fedora4: + read -r ver
2018-12-17 03:11:57.068550 +0000 build-fedora4: + '[' x = x ']'
2018-12-17 03:11:57.069657 +0000 build-fedora4: + sed -i 's|@VERSION@|4.0.25|g' qubes-src/manager/rpm_spec/qmgr.spec.in.tmp
2018-12-17 03:11:57.073510 +0000 build-fedora4: + vnum=1
2018-12-17 03:11:57.073543 +0000 build-fedora4: + read -r ver
2018-12-17 03:11:57.073570 +0000 build-fedora4: + '[' -e qubes-src/manager/rel ']'
2018-12-17 03:11:57.074675 +0000 build-fedora4: ++ cat qubes-src/manager/rel
2018-12-17 03:11:57.081523 +0000 build-fedora4: ++ echo 1
2018-12-17 03:11:57.081572 +0000 build-fedora4: + sed -i -e s:@REL@:1:g -e s:@BACKEND_VMM@:xen:g qubes-src/manager/rpm_spec/qmgr.spec.in.tmp
2018-12-17 03:11:57.092168 +0000 build-fedora4: + '[' -e qubes-src/manager/changelog ']'
2018-12-17 03:11:57.092218 +0000 build-fedora4: + sed -i /@CHANGELOG@/d qubes-src/manager/rpm_spec/qmgr.spec.in.tmp
2018-12-17 03:11:57.092243 +0000 build-fedora4: + cat qubes-src/manager/rpm_spec/qmgr.spec.in.tmp
2018-12-17 03:11:57.092260 +0000 build-fedora4: + rm -rf qubes-src/manager/rpm_spec/qmgr.spec.in.tmp
2018-12-17 03:11:57.093538 +0000 build-fedora4: + '[' '%{SOURCE0}' = '%{SOURCE0}' ']'
2018-12-17 03:11:57.094675 +0000 build-fedora4: ++ dirname /home/user/builder-r4.0-dom0/qubes-src/builder-rpm/scripts/query-spec
2018-12-17 03:11:57.098202 +0000 build-fedora4: + /home/user/builder-r4.0-dom0/qubes-src/builder-rpm/scripts/../tools/spectool --list-files --source 0 /tmp/tmp.0x89xb.spec
2018-12-17 03:11:57.232737 +0000 build-fedora4: + rm -f /tmp/tmp.0x89xb.spec
2018-12-17 03:11:57.317256 +0000 build-fedora4: + ERR_OUTPUT=/dev/stderr
2018-12-17 03:11:57.317296 +0000 build-fedora4: + '[' 2 -lt 2 ']'
2018-12-17 03:11:57.317314 +0000 build-fedora4: ++ basename qubes-src/manager/rpm_spec/qmgr.spec.in
2018-12-17 03:11:57.317328 +0000 build-fedora4: + [[ xqmgr.spec.in == \x\.\i\n ]]
2018-12-17 03:11:57.317341 +0000 build-fedora4: + '[' -r qubes-src/manager/rpm_spec/qmgr.spec.in ']'
2018-12-17 03:11:57.318675 +0000 build-fedora4: ++ mktemp --tmpdir tmp.XXXXXX.spec
2018-12-17 03:11:57.319968 +0000 build-fedora4: + tmp_spec=/tmp/tmp.arGALq.spec
2018-12-17 03:11:57.321352 +0000 build-fedora4: ++ dirname /home/user/builder-r4.0-dom0/qubes-src/builder-rpm/scripts/query-spec
2018-12-17 03:11:57.324355 +0000 build-fedora4: + /home/user/builder-r4.0-dom0/qubes-src/builder-rpm/scripts/generate-spec qubes-src/manager/rpm_spec/qmgr.spec.in /tmp/tmp.arGALq.spec
2018-12-17 03:11:57.327850 +0000 build-fedora4: + '[' 2 -lt 2 ']'
2018-12-17 03:11:57.327890 +0000 build-fedora4: + '[' -z qubes-src/manager ']'
2018-12-17 03:11:57.327911 +0000 build-fedora4: + cp qubes-src/manager/rpm_spec/qmgr.spec.in qubes-src/manager/rpm_spec/qmgr.spec.in.tmp
2018-12-17 03:11:57.331696 +0000 build-fedora4: + read -r ver
2018-12-17 03:11:57.331735 +0000 build-fedora4: + '[' x = x ']'
2018-12-17 03:11:57.331754 +0000 build-fedora4: + sed -i 's|@VERSION@|4.0.25|g' qubes-src/manager/rpm_spec/qmgr.spec.in.tmp
2018-12-17 03:11:57.359066 +0000 build-fedora4: + vnum=1
2018-12-17 03:11:57.359106 +0000 build-fedora4: + read -r ver
2018-12-17 03:11:57.359124 +0000 build-fedora4: + '[' -e qubes-src/manager/rel ']'
2018-12-17 03:11:57.359137 +0000 build-fedora4: ++ cat qubes-src/manager/rel
2018-12-17 03:11:57.398529 +0000 build-fedora4: ++ echo 1
2018-12-17 03:11:57.398573 +0000 build-fedora4: + sed -i -e s:@REL@:1:g -e s:@BACKEND_VMM@:xen:g qubes-src/manager/rpm_spec/qmgr.spec.in.tmp
2018-12-17 03:11:57.398591 +0000 build-fedora4: + '[' -e qubes-src/manager/changelog ']'
2018-12-17 03:11:57.398606 +0000 build-fedora4: + sed -i /@CHANGELOG@/d qubes-src/manager/rpm_spec/qmgr.spec.in.tmp
2018-12-17 03:11:57.399353 +0000 build-fedora4: + cat qubes-src/manager/rpm_spec/qmgr.spec.in.tmp
2018-12-17 03:11:57.402991 +0000 build-fedora4: + rm -rf qubes-src/manager/rpm_spec/qmgr.spec.in.tmp
2018-12-17 03:11:57.445110 +0000 build-fedora4: + '[' '%{SOURCE0}' = '%{SOURCE0}' ']'
2018-12-17 03:11:57.445152 +0000 build-fedora4: ++ dirname /home/user/builder-r4.0-dom0/qubes-src/builder-rpm/scripts/query-spec
2018-12-17 03:11:57.445175 +0000 build-fedora4: + /home/user/builder-r4.0-dom0/qubes-src/builder-rpm/scripts/../tools/spectool --list-files --source 0 /tmp/tmp.arGALq.spec
2018-12-17 03:11:57.522513 +0000 build-fedora4: + rm -f /tmp/tmp.arGALq.spec
2018-12-17 03:11:57.533555 +0000 build-fedora4: Makefile.generic:210: target 'update-repo-date-check' does not exist
2018-12-17 03:11:57.533613 +0000 build-fedora4: if ! [ -r /home/user/builder-r4.0-dom0/repo-latest-snapshot/current-testing-dom0-fc25-manager ]; then \
2018-12-17 03:11:57.533634 +0000 build-fedora4: .echo "`tput bold`*** Packages weren't uploaded to current-testing! ***`tput sgr0`"; \
2018-12-17 03:11:57.533649 +0000 build-fedora4: .exit 1; \
2018-12-17 03:11:57.533660 +0000 build-fedora4: fi
2018-12-17 03:11:57.550166 +0000 build-fedora4: + ERR_OUTPUT=/dev/stderr
2018-12-17 03:11:57.550205 +0000 build-fedora4: + '[' 2 -lt 2 ']'
2018-12-17 03:11:57.550222 +0000 build-fedora4: ++ basename qubes-src/manager/rpm_spec/qmgr.spec.in
2018-12-17 03:11:57.552709 +0000 build-fedora4: + [[ xqmgr.spec.in == \x\.\i\n ]]
2018-12-17 03:11:57.552750 +0000 build-fedora4: + '[' -r qubes-src/manager/rpm_spec/qmgr.spec.in ']'
2018-12-17 03:11:57.553693 +0000 build-fedora4: ++ mktemp --tmpdir tmp.XXXXXX.spec
2018-12-17 03:11:57.576558 +0000 build-fedora4: + tmp_spec=/tmp/tmp.CUaETb.spec
2018-12-17 03:11:57.576602 +0000 build-fedora4: ++ dirname /home/user/builder-r4.0-dom0/qubes-src/builder-rpm/scripts/query-spec
2018-12-17 03:11:57.576625 +0000 build-fedora4: + /home/user/builder-r4.0-dom0/qubes-src/builder-rpm/scripts/generate-spec qubes-src/manager/rpm_spec/qmgr.spec.in /tmp/tmp.CUaETb.spec
2018-12-17 03:11:57.576639 +0000 build-fedora4: + '[' 2 -lt 2 ']'
2018-12-17 03:11:57.576651 +0000 build-fedora4: + '[' -z qubes-src/manager ']'
2018-12-17 03:11:57.576666 +0000 build-fedora4: + cp qubes-src/manager/rpm_spec/qmgr.spec.in qubes-src/manager/rpm_spec/qmgr.spec.in.tmp
2018-12-17 03:11:57.576678 +0000 build-fedora4: + read -r ver
2018-12-17 03:11:57.576689 +0000 build-fedora4: + '[' x = x ']'
2018-12-17 03:11:57.576704 +0000 build-fedora4: + sed -i 's|@VERSION@|4.0.25|g' qubes-src/manager/rpm_spec/qmgr.spec.in.tmp
2018-12-17 03:11:57.576715 +0000 build-fedora4: + vnum=1
2018-12-17 03:11:57.576726 +0000 build-fedora4: + read -r ver
2018-12-17 03:11:57.576738 +0000 build-fedora4: + '[' -e qubes-src/manager/rel ']'
2018-12-17 03:11:57.576749 +0000 build-fedora4: ++ cat qubes-src/manager/rel
2018-12-17 03:11:57.576762 +0000 build-fedora4: ++ echo 1
2018-12-17 03:11:57.576778 +0000 build-fedora4: + sed -i -e s:@REL@:1:g -e s:@BACKEND_VMM@:xen:g qubes-src/manager/rpm_spec/qmgr.spec.in.tmp
2018-12-17 03:11:57.578208 +0000 build-fedora4: + '[' -e qubes-src/manager/changelog ']'
2018-12-17 03:11:57.578244 +0000 build-fedora4: + sed -i /@CHANGELOG@/d qubes-src/manager/rpm_spec/qmgr.spec.in.tmp
2018-12-17 03:11:57.594247 +0000 build-fedora4: + cat qubes-src/manager/rpm_spec/qmgr.spec.in.tmp
2018-12-17 03:11:57.594288 +0000 build-fedora4: + rm -rf qubes-src/manager/rpm_spec/qmgr.spec.in.tmp
2018-12-17 03:11:57.594305 +0000 build-fedora4: + '[' '%{SOURCE0}' = '%{SOURCE0}' ']'
2018-12-17 03:11:57.594321 +0000 build-fedora4: ++ dirname /home/user/builder-r4.0-dom0/qubes-src/builder-rpm/scripts/query-spec
2018-12-17 03:11:57.594340 +0000 build-fedora4: + /home/user/builder-r4.0-dom0/qubes-src/builder-rpm/scripts/../tools/spectool --list-files --source 0 /tmp/tmp.CUaETb.spec
2018-12-17 03:11:57.664818 +0000 build-fedora4: + rm -f /tmp/tmp.CUaETb.spec
2018-12-17 03:11:57.726480 +0000 build-fedora4: touch -t `date -d "7 days ago" +%Y%m%d%H%M` /tmp/age-compare-file
2018-12-17 03:11:57.764271 +0000 build-fedora4: if ! [ /home/user/builder-r4.0-dom0/repo-latest-snapshot/current-testing-dom0-fc25-manager -ot /tmp/age-compare-file ]; then \
2018-12-17 03:11:57.764316 +0000 build-fedora4: .echo "`tput bold`*** Packages weren't in current-testing for at least 7 days! ***`tput sgr0`"; \
2018-12-17 03:11:57.764332 +0000 build-fedora4: .exit 1; \
2018-12-17 03:11:57.764345 +0000 build-fedora4: fi
2018-12-17 03:11:57.764358 +0000 build-fedora4: rm -f /tmp/age-compare-file
2018-12-17 03:11:57.764376 +0000 build-fedora4: /home/user/builder-r4.0-dom0/qubes-src/builder-rpm/Makefile.rpmbuilder:163: target 'update-repo-from-snapshot-do' does not exist
2018-12-17 03:11:57.764391 +0000 build-fedora4: for f in pkgs/fc25/noarch/qubes-manager-4.0.25-1.fc25.noarch.rpm; do \
2018-12-17 03:11:57.764426 +0000 build-fedora4: .ln -f /home/user/builder-r4.0-dom0/qubes-src/linux-yum/r4.0/current-testing/dom0/fc25/rpm/`basename $f` /home/user/builder-r4.0-dom0/qubes-src/linux-yum/r4.0/current/dom0/fc25/rpm/ || exit 1; \
2018-12-17 03:11:57.764439 +0000 build-fedora4: done
2018-12-17 03:11:57.770204 +0000 build-fedora4: + ERR_OUTPUT=/dev/stderr
2018-12-17 03:11:57.770243 +0000 build-fedora4: + '[' 2 -lt 2 ']'
2018-12-17 03:11:57.771467 +0000 build-fedora4: ++ basename qubes-src/manager/rpm_spec/qmgr.spec.in
2018-12-17 03:11:57.792290 +0000 build-fedora4: + [[ xqmgr.spec.in == \x\.\i\n ]]
2018-12-17 03:11:57.792331 +0000 build-fedora4: + '[' -r qubes-src/manager/rpm_spec/qmgr.spec.in ']'
2018-12-17 03:11:57.792347 +0000 build-fedora4: ++ mktemp --tmpdir tmp.XXXXXX.spec
2018-12-17 03:11:57.792360 +0000 build-fedora4: + tmp_spec=/tmp/tmp.UlkCwB.spec
2018-12-17 03:11:57.792376 +0000 build-fedora4: ++ dirname /home/user/builder-r4.0-dom0/qubes-src/builder-rpm/scripts/query-spec
2018-12-17 03:11:57.792394 +0000 build-fedora4: + /home/user/builder-r4.0-dom0/qubes-src/builder-rpm/scripts/generate-spec qubes-src/manager/rpm_spec/qmgr.spec.in /tmp/tmp.UlkCwB.spec
2018-12-17 03:11:57.792406 +0000 build-fedora4: + '[' 2 -lt 2 ']'
2018-12-17 03:11:57.792418 +0000 build-fedora4: + '[' -z qubes-src/manager ']'
2018-12-17 03:11:57.792433 +0000 build-fedora4: + cp qubes-src/manager/rpm_spec/qmgr.spec.in qubes-src/manager/rpm_spec/qmgr.spec.in.tmp
2018-12-17 03:11:57.792444 +0000 build-fedora4: + read -r ver
2018-12-17 03:11:57.792455 +0000 build-fedora4: + '[' x = x ']'
2018-12-17 03:11:57.792470 +0000 build-fedora4: + sed -i 's|@VERSION@|4.0.25|g' qubes-src/manager/rpm_spec/qmgr.spec.in.tmp
2018-12-17 03:11:57.792480 +0000 build-fedora4: + vnum=1
2018-12-17 03:11:57.792495 +0000 build-fedora4: + read -r ver
2018-12-17 03:11:57.792766 +0000 build-fedora4: + '[' -e qubes-src/manager/rel ']'
2018-12-17 03:11:57.792786 +0000 build-fedora4: ++ cat qubes-src/manager/rel
2018-12-17 03:11:57.803637 +0000 build-fedora4: ++ echo 1
2018-12-17 03:11:57.803681 +0000 build-fedora4: + sed -i -e s:@REL@:1:g -e s:@BACKEND_VMM@:xen:g qubes-src/manager/rpm_spec/qmgr.spec.in.tmp
2018-12-17 03:11:57.803698 +0000 build-fedora4: + '[' -e qubes-src/manager/changelog ']'
2018-12-17 03:11:57.803715 +0000 build-fedora4: + sed -i /@CHANGELOG@/d qubes-src/manager/rpm_spec/qmgr.spec.in.tmp
2018-12-17 03:11:57.805074 +0000 build-fedora4: + cat qubes-src/manager/rpm_spec/qmgr.spec.in.tmp
2018-12-17 03:11:57.819949 +0000 build-fedora4: + rm -rf qubes-src/manager/rpm_spec/qmgr.spec.in.tmp
2018-12-17 03:11:57.819988 +0000 build-fedora4: + '[' '%{SOURCE0}' = '%{SOURCE0}' ']'
2018-12-17 03:11:57.820023 +0000 build-fedora4: ++ dirname /home/user/builder-r4.0-dom0/qubes-src/builder-rpm/scripts/query-spec
2018-12-17 03:11:57.820043 +0000 build-fedora4: + /home/user/builder-r4.0-dom0/qubes-src/builder-rpm/scripts/../tools/spectool --list-files --source 0 /tmp/tmp.UlkCwB.spec
