2018-05-08 15:50:21.129543 +0000 > starting log
2018-05-08 15:50:21.131643 +0000 build-fedora4: > starting build with log
2018-05-08 15:50:21.131714 +0000 build-fedora4: >> make args: DISTS_VM= DIST_DOM0=fc25 BUILD_LOGS_URL= gui-daemon-dom0-fc25=https://github.com/QubesOS/build-logs/tree/master/build-fedora4/log_2018-05-08_15-48-59 GIT_URL_gui_daemon=https://github.com/QubesOS/qubes-gui-daemon sign-all update-repo-current-testing
2018-05-08 15:50:21.131747 +0000 build-fedora4: >> MAKEFLAGS=
2018-05-08 15:50:21.131773 +0000 build-fedora4: >> COMPONENTS=gui-daemon
2018-05-08 15:50:21.131798 +0000 build-fedora4: >> DISTS_VM=
2018-05-08 15:50:21.131820 +0000 build-fedora4: >> DIST_DOM0=
2018-05-08 15:50:21.131847 +0000 build-fedora4: >> qubes-builder 62b154ae585748c59d185a9ffcdd3d0098724783
2018-05-08 15:50:21.131879 +0000 build-fedora4: >> qubes-builder/qubes-src/gui-daemon 6f5587b5694b5f0d11785c0a1663bcdea4375a27
2018-05-08 15:50:21.131906 +0000 build-fedora4: !! pkgs/fc25/gui-dom0.spec.list
2018-05-08 15:50:21.131933 +0000 build-fedora4: !! pkgs/fc25/x86_64/qubes-gui-dom0-4.0.1-1.fc25.x86_64.rpm
2018-05-08 15:50:21.131959 +0000 build-fedora4: !! pkgs/fc25/x86_64/qubes-gui-dom0-4.0.2-1.fc25.x86_64.rpm
2018-05-08 15:50:21.131985 +0000 build-fedora4: !! pkgs/fc25/x86_64/qubes-gui-dom0-4.0.3-1.fc25.x86_64.rpm
2018-05-08 15:50:21.132010 +0000 build-fedora4: !! pkgs/fc25/x86_64/qubes-gui-dom0-4.0.4-1.fc25.x86_64.rpm
2018-05-08 15:50:21.132037 +0000 build-fedora4: !! pkgs/fc25/x86_64/qubes-gui-dom0-4.0.5-1.fc25.x86_64.rpm
2018-05-08 15:50:21.132063 +0000 build-fedora4: !! pkgs/fc25/x86_64/qubes-gui-dom0-4.0.6-1.fc25.x86_64.rpm
2018-05-08 15:50:21.132090 +0000 build-fedora4: !! pkgs/fc25/x86_64/qubes-gui-dom0-4.0.7-1.fc25.x86_64.rpm
2018-05-08 15:50:21.132123 +0000 build-fedora4: !! pkgs/fc25/x86_64/qubes-gui-dom0-4.0.8-1.fc25.x86_64.rpm
2018-05-08 15:50:21.132151 +0000 build-fedora4: !! pkgs/fc25/x86_64/qubes-gui-dom0-debuginfo-4.0.1-1.fc25.x86_64.rpm
2018-05-08 15:50:21.132179 +0000 build-fedora4: !! pkgs/fc25/x86_64/qubes-gui-dom0-debuginfo-4.0.2-1.fc25.x86_64.rpm
2018-05-08 15:50:21.132206 +0000 build-fedora4: !! pkgs/fc25/x86_64/qubes-gui-dom0-debuginfo-4.0.3-1.fc25.x86_64.rpm
2018-05-08 15:50:21.132233 +0000 build-fedora4: !! pkgs/fc25/x86_64/qubes-gui-dom0-debuginfo-4.0.4-1.fc25.x86_64.rpm
2018-05-08 15:50:21.132261 +0000 build-fedora4: !! pkgs/fc25/x86_64/qubes-gui-dom0-debuginfo-4.0.5-1.fc25.x86_64.rpm
2018-05-08 15:50:21.132290 +0000 build-fedora4: !! pkgs/fc25/x86_64/qubes-gui-dom0-debuginfo-4.0.6-1.fc25.x86_64.rpm
2018-05-08 15:50:21.132320 +0000 build-fedora4: !! pkgs/fc25/x86_64/qubes-gui-dom0-debuginfo-4.0.7-1.fc25.x86_64.rpm
2018-05-08 15:50:21.132347 +0000 build-fedora4: !! pkgs/fc25/x86_64/qubes-gui-dom0-debuginfo-4.0.8-1.fc25.x86_64.rpm
2018-05-08 15:50:21.132383 +0000 build-fedora4: 007c1a7bc0cc47ca6bfec3d9df3b80942b7445e356b2ed7c1a0fbbab44b4c228cebcfa412b23ffa49dd7dee70f95c882cd8663c610b0a07ee581b4df1a9c0f7c  pkgs/fc25/gui-dom0.spec.list
2018-05-08 15:50:21.132422 +0000 build-fedora4: 3c79f35a25026f88c9d54534ecdf94ba50fa2fa726dfb3ed1c40be1ad92d0e8e46951c37458ecd27aca4d9d4bc6493c42001a0180c2b6c5e7fdc82c57ec5f579  pkgs/fc25/x86_64/qubes-gui-dom0-4.0.1-1.fc25.x86_64.rpm
2018-05-08 15:50:21.132517 +0000 build-fedora4: 802cd8b94b5832c1ff1133fc3f8336db8aa176999473d796077004cea87a922edaa1c5635aa770735a1d6de1d09fee33dbc6a30438216cfdd98412c716c5e2a8  pkgs/fc25/x86_64/qubes-gui-dom0-4.0.2-1.fc25.x86_64.rpm
2018-05-08 15:50:21.132554 +0000 build-fedora4: c84fb36ee7df68a35dcef13615cf0f740d6238fd850d0f9e0072af92095f502b7b77488aaa4686017e8561c582f80dcd9162c5b3ce320b4192dbc483e007a3f0  pkgs/fc25/x86_64/qubes-gui-dom0-4.0.3-1.fc25.x86_64.rpm
2018-05-08 15:50:21.132590 +0000 build-fedora4: a40f33ee1dd76c3cf3bb95dafca02941fce8d302cc35213db23ab652751b61b08775aab37ba970dea1ae9ae4fb8721773ad845b014f5903fcd365338de4085bd  pkgs/fc25/x86_64/qubes-gui-dom0-4.0.4-1.fc25.x86_64.rpm
2018-05-08 15:50:21.132626 +0000 build-fedora4: 2a7720a424cc660ce7545c2262c5fecb08e74e06a7d219826e9b64ab42956864900daec51b0d8d2cfebcbd5287307356cf27d5effed4d07429ffa087f9a779a6  pkgs/fc25/x86_64/qubes-gui-dom0-4.0.5-1.fc25.x86_64.rpm
2018-05-08 15:50:21.132683 +0000 build-fedora4: a80373a17709b236b162a32bb6ebceb8563a2b0de272807e12a53e4fe300bb363dffc1e08e13257e71cc4fe2b3e0552dbcd3a2cc1ac4f42945df8bc3c82b073f  pkgs/fc25/x86_64/qubes-gui-dom0-4.0.6-1.fc25.x86_64.rpm
2018-05-08 15:50:21.132722 +0000 build-fedora4: fb1dec191dd4a2904a9385ffb4659113ade116d41d47f27badd58f8cfa83fa0ead6daeb8ec59cd9afcbe47421e9e952123ce42f4e9cd68e1e82eeca217dd889a  pkgs/fc25/x86_64/qubes-gui-dom0-4.0.7-1.fc25.x86_64.rpm
2018-05-08 15:50:21.132792 +0000 build-fedora4: 0ca3acbb5a9ff86d6510ca73e0ba4e333a75a535b811e4253552595399c3f796e25e6691e98f1970f3e7082392f34d45b0fd03a2f40b1b999071ab7145788a93  pkgs/fc25/x86_64/qubes-gui-dom0-4.0.8-1.fc25.x86_64.rpm
2018-05-08 15:50:21.132832 +0000 build-fedora4: 16203405f6dd33849e11ef571c193e218e292aa54a9ca477493732dfb2afaaef7d54b6ecccb72d1c48151391eda100e94e6db5adcac7535b97e8f7162a98a3f1  pkgs/fc25/x86_64/qubes-gui-dom0-debuginfo-4.0.1-1.fc25.x86_64.rpm
2018-05-08 15:50:21.132871 +0000 build-fedora4: 56eee4948349883041500dec0c6831421be4af11eff36d76014512178694b94b2035a7d63f53b23e858e135c88159fdc9dd0fdad8484c1205d7df643d4c1aeb6  pkgs/fc25/x86_64/qubes-gui-dom0-debuginfo-4.0.2-1.fc25.x86_64.rpm
2018-05-08 15:50:21.132910 +0000 build-fedora4: acbb8770959e021db27be42c70cd4383d73d00519c1bcad3b8f472e1f24d694da7c248d7e6b5e7ae3cf8890018e8ae615ef00acb43a5f3389e1768b4dedd5125  pkgs/fc25/x86_64/qubes-gui-dom0-debuginfo-4.0.3-1.fc25.x86_64.rpm
2018-05-08 15:50:21.132947 +0000 build-fedora4: ec9a0d7a66bebfc94a6c2738be13c6e9a5e2098718a296baa8aada26498a2488d14e3d2e4dc814c5217d256430dd288386bfc5daa38ce8a8ad9dc0a6d1aed5c8  pkgs/fc25/x86_64/qubes-gui-dom0-debuginfo-4.0.4-1.fc25.x86_64.rpm
2018-05-08 15:50:21.133002 +0000 build-fedora4: ee8200fbc98c0bc611633fb59dff39ae40895546140674d525c3f49b6956a9cb791186ec9041d6dba07d954295ca8ca139f2f91c4f6e58f1396fa5122ec8d8b3  pkgs/fc25/x86_64/qubes-gui-dom0-debuginfo-4.0.5-1.fc25.x86_64.rpm
2018-05-08 15:50:21.133044 +0000 build-fedora4: 3ed55692a28304952112c8f919b3b3619d446717c70460eaca0b02a972ea3dc8df8b7330ca649326db62b211f81f8000959ab5b1d516bacd82d16f18989f8a79  pkgs/fc25/x86_64/qubes-gui-dom0-debuginfo-4.0.6-1.fc25.x86_64.rpm
2018-05-08 15:50:21.133084 +0000 build-fedora4: 6a32fb3cb0a63094693df3768efe29ccc2b7501bd65c1e1f9c636abccf6a34b9f8c492b5dcf5dd244d22b31021252e80ee6c0cac41995e4fd22b3ff3424a9c95  pkgs/fc25/x86_64/qubes-gui-dom0-debuginfo-4.0.7-1.fc25.x86_64.rpm
2018-05-08 15:50:21.133122 +0000 build-fedora4: d3a1e788141a14011aafa78cdb1c339e91bfc06a35359e9642400e86bff11a5a1c58c7b1419b16c73ed7a12c6e9a6600e055a0be713645176167f978d3929c55  pkgs/fc25/x86_64/qubes-gui-dom0-debuginfo-4.0.8-1.fc25.x86_64.rpm
2018-05-08 15:50:21.133150 +0000 build-fedora4: ================================================================================
2018-05-08 15:50:21.133179 +0000 build-fedora4:                            B U I L D   I N F O                                  
2018-05-08 15:50:21.133207 +0000 build-fedora4: Items in red indicate it was automatically generated by configuration file(s)
2018-05-08 15:50:21.133236 +0000 build-fedora4: Items in white indicate it was automatically removed by configuration file(s)
2018-05-08 15:50:21.133265 +0000 build-fedora4: ================================================================================
2018-05-08 15:50:21.133286 +0000 build-fedora4: DISTS_VM:
2018-05-08 15:50:21.136796 +0000 build-fedora4:     
2018-05-08 15:50:21.137370 +0000 build-fedora4: DISTS_ALL:
2018-05-08 15:50:21.143622 +0000 build-fedora4:      fc25,
2018-05-08 15:50:21.144296 +0000 build-fedora4: DIST_DOM0:
2018-05-08 15:50:21.151655 +0000 build-fedora4:      fc25,
2018-05-08 15:50:21.152271 +0000 build-fedora4: BUILDER_PLUGINS:
2018-05-08 15:50:21.158551 +0000 build-fedora4:      builder-rpm, mgmt-salt, linux-yum, builder-github,
2018-05-08 15:50:21.159163 +0000 build-fedora4: COMPONENTS:
2018-05-08 15:50:21.165521 +0000 build-fedora4:      gui-daemon,
2018-05-08 15:50:21.166153 +0000 build-fedora4: GIT_REPOS:
2018-05-08 15:50:21.172695 +0000 build-fedora4:      qubes-src/gui-daemon,
2018-05-08 15:50:21.173381 +0000 build-fedora4: TEMPLATE:
2018-05-08 15:50:21.180126 +0000 build-fedora4:     
2018-05-08 15:50:21.180738 +0000 build-fedora4: TEMPLATE_FLAVOR_DIR:
2018-05-08 15:50:21.187561 +0000 build-fedora4:     
2018-05-08 15:50:21.188214 +0000 build-fedora4: TEMPLATE_ALIAS:
2018-05-08 15:50:21.195000 +0000 build-fedora4:      jessie:jessie+standard, jessie+gnome:jessie+gnome+standard,
2018-05-08 15:50:21.195061 +0000 build-fedora4:      jessie+minimal:jessie+minimal+no-recommends, stretch:stretch+standard, stretch+gnome:stretch+gnome+standard,
2018-05-08 15:50:21.195095 +0000 build-fedora4:      stretch+minimal:stretch+minimal+no-recommends, whonix-gateway:jessie+whonix-gateway+minimal+no-recommends,
2018-05-08 15:50:21.195123 +0000 build-fedora4:      whonix-workstation:jessie+whonix-workstation+minimal+no-recommends,
2018-05-08 15:50:21.195662 +0000 build-fedora4: TEMPLATE_LABEL:
2018-05-08 15:50:21.202767 +0000 build-fedora4:      fc20:fedora-20 fc21:fedora-21 fc22:fedora-22 fc23:fedora-23 fc24:fedora-24 fc25:fedora-25 fc26:fedora-26
2018-05-08 15:50:21.202827 +0000 build-fedora4:      fc20+minimal:fedora-20-minimal fc21+minimal:fedora-21-minimal fc23+minimal:fedora-23-minimal
2018-05-08 15:50:21.202861 +0000 build-fedora4:      fc24+minimal:fedora-24-minimal fc25+minimal:fedora-25-minimal fc26+minimal:fedora-26-minimal
2018-05-08 15:50:21.202897 +0000 build-fedora4:      fc25+xfce:fedora-25-xfce fc26+xfce:fedora-26-xfce wheezy:debian-7 wheezy+standard:debian-7
2018-05-08 15:50:21.202929 +0000 build-fedora4:      jessie:debian-8 jessie+standard:debian-8 stretch:debian-9 stretch+standard:debian-9 centos7:centos-7
2018-05-08 15:50:21.202960 +0000 build-fedora4:      centos7+minimal:centos-7-minimal jessie+whonix-gateway+minimal+no-recommends:whonix-gw
2018-05-08 15:50:21.202988 +0000 build-fedora4:      jessie+whonix-workstation+minimal+no-recommends:whonix-ws
2018-05-08 15:50:21.265755 +0000 build-fedora4: > running make
2018-05-08 15:50:21.319328 +0000 build-fedora4: Makefile:250: target 'sign-dom0-fc25-gui-daemon' does not exist
2018-05-08 15:50:21.319423 +0000 build-fedora4: if [ -n "gui-daemon" -a "0" -ne 0 ]; then BRANCH=release4.0; branch_var="BRANCH_gui_daemon"; [ -n "${!branch_var}" ] && BRANCH="${!branch_var}"; pushd qubes-src/gui-daemon > /dev/null; CURRENT_BRANCH=`git symbolic-ref --short HEAD 2>/dev/null || git describe --tags --exact-match HEAD`; if [ "$BRANCH" != "$CURRENT_BRANCH" ]; then echo "-> ERROR: Wrong branch $branch_var=$CURRENT_BRANCH (expected $BRANCH)"; exit 1; fi; popd > /dev/null; fi
2018-05-08 15:50:21.319493 +0000 build-fedora4: SIGN_KEY=5817A43B283DE5A9181A522E1848792F9E2795E9; \
2018-05-08 15:50:21.319521 +0000 build-fedora4: sign_key_var="SIGN_KEY_fc25"; \
2018-05-08 15:50:21.319548 +0000 build-fedora4: [ -n "${!sign_key_var}" ] && SIGN_KEY="${!sign_key_var}"; \
2018-05-08 15:50:21.319574 +0000 build-fedora4: if [ -r qubes-src/gui-daemon/Makefile.builder ]; then \
2018-05-08 15:50:21.319599 +0000 build-fedora4: .make --no-print-directory -f Makefile.generic \
2018-05-08 15:50:21.319622 +0000 build-fedora4: ..DIST=fc25 \
2018-05-08 15:50:21.319647 +0000 build-fedora4: ..PACKAGE_SET=dom0 \
2018-05-08 15:50:21.319671 +0000 build-fedora4: ..COMPONENT=gui-daemon \
2018-05-08 15:50:21.319695 +0000 build-fedora4: ..SIGN_KEY=$SIGN_KEY \
2018-05-08 15:50:21.319717 +0000 build-fedora4: ..sign || exit 1; \
2018-05-08 15:50:21.319741 +0000 build-fedora4: elif [ -d qubes-src/gui-daemon/rpm ]; then \
2018-05-08 15:50:21.319767 +0000 build-fedora4: .# Old mechanism supported only for RPM
2018-05-08 15:50:21.319795 +0000 build-fedora4: FILE_LIST=""; for RPM in qubes-src/gui-daemon/rpm/*/*.rpm; do \
2018-05-08 15:50:21.319824 +0000 build-fedora4: ..if ! qubes-src/installer-qubes-os/rpm_verify $RPM > /dev/null; then \
2018-05-08 15:50:21.319849 +0000 build-fedora4: ...FILE_LIST="$FILE_LIST $RPM" ;\
2018-05-08 15:50:21.319873 +0000 build-fedora4: ..fi ;\
2018-05-08 15:50:21.319898 +0000 build-fedora4: .done ; \
2018-05-08 15:50:21.319925 +0000 build-fedora4: .if [ -n "$FILE_LIST" ]; then \
2018-05-08 15:50:21.319968 +0000 build-fedora4: ..echo "--> Signing..."; \
2018-05-08 15:50:21.319993 +0000 build-fedora4: ..RPMSIGN_OPTS=--digest-algo=sha256; \
2018-05-08 15:50:21.320016 +0000 build-fedora4: ..if [ -n "$SIGN_KEY" ]; then \
2018-05-08 15:50:21.320039 +0000 build-fedora4: ...RPMSIGN_OPTS="--key-id=$SIGN_KEY"; \
2018-05-08 15:50:21.320062 +0000 build-fedora4: ..fi; \
2018-05-08 15:50:21.320090 +0000 build-fedora4: ..setsid -w rpmsign "$RPMSIGN_OPTS" --addsign $FILE_LIST </dev/null ;\
2018-05-08 15:50:21.320113 +0000 build-fedora4: .fi; \
2018-05-08 15:50:21.320134 +0000 build-fedora4: fi
2018-05-08 15:50:21.350048 +0000 build-fedora4: + ERR_OUTPUT=/dev/stderr
2018-05-08 15:50:21.350107 +0000 build-fedora4: + '[' 2 -lt 2 ']'
2018-05-08 15:50:21.351718 +0000 build-fedora4: ++ basename qubes-src/gui-daemon/rpm_spec/gui-dom0.spec.in
2018-05-08 15:50:21.355003 +0000 build-fedora4: + [[ xgui-dom0.spec.in == \x\.\i\n ]]
2018-05-08 15:50:21.355295 +0000 build-fedora4: + '[' -r qubes-src/gui-daemon/rpm_spec/gui-dom0.spec.in ']'
2018-05-08 15:50:21.356832 +0000 build-fedora4: ++ mktemp --tmpdir tmp.XXXXXX.spec
2018-05-08 15:50:21.359715 +0000 build-fedora4: + tmp_spec=/tmp/tmp.Q0pSyu.spec
2018-05-08 15:50:21.361514 +0000 build-fedora4: ++ dirname /home/user/builder-r4.0-dom0/qubes-src/builder-rpm/scripts/query-spec
2018-05-08 15:50:21.364898 +0000 build-fedora4: + /home/user/builder-r4.0-dom0/qubes-src/builder-rpm/scripts/generate-spec qubes-src/gui-daemon/rpm_spec/gui-dom0.spec.in /tmp/tmp.Q0pSyu.spec
2018-05-08 15:50:21.369642 +0000 build-fedora4: + '[' 2 -lt 2 ']'
2018-05-08 15:50:21.369696 +0000 build-fedora4: + '[' -z qubes-src/gui-daemon ']'
2018-05-08 15:50:21.369730 +0000 build-fedora4: + cp qubes-src/gui-daemon/rpm_spec/gui-dom0.spec.in qubes-src/gui-daemon/rpm_spec/gui-dom0.spec.in.tmp
2018-05-08 15:50:21.377810 +0000 build-fedora4: + cat qubes-src/gui-daemon/version
2018-05-08 15:50:21.377871 +0000 build-fedora4: + read ver
2018-05-08 15:50:21.380230 +0000 build-fedora4: + '[' x == x ']'
2018-05-08 15:50:21.380286 +0000 build-fedora4: + sed -i 's|@VERSION@|4.0.8|g' qubes-src/gui-daemon/rpm_spec/gui-dom0.spec.in.tmp
2018-05-08 15:50:21.386600 +0000 build-fedora4: + vnum=1
2018-05-08 15:50:21.386657 +0000 build-fedora4: + read ver
2018-05-08 15:50:21.387453 +0000 build-fedora4: + '[' -e qubes-src/gui-daemon/rel ']'
2018-05-08 15:50:21.389152 +0000 build-fedora4: ++ cat qubes-src/gui-daemon/rel
2018-05-08 15:50:21.394241 +0000 build-fedora4: ++ echo 1
2018-05-08 15:50:21.394957 +0000 build-fedora4: + sed -i -e s:@REL@:1:g -e s:@BACKEND_VMM@:xen:g qubes-src/gui-daemon/rpm_spec/gui-dom0.spec.in.tmp
2018-05-08 15:50:21.401877 +0000 build-fedora4: + '[' -e qubes-src/gui-daemon/changelog ']'
2018-05-08 15:50:21.401940 +0000 build-fedora4: + sed -i /@CHANGELOG@/d qubes-src/gui-daemon/rpm_spec/gui-dom0.spec.in.tmp
2018-05-08 15:50:21.407685 +0000 build-fedora4: + cat qubes-src/gui-daemon/rpm_spec/gui-dom0.spec.in.tmp
2018-05-08 15:50:21.412094 +0000 build-fedora4: + rm -rf qubes-src/gui-daemon/rpm_spec/gui-dom0.spec.in.tmp
2018-05-08 15:50:21.416617 +0000 build-fedora4: + rpm -q --qf '%{NAME}-%{VERSION}.tar.gz\n' --specfile /tmp/tmp.Q0pSyu.spec
2018-05-08 15:50:21.472681 +0000 build-fedora4: + rm -f /tmp/tmp.Q0pSyu.spec
2018-05-08 15:50:21.503275 +0000 build-fedora4: /home/user/builder-r4.0-dom0/qubes-src/builder-rpm/Makefile.rpmbuilder:164: target 'sign' does not exist
2018-05-08 15:50:21.503347 +0000 build-fedora4: cd qubes-src/gui-daemon && for pkg in pkgs/fc25/x86_64/qubes-gui-dom0-4.0.8-1.fc25.x86_64.rpm pkgs/fc25/x86_64/qubes-gui-dom0-debuginfo-4.0.8-1.fc25.x86_64.rpm ; do \
2018-05-08 15:50:21.503381 +0000 build-fedora4: .if ! rpm -K $pkg | grep -qi pgp; then \
2018-05-08 15:50:21.503463 +0000 build-fedora4: ..setsid -w rpmsign  --digest-algo=sha256 --key-id=5817A43B283DE5A9181A522E1848792F9E2795E9 --addsign $pkg </dev/null || exit 1; \
2018-05-08 15:50:21.503490 +0000 build-fedora4: .fi; \
2018-05-08 15:50:21.503514 +0000 build-fedora4: done
2018-05-08 15:50:21.541283 +0000 build-fedora4: + ERR_OUTPUT=/dev/stderr
2018-05-08 15:50:21.541345 +0000 build-fedora4: + '[' 2 -lt 2 ']'
2018-05-08 15:50:21.542892 +0000 build-fedora4: ++ basename qubes-src/gui-daemon/rpm_spec/gui-dom0.spec.in
2018-05-08 15:50:21.546233 +0000 build-fedora4: + [[ xgui-dom0.spec.in == \x\.\i\n ]]
2018-05-08 15:50:21.546290 +0000 build-fedora4: + '[' -r qubes-src/gui-daemon/rpm_spec/gui-dom0.spec.in ']'
2018-05-08 15:50:21.548016 +0000 build-fedora4: ++ mktemp --tmpdir tmp.XXXXXX.spec
2018-05-08 15:50:21.551196 +0000 build-fedora4: + tmp_spec=/tmp/tmp.07A5lP.spec
2018-05-08 15:50:21.552791 +0000 build-fedora4: ++ dirname /home/user/builder-r4.0-dom0/qubes-src/builder-rpm/scripts/query-spec
2018-05-08 15:50:21.555952 +0000 build-fedora4: + /home/user/builder-r4.0-dom0/qubes-src/builder-rpm/scripts/generate-spec qubes-src/gui-daemon/rpm_spec/gui-dom0.spec.in /tmp/tmp.07A5lP.spec
2018-05-08 15:50:21.561753 +0000 build-fedora4: + '[' 2 -lt 2 ']'
2018-05-08 15:50:21.561807 +0000 build-fedora4: + '[' -z qubes-src/gui-daemon ']'
2018-05-08 15:50:21.561842 +0000 build-fedora4: + cp qubes-src/gui-daemon/rpm_spec/gui-dom0.spec.in qubes-src/gui-daemon/rpm_spec/gui-dom0.spec.in.tmp
2018-05-08 15:50:21.570296 +0000 build-fedora4: + cat qubes-src/gui-daemon/version
2018-05-08 15:50:21.570353 +0000 build-fedora4: + read ver
2018-05-08 15:50:21.572492 +0000 build-fedora4: + '[' x == x ']'
2018-05-08 15:50:21.572552 +0000 build-fedora4: + sed -i 's|@VERSION@|4.0.8|g' qubes-src/gui-daemon/rpm_spec/gui-dom0.spec.in.tmp
2018-05-08 15:50:21.578952 +0000 build-fedora4: + vnum=1
2018-05-08 15:50:21.579005 +0000 build-fedora4: + read ver
2018-05-08 15:50:21.579627 +0000 build-fedora4: + '[' -e qubes-src/gui-daemon/rel ']'
2018-05-08 15:50:21.581110 +0000 build-fedora4: ++ cat qubes-src/gui-daemon/rel
2018-05-08 15:50:21.585503 +0000 build-fedora4: ++ echo 1
2018-05-08 15:50:21.586295 +0000 build-fedora4: + sed -i -e s:@REL@:1:g -e s:@BACKEND_VMM@:xen:g qubes-src/gui-daemon/rpm_spec/gui-dom0.spec.in.tmp
2018-05-08 15:50:21.592932 +0000 build-fedora4: + '[' -e qubes-src/gui-daemon/changelog ']'
2018-05-08 15:50:21.592992 +0000 build-fedora4: + sed -i /@CHANGELOG@/d qubes-src/gui-daemon/rpm_spec/gui-dom0.spec.in.tmp
2018-05-08 15:50:21.599436 +0000 build-fedora4: + cat qubes-src/gui-daemon/rpm_spec/gui-dom0.spec.in.tmp
2018-05-08 15:50:21.604111 +0000 build-fedora4: + rm -rf qubes-src/gui-daemon/rpm_spec/gui-dom0.spec.in.tmp
2018-05-08 15:50:21.608702 +0000 build-fedora4: + rpm -q --qf '%{NAME}-%{VERSION}.tar.gz\n' --specfile /tmp/tmp.07A5lP.spec
2018-05-08 15:50:21.658701 +0000 build-fedora4: + rm -f /tmp/tmp.07A5lP.spec
2018-05-08 15:50:22.653562 +0000 build-fedora4: pkgs/fc25/x86_64/qubes-gui-dom0-4.0.8-1.fc25.x86_64.rpm:
2018-05-08 15:50:23.641300 +0000 build-fedora4: pkgs/fc25/x86_64/qubes-gui-dom0-debuginfo-4.0.8-1.fc25.x86_64.rpm:
2018-05-08 15:50:23.644157 +0000 build-fedora4: Makefile:721: target 'internal-update-repo-current-testing.dom0.fc25.gui-daemon' does not exist
2018-05-08 15:50:23.644212 +0000 build-fedora4: repo_base_var="LINUX_REPO_fc25_BASEDIR"; \
2018-05-08 15:50:23.644241 +0000 build-fedora4: if [ -n "${!repo_base_var}" ]; then \
2018-05-08 15:50:23.644267 +0000 build-fedora4: .repo_basedir="${!repo_base_var}"; \
2018-05-08 15:50:23.644289 +0000 build-fedora4: else \
2018-05-08 15:50:23.644315 +0000 build-fedora4: .repo_basedir="qubes-src/linux-yum/r4.0"; \
2018-05-08 15:50:23.644337 +0000 build-fedora4: fi; \
2018-05-08 15:50:23.644362 +0000 build-fedora4: if [ -r qubes-src/gui-daemon/Makefile.builder ]; then \
2018-05-08 15:50:23.644387 +0000 build-fedora4: .echo -n "Updating qubes-src/gui-daemon... "; \
2018-05-08 15:50:23.644410 +0000 build-fedora4: .if [ "0" -eq 1 ]; then \
2018-05-08 15:50:23.644461 +0000 build-fedora4: ..vtag=`git -C qubes-src/gui-daemon tag --points-at HEAD --list v*`; \
2018-05-08 15:50:23.644486 +0000 build-fedora4: ..if [ -z "$vtag" ]; then \
2018-05-08 15:50:23.644510 +0000 build-fedora4: ...echo "no version tag"; \
2018-05-08 15:50:23.644531 +0000 build-fedora4: ...exit 0; \
2018-05-08 15:50:23.644567 +0000 build-fedora4: ..fi; \
2018-05-08 15:50:23.644589 +0000 build-fedora4: .fi; \
2018-05-08 15:50:23.644636 +0000 build-fedora4: .component_packages=$(MAKEFLAGS= make -s -f Makefile.generic DIST=fc25 PACKAGE_SET=dom0 COMPONENT=`basename qubes-src/gui-daemon` UPDATE_REPO=/home/user/builder-r4.0-dom0/$repo_basedir/current-testing/dom0/fc25 get-var GET_VAR=PACKAGE_LIST); \
2018-05-08 15:50:23.644662 +0000 build-fedora4: .if [ -z "$component_packages" ]; then \
2018-05-08 15:50:23.644685 +0000 build-fedora4: ..echo "no packages."; \
2018-05-08 15:50:23.644707 +0000 build-fedora4: ..exit 0; \
2018-05-08 15:50:23.644727 +0000 build-fedora4: .fi; \
2018-05-08 15:50:23.644752 +0000 build-fedora4: .make -s -f Makefile.generic DIST=fc25 PACKAGE_SET=dom0 \
2018-05-08 15:50:23.644776 +0000 build-fedora4: ..COMPONENT=`basename qubes-src/gui-daemon` \
2018-05-08 15:50:23.644800 +0000 build-fedora4: ..SNAPSHOT_REPO=current-testing \
2018-05-08 15:50:23.644823 +0000 build-fedora4: ..TARGET_REPO=current-testing \
2018-05-08 15:50:23.644851 +0000 build-fedora4: ..UPDATE_REPO=/home/user/builder-r4.0-dom0/$repo_basedir/current-testing/dom0/fc25 \
2018-05-08 15:50:23.644889 +0000 build-fedora4: ..SNAPSHOT_FILE=/home/user/builder-r4.0-dom0/repo-latest-snapshot/current-testing-dom0-fc25-`basename qubes-src/gui-daemon` \
2018-05-08 15:50:23.644922 +0000 build-fedora4: ..BUILD_LOG_URL=https://github.com/QubesOS/build-logs/tree/master/build-fedora4/log_2018-05-08_15-48-59 \
2018-05-08 15:50:23.644945 +0000 build-fedora4: ..update-repo || exit 1; \
2018-05-08 15:50:23.644974 +0000 build-fedora4: elif make -C qubes-src/gui-daemon -n update-repo-current-testing >/dev/null 2>/dev/null; then \
2018-05-08 15:50:23.644999 +0000 build-fedora4: .echo "Updating qubes-src/gui-daemon... "; \
2018-05-08 15:50:23.645029 +0000 build-fedora4: .make -s -C qubes-src/gui-daemon update-repo-current-testing || exit 1; \
2018-05-08 15:50:23.645052 +0000 build-fedora4: else \
2018-05-08 15:50:23.645080 +0000 build-fedora4: .echo -n "Updating qubes-src/gui-daemon... skipping."; \
2018-05-08 15:50:23.645102 +0000 build-fedora4: fi; \
2018-05-08 15:50:23.645124 +0000 build-fedora4: echo
2018-05-08 15:50:23.673216 +0000 build-fedora4: Updating qubes-src/gui-daemon... + ERR_OUTPUT=/dev/stderr
2018-05-08 15:50:23.673270 +0000 build-fedora4: + '[' 2 -lt 2 ']'
2018-05-08 15:50:23.674790 +0000 build-fedora4: ++ basename qubes-src/gui-daemon/rpm_spec/gui-dom0.spec.in
2018-05-08 15:50:23.677678 +0000 build-fedora4: + [[ xgui-dom0.spec.in == \x\.\i\n ]]
2018-05-08 15:50:23.677954 +0000 build-fedora4: + '[' -r qubes-src/gui-daemon/rpm_spec/gui-dom0.spec.in ']'
2018-05-08 15:50:23.679665 +0000 build-fedora4: ++ mktemp --tmpdir tmp.XXXXXX.spec
2018-05-08 15:50:23.682909 +0000 build-fedora4: + tmp_spec=/tmp/tmp.pReLUV.spec
2018-05-08 15:50:23.684696 +0000 build-fedora4: ++ dirname /home/user/builder-r4.0-dom0/qubes-src/builder-rpm/scripts/query-spec
2018-05-08 15:50:23.688025 +0000 build-fedora4: + /home/user/builder-r4.0-dom0/qubes-src/builder-rpm/scripts/generate-spec qubes-src/gui-daemon/rpm_spec/gui-dom0.spec.in /tmp/tmp.pReLUV.spec
2018-05-08 15:50:23.693613 +0000 build-fedora4: + '[' 2 -lt 2 ']'
2018-05-08 15:50:23.693671 +0000 build-fedora4: + '[' -z qubes-src/gui-daemon ']'
2018-05-08 15:50:23.693707 +0000 build-fedora4: + cp qubes-src/gui-daemon/rpm_spec/gui-dom0.spec.in qubes-src/gui-daemon/rpm_spec/gui-dom0.spec.in.tmp
2018-05-08 15:50:23.700775 +0000 build-fedora4: + cat qubes-src/gui-daemon/version
2018-05-08 15:50:23.701263 +0000 build-fedora4: + read ver
2018-05-08 15:50:23.703613 +0000 build-fedora4: + '[' x == x ']'
2018-05-08 15:50:23.703685 +0000 build-fedora4: + sed -i 's|@VERSION@|4.0.8|g' qubes-src/gui-daemon/rpm_spec/gui-dom0.spec.in.tmp
2018-05-08 15:50:23.710206 +0000 build-fedora4: + vnum=1
2018-05-08 15:50:23.710258 +0000 build-fedora4: + read ver
2018-05-08 15:50:23.710968 +0000 build-fedora4: + '[' -e qubes-src/gui-daemon/rel ']'
2018-05-08 15:50:23.712500 +0000 build-fedora4: ++ cat qubes-src/gui-daemon/rel
2018-05-08 15:50:23.716232 +0000 build-fedora4: ++ echo 1
2018-05-08 15:50:23.716887 +0000 build-fedora4: + sed -i -e s:@REL@:1:g -e s:@BACKEND_VMM@:xen:g qubes-src/gui-daemon/rpm_spec/gui-dom0.spec.in.tmp
2018-05-08 15:50:23.722167 +0000 build-fedora4: + '[' -e qubes-src/gui-daemon/changelog ']'
2018-05-08 15:50:23.722228 +0000 build-fedora4: + sed -i /@CHANGELOG@/d qubes-src/gui-daemon/rpm_spec/gui-dom0.spec.in.tmp
2018-05-08 15:50:23.727307 +0000 build-fedora4: + cat qubes-src/gui-daemon/rpm_spec/gui-dom0.spec.in.tmp
2018-05-08 15:50:23.730917 +0000 build-fedora4: + rm -rf qubes-src/gui-daemon/rpm_spec/gui-dom0.spec.in.tmp
2018-05-08 15:50:23.734674 +0000 build-fedora4: + rpm -q --qf '%{NAME}-%{VERSION}.tar.gz\n' --specfile /tmp/tmp.pReLUV.spec
2018-05-08 15:50:23.789488 +0000 build-fedora4: + rm -f /tmp/tmp.pReLUV.spec
2018-05-08 15:50:23.811417 +0000 build-fedora4: + ERR_OUTPUT=/dev/stderr
2018-05-08 15:50:23.811487 +0000 build-fedora4: + '[' 2 -lt 2 ']'
2018-05-08 15:50:23.813351 +0000 build-fedora4: ++ basename qubes-src/gui-daemon/rpm_spec/gui-dom0.spec.in
2018-05-08 15:50:23.816588 +0000 build-fedora4: + [[ xgui-dom0.spec.in == \x\.\i\n ]]
2018-05-08 15:50:23.816647 +0000 build-fedora4: + '[' -r qubes-src/gui-daemon/rpm_spec/gui-dom0.spec.in ']'
2018-05-08 15:50:23.818333 +0000 build-fedora4: ++ mktemp --tmpdir tmp.XXXXXX.spec
2018-05-08 15:50:23.821599 +0000 build-fedora4: + tmp_spec=/tmp/tmp.rMAFfM.spec
2018-05-08 15:50:23.823457 +0000 build-fedora4: ++ dirname /home/user/builder-r4.0-dom0/qubes-src/builder-rpm/scripts/query-spec
2018-05-08 15:50:23.826560 +0000 build-fedora4: + /home/user/builder-r4.0-dom0/qubes-src/builder-rpm/scripts/generate-spec qubes-src/gui-daemon/rpm_spec/gui-dom0.spec.in /tmp/tmp.rMAFfM.spec
2018-05-08 15:50:23.832369 +0000 build-fedora4: + '[' 2 -lt 2 ']'
2018-05-08 15:50:23.832439 +0000 build-fedora4: + '[' -z qubes-src/gui-daemon ']'
2018-05-08 15:50:23.832477 +0000 build-fedora4: + cp qubes-src/gui-daemon/rpm_spec/gui-dom0.spec.in qubes-src/gui-daemon/rpm_spec/gui-dom0.spec.in.tmp
2018-05-08 15:50:23.839956 +0000 build-fedora4: + cat qubes-src/gui-daemon/version
2018-05-08 15:50:23.840954 +0000 build-fedora4: + read ver
2018-05-08 15:50:23.843183 +0000 build-fedora4: + '[' x == x ']'
2018-05-08 15:50:23.843240 +0000 build-fedora4: + sed -i 's|@VERSION@|4.0.8|g' qubes-src/gui-daemon/rpm_spec/gui-dom0.spec.in.tmp
2018-05-08 15:50:23.849721 +0000 build-fedora4: + vnum=1
2018-05-08 15:50:23.849772 +0000 build-fedora4: + read ver
2018-05-08 15:50:23.850592 +0000 build-fedora4: + '[' -e qubes-src/gui-daemon/rel ']'
2018-05-08 15:50:23.852497 +0000 build-fedora4: ++ cat qubes-src/gui-daemon/rel
2018-05-08 15:50:23.857030 +0000 build-fedora4: ++ echo 1
2018-05-08 15:50:23.857813 +0000 build-fedora4: + sed -i -e s:@REL@:1:g -e s:@BACKEND_VMM@:xen:g qubes-src/gui-daemon/rpm_spec/gui-dom0.spec.in.tmp
2018-05-08 15:50:23.863920 +0000 build-fedora4: + '[' -e qubes-src/gui-daemon/changelog ']'
2018-05-08 15:50:23.863980 +0000 build-fedora4: + sed -i /@CHANGELOG@/d qubes-src/gui-daemon/rpm_spec/gui-dom0.spec.in.tmp
2018-05-08 15:50:23.869276 +0000 build-fedora4: + cat qubes-src/gui-daemon/rpm_spec/gui-dom0.spec.in.tmp
2018-05-08 15:50:23.873848 +0000 build-fedora4: + rm -rf qubes-src/gui-daemon/rpm_spec/gui-dom0.spec.in.tmp
2018-05-08 15:50:23.878684 +0000 build-fedora4: + rpm -q --qf '%{NAME}-%{VERSION}.tar.gz\n' --specfile /tmp/tmp.rMAFfM.spec
2018-05-08 15:50:23.934349 +0000 build-fedora4: + rm -f /tmp/tmp.rMAFfM.spec
2018-05-08 15:50:23.975399 +0000 build-fedora4: + ERR_OUTPUT=/dev/stderr
2018-05-08 15:50:23.975442 +0000 build-fedora4: + '[' 2 -lt 2 ']'
2018-05-08 15:50:23.977145 +0000 build-fedora4: ++ basename qubes-src/gui-daemon/rpm_spec/gui-dom0.spec.in
2018-05-08 15:50:23.980454 +0000 build-fedora4: + [[ xgui-dom0.spec.in == \x\.\i\n ]]
2018-05-08 15:50:23.980534 +0000 build-fedora4: + '[' -r qubes-src/gui-daemon/rpm_spec/gui-dom0.spec.in ']'
2018-05-08 15:50:23.981978 +0000 build-fedora4: ++ mktemp --tmpdir tmp.XXXXXX.spec
2018-05-08 15:50:23.985212 +0000 build-fedora4: + tmp_spec=/tmp/tmp.lb8A3W.spec
2018-05-08 15:50:23.986914 +0000 build-fedora4: ++ dirname /home/user/builder-r4.0-dom0/qubes-src/builder-rpm/scripts/query-spec
2018-05-08 15:50:23.990462 +0000 build-fedora4: + /home/user/builder-r4.0-dom0/qubes-src/builder-rpm/scripts/generate-spec qubes-src/gui-daemon/rpm_spec/gui-dom0.spec.in /tmp/tmp.lb8A3W.spec
2018-05-08 15:50:23.995958 +0000 build-fedora4: + '[' 2 -lt 2 ']'
2018-05-08 15:50:23.996014 +0000 build-fedora4: + '[' -z qubes-src/gui-daemon ']'
2018-05-08 15:50:23.996207 +0000 build-fedora4: + cp qubes-src/gui-daemon/rpm_spec/gui-dom0.spec.in qubes-src/gui-daemon/rpm_spec/gui-dom0.spec.in.tmp
2018-05-08 15:50:24.003345 +0000 build-fedora4: + cat qubes-src/gui-daemon/version
2018-05-08 15:50:24.004007 +0000 build-fedora4: + read ver
2018-05-08 15:50:24.006381 +0000 build-fedora4: + '[' x == x ']'
2018-05-08 15:50:24.006467 +0000 build-fedora4: + sed -i 's|@VERSION@|4.0.8|g' qubes-src/gui-daemon/rpm_spec/gui-dom0.spec.in.tmp
2018-05-08 15:50:24.012638 +0000 build-fedora4: + vnum=1
2018-05-08 15:50:24.012692 +0000 build-fedora4: + read ver
2018-05-08 15:50:24.013376 +0000 build-fedora4: + '[' -e qubes-src/gui-daemon/rel ']'
2018-05-08 15:50:24.015139 +0000 build-fedora4: ++ cat qubes-src/gui-daemon/rel
2018-05-08 15:50:24.019618 +0000 build-fedora4: ++ echo 1
2018-05-08 15:50:24.020310 +0000 build-fedora4: + sed -i -e s:@REL@:1:g -e s:@BACKEND_VMM@:xen:g qubes-src/gui-daemon/rpm_spec/gui-dom0.spec.in.tmp
2018-05-08 15:50:24.027117 +0000 build-fedora4: + '[' -e qubes-src/gui-daemon/changelog ']'
2018-05-08 15:50:24.027177 +0000 build-fedora4: + sed -i /@CHANGELOG@/d qubes-src/gui-daemon/rpm_spec/gui-dom0.spec.in.tmp
2018-05-08 15:50:24.033357 +0000 build-fedora4: + cat qubes-src/gui-daemon/rpm_spec/gui-dom0.spec.in.tmp
2018-05-08 15:50:24.037244 +0000 build-fedora4: + rm -rf qubes-src/gui-daemon/rpm_spec/gui-dom0.spec.in.tmp
2018-05-08 15:50:24.041803 +0000 build-fedora4: + rpm -q --qf '%{NAME}-%{VERSION}.tar.gz\n' --specfile /tmp/tmp.lb8A3W.spec
2018-05-08 15:50:24.098262 +0000 build-fedora4: + rm -f /tmp/tmp.lb8A3W.spec
2018-05-08 15:50:24.155615 +0000 build-fedora4: /home/user/builder-r4.0-dom0/qubes-src/builder-rpm/Makefile.rpmbuilder:140: target 'update-repo-do' does not exist
2018-05-08 15:50:24.155680 +0000 build-fedora4: mkdir -p /home/user/builder-r4.0-dom0/qubes-src/linux-yum/r4.0/current-testing/dom0/fc25/rpm
2018-05-08 15:50:24.193854 +0000 build-fedora4: + ERR_OUTPUT=/dev/stderr
2018-05-08 15:50:24.193914 +0000 build-fedora4: + '[' 2 -lt 2 ']'
2018-05-08 15:50:24.195635 +0000 build-fedora4: ++ basename qubes-src/gui-daemon/rpm_spec/gui-dom0.spec.in
2018-05-08 15:50:24.199031 +0000 build-fedora4: + [[ xgui-dom0.spec.in == \x\.\i\n ]]
2018-05-08 15:50:24.199183 +0000 build-fedora4: + '[' -r qubes-src/gui-daemon/rpm_spec/gui-dom0.spec.in ']'
2018-05-08 15:50:24.200630 +0000 build-fedora4: ++ mktemp --tmpdir tmp.XXXXXX.spec
2018-05-08 15:50:24.203315 +0000 build-fedora4: + tmp_spec=/tmp/tmp.OW3gAV.spec
2018-05-08 15:50:24.204820 +0000 build-fedora4: ++ dirname /home/user/builder-r4.0-dom0/qubes-src/builder-rpm/scripts/query-spec
2018-05-08 15:50:24.207531 +0000 build-fedora4: + /home/user/builder-r4.0-dom0/qubes-src/builder-rpm/scripts/generate-spec qubes-src/gui-daemon/rpm_spec/gui-dom0.spec.in /tmp/tmp.OW3gAV.spec
2018-05-08 15:50:24.212142 +0000 build-fedora4: + '[' 2 -lt 2 ']'
2018-05-08 15:50:24.212210 +0000 build-fedora4: + '[' -z qubes-src/gui-daemon ']'
2018-05-08 15:50:24.212245 +0000 build-fedora4: + cp qubes-src/gui-daemon/rpm_spec/gui-dom0.spec.in qubes-src/gui-daemon/rpm_spec/gui-dom0.spec.in.tmp
2018-05-08 15:50:24.220223 +0000 build-fedora4: + cat qubes-src/gui-daemon/version
2018-05-08 15:50:24.220276 +0000 build-fedora4: + read ver
2018-05-08 15:50:24.222114 +0000 build-fedora4: + '[' x == x ']'
2018-05-08 15:50:24.222173 +0000 build-fedora4: + sed -i 's|@VERSION@|4.0.8|g' qubes-src/gui-daemon/rpm_spec/gui-dom0.spec.in.tmp
2018-05-08 15:50:24.227248 +0000 build-fedora4: + vnum=1
2018-05-08 15:50:24.227438 +0000 build-fedora4: + read ver
2018-05-08 15:50:24.228220 +0000 build-fedora4: + '[' -e qubes-src/gui-daemon/rel ']'
2018-05-08 15:50:24.229875 +0000 build-fedora4: ++ cat qubes-src/gui-daemon/rel
2018-05-08 15:50:24.234719 +0000 build-fedora4: ++ echo 1
2018-05-08 15:50:24.235695 +0000 build-fedora4: + sed -i -e s:@REL@:1:g -e s:@BACKEND_VMM@:xen:g qubes-src/gui-daemon/rpm_spec/gui-dom0.spec.in.tmp
2018-05-08 15:50:24.243210 +0000 build-fedora4: + '[' -e qubes-src/gui-daemon/changelog ']'
2018-05-08 15:50:24.243276 +0000 build-fedora4: + sed -i /@CHANGELOG@/d qubes-src/gui-daemon/rpm_spec/gui-dom0.spec.in.tmp
2018-05-08 15:50:24.249301 +0000 build-fedora4: + cat qubes-src/gui-daemon/rpm_spec/gui-dom0.spec.in.tmp
2018-05-08 15:50:24.253413 +0000 build-fedora4: + rm -rf qubes-src/gui-daemon/rpm_spec/gui-dom0.spec.in.tmp
2018-05-08 15:50:24.258089 +0000 build-fedora4: + rpm -q --qf '%{NAME}-%{VERSION}.tar.gz\n' --specfile /tmp/tmp.OW3gAV.spec
2018-05-08 15:50:24.310696 +0000 build-fedora4: + rm -f /tmp/tmp.OW3gAV.spec
2018-05-08 15:50:24.328335 +0000 build-fedora4: cd qubes-src/gui-daemon && ln -f pkgs/fc25/x86_64/qubes-gui-dom0-4.0.8-1.fc25.x86_64.rpm pkgs/fc25/x86_64/qubes-gui-dom0-debuginfo-4.0.8-1.fc25.x86_64.rpm  /home/user/builder-r4.0-dom0/qubes-src/linux-yum/r4.0/current-testing/dom0/fc25/rpm/
2018-05-08 15:50:24.335669 +0000 build-fedora4: cd qubes-src/gui-daemon && echo pkgs/fc25/x86_64/qubes-gui-dom0-4.0.8-1.fc25.x86_64.rpm pkgs/fc25/x86_64/qubes-gui-dom0-debuginfo-4.0.8-1.fc25.x86_64.rpm  > /home/user/builder-r4.0-dom0/repo-latest-snapshot/current-testing-dom0-fc25-gui-daemon
2018-05-08 15:50:24.415599 +0000 build-fedora4: /home/user/builder-r4.0-dom0/qubes-src/builder-github//Makefile.github:21: target 'notify-github' does not exist
2018-05-08 15:50:24.415665 +0000 build-fedora4: [ -z "qubes-gui-dom0-4.0.8-1.fc25" ] || /home/user/builder-r4.0-dom0/qubes-src/builder-github//notify-issues \
2018-05-08 15:50:24.415705 +0000 build-fedora4: .--build-log="https://github.com/QubesOS/build-logs/tree/master/build-fedora4/log_2018-05-08_15-48-59" \
2018-05-08 15:50:24.415733 +0000 build-fedora4: ."r4.0" \
2018-05-08 15:50:24.415759 +0000 build-fedora4: ."current-testing" \
2018-05-08 15:50:24.415783 +0000 build-fedora4: ."qubes-src/gui-daemon" \
2018-05-08 15:50:24.415807 +0000 build-fedora4: ."qubes-gui-dom0-4.0.8-1.fc25" \
2018-05-08 15:50:24.415829 +0000 build-fedora4: ."fc25" \
2018-05-08 15:50:24.415852 +0000 build-fedora4: ."dom0" \
2018-05-08 15:50:24.415884 +0000 build-fedora4: ."/home/user/github-notify-state/r4.0-gui-daemon-dom0-fc25-current-testing"
2018-05-08 15:50:24.485821 +0000 build-fedora4: + ERR_OUTPUT=/dev/stderr
2018-05-08 15:50:24.485881 +0000 build-fedora4: + '[' 2 -lt 2 ']'
2018-05-08 15:50:24.487698 +0000 build-fedora4: ++ basename qubes-src/gui-daemon/rpm_spec/gui-dom0.spec.in
2018-05-08 15:50:24.490758 +0000 build-fedora4: + [[ xgui-dom0.spec.in == \x\.\i\n ]]
2018-05-08 15:50:24.490825 +0000 build-fedora4: + '[' -r qubes-src/gui-daemon/rpm_spec/gui-dom0.spec.in ']'
2018-05-08 15:50:24.492537 +0000 build-fedora4: ++ mktemp --tmpdir tmp.XXXXXX.spec
2018-05-08 15:50:24.495805 +0000 build-fedora4: + tmp_spec=/tmp/tmp.p5TeY9.spec
2018-05-08 15:50:24.497425 +0000 build-fedora4: ++ dirname /home/user/builder-r4.0-dom0/qubes-src/builder-rpm/scripts/query-spec
2018-05-08 15:50:24.500220 +0000 build-fedora4: + /home/user/builder-r4.0-dom0/qubes-src/builder-rpm/scripts/generate-spec qubes-src/gui-daemon/rpm_spec/gui-dom0.spec.in /tmp/tmp.p5TeY9.spec
2018-05-08 15:50:24.506221 +0000 build-fedora4: + '[' 2 -lt 2 ']'
2018-05-08 15:50:24.506370 +0000 build-fedora4: + '[' -z qubes-src/gui-daemon ']'
2018-05-08 15:50:24.506399 +0000 build-fedora4: + cp qubes-src/gui-daemon/rpm_spec/gui-dom0.spec.in qubes-src/gui-daemon/rpm_spec/gui-dom0.spec.in.tmp
2018-05-08 15:50:24.513587 +0000 build-fedora4: + cat qubes-src/gui-daemon/version
2018-05-08 15:50:24.514428 +0000 build-fedora4: + read ver
2018-05-08 15:50:24.516390 +0000 build-fedora4: + '[' x == x ']'
2018-05-08 15:50:24.516463 +0000 build-fedora4: + sed -i 's|@VERSION@|4.0.8|g' qubes-src/gui-daemon/rpm_spec/gui-dom0.spec.in.tmp
2018-05-08 15:50:24.521851 +0000 build-fedora4: + vnum=1
2018-05-08 15:50:24.521907 +0000 build-fedora4: + read ver
2018-05-08 15:50:24.522561 +0000 build-fedora4: + '[' -e qubes-src/gui-daemon/rel ']'
2018-05-08 15:50:24.524138 +0000 build-fedora4: ++ cat qubes-src/gui-daemon/rel
2018-05-08 15:50:24.528639 +0000 build-fedora4: ++ echo 1
2018-05-08 15:50:24.529458 +0000 build-fedora4: + sed -i -e s:@REL@:1:g -e s:@BACKEND_VMM@:xen:g qubes-src/gui-daemon/rpm_spec/gui-dom0.spec.in.tmp
2018-05-08 15:50:24.536307 +0000 build-fedora4: + '[' -e qubes-src/gui-daemon/changelog ']'
2018-05-08 15:50:24.536364 +0000 build-fedora4: + sed -i /@CHANGELOG@/d qubes-src/gui-daemon/rpm_spec/gui-dom0.spec.in.tmp
2018-05-08 15:50:24.541505 +0000 build-fedora4: + cat qubes-src/gui-daemon/rpm_spec/gui-dom0.spec.in.tmp
2018-05-08 15:50:24.544682 +0000 build-fedora4: + rm -rf qubes-src/gui-daemon/rpm_spec/gui-dom0.spec.in.tmp
2018-05-08 15:50:24.548509 +0000 build-fedora4: + rpm -q --qf '%{NAME}-%{VERSION}.tar.gz\n' --specfile /tmp/tmp.p5TeY9.spec
2018-05-08 15:50:24.588746 +0000 build-fedora4: + rm -f /tmp/tmp.p5TeY9.spec
2018-05-08 15:50:36.181161 +0000 build-fedora4: 
2018-05-08 15:50:36.181223 +0000 build-fedora4: Makefile:764: target 'post-update-repo-current-testing' does not exist
2018-05-08 15:50:36.181253 +0000 build-fedora4: for dist in fc25 ; do \
2018-05-08 15:50:36.181282 +0000 build-fedora4: .repo_base_var="LINUX_REPO_${dist}_BASEDIR"; \
2018-05-08 15:50:36.181309 +0000 build-fedora4: .if [ -n "${!repo_base_var}" ]; then \
2018-05-08 15:50:36.181334 +0000 build-fedora4: ..repo_basedir="${!repo_base_var}"; \
2018-05-08 15:50:36.181356 +0000 build-fedora4: .else \
2018-05-08 15:50:36.181382 +0000 build-fedora4: ..repo_basedir="qubes-src/linux-yum/r4.0"; \
2018-05-08 15:50:36.181404 +0000 build-fedora4: .fi; \
2018-05-08 15:50:36.181454 +0000 build-fedora4: .repos_to_update="$repos_to_update $repo_basedir"; \
2018-05-08 15:50:36.181478 +0000 build-fedora4: done; \
2018-05-08 15:50:36.181507 +0000 build-fedora4: for repo in `echo $repos_to_update|tr ' ' '\n'|sort|uniq`; do \
2018-05-08 15:50:36.181532 +0000 build-fedora4: .[ -z "$repo" ] && continue; \
2018-05-08 15:50:36.181561 +0000 build-fedora4: .(cd $repo/.. && ./update_repo-current-testing.sh `basename $repo`); \
2018-05-08 15:50:36.181581 +0000 build-fedora4: done
2018-05-08 15:50:36.226312 +0000 build-fedora4: which: no mkmetalink in (/usr/local/bin:/usr/bin:/usr/local/sbin:/usr/sbin:/home/user/.local/bin:/home/user/bin:/home/user/builder-r4.0-dom0/qubes-src/builder-fedora/tools)
2018-05-08 15:50:36.273674 +0000 build-fedora4: --> Processing repo: r4.0/current-testing/dom0/fc25...
2018-05-08 15:51:48.314326 +0000 build-fedora4: --> Processing repo: r4.0/current-testing/vm/centos7...
2018-05-08 15:51:48.838069 +0000 build-fedora4: --> Processing repo: r4.0/current-testing/vm/fc20...
2018-05-08 15:51:49.229327 +0000 build-fedora4: --> Processing repo: r4.0/current-testing/vm/fc21...
2018-05-08 15:51:49.794119 +0000 build-fedora4: --> Processing repo: r4.0/current-testing/vm/fc22...
