2024-03-15 16:36:27.484251 +0000 > starting log
2024-03-15 16:36:27.484485 +0000 build-fedora4: > starting build with log
2024-03-15 16:36:27.484499 +0000 build-fedora4: >> make args: update-repo-current
2024-03-15 16:36:27.484506 +0000 build-fedora4: >> MAKEFLAGS=
2024-03-15 16:36:27.484514 +0000 build-fedora4: >> COMPONENTS=app-yubikey
2024-03-15 16:36:27.484520 +0000 build-fedora4: >> DISTS_VM=fc37 fc38 fc39
2024-03-15 16:36:27.484527 +0000 build-fedora4: >> DIST_DOM0=
2024-03-15 16:36:27.484535 +0000 build-fedora4: >> qubes-builder 3d3e766de05b37cd858f0d3cb2c6ebf716510cd8
2024-03-15 16:36:27.484548 +0000 build-fedora4: >> qubes-builder/qubes-src/app-yubikey 294518191c60696707690bea8d80e4ad4c11e848
2024-03-15 16:36:27.889698 +0000 build-fedora4: ================================================================================
2024-03-15 16:36:27.889740 +0000 build-fedora4:                            B U I L D   I N F O                                  
2024-03-15 16:36:27.889751 +0000 build-fedora4: Items in red indicate it was automatically generated by configuration file(s)
2024-03-15 16:36:27.889787 +0000 build-fedora4: Items in white indicate it was automatically removed by configuration file(s)
2024-03-15 16:36:27.889796 +0000 build-fedora4: ================================================================================
2024-03-15 16:36:27.889802 +0000 build-fedora4: DISTS_VM:
2024-03-15 16:36:27.907140 +0000 build-fedora4:      fc37, fc38, fc39,
2024-03-15 16:36:27.907175 +0000 build-fedora4: DISTS_ALL:
2024-03-15 16:36:27.921453 +0000 build-fedora4:      vm-fc37, vm-fc38, vm-fc39,
2024-03-15 16:36:27.921487 +0000 build-fedora4: DIST_DOM0:
2024-03-15 16:36:27.941490 +0000 build-fedora4:     
2024-03-15 16:36:27.941513 +0000 build-fedora4: BUILDER_PLUGINS:
2024-03-15 16:36:27.941524 +0000 build-fedora4:      builder-rpm, builder-debian, mgmt-salt, linux-yum, release-configs, builder-github,
2024-03-15 16:36:27.941531 +0000 build-fedora4: COMPONENTS:
2024-03-15 16:36:27.954301 +0000 build-fedora4:      app-yubikey,
2024-03-15 16:36:27.954336 +0000 build-fedora4: GIT_REPOS:
2024-03-15 16:36:27.978970 +0000 build-fedora4:      qubes-src/app-yubikey,
2024-03-15 16:36:27.979018 +0000 build-fedora4: TEMPLATE:
2024-03-15 16:36:27.979027 +0000 build-fedora4:     
2024-03-15 16:36:27.979034 +0000 build-fedora4: TEMPLATE_FLAVOR_DIR:
2024-03-15 16:36:27.979040 +0000 build-fedora4:     
2024-03-15 16:36:27.979046 +0000 build-fedora4: TEMPLATE_ALIAS:
2024-03-15 16:36:27.979054 +0000 build-fedora4:      stretch:stretch+standard, stretch+gnome:stretch+gnome+standard,
2024-03-15 16:36:27.979062 +0000 build-fedora4:      stretch+minimal:stretch+minimal+no-recommends, buster:buster+gnome,
2024-03-15 16:36:27.979071 +0000 build-fedora4:      buster+minimal:buster+minimal+no-recommends, bullseye:bullseye+gnome+firmware,
2024-03-15 16:36:27.979081 +0000 build-fedora4:      bullseye+minimal:bullseye+minimal+no-recommends, bookworm:bookworm+gnome+firmware,
2024-03-15 16:36:27.979089 +0000 build-fedora4:      bookworm+minimal:bookworm+minimal+no-recommends, bionic:bionic+standard,
2024-03-15 16:36:27.979098 +0000 build-fedora4:      focal:focal+standard, whonix-gateway-15:buster+whonix-gateway+minimal+no-recommends,
2024-03-15 16:36:27.979106 +0000 build-fedora4:      whonix-workstation-15:buster+whonix-workstation+minimal+no-recommends,
2024-03-15 16:36:27.979114 +0000 build-fedora4:      whonix-gateway-16:bullseye+whonix-gateway+minimal+no-recommends,
2024-03-15 16:36:27.979122 +0000 build-fedora4:      whonix-workstation-16:bullseye+whonix-workstation+minimal+no-recommends,
2024-03-15 16:36:27.980274 +0000 build-fedora4: TEMPLATE_LABEL:
2024-03-15 16:36:27.989067 +0000 build-fedora4:      fc37:fedora-37, fc38:fedora-38, fc34:fedora-34 fc35:fedora-35 fc36:fedora-36 fc34+minimal:fedora-34-minimal
2024-03-15 16:36:27.989104 +0000 build-fedora4:      fc35+minimal:fedora-35-minimal fc36+minimal:fedora-36-minimal fc37+minimal:fedora-37-minimal
2024-03-15 16:36:27.989115 +0000 build-fedora4:      fc38+minimal:fedora-38-minimal fc34+xfce:fedora-34-xfce fc35+xfce:fedora-35-xfce fc36+xfce:fedora-36-xfce
2024-03-15 16:36:27.989139 +0000 build-fedora4:      fc37+xfce:fedora-37-xfce fc38+xfce:fedora-38-xfce stretch:debian-9 stretch+standard:debian-9
2024-03-15 16:36:27.989149 +0000 build-fedora4:      stretch+xfce:debian-9-xfce buster+gnome:debian-10 buster+xfce:debian-10-xfce bullseye:debian-11
2024-03-15 16:36:27.989158 +0000 build-fedora4:      bullseye+standard+firmware:debian-11 bullseye+xfce:debian-11-xfce bookworm:debian-12
2024-03-15 16:36:27.989167 +0000 build-fedora4:      bookworm+standard:debian-12 bookworm+xfce:debian-12-xfce bionic+standard:bionic
2024-03-15 16:36:27.989175 +0000 build-fedora4:      focal+standard:focal buster+whonix-gateway+minimal+no-recommends:whonix-gw-15
2024-03-15 16:36:27.989183 +0000 build-fedora4:      buster+whonix-workstation+minimal+no-recommends:whonix-ws-15
2024-03-15 16:36:27.989191 +0000 build-fedora4:      bullseye+whonix-gateway+minimal+no-recommends:whonix-gw-16
2024-03-15 16:36:27.989199 +0000 build-fedora4:      bullseye+whonix-workstation+minimal+no-recommends:whonix-ws-16 centos7:centos-7
2024-03-15 16:36:27.989208 +0000 build-fedora4:      centos7+minimal:centos-7-minimal centos7+xfce:centos-7-xfce centos-stream8:centos-stream-8
2024-03-15 16:36:27.989217 +0000 build-fedora4:      centos-stream8+minimal:centos-stream-8-minimal centos-stream8+xfce:centos-stream-8-xfce
2024-03-15 16:36:28.061080 +0000 build-fedora4: > running make
2024-03-15 16:36:28.097343 +0000 build-fedora4: Makefile:863: update target 'internal-update-repo-current.vm.fc37.app-yubikey' due to: target does not exist
2024-03-15 16:36:28.097374 +0000 build-fedora4: repo_base_var="LINUX_REPO_${DIST//-/_}_BASEDIR"; \
2024-03-15 16:36:28.097384 +0000 build-fedora4: if [ "app-yubikey" = linux-template-builder ]; then \
2024-03-15 16:36:28.097394 +0000 build-fedora4: .# templates belongs to dom0 repository, even though PACKAGE_SET=vm
2024-03-15 16:36:28.097401 +0000 build-fedora4: repo_base_var="LINUX_REPO__BASEDIR"; \
2024-03-15 16:36:28.097407 +0000 build-fedora4: fi; \
2024-03-15 16:36:28.097414 +0000 build-fedora4: if [ -n "${!repo_base_var}" ]; then \
2024-03-15 16:36:28.097420 +0000 build-fedora4: .repo_basedir="${!repo_base_var}"; \
2024-03-15 16:36:28.097426 +0000 build-fedora4: else \
2024-03-15 16:36:28.097437 +0000 build-fedora4: .repo_basedir="qubes-src/linux-yum/r4.1"; \
2024-03-15 16:36:28.097443 +0000 build-fedora4: fi; \
2024-03-15 16:36:28.097451 +0000 build-fedora4: if [ -r qubes-src/app-yubikey/Makefile.builder ]; then \
2024-03-15 16:36:28.097458 +0000 build-fedora4: .echo -n "Updating qubes-src/app-yubikey... "; \
2024-03-15 16:36:28.097464 +0000 build-fedora4: .if [ "0" -eq 1 ]; then \
2024-03-15 16:36:28.097472 +0000 build-fedora4: ..vtag=`git -C qubes-src/app-yubikey tag --points-at HEAD --list v*`; \
2024-03-15 16:36:28.097479 +0000 build-fedora4: ..if [ -z "$vtag" ]; then \
2024-03-15 16:36:28.097485 +0000 build-fedora4: ...echo "no version tag"; \
2024-03-15 16:36:28.097491 +0000 build-fedora4: ...exit 0; \
2024-03-15 16:36:28.097497 +0000 build-fedora4: ..fi; \
2024-03-15 16:36:28.097503 +0000 build-fedora4: .fi; \
2024-03-15 16:36:28.097510 +0000 build-fedora4: .if [ "app-yubikey" = linux-template-builder ]; then
2024-03-15 16:36:28.097519 +0000 build-fedora4: export TEMPLATE_NAME=$(MAKEFLAGS= make -s -C qubes-src/linux-template-builder DIST=fc37 template-name)
2024-03-15 16:36:28.097525 +0000 build-fedora4: fi
2024-03-15 16:36:28.097539 +0000 build-fedora4: component_packages=$(MAKEFLAGS= make -s -f Makefile.generic DIST=fc37 PACKAGE_SET=vm COMPONENT=`basename qubes-src/app-yubikey` UPDATE_REPO=/home/user/builder-r4.1/$repo_basedir/current/vm/fc37 get-var GET_VAR=PACKAGE_LIST); \
2024-03-15 16:36:28.097547 +0000 build-fedora4: .if [ -z "$component_packages" ]; then \
2024-03-15 16:36:28.097554 +0000 build-fedora4: ..echo "no packages."; \
2024-03-15 16:36:28.097560 +0000 build-fedora4: ..exit 0; \
2024-03-15 16:36:28.097565 +0000 build-fedora4: .fi; \
2024-03-15 16:36:28.097586 +0000 build-fedora4: .make -s -f Makefile.generic DIST=fc37 PACKAGE_SET=vm \
2024-03-15 16:36:28.097595 +0000 build-fedora4: ..COMPONENT=`basename qubes-src/app-yubikey` \
2024-03-15 16:36:28.097601 +0000 build-fedora4: ..SNAPSHOT_REPO=current-testing \
2024-03-15 16:36:28.097608 +0000 build-fedora4: ..TARGET_REPO=current \
2024-03-15 16:36:28.097616 +0000 build-fedora4: ..UPDATE_REPO=/home/user/builder-r4.1/$repo_basedir/current/vm/fc37 \
2024-03-15 16:36:28.097626 +0000 build-fedora4: ..SNAPSHOT_FILE=/home/user/builder-r4.1/repo-latest-snapshot/current-testing-vm-fc37-`basename qubes-src/app-yubikey` \
2024-03-15 16:36:28.097633 +0000 build-fedora4: ..BUILD_LOG_URL= \
2024-03-15 16:36:28.097640 +0000 build-fedora4: ..update-repo-from-snapshot || exit 1; \
2024-03-15 16:36:28.097648 +0000 build-fedora4: elif make -C qubes-src/app-yubikey -n update-repo-current >/dev/null 2>/dev/null; then \
2024-03-15 16:36:28.097656 +0000 build-fedora4: .echo "Updating qubes-src/app-yubikey... "; \
2024-03-15 16:36:28.097664 +0000 build-fedora4: .DIST=fc37 UPDATE_REPO=/home/user/builder-r4.1/$repo_basedir/current/vm/fc37 \
2024-03-15 16:36:28.097694 +0000 build-fedora4: .make -s -C qubes-src/app-yubikey update-repo-current || exit 1; \
2024-03-15 16:36:28.097700 +0000 build-fedora4: else \
2024-03-15 16:36:28.097708 +0000 build-fedora4: .echo -n "Updating qubes-src/app-yubikey... skipping."; \
2024-03-15 16:36:28.097713 +0000 build-fedora4: fi; \
2024-03-15 16:36:28.097719 +0000 build-fedora4: echo
2024-03-15 16:36:28.333655 +0000 build-fedora4: Updating qubes-src/app-yubikey... no packages.
2024-03-15 16:36:28.333730 +0000 build-fedora4: Makefile:832: update target 'internal-update-repo-current.vm.fc37' due to: target does not exist
2024-03-15 16:36:28.333739 +0000 build-fedora4: true
2024-03-15 16:36:28.359879 +0000 build-fedora4: Makefile:863: update target 'internal-update-repo-current.vm.fc38.app-yubikey' due to: target does not exist
2024-03-15 16:36:28.359919 +0000 build-fedora4: repo_base_var="LINUX_REPO_${DIST//-/_}_BASEDIR"; \
2024-03-15 16:36:28.359929 +0000 build-fedora4: if [ "app-yubikey" = linux-template-builder ]; then \
2024-03-15 16:36:28.359938 +0000 build-fedora4: .# templates belongs to dom0 repository, even though PACKAGE_SET=vm
2024-03-15 16:36:28.359946 +0000 build-fedora4: repo_base_var="LINUX_REPO__BASEDIR"; \
2024-03-15 16:36:28.359952 +0000 build-fedora4: fi; \
2024-03-15 16:36:28.359959 +0000 build-fedora4: if [ -n "${!repo_base_var}" ]; then \
2024-03-15 16:36:28.359965 +0000 build-fedora4: .repo_basedir="${!repo_base_var}"; \
2024-03-15 16:36:28.359984 +0000 build-fedora4: else \
2024-03-15 16:36:28.359990 +0000 build-fedora4: .repo_basedir="qubes-src/linux-yum/r4.1"; \
2024-03-15 16:36:28.359996 +0000 build-fedora4: fi; \
2024-03-15 16:36:28.360003 +0000 build-fedora4: if [ -r qubes-src/app-yubikey/Makefile.builder ]; then \
2024-03-15 16:36:28.360009 +0000 build-fedora4: .echo -n "Updating qubes-src/app-yubikey... "; \
2024-03-15 16:36:28.360016 +0000 build-fedora4: .if [ "0" -eq 1 ]; then \
2024-03-15 16:36:28.360024 +0000 build-fedora4: ..vtag=`git -C qubes-src/app-yubikey tag --points-at HEAD --list v*`; \
2024-03-15 16:36:28.360031 +0000 build-fedora4: ..if [ -z "$vtag" ]; then \
2024-03-15 16:36:28.360037 +0000 build-fedora4: ...echo "no version tag"; \
2024-03-15 16:36:28.360043 +0000 build-fedora4: ...exit 0; \
2024-03-15 16:36:28.360049 +0000 build-fedora4: ..fi; \
2024-03-15 16:36:28.360054 +0000 build-fedora4: .fi; \
2024-03-15 16:36:28.360061 +0000 build-fedora4: .if [ "app-yubikey" = linux-template-builder ]; then
2024-03-15 16:36:28.360070 +0000 build-fedora4: export TEMPLATE_NAME=$(MAKEFLAGS= make -s -C qubes-src/linux-template-builder DIST=fc38 template-name)
2024-03-15 16:36:28.360076 +0000 build-fedora4: fi
2024-03-15 16:36:28.360090 +0000 build-fedora4: component_packages=$(MAKEFLAGS= make -s -f Makefile.generic DIST=fc38 PACKAGE_SET=vm COMPONENT=`basename qubes-src/app-yubikey` UPDATE_REPO=/home/user/builder-r4.1/$repo_basedir/current/vm/fc38 get-var GET_VAR=PACKAGE_LIST); \
2024-03-15 16:36:28.360112 +0000 build-fedora4: .if [ -z "$component_packages" ]; then \
2024-03-15 16:36:28.360120 +0000 build-fedora4: ..echo "no packages."; \
2024-03-15 16:36:28.360127 +0000 build-fedora4: ..exit 0; \
2024-03-15 16:36:28.360133 +0000 build-fedora4: .fi; \
2024-03-15 16:36:28.360140 +0000 build-fedora4: .make -s -f Makefile.generic DIST=fc38 PACKAGE_SET=vm \
2024-03-15 16:36:28.360147 +0000 build-fedora4: ..COMPONENT=`basename qubes-src/app-yubikey` \
2024-03-15 16:36:28.360154 +0000 build-fedora4: ..SNAPSHOT_REPO=current-testing \
2024-03-15 16:36:28.360160 +0000 build-fedora4: ..TARGET_REPO=current \
2024-03-15 16:36:28.360168 +0000 build-fedora4: ..UPDATE_REPO=/home/user/builder-r4.1/$repo_basedir/current/vm/fc38 \
2024-03-15 16:36:28.360178 +0000 build-fedora4: ..SNAPSHOT_FILE=/home/user/builder-r4.1/repo-latest-snapshot/current-testing-vm-fc38-`basename qubes-src/app-yubikey` \
2024-03-15 16:36:28.360185 +0000 build-fedora4: ..BUILD_LOG_URL= \
2024-03-15 16:36:28.360192 +0000 build-fedora4: ..update-repo-from-snapshot || exit 1; \
2024-03-15 16:36:28.360200 +0000 build-fedora4: elif make -C qubes-src/app-yubikey -n update-repo-current >/dev/null 2>/dev/null; then \
2024-03-15 16:36:28.360208 +0000 build-fedora4: .echo "Updating qubes-src/app-yubikey... "; \
2024-03-15 16:36:28.360216 +0000 build-fedora4: .DIST=fc38 UPDATE_REPO=/home/user/builder-r4.1/$repo_basedir/current/vm/fc38 \
2024-03-15 16:36:28.360224 +0000 build-fedora4: .make -s -C qubes-src/app-yubikey update-repo-current || exit 1; \
2024-03-15 16:36:28.360230 +0000 build-fedora4: else \
2024-03-15 16:36:28.360237 +0000 build-fedora4: .echo -n "Updating qubes-src/app-yubikey... skipping."; \
2024-03-15 16:36:28.360243 +0000 build-fedora4: fi; \
2024-03-15 16:36:28.360248 +0000 build-fedora4: echo
2024-03-15 16:36:28.633576 +0000 build-fedora4: Updating qubes-src/app-yubikey... no packages.
2024-03-15 16:36:28.633619 +0000 build-fedora4: Makefile:832: update target 'internal-update-repo-current.vm.fc38' due to: target does not exist
2024-03-15 16:36:28.633628 +0000 build-fedora4: true
2024-03-15 16:36:28.644981 +0000 build-fedora4: Makefile:863: update target 'internal-update-repo-current.vm.fc39.app-yubikey' due to: target does not exist
2024-03-15 16:36:28.645017 +0000 build-fedora4: repo_base_var="LINUX_REPO_${DIST//-/_}_BASEDIR"; \
2024-03-15 16:36:28.645027 +0000 build-fedora4: if [ "app-yubikey" = linux-template-builder ]; then \
2024-03-15 16:36:28.645036 +0000 build-fedora4: .# templates belongs to dom0 repository, even though PACKAGE_SET=vm
2024-03-15 16:36:28.645043 +0000 build-fedora4: repo_base_var="LINUX_REPO__BASEDIR"; \
2024-03-15 16:36:28.645048 +0000 build-fedora4: fi; \
2024-03-15 16:36:28.645055 +0000 build-fedora4: if [ -n "${!repo_base_var}" ]; then \
2024-03-15 16:36:28.645061 +0000 build-fedora4: .repo_basedir="${!repo_base_var}"; \
2024-03-15 16:36:28.645067 +0000 build-fedora4: else \
2024-03-15 16:36:28.645073 +0000 build-fedora4: .repo_basedir="qubes-src/linux-yum/r4.1"; \
2024-03-15 16:36:28.645079 +0000 build-fedora4: fi; \
2024-03-15 16:36:28.645086 +0000 build-fedora4: if [ -r qubes-src/app-yubikey/Makefile.builder ]; then \
2024-03-15 16:36:28.645093 +0000 build-fedora4: .echo -n "Updating qubes-src/app-yubikey... "; \
2024-03-15 16:36:28.645099 +0000 build-fedora4: .if [ "0" -eq 1 ]; then \
2024-03-15 16:36:28.645107 +0000 build-fedora4: ..vtag=`git -C qubes-src/app-yubikey tag --points-at HEAD --list v*`; \
2024-03-15 16:36:28.645114 +0000 build-fedora4: ..if [ -z "$vtag" ]; then \
2024-03-15 16:36:28.645120 +0000 build-fedora4: ...echo "no version tag"; \
2024-03-15 16:36:28.645126 +0000 build-fedora4: ...exit 0; \
2024-03-15 16:36:28.645131 +0000 build-fedora4: ..fi; \
2024-03-15 16:36:28.645137 +0000 build-fedora4: .fi; \
2024-03-15 16:36:28.645144 +0000 build-fedora4: .if [ "app-yubikey" = linux-template-builder ]; then
2024-03-15 16:36:28.645166 +0000 build-fedora4: export TEMPLATE_NAME=$(MAKEFLAGS= make -s -C qubes-src/linux-template-builder DIST=fc39 template-name)
2024-03-15 16:36:28.645173 +0000 build-fedora4: fi
2024-03-15 16:36:28.645188 +0000 build-fedora4: component_packages=$(MAKEFLAGS= make -s -f Makefile.generic DIST=fc39 PACKAGE_SET=vm COMPONENT=`basename qubes-src/app-yubikey` UPDATE_REPO=/home/user/builder-r4.1/$repo_basedir/current/vm/fc39 get-var GET_VAR=PACKAGE_LIST); \
2024-03-15 16:36:28.645196 +0000 build-fedora4: .if [ -z "$component_packages" ]; then \
2024-03-15 16:36:28.645203 +0000 build-fedora4: ..echo "no packages."; \
2024-03-15 16:36:28.645209 +0000 build-fedora4: ..exit 0; \
2024-03-15 16:36:28.645214 +0000 build-fedora4: .fi; \
2024-03-15 16:36:28.645221 +0000 build-fedora4: .make -s -f Makefile.generic DIST=fc39 PACKAGE_SET=vm \
2024-03-15 16:36:28.645228 +0000 build-fedora4: ..COMPONENT=`basename qubes-src/app-yubikey` \
2024-03-15 16:36:28.645235 +0000 build-fedora4: ..SNAPSHOT_REPO=current-testing \
2024-03-15 16:36:28.645241 +0000 build-fedora4: ..TARGET_REPO=current \
2024-03-15 16:36:28.645249 +0000 build-fedora4: ..UPDATE_REPO=/home/user/builder-r4.1/$repo_basedir/current/vm/fc39 \
2024-03-15 16:36:28.645259 +0000 build-fedora4: ..SNAPSHOT_FILE=/home/user/builder-r4.1/repo-latest-snapshot/current-testing-vm-fc39-`basename qubes-src/app-yubikey` \
2024-03-15 16:36:28.645266 +0000 build-fedora4: ..BUILD_LOG_URL= \
2024-03-15 16:36:28.645272 +0000 build-fedora4: ..update-repo-from-snapshot || exit 1; \
2024-03-15 16:36:28.645281 +0000 build-fedora4: elif make -C qubes-src/app-yubikey -n update-repo-current >/dev/null 2>/dev/null; then \
2024-03-15 16:36:28.645288 +0000 build-fedora4: .echo "Updating qubes-src/app-yubikey... "; \
2024-03-15 16:36:28.645296 +0000 build-fedora4: .DIST=fc39 UPDATE_REPO=/home/user/builder-r4.1/$repo_basedir/current/vm/fc39 \
2024-03-15 16:36:28.645304 +0000 build-fedora4: .make -s -C qubes-src/app-yubikey update-repo-current || exit 1; \
2024-03-15 16:36:28.645309 +0000 build-fedora4: else \
2024-03-15 16:36:28.645317 +0000 build-fedora4: .echo -n "Updating qubes-src/app-yubikey... skipping."; \
2024-03-15 16:36:28.645322 +0000 build-fedora4: fi; \
2024-03-15 16:36:28.645327 +0000 build-fedora4: echo
2024-03-15 16:36:28.879078 +0000 build-fedora4: Updating qubes-src/app-yubikey... no packages.
2024-03-15 16:36:28.879122 +0000 build-fedora4: Makefile:832: update target 'internal-update-repo-current.vm.fc39' due to: target does not exist
2024-03-15 16:36:28.879132 +0000 build-fedora4: true
2024-03-15 16:36:28.885744 +0000 build-fedora4: Makefile:945: update target 'post-update-repo-current' due to: target does not exist
2024-03-15 16:36:28.885802 +0000 build-fedora4: true
2024-03-15 16:36:28.899522 +0000 build-fedora4: Makefile:819: update target 'update-repo-current' due to: target does not exist
2024-03-15 16:36:28.899557 +0000 build-fedora4: true
2024-03-15 16:36:28.921019 +0000 build-fedora4: > done
2024-03-15 16:36:28.921057 +0000 > closing log
