2019-07-02 21:28:40.734858 +0000 > starting log
2019-07-02 21:28:40.735886 +0000 build-fedora4: > starting build with log
2019-07-02 21:28:40.735908 +0000 build-fedora4: >> make args: update-repo-current
2019-07-02 21:28:40.735918 +0000 build-fedora4: >> MAKEFLAGS=
2019-07-02 21:28:40.735927 +0000 build-fedora4: >> COMPONENTS=app-u2f
2019-07-02 21:28:40.735934 +0000 build-fedora4: >> DISTS_VM=fc29 fc30
2019-07-02 21:28:40.735942 +0000 build-fedora4: >> DIST_DOM0=
2019-07-02 21:28:40.735951 +0000 build-fedora4: >> qubes-builder 3c397160f3a5235f15737a87c64e0b4fe3ad6d0b
2019-07-02 21:28:40.735958 +0000 build-fedora4: ?? rpmdb/Basenames
2019-07-02 21:28:40.735965 +0000 build-fedora4: ?? rpmdb/Conflictname
2019-07-02 21:28:40.736001 +0000 build-fedora4: ?? rpmdb/Dirnames
2019-07-02 21:28:40.736010 +0000 build-fedora4: ?? rpmdb/Enhancename
2019-07-02 21:28:40.736018 +0000 build-fedora4: ?? rpmdb/Filetriggername
2019-07-02 21:28:40.736025 +0000 build-fedora4: ?? rpmdb/Group
2019-07-02 21:28:40.736032 +0000 build-fedora4: ?? rpmdb/Installtid
2019-07-02 21:28:40.736039 +0000 build-fedora4: ?? rpmdb/Name
2019-07-02 21:28:40.736046 +0000 build-fedora4: ?? rpmdb/Obsoletename
2019-07-02 21:28:40.736053 +0000 build-fedora4: ?? rpmdb/Packages
2019-07-02 21:28:40.736061 +0000 build-fedora4: ?? rpmdb/Providename
2019-07-02 21:28:40.736068 +0000 build-fedora4: ?? rpmdb/Recommendname
2019-07-02 21:28:40.736075 +0000 build-fedora4: ?? rpmdb/Requirename
2019-07-02 21:28:40.736082 +0000 build-fedora4: ?? rpmdb/Sha1header
2019-07-02 21:28:40.736089 +0000 build-fedora4: ?? rpmdb/Sigmd5
2019-07-02 21:28:40.736097 +0000 build-fedora4: ?? rpmdb/Suggestname
2019-07-02 21:28:40.736104 +0000 build-fedora4: ?? rpmdb/Supplementname
2019-07-02 21:28:40.736112 +0000 build-fedora4: ?? rpmdb/Transfiletriggername
2019-07-02 21:28:40.736119 +0000 build-fedora4: ?? rpmdb/Triggername
2019-07-02 21:28:40.736126 +0000 build-fedora4: ?? rpmdb/__db.001
2019-07-02 21:28:40.736133 +0000 build-fedora4: ?? rpmdb/__db.002
2019-07-02 21:28:40.736140 +0000 build-fedora4: ?? rpmdb/__db.003
2019-07-02 21:28:40.736153 +0000 build-fedora4: 6831da3b3536fbcaacf77af16d9b3019ae33dc0c2c55abc999a0ff809ab1b4beed6b9dfe137c66ae76e50ce56dbb0db1f92deea42cf0cb836803a76f5e9d42ba  rpmdb/Basenames
2019-07-02 21:28:40.736166 +0000 build-fedora4: e59d3a5d076363b46fceeeab57bbc90bd71ff42d0541189629a055a297850c14f4ab2a6da2ff5e808848aa567eae6605969039744d4a8dd956219af64c275ee4  rpmdb/Conflictname
2019-07-02 21:28:40.736180 +0000 build-fedora4: cd495f3df6b92da84825ebd3c4a7cd96f88f5cb19bf9d53c089ef22a8064e00f8922234ddd35845a872fb1939d6eaf528d6eae448e09d0119c4bd1205d19260e  rpmdb/Dirnames
2019-07-02 21:28:40.736193 +0000 build-fedora4: 1f382ed60196e0c045009dfb96419c2fcf427de30e17342e15dea3f720d5600569e6dc5235261eb244c52793b599ea6fa988ee10d38424eb3dc9c1c2ef953e05  rpmdb/Enhancename
2019-07-02 21:28:40.736206 +0000 build-fedora4: 8b08ed3fa741164d4f04e2a9527118a564eb3e1c3861521cfdb859c87b8656622a1929e435a087fc86d7aca63c1ef1cdc3e300e5c9bcbe7b931c94b4cb29aada  rpmdb/Filetriggername
2019-07-02 21:28:40.736219 +0000 build-fedora4: 58fb74f98b1623c5e8435a62e1107c6912de3f922c0e643bb5095c53f5472e428ef77e7b21c279df236fa3fb5b48cdb375f6f89fc578ce7053db09254ae902ee  rpmdb/Group
2019-07-02 21:28:40.736233 +0000 build-fedora4: 4601016d9bf9a1399916d65abe8db15cb504d11c69991dd3fec0e5f72e9f954f55d8edc2eebc063afc6bcb4133f4042f8cd6c524fdf883b0667179997b3cb0be  rpmdb/Installtid
2019-07-02 21:28:40.736245 +0000 build-fedora4: 37634714409cd3698d28f3007fa4e5080289584c43f8e3b90581c6f73a1b4690b17296aceac9eeb9110dab02192cc5903df7ef3d5b473911a02344500a50802f  rpmdb/Name
2019-07-02 21:28:40.736258 +0000 build-fedora4: 47f9d35d51b8defcf9c70416912d74f2cca1b6110ed29d57cae35e0822a4e0b851c7ac72c6275b7cfbdee00bfaac3017e81beffcdc58454a397809da092d2070  rpmdb/Obsoletename
2019-07-02 21:28:40.736272 +0000 build-fedora4: 172a2f054b0d3feef69ea0cde8eb3490c96d3fa1bfd802e0e9d1919d248e4f65ddce8d3ce5e130a9515ec2b6e9c895fb9ae77549fc598d08761e151c34208222  rpmdb/Packages
2019-07-02 21:28:40.736285 +0000 build-fedora4: 7615c3ddd6e0fefdceb1a31722024dab301d64f0e5e9e0139f5aeef3d3fbbd956b001cfaa46a739bee14660099329f7fa9bf305c2f732e4f1d1d657e7a0606ef  rpmdb/Providename
2019-07-02 21:28:40.736305 +0000 build-fedora4: 93b74e5a164f8b6cb82080958d1c5cdf3a676cdbbcb09db90cc435600db90a4a47fb233c0dc34aa781a5113af7fed60fdd6cba42518e8737996588aaaa137555  rpmdb/Recommendname
2019-07-02 21:28:40.736319 +0000 build-fedora4: 4af589cd8bdc9da86b23492a41711ab74592eee19d0728fafb5793df18882f5675a6798b730eadaf7f0d8cdf2bdd94de063e186dafd137ae3a0466baa4326956  rpmdb/Requirename
2019-07-02 21:28:40.736332 +0000 build-fedora4: 1f8ac505d1acfbffa3aeb89a6eac9cf2d24a17669a558062238b64f0ed8a5f1528bae02912d7d262e846360ab4553999007ef42b0ff10804e6d5a73699e2d520  rpmdb/Sha1header
2019-07-02 21:28:40.736344 +0000 build-fedora4: 8f83610963a826ebe92efe1cf5b12a5d459e57867ca9d5a2c80148c861c79b32d0e96b64a01998fee569daa67c3c6d4a1aa6d3ee03d9c07438bb7a493a023ead  rpmdb/Sigmd5
2019-07-02 21:28:40.736357 +0000 build-fedora4: 95807a7d9d50e1f6882d19b27a217278ac08997b186356ee030b7f9c87a7932ec38730efc1c690a1c3f2af7fb87b32ba801a835ba87aa44fb273eebd2801b8a0  rpmdb/Suggestname
2019-07-02 21:28:40.736370 +0000 build-fedora4: 7c7df54d681699112d106e2ccf068dfab48726b29e345be52956d996bf2b08a1275291e7f0a6456d38df99dd816c88f1c58f53d08de433e656ef68ab02124163  rpmdb/Supplementname
2019-07-02 21:28:40.736385 +0000 build-fedora4: fdc239c015e7d652d1347df4c0240677617dc4a124ad9fc4e5c249c5d6da2e23598defff77922eb22d0bc6721c8fe422a695aec2f1c38b37b88f704700884776  rpmdb/Transfiletriggername
2019-07-02 21:28:40.736398 +0000 build-fedora4: 20810e2b044fc756d071012cbdb19c15719e03528b447137765dd6d37952bbc3d1a0eff2e13b1a0bbee93ec9ea2466acf620074ab5344b7234d62c8989a6d637  rpmdb/Triggername
2019-07-02 21:28:40.736411 +0000 build-fedora4: 52bf6ef9d9479194dea471a3cff9f823214c5007faef7e1a17ac12104fc159fcd5d366a08764c340cfa4a6beb5372c160a5dc7552382026e6669dfc5d2f10004  rpmdb/__db.001
2019-07-02 21:28:40.736424 +0000 build-fedora4: 57c1ec052e6c0ed2af4424131f4ea49efd8de71a909b9674c5faeaa4c76bb0afcb9ffcf0a30f506442f45c8591a08480e9847b7ad1f37b54579d27246fd6a570  rpmdb/__db.002
2019-07-02 21:28:40.736437 +0000 build-fedora4: 10c345fcb3f9148647669f7eee909fa2bced489baa06b70c7fc6b7f55fb16bf55fd001cc448480afbce9ab88042f103bf1b45539e19a93cb2e0a1b30d79cb9e0  rpmdb/__db.003
2019-07-02 21:28:40.736447 +0000 build-fedora4: >> qubes-builder/qubes-src/app-u2f fbc959971e5bad5bc5b6d763d641e67a36f756a7
2019-07-02 21:28:40.736457 +0000 build-fedora4: !! pkgs/vm-fc29/qubes-u2f-1.2.3-1.fc29.noarch.rpm
2019-07-02 21:28:40.736466 +0000 build-fedora4: !! pkgs/vm-fc29/qubes-u2f-1.2.3-1.fc29.src.rpm
2019-07-02 21:28:40.736483 +0000 build-fedora4: !! pkgs/vm-fc29/qubes-u2f-1.2.3-1.fc29.x86_64.buildinfo
2019-07-02 21:28:40.736492 +0000 build-fedora4: !! pkgs/vm-fc29/qubes-u2f.spec.list
2019-07-02 21:28:40.736501 +0000 build-fedora4: !! pkgs/vm-fc30/qubes-u2f-1.2.3-1.fc30.noarch.rpm
2019-07-02 21:28:40.736509 +0000 build-fedora4: !! pkgs/vm-fc30/qubes-u2f-1.2.3-1.fc30.src.rpm
2019-07-02 21:28:40.736518 +0000 build-fedora4: !! pkgs/vm-fc30/qubes-u2f-1.2.3-1.fc30.x86_64.buildinfo
2019-07-02 21:28:40.736526 +0000 build-fedora4: !! pkgs/vm-fc30/qubes-u2f.spec.list
2019-07-02 21:28:40.736541 +0000 build-fedora4: de72c441de07e792fef8d4970e9e7838893e656cffce81961c93dbeea1c8a8ab4a70ca59ee8981c3ca8d174563aa5ceb03d2b9ebcf2b1b5314971591a96694e2  pkgs/vm-fc29/qubes-u2f-1.2.3-1.fc29.noarch.rpm
2019-07-02 21:28:40.736557 +0000 build-fedora4: 35ed8bf5219f36259f222976d197da321348ff3dfb105d88adbcf7eaa160774fed2b86630a4fa5d81296ed03d42f4c2f849ba6f0c60b4699208cc974831eb9e0  pkgs/vm-fc29/qubes-u2f-1.2.3-1.fc29.src.rpm
2019-07-02 21:28:40.736572 +0000 build-fedora4: f3b6512b2683807e42505d7983b3dc6970021dd5f3401c3820708ababa7be0d98cfdd6ebd29420820368d4ff10f971215ad02222cc66dee805b0d4e33cb2c101  pkgs/vm-fc29/qubes-u2f-1.2.3-1.fc29.x86_64.buildinfo
2019-07-02 21:28:40.736586 +0000 build-fedora4: e3932bd2a6ae951109f6a8aa2b45e8467d2ef86c5c6d653ae76349d6866c35c28ce0d751f6d29cdae19530c0eb475a0e204cdd1ef4a4ec1a722901900a8ae8d3  pkgs/vm-fc29/qubes-u2f.spec.list
2019-07-02 21:28:40.736601 +0000 build-fedora4: ad10a28b5b39080b7b5a089448d289808ccc985ade358ece418dafc31e42a6fbb15a16402a3da98b9e878389db3d21bace2ed46d44e213bf582b3b8959b9cf8a  pkgs/vm-fc30/qubes-u2f-1.2.3-1.fc30.noarch.rpm
2019-07-02 21:28:40.736620 +0000 build-fedora4: c44de8d8897dd82910b4d4bf280e99b13ca0ee46250455c376fc0229a7286c00130f4d66810af5f78357e5411b4aba3b67bdbede6a7309379bb35989640a2f0e  pkgs/vm-fc30/qubes-u2f-1.2.3-1.fc30.src.rpm
2019-07-02 21:28:40.736635 +0000 build-fedora4: 94cfb2978718ff30c0a959f7c6b2b301b7a698cf2dd7b50e162b5d2b4b79fcdd26c26b0e3ce589e8febb9e42ebb56b1e7a06ce301ac05d19224014c5e090d19d  pkgs/vm-fc30/qubes-u2f-1.2.3-1.fc30.x86_64.buildinfo
2019-07-02 21:28:40.736649 +0000 build-fedora4: f1f180294f4a5d35abd84bdc2a09bf223a2bf42f23c64641363531c9a51f5c182c4a351a674e99a3fd37b9a5716efd2e045fd6ae8aba05dee141637ffb137787  pkgs/vm-fc30/qubes-u2f.spec.list
2019-07-02 21:28:40.743174 +0000 build-fedora4: ================================================================================
2019-07-02 21:28:40.743218 +0000 build-fedora4:                            B U I L D   I N F O                                  
2019-07-02 21:28:40.743232 +0000 build-fedora4: Items in red indicate it was automatically generated by configuration file(s)
2019-07-02 21:28:40.743244 +0000 build-fedora4: Items in white indicate it was automatically removed by configuration file(s)
2019-07-02 21:28:40.743254 +0000 build-fedora4: ================================================================================
2019-07-02 21:28:40.744285 +0000 build-fedora4: DISTS_VM:
2019-07-02 21:28:40.744495 +0000 build-fedora4:      fc29, fc30,
2019-07-02 21:28:40.744928 +0000 build-fedora4: DISTS_ALL:
2019-07-02 21:28:40.746334 +0000 build-fedora4:      vm-fc29, vm-fc30,
2019-07-02 21:28:40.746701 +0000 build-fedora4: DIST_DOM0:
2019-07-02 21:28:40.748296 +0000 build-fedora4:     
2019-07-02 21:28:40.748768 +0000 build-fedora4: BUILDER_PLUGINS:
2019-07-02 21:28:40.750462 +0000 build-fedora4:      builder-rpm, builder-debian, mgmt-salt, linux-yum, builder-github,
2019-07-02 21:28:40.750888 +0000 build-fedora4: COMPONENTS:
2019-07-02 21:28:40.752513 +0000 build-fedora4:      app-u2f,
2019-07-02 21:28:40.753607 +0000 build-fedora4: GIT_REPOS:
2019-07-02 21:28:40.753922 +0000 build-fedora4:      qubes-src/app-u2f,
2019-07-02 21:28:40.754501 +0000 build-fedora4: TEMPLATE:
2019-07-02 21:28:40.756072 +0000 build-fedora4:     
2019-07-02 21:28:40.757227 +0000 build-fedora4: TEMPLATE_FLAVOR_DIR:
2019-07-02 21:28:40.757500 +0000 build-fedora4:     
2019-07-02 21:28:40.758146 +0000 build-fedora4: TEMPLATE_ALIAS:
2019-07-02 21:28:40.759519 +0000 build-fedora4:      stretch:stretch+standard, stretch+gnome:stretch+gnome+standard,
2019-07-02 21:28:40.759553 +0000 build-fedora4:      stretch+minimal:stretch+minimal+no-recommends, buster:buster+standard, buster+gnome:buster+gnome+standard,
2019-07-02 21:28:40.759568 +0000 build-fedora4:      buster+minimal:buster+minimal+no-recommends, whonix-gateway-14:stretch+whonix-gateway+minimal+no-recommends,
2019-07-02 21:28:40.759581 +0000 build-fedora4:      whonix-workstation-14:stretch+whonix-workstation+minimal+no-recommends,
2019-07-02 21:28:40.759592 +0000 build-fedora4:      whonix-gateway-15:buster+whonix-gateway+minimal+no-recommends,
2019-07-02 21:28:40.759602 +0000 build-fedora4:      whonix-workstation-15:buster+whonix-workstation+minimal+no-recommends,
2019-07-02 21:28:40.760159 +0000 build-fedora4: TEMPLATE_LABEL:
2019-07-02 21:28:40.761337 +0000 build-fedora4:      fc29:fedora-29, fc30:fedora-30, fc29+minimal:fedora-29-minimal fc29+xfce:fedora-29-xfce
2019-07-02 21:28:40.761375 +0000 build-fedora4:      fc30+minimal:fedora-30-minimal fc30+xfce:fedora-30-xfce stretch:debian-9 stretch+standard:debian-9
2019-07-02 21:28:40.761390 +0000 build-fedora4:      buster:debian-10 buster+standard:debian-10 centos7:centos-7 centos7+minimal:centos-7-minimal
2019-07-02 21:28:40.761403 +0000 build-fedora4:      centos7+xfce:centos-7-xfce stretch+whonix-gateway+minimal+no-recommends:whonix-gw-14
2019-07-02 21:28:40.761414 +0000 build-fedora4:      stretch+whonix-workstation+minimal+no-recommends:whonix-ws-14
2019-07-02 21:28:40.761437 +0000 build-fedora4:      buster+whonix-gateway+minimal+no-recommends:whonix-gw-15
2019-07-02 21:28:40.761449 +0000 build-fedora4:      buster+whonix-workstation+minimal+no-recommends:whonix-ws-15
2019-07-02 21:28:40.774809 +0000 build-fedora4: > running make
2019-07-02 21:28:40.786238 +0000 build-fedora4: Makefile:805: target 'internal-update-repo-current.vm.fc29.app-u2f' does not exist
2019-07-02 21:28:40.786401 +0000 build-fedora4: repo_base_var="LINUX_REPO_fc29_BASEDIR"; \
2019-07-02 21:28:40.786425 +0000 build-fedora4: if [ "app-u2f" = linux-template-builder ]; then \
2019-07-02 21:28:40.786441 +0000 build-fedora4: .# templates belongs to dom0 repository, even though PACKAGE_SET=vm
2019-07-02 21:28:40.786453 +0000 build-fedora4: repo_base_var="LINUX_REPO__BASEDIR"; \
2019-07-02 21:28:40.786463 +0000 build-fedora4: fi; \
2019-07-02 21:28:40.786474 +0000 build-fedora4: if [ -n "${!repo_base_var}" ]; then \
2019-07-02 21:28:40.786484 +0000 build-fedora4: .repo_basedir="${!repo_base_var}"; \
2019-07-02 21:28:40.786493 +0000 build-fedora4: else \
2019-07-02 21:28:40.786503 +0000 build-fedora4: .repo_basedir="qubes-src/linux-yum/r4.1"; \
2019-07-02 21:28:40.786511 +0000 build-fedora4: fi; \
2019-07-02 21:28:40.786521 +0000 build-fedora4: if [ -r qubes-src/app-u2f/Makefile.builder ]; then \
2019-07-02 21:28:40.786532 +0000 build-fedora4: .echo -n "Updating qubes-src/app-u2f... "; \
2019-07-02 21:28:40.786541 +0000 build-fedora4: .if [ "0" -eq 1 ]; then \
2019-07-02 21:28:40.786553 +0000 build-fedora4: ..vtag=`git -C qubes-src/app-u2f tag --points-at HEAD --list v*`; \
2019-07-02 21:28:40.786562 +0000 build-fedora4: ..if [ -z "$vtag" ]; then \
2019-07-02 21:28:40.786571 +0000 build-fedora4: ...echo "no version tag"; \
2019-07-02 21:28:40.786579 +0000 build-fedora4: ...exit 0; \
2019-07-02 21:28:40.786587 +0000 build-fedora4: ..fi; \
2019-07-02 21:28:40.786595 +0000 build-fedora4: .fi; \
2019-07-02 21:28:40.786605 +0000 build-fedora4: .if [ "app-u2f" = linux-template-builder ]; then
2019-07-02 21:28:40.786622 +0000 build-fedora4: export TEMPLATE_NAME=$(MAKEFLAGS= make -s -C qubes-src/linux-template-builder DIST=fc29 template-name)
2019-07-02 21:28:40.786632 +0000 build-fedora4: fi
2019-07-02 21:28:40.786651 +0000 build-fedora4: component_packages=$(MAKEFLAGS= make -s -f Makefile.generic DIST=fc29 PACKAGE_SET=vm COMPONENT=`basename qubes-src/app-u2f` UPDATE_REPO=/home/user/builder-r4.1/$repo_basedir/current/vm/fc29 get-var GET_VAR=PACKAGE_LIST); \
2019-07-02 21:28:40.786664 +0000 build-fedora4: .if [ -z "$component_packages" ]; then \
2019-07-02 21:28:40.786673 +0000 build-fedora4: ..echo "no packages."; \
2019-07-02 21:28:40.786682 +0000 build-fedora4: ..exit 0; \
2019-07-02 21:28:40.786689 +0000 build-fedora4: .fi; \
2019-07-02 21:28:40.786700 +0000 build-fedora4: .make -s -f Makefile.generic DIST=fc29 PACKAGE_SET=vm \
2019-07-02 21:28:40.786710 +0000 build-fedora4: ..COMPONENT=`basename qubes-src/app-u2f` \
2019-07-02 21:28:40.786719 +0000 build-fedora4: ..SNAPSHOT_REPO=current-testing \
2019-07-02 21:28:40.786728 +0000 build-fedora4: ..TARGET_REPO=current \
2019-07-02 21:28:40.786739 +0000 build-fedora4: ..UPDATE_REPO=/home/user/builder-r4.1/$repo_basedir/current/vm/fc29 \
2019-07-02 21:28:40.786753 +0000 build-fedora4: ..SNAPSHOT_FILE=/home/user/builder-r4.1/repo-latest-snapshot/current-testing-vm-fc29-`basename qubes-src/app-u2f` \
2019-07-02 21:28:40.786763 +0000 build-fedora4: ..BUILD_LOG_URL= \
2019-07-02 21:28:40.786772 +0000 build-fedora4: ..update-repo-from-snapshot || exit 1; \
2019-07-02 21:28:40.786784 +0000 build-fedora4: elif make -C qubes-src/app-u2f -n update-repo-current >/dev/null 2>/dev/null; then \
2019-07-02 21:28:40.786794 +0000 build-fedora4: .echo "Updating qubes-src/app-u2f... "; \
2019-07-02 21:28:40.786806 +0000 build-fedora4: .DIST=fc29 UPDATE_REPO=/home/user/builder-r4.1/$repo_basedir/current/vm/fc29 \
2019-07-02 21:28:40.786817 +0000 build-fedora4: .make -s -C qubes-src/app-u2f update-repo-current || exit 1; \
2019-07-02 21:28:40.786826 +0000 build-fedora4: else \
2019-07-02 21:28:40.786848 +0000 build-fedora4: .echo -n "Updating qubes-src/app-u2f... skipping."; \
2019-07-02 21:28:40.786857 +0000 build-fedora4: fi; \
2019-07-02 21:28:40.786864 +0000 build-fedora4: echo
2019-07-02 21:28:40.795966 +0000 build-fedora4: Updating qubes-src/app-u2f... + ERR_OUTPUT=/dev/stderr
2019-07-02 21:28:40.796040 +0000 build-fedora4: + '[' 2 -lt 2 ']'
2019-07-02 21:28:40.796339 +0000 build-fedora4: ++ basename qubes-src/app-u2f/rpm_spec/qubes-u2f.spec.in
2019-07-02 21:28:40.797065 +0000 build-fedora4: + [[ xqubes-u2f.spec.in == \x\.\i\n ]]
2019-07-02 21:28:40.797262 +0000 build-fedora4: + '[' -r qubes-src/app-u2f/rpm_spec/qubes-u2f.spec.in ']'
2019-07-02 21:28:40.797552 +0000 build-fedora4: ++ mktemp --tmpdir tmp.XXXXXX.spec
2019-07-02 21:28:40.798341 +0000 build-fedora4: + tmp_spec=/tmp/tmp.tURQ3W.spec
2019-07-02 21:28:40.798635 +0000 build-fedora4: ++ dirname /home/user/builder-r4.1/qubes-src/builder-rpm/scripts/query-spec
2019-07-02 21:28:40.799385 +0000 build-fedora4: + /home/user/builder-r4.1/qubes-src/builder-rpm/scripts/generate-spec qubes-src/app-u2f/rpm_spec/qubes-u2f.spec.in /tmp/tmp.tURQ3W.spec
2019-07-02 21:28:40.800793 +0000 build-fedora4: + '[' 2 -lt 2 ']'
2019-07-02 21:28:40.800827 +0000 build-fedora4: + '[' -z qubes-src/app-u2f ']'
2019-07-02 21:28:40.800996 +0000 build-fedora4: + cp qubes-src/app-u2f/rpm_spec/qubes-u2f.spec.in qubes-src/app-u2f/rpm_spec/qubes-u2f.spec.in.tmp
2019-07-02 21:28:40.802582 +0000 build-fedora4: + read -r ver
2019-07-02 21:28:40.803114 +0000 build-fedora4: ++ echo 1.2.3
2019-07-02 21:28:40.803141 +0000 build-fedora4: ++ sed s/-rc/~rc/
2019-07-02 21:28:40.804603 +0000 build-fedora4: + ver=1.2.3
2019-07-02 21:28:40.804647 +0000 build-fedora4: + '[' x = x ']'
2019-07-02 21:28:40.804664 +0000 build-fedora4: + sed -i 's|@VERSION@|1.2.3|g' qubes-src/app-u2f/rpm_spec/qubes-u2f.spec.in.tmp
2019-07-02 21:28:40.806394 +0000 build-fedora4: + vnum=1
2019-07-02 21:28:40.806431 +0000 build-fedora4: + read -r ver
2019-07-02 21:28:40.806443 +0000 build-fedora4: + '[' -e qubes-src/app-u2f/rel ']'
2019-07-02 21:28:40.806456 +0000 build-fedora4: + grep -q @REL@ qubes-src/app-u2f/rpm_spec/qubes-u2f.spec.in.tmp
2019-07-02 21:28:40.807424 +0000 build-fedora4: + sed -i -e s:@BACKEND_VMM@:xen:g qubes-src/app-u2f/rpm_spec/qubes-u2f.spec.in.tmp
2019-07-02 21:28:40.809221 +0000 build-fedora4: + grep -q @CHANGELOG@ qubes-src/app-u2f/rpm_spec/qubes-u2f.spec.in.tmp
2019-07-02 21:28:40.810256 +0000 build-fedora4: + cat qubes-src/app-u2f/rpm_spec/qubes-u2f.spec.in.tmp
2019-07-02 21:28:40.811209 +0000 build-fedora4: + rm -rf qubes-src/app-u2f/rpm_spec/qubes-u2f.spec.in.tmp
2019-07-02 21:28:40.812490 +0000 build-fedora4: + '[' '%{SOURCE0}' = '%{SOURCE0}' ']'
2019-07-02 21:28:40.812536 +0000 build-fedora4: ++ dirname /home/user/builder-r4.1/qubes-src/builder-rpm/scripts/query-spec
2019-07-02 21:28:40.813406 +0000 build-fedora4: + /home/user/builder-r4.1/qubes-src/builder-rpm/scripts/../tools/spectool --list-files --source 0 /tmp/tmp.tURQ3W.spec
2019-07-02 21:28:40.856513 +0000 build-fedora4: + rm -f /tmp/tmp.tURQ3W.spec
2019-07-02 21:28:40.863675 +0000 build-fedora4: + ERR_OUTPUT=/dev/stderr
2019-07-02 21:28:40.863719 +0000 build-fedora4: + '[' 2 -lt 2 ']'
2019-07-02 21:28:40.864028 +0000 build-fedora4: ++ basename qubes-src/app-u2f/rpm_spec/qubes-u2f.spec.in
2019-07-02 21:28:40.864661 +0000 build-fedora4: + [[ xqubes-u2f.spec.in == \x\.\i\n ]]
2019-07-02 21:28:40.864830 +0000 build-fedora4: + '[' -r qubes-src/app-u2f/rpm_spec/qubes-u2f.spec.in ']'
2019-07-02 21:28:40.865105 +0000 build-fedora4: ++ mktemp --tmpdir tmp.XXXXXX.spec
2019-07-02 21:28:40.865816 +0000 build-fedora4: + tmp_spec=/tmp/tmp.H4yHPN.spec
2019-07-02 21:28:40.866051 +0000 build-fedora4: ++ dirname /home/user/builder-r4.1/qubes-src/builder-rpm/scripts/query-spec
2019-07-02 21:28:40.866682 +0000 build-fedora4: + /home/user/builder-r4.1/qubes-src/builder-rpm/scripts/generate-spec qubes-src/app-u2f/rpm_spec/qubes-u2f.spec.in /tmp/tmp.H4yHPN.spec
2019-07-02 21:28:40.867945 +0000 build-fedora4: + '[' 2 -lt 2 ']'
2019-07-02 21:28:40.867998 +0000 build-fedora4: + '[' -z qubes-src/app-u2f ']'
2019-07-02 21:28:40.868128 +0000 build-fedora4: + cp qubes-src/app-u2f/rpm_spec/qubes-u2f.spec.in qubes-src/app-u2f/rpm_spec/qubes-u2f.spec.in.tmp
2019-07-02 21:28:40.869438 +0000 build-fedora4: + read -r ver
2019-07-02 21:28:40.869914 +0000 build-fedora4: ++ echo 1.2.3
2019-07-02 21:28:40.870134 +0000 build-fedora4: ++ sed s/-rc/~rc/
2019-07-02 21:28:40.871558 +0000 build-fedora4: + ver=1.2.3
2019-07-02 21:28:40.871592 +0000 build-fedora4: + '[' x = x ']'
2019-07-02 21:28:40.871608 +0000 build-fedora4: + sed -i 's|@VERSION@|1.2.3|g' qubes-src/app-u2f/rpm_spec/qubes-u2f.spec.in.tmp
2019-07-02 21:28:40.873099 +0000 build-fedora4: + vnum=1
2019-07-02 21:28:40.873138 +0000 build-fedora4: + read -r ver
2019-07-02 21:28:40.873150 +0000 build-fedora4: + '[' -e qubes-src/app-u2f/rel ']'
2019-07-02 21:28:40.873162 +0000 build-fedora4: + grep -q @REL@ qubes-src/app-u2f/rpm_spec/qubes-u2f.spec.in.tmp
2019-07-02 21:28:40.874004 +0000 build-fedora4: + sed -i -e s:@BACKEND_VMM@:xen:g qubes-src/app-u2f/rpm_spec/qubes-u2f.spec.in.tmp
2019-07-02 21:28:40.875546 +0000 build-fedora4: + grep -q @CHANGELOG@ qubes-src/app-u2f/rpm_spec/qubes-u2f.spec.in.tmp
2019-07-02 21:28:40.876387 +0000 build-fedora4: + cat qubes-src/app-u2f/rpm_spec/qubes-u2f.spec.in.tmp
2019-07-02 21:28:40.877171 +0000 build-fedora4: + rm -rf qubes-src/app-u2f/rpm_spec/qubes-u2f.spec.in.tmp
2019-07-02 21:28:40.877982 +0000 build-fedora4: + '[' '%{SOURCE0}' = '%{SOURCE0}' ']'
2019-07-02 21:28:40.878146 +0000 build-fedora4: ++ dirname /home/user/builder-r4.1/qubes-src/builder-rpm/scripts/query-spec
2019-07-02 21:28:40.878889 +0000 build-fedora4: + /home/user/builder-r4.1/qubes-src/builder-rpm/scripts/../tools/spectool --list-files --source 0 /tmp/tmp.H4yHPN.spec
2019-07-02 21:28:40.922317 +0000 build-fedora4: + rm -f /tmp/tmp.H4yHPN.spec
2019-07-02 21:28:40.932628 +0000 build-fedora4: + ERR_OUTPUT=/dev/stderr
2019-07-02 21:28:40.932672 +0000 build-fedora4: + '[' 2 -lt 2 ']'
2019-07-02 21:28:40.932989 +0000 build-fedora4: ++ basename qubes-src/app-u2f/rpm_spec/qubes-u2f.spec.in
2019-07-02 21:28:40.933586 +0000 build-fedora4: + [[ xqubes-u2f.spec.in == \x\.\i\n ]]
2019-07-02 21:28:40.933772 +0000 build-fedora4: + '[' -r qubes-src/app-u2f/rpm_spec/qubes-u2f.spec.in ']'
2019-07-02 21:28:40.933995 +0000 build-fedora4: ++ mktemp --tmpdir tmp.XXXXXX.spec
2019-07-02 21:28:40.934596 +0000 build-fedora4: + tmp_spec=/tmp/tmp.AmTbuq.spec
2019-07-02 21:28:40.934930 +0000 build-fedora4: ++ dirname /home/user/builder-r4.1/qubes-src/builder-rpm/scripts/query-spec
2019-07-02 21:28:40.935692 +0000 build-fedora4: + /home/user/builder-r4.1/qubes-src/builder-rpm/scripts/generate-spec qubes-src/app-u2f/rpm_spec/qubes-u2f.spec.in /tmp/tmp.AmTbuq.spec
2019-07-02 21:28:40.936646 +0000 build-fedora4: + '[' 2 -lt 2 ']'
2019-07-02 21:28:40.936866 +0000 build-fedora4: + '[' -z qubes-src/app-u2f ']'
2019-07-02 21:28:40.936893 +0000 build-fedora4: + cp qubes-src/app-u2f/rpm_spec/qubes-u2f.spec.in qubes-src/app-u2f/rpm_spec/qubes-u2f.spec.in.tmp
2019-07-02 21:28:40.938054 +0000 build-fedora4: + read -r ver
2019-07-02 21:28:40.938585 +0000 build-fedora4: ++ echo 1.2.3
2019-07-02 21:28:40.938614 +0000 build-fedora4: ++ sed s/-rc/~rc/
2019-07-02 21:28:40.940070 +0000 build-fedora4: + ver=1.2.3
2019-07-02 21:28:40.940105 +0000 build-fedora4: + '[' x = x ']'
2019-07-02 21:28:40.940119 +0000 build-fedora4: + sed -i 's|@VERSION@|1.2.3|g' qubes-src/app-u2f/rpm_spec/qubes-u2f.spec.in.tmp
2019-07-02 21:28:40.941574 +0000 build-fedora4: + vnum=1
2019-07-02 21:28:40.941615 +0000 build-fedora4: + read -r ver
2019-07-02 21:28:40.941782 +0000 build-fedora4: + '[' -e qubes-src/app-u2f/rel ']'
2019-07-02 21:28:40.941804 +0000 build-fedora4: + grep -q @REL@ qubes-src/app-u2f/rpm_spec/qubes-u2f.spec.in.tmp
2019-07-02 21:28:40.942870 +0000 build-fedora4: + sed -i -e s:@BACKEND_VMM@:xen:g qubes-src/app-u2f/rpm_spec/qubes-u2f.spec.in.tmp
2019-07-02 21:28:40.944347 +0000 build-fedora4: + grep -q @CHANGELOG@ qubes-src/app-u2f/rpm_spec/qubes-u2f.spec.in.tmp
2019-07-02 21:28:40.945300 +0000 build-fedora4: + cat qubes-src/app-u2f/rpm_spec/qubes-u2f.spec.in.tmp
2019-07-02 21:28:40.946119 +0000 build-fedora4: + rm -rf qubes-src/app-u2f/rpm_spec/qubes-u2f.spec.in.tmp
2019-07-02 21:28:40.947037 +0000 build-fedora4: + '[' '%{SOURCE0}' = '%{SOURCE0}' ']'
2019-07-02 21:28:40.947218 +0000 build-fedora4: ++ dirname /home/user/builder-r4.1/qubes-src/builder-rpm/scripts/query-spec
2019-07-02 21:28:40.947954 +0000 build-fedora4: + /home/user/builder-r4.1/qubes-src/builder-rpm/scripts/../tools/spectool --list-files --source 0 /tmp/tmp.AmTbuq.spec
2019-07-02 21:28:40.989924 +0000 build-fedora4: + rm -f /tmp/tmp.AmTbuq.spec
2019-07-02 21:28:40.992722 +0000 build-fedora4: Makefile.generic:212: target 'update-repo-date-check' does not exist
2019-07-02 21:28:40.992763 +0000 build-fedora4: if ! [ -r /home/user/builder-r4.1/repo-latest-snapshot/current-testing-vm-fc29-app-u2f ]; then \
2019-07-02 21:28:40.992779 +0000 build-fedora4: .echo "`tput bold`*** Packages weren't uploaded to current-testing! ***`tput sgr0`"; \
2019-07-02 21:28:40.992790 +0000 build-fedora4: .exit 1; \
2019-07-02 21:28:40.992798 +0000 build-fedora4: fi
2019-07-02 21:28:41.000463 +0000 build-fedora4: + ERR_OUTPUT=/dev/stderr
2019-07-02 21:28:41.000509 +0000 build-fedora4: + '[' 2 -lt 2 ']'
2019-07-02 21:28:41.000606 +0000 build-fedora4: ++ basename qubes-src/app-u2f/rpm_spec/qubes-u2f.spec.in
2019-07-02 21:28:41.000840 +0000 build-fedora4: + [[ xqubes-u2f.spec.in == \x\.\i\n ]]
2019-07-02 21:28:41.000949 +0000 build-fedora4: + '[' -r qubes-src/app-u2f/rpm_spec/qubes-u2f.spec.in ']'
2019-07-02 21:28:41.001203 +0000 build-fedora4: ++ mktemp --tmpdir tmp.XXXXXX.spec
2019-07-02 21:28:41.001822 +0000 build-fedora4: + tmp_spec=/tmp/tmp.fHiwz8.spec
2019-07-02 21:28:41.002141 +0000 build-fedora4: ++ dirname /home/user/builder-r4.1/qubes-src/builder-rpm/scripts/query-spec
2019-07-02 21:28:41.002788 +0000 build-fedora4: + /home/user/builder-r4.1/qubes-src/builder-rpm/scripts/generate-spec qubes-src/app-u2f/rpm_spec/qubes-u2f.spec.in /tmp/tmp.fHiwz8.spec
2019-07-02 21:28:41.003992 +0000 build-fedora4: + '[' 2 -lt 2 ']'
2019-07-02 21:28:41.004026 +0000 build-fedora4: + '[' -z qubes-src/app-u2f ']'
2019-07-02 21:28:41.004041 +0000 build-fedora4: + cp qubes-src/app-u2f/rpm_spec/qubes-u2f.spec.in qubes-src/app-u2f/rpm_spec/qubes-u2f.spec.in.tmp
2019-07-02 21:28:41.005237 +0000 build-fedora4: + read -r ver
2019-07-02 21:28:41.005705 +0000 build-fedora4: ++ echo 1.2.3
2019-07-02 21:28:41.005890 +0000 build-fedora4: ++ sed s/-rc/~rc/
2019-07-02 21:28:41.007232 +0000 build-fedora4: + ver=1.2.3
2019-07-02 21:28:41.007264 +0000 build-fedora4: + '[' x = x ']'
2019-07-02 21:28:41.007279 +0000 build-fedora4: + sed -i 's|@VERSION@|1.2.3|g' qubes-src/app-u2f/rpm_spec/qubes-u2f.spec.in.tmp
2019-07-02 21:28:41.008797 +0000 build-fedora4: + vnum=1
2019-07-02 21:28:41.008834 +0000 build-fedora4: + read -r ver
2019-07-02 21:28:41.008846 +0000 build-fedora4: + '[' -e qubes-src/app-u2f/rel ']'
2019-07-02 21:28:41.008857 +0000 build-fedora4: + grep -q @REL@ qubes-src/app-u2f/rpm_spec/qubes-u2f.spec.in.tmp
2019-07-02 21:28:41.009758 +0000 build-fedora4: + sed -i -e s:@BACKEND_VMM@:xen:g qubes-src/app-u2f/rpm_spec/qubes-u2f.spec.in.tmp
2019-07-02 21:28:41.011394 +0000 build-fedora4: + grep -q @CHANGELOG@ qubes-src/app-u2f/rpm_spec/qubes-u2f.spec.in.tmp
2019-07-02 21:28:41.012548 +0000 build-fedora4: + cat qubes-src/app-u2f/rpm_spec/qubes-u2f.spec.in.tmp
2019-07-02 21:28:41.013425 +0000 build-fedora4: + rm -rf qubes-src/app-u2f/rpm_spec/qubes-u2f.spec.in.tmp
2019-07-02 21:28:41.014368 +0000 build-fedora4: + '[' '%{SOURCE0}' = '%{SOURCE0}' ']'
2019-07-02 21:28:41.014516 +0000 build-fedora4: ++ dirname /home/user/builder-r4.1/qubes-src/builder-rpm/scripts/query-spec
2019-07-02 21:28:41.015158 +0000 build-fedora4: + /home/user/builder-r4.1/qubes-src/builder-rpm/scripts/../tools/spectool --list-files --source 0 /tmp/tmp.fHiwz8.spec
2019-07-02 21:28:41.057126 +0000 build-fedora4: + rm -f /tmp/tmp.fHiwz8.spec
2019-07-02 21:28:41.059960 +0000 build-fedora4: touch -t `date -d "7 days ago" +%Y%m%d%H%M` /tmp/age-compare-file
2019-07-02 21:28:41.062372 +0000 build-fedora4: if ! [ /home/user/builder-r4.1/repo-latest-snapshot/current-testing-vm-fc29-app-u2f -ot /tmp/age-compare-file ]; then \
2019-07-02 21:28:41.062419 +0000 build-fedora4: .echo "`tput bold`*** Packages weren't in current-testing for at least 7 days! ***`tput sgr0`"; \
2019-07-02 21:28:41.062431 +0000 build-fedora4: .exit 1; \
2019-07-02 21:28:41.062440 +0000 build-fedora4: fi
2019-07-02 21:28:41.063412 +0000 build-fedora4: rm -f /tmp/age-compare-file
2019-07-02 21:28:41.066481 +0000 build-fedora4: /home/user/builder-r4.1/qubes-src/builder-rpm/Makefile.rpmbuilder:169: target 'update-repo-from-snapshot-do' does not exist
2019-07-02 21:28:41.066527 +0000 build-fedora4: for f in pkgs/vm-fc29/qubes-u2f-1.2.3-1.fc29.noarch.rpm pkgs/vm-fc29/qubes-u2f-1.2.3-1.fc29.src.rpm pkgs/vm-fc29/qubes-u2f-1.2.3-1.fc29.x86_64.buildinfo; do \
2019-07-02 21:28:41.066548 +0000 build-fedora4: .ln -f /home/user/builder-r4.1/qubes-src/linux-yum/r4.1/current-testing/vm/fc29/rpm/`basename $f` /home/user/builder-r4.1/qubes-src/linux-yum/r4.1/current/vm/fc29/rpm/ || exit 1; \
2019-07-02 21:28:41.066559 +0000 build-fedora4: done
2019-07-02 21:28:41.073160 +0000 build-fedora4: + ERR_OUTPUT=/dev/stderr
2019-07-02 21:28:41.073205 +0000 build-fedora4: + '[' 2 -lt 2 ']'
2019-07-02 21:28:41.073224 +0000 build-fedora4: ++ basename qubes-src/app-u2f/rpm_spec/qubes-u2f.spec.in
2019-07-02 21:28:41.073601 +0000 build-fedora4: + [[ xqubes-u2f.spec.in == \x\.\i\n ]]
2019-07-02 21:28:41.073626 +0000 build-fedora4: + '[' -r qubes-src/app-u2f/rpm_spec/qubes-u2f.spec.in ']'
2019-07-02 21:28:41.073823 +0000 build-fedora4: ++ mktemp --tmpdir tmp.XXXXXX.spec
2019-07-02 21:28:41.074520 +0000 build-fedora4: + tmp_spec=/tmp/tmp.4oDjaD.spec
2019-07-02 21:28:41.074698 +0000 build-fedora4: ++ dirname /home/user/builder-r4.1/qubes-src/builder-rpm/scripts/query-spec
2019-07-02 21:28:41.075399 +0000 build-fedora4: + /home/user/builder-r4.1/qubes-src/builder-rpm/scripts/generate-spec qubes-src/app-u2f/rpm_spec/qubes-u2f.spec.in /tmp/tmp.4oDjaD.spec
2019-07-02 21:28:41.076515 +0000 build-fedora4: + '[' 2 -lt 2 ']'
2019-07-02 21:28:41.076548 +0000 build-fedora4: + '[' -z qubes-src/app-u2f ']'
2019-07-02 21:28:41.076660 +0000 build-fedora4: + cp qubes-src/app-u2f/rpm_spec/qubes-u2f.spec.in qubes-src/app-u2f/rpm_spec/qubes-u2f.spec.in.tmp
2019-07-02 21:28:41.077938 +0000 build-fedora4: + read -r ver
2019-07-02 21:28:41.078381 +0000 build-fedora4: ++ echo 1.2.3
2019-07-02 21:28:41.078578 +0000 build-fedora4: ++ sed s/-rc/~rc/
2019-07-02 21:28:41.080065 +0000 build-fedora4: + ver=1.2.3
2019-07-02 21:28:41.080096 +0000 build-fedora4: + '[' x = x ']'
2019-07-02 21:28:41.080111 +0000 build-fedora4: + sed -i 's|@VERSION@|1.2.3|g' qubes-src/app-u2f/rpm_spec/qubes-u2f.spec.in.tmp
2019-07-02 21:28:41.081567 +0000 build-fedora4: + vnum=1
2019-07-02 21:28:41.081604 +0000 build-fedora4: + read -r ver
2019-07-02 21:28:41.081618 +0000 build-fedora4: + '[' -e qubes-src/app-u2f/rel ']'
2019-07-02 21:28:41.081630 +0000 build-fedora4: + grep -q @REL@ qubes-src/app-u2f/rpm_spec/qubes-u2f.spec.in.tmp
2019-07-02 21:28:41.082489 +0000 build-fedora4: + sed -i -e s:@BACKEND_VMM@:xen:g qubes-src/app-u2f/rpm_spec/qubes-u2f.spec.in.tmp
2019-07-02 21:28:41.083945 +0000 build-fedora4: + grep -q @CHANGELOG@ qubes-src/app-u2f/rpm_spec/qubes-u2f.spec.in.tmp
2019-07-02 21:28:41.084868 +0000 build-fedora4: + cat qubes-src/app-u2f/rpm_spec/qubes-u2f.spec.in.tmp
2019-07-02 21:28:41.085599 +0000 build-fedora4: + rm -rf qubes-src/app-u2f/rpm_spec/qubes-u2f.spec.in.tmp
2019-07-02 21:28:41.086438 +0000 build-fedora4: + '[' '%{SOURCE0}' = '%{SOURCE0}' ']'
2019-07-02 21:28:41.086598 +0000 build-fedora4: ++ dirname /home/user/builder-r4.1/qubes-src/builder-rpm/scripts/query-spec
2019-07-02 21:28:41.087325 +0000 build-fedora4: + /home/user/builder-r4.1/qubes-src/builder-rpm/scripts/../tools/spectool --list-files --source 0 /tmp/tmp.4oDjaD.spec
2019-07-02 21:28:41.132934 +0000 build-fedora4: + rm -f /tmp/tmp.4oDjaD.spec
2019-07-02 21:28:41.143728 +0000 build-fedora4: /home/user/builder-r4.1/qubes-src/builder-github//Makefile.github:18: target 'notify-github' does not exist
2019-07-02 21:28:41.143776 +0000 build-fedora4: [ -z "qubes-u2f-1.2.3-1.fc29" ] || /home/user/builder-r4.1/qubes-src/builder-github//notify-issues \
2019-07-02 21:28:41.143789 +0000 build-fedora4: .--build-log="" \
2019-07-02 21:28:41.143798 +0000 build-fedora4: .upload \
2019-07-02 21:28:41.143806 +0000 build-fedora4: ."r4.1" \
2019-07-02 21:28:41.143814 +0000 build-fedora4: ."qubes-src/app-u2f" \
2019-07-02 21:28:41.143823 +0000 build-fedora4: ."qubes-u2f-1.2.3-1.fc29" \
2019-07-02 21:28:41.143830 +0000 build-fedora4: ."fc29" \
2019-07-02 21:28:41.143837 +0000 build-fedora4: ."vm" \
2019-07-02 21:28:41.143845 +0000 build-fedora4: ."current" \
2019-07-02 21:28:41.143855 +0000 build-fedora4: ."/home/user/github-notify-state/r4.1-app-u2f-vm-fc29-current"
2019-07-02 21:28:41.151287 +0000 build-fedora4: + ERR_OUTPUT=/dev/stderr
2019-07-02 21:28:41.151331 +0000 build-fedora4: + '[' 2 -lt 2 ']'
2019-07-02 21:28:41.152070 +0000 build-fedora4: ++ basename qubes-src/app-u2f/rpm_spec/qubes-u2f.spec.in
2019-07-02 21:28:41.152517 +0000 build-fedora4: + [[ xqubes-u2f.spec.in == \x\.\i\n ]]
2019-07-02 21:28:41.152544 +0000 build-fedora4: + '[' -r qubes-src/app-u2f/rpm_spec/qubes-u2f.spec.in ']'
2019-07-02 21:28:41.152689 +0000 build-fedora4: ++ mktemp --tmpdir tmp.XXXXXX.spec
2019-07-02 21:28:41.153324 +0000 build-fedora4: + tmp_spec=/tmp/tmp.AYpIL5.spec
2019-07-02 21:28:41.153499 +0000 build-fedora4: ++ dirname /home/user/builder-r4.1/qubes-src/builder-rpm/scripts/query-spec
2019-07-02 21:28:41.154137 +0000 build-fedora4: + /home/user/builder-r4.1/qubes-src/builder-rpm/scripts/generate-spec qubes-src/app-u2f/rpm_spec/qubes-u2f.spec.in /tmp/tmp.AYpIL5.spec
2019-07-02 21:28:41.155114 +0000 build-fedora4: + '[' 2 -lt 2 ']'
2019-07-02 21:28:41.155141 +0000 build-fedora4: + '[' -z qubes-src/app-u2f ']'
2019-07-02 21:28:41.155155 +0000 build-fedora4: + cp qubes-src/app-u2f/rpm_spec/qubes-u2f.spec.in qubes-src/app-u2f/rpm_spec/qubes-u2f.spec.in.tmp
2019-07-02 21:28:41.156494 +0000 build-fedora4: + read -r ver
2019-07-02 21:28:41.156962 +0000 build-fedora4: ++ echo 1.2.3
2019-07-02 21:28:41.157149 +0000 build-fedora4: ++ sed s/-rc/~rc/
2019-07-02 21:28:41.159612 +0000 build-fedora4: + ver=1.2.3
2019-07-02 21:28:41.159651 +0000 build-fedora4: + '[' x = x ']'
2019-07-02 21:28:41.159666 +0000 build-fedora4: + sed -i 's|@VERSION@|1.2.3|g' qubes-src/app-u2f/rpm_spec/qubes-u2f.spec.in.tmp
2019-07-02 21:28:41.160478 +0000 build-fedora4: + vnum=1
2019-07-02 21:28:41.160514 +0000 build-fedora4: + read -r ver
2019-07-02 21:28:41.160526 +0000 build-fedora4: + '[' -e qubes-src/app-u2f/rel ']'
2019-07-02 21:28:41.160538 +0000 build-fedora4: + grep -q @REL@ qubes-src/app-u2f/rpm_spec/qubes-u2f.spec.in.tmp
2019-07-02 21:28:41.161532 +0000 build-fedora4: + sed -i -e s:@BACKEND_VMM@:xen:g qubes-src/app-u2f/rpm_spec/qubes-u2f.spec.in.tmp
2019-07-02 21:28:41.163433 +0000 build-fedora4: + grep -q @CHANGELOG@ qubes-src/app-u2f/rpm_spec/qubes-u2f.spec.in.tmp
2019-07-02 21:28:41.164369 +0000 build-fedora4: + cat qubes-src/app-u2f/rpm_spec/qubes-u2f.spec.in.tmp
2019-07-02 21:28:41.165217 +0000 build-fedora4: + rm -rf qubes-src/app-u2f/rpm_spec/qubes-u2f.spec.in.tmp
2019-07-02 21:28:41.166033 +0000 build-fedora4: + '[' '%{SOURCE0}' = '%{SOURCE0}' ']'
2019-07-02 21:28:41.166351 +0000 build-fedora4: ++ dirname /home/user/builder-r4.1/qubes-src/builder-rpm/scripts/query-spec
2019-07-02 21:28:41.167075 +0000 build-fedora4: + /home/user/builder-r4.1/qubes-src/builder-rpm/scripts/../tools/spectool --list-files --source 0 /tmp/tmp.AYpIL5.spec
2019-07-02 21:28:41.242586 +0000 build-fedora4: + rm -f /tmp/tmp.AYpIL5.spec
2019-07-02 21:28:49.133322 +0000 build-fedora4: WARNING: /home/user/github-notify-state/r4.1-app-u2f-vm-fc29-current does not exist, initializing with the current state
2019-07-02 21:28:49.134809 +0000 build-fedora4: 
2019-07-02 21:28:49.135181 +0000 build-fedora4: Makefile:778: update target 'internal-update-repo-current.vm.fc29' due to: internal-update-repo-current.vm.fc29.app-u2f
2019-07-02 21:28:49.135219 +0000 build-fedora4: true
2019-07-02 21:28:49.136366 +0000 build-fedora4: Makefile:805: target 'internal-update-repo-current.vm.fc30.app-u2f' does not exist
2019-07-02 21:28:49.136398 +0000 build-fedora4: repo_base_var="LINUX_REPO_fc30_BASEDIR"; \
2019-07-02 21:28:49.136411 +0000 build-fedora4: if [ "app-u2f" = linux-template-builder ]; then \
2019-07-02 21:28:49.136423 +0000 build-fedora4: .# templates belongs to dom0 repository, even though PACKAGE_SET=vm
2019-07-02 21:28:49.136433 +0000 build-fedora4: repo_base_var="LINUX_REPO__BASEDIR"; \
2019-07-02 21:28:49.136441 +0000 build-fedora4: fi; \
2019-07-02 21:28:49.136450 +0000 build-fedora4: if [ -n "${!repo_base_var}" ]; then \
2019-07-02 21:28:49.136458 +0000 build-fedora4: .repo_basedir="${!repo_base_var}"; \
2019-07-02 21:28:49.136465 +0000 build-fedora4: else \
2019-07-02 21:28:49.136474 +0000 build-fedora4: .repo_basedir="qubes-src/linux-yum/r4.1"; \
2019-07-02 21:28:49.136481 +0000 build-fedora4: fi; \
2019-07-02 21:28:49.136490 +0000 build-fedora4: if [ -r qubes-src/app-u2f/Makefile.builder ]; then \
2019-07-02 21:28:49.136499 +0000 build-fedora4: .echo -n "Updating qubes-src/app-u2f... "; \
2019-07-02 21:28:49.136507 +0000 build-fedora4: .if [ "0" -eq 1 ]; then \
2019-07-02 21:28:49.136517 +0000 build-fedora4: ..vtag=`git -C qubes-src/app-u2f tag --points-at HEAD --list v*`; \
2019-07-02 21:28:49.136525 +0000 build-fedora4: ..if [ -z "$vtag" ]; then \
2019-07-02 21:28:49.136532 +0000 build-fedora4: ...echo "no version tag"; \
2019-07-02 21:28:49.136539 +0000 build-fedora4: ...exit 0; \
2019-07-02 21:28:49.136546 +0000 build-fedora4: ..fi; \
2019-07-02 21:28:49.136553 +0000 build-fedora4: .fi; \
2019-07-02 21:28:49.136562 +0000 build-fedora4: .if [ "app-u2f" = linux-template-builder ]; then
2019-07-02 21:28:49.136574 +0000 build-fedora4: export TEMPLATE_NAME=$(MAKEFLAGS= make -s -C qubes-src/linux-template-builder DIST=fc30 template-name)
2019-07-02 21:28:49.136582 +0000 build-fedora4: fi
2019-07-02 21:28:49.136599 +0000 build-fedora4: component_packages=$(MAKEFLAGS= make -s -f Makefile.generic DIST=fc30 PACKAGE_SET=vm COMPONENT=`basename qubes-src/app-u2f` UPDATE_REPO=/home/user/builder-r4.1/$repo_basedir/current/vm/fc30 get-var GET_VAR=PACKAGE_LIST); \
2019-07-02 21:28:49.136610 +0000 build-fedora4: .if [ -z "$component_packages" ]; then \
2019-07-02 21:28:49.136622 +0000 build-fedora4: ..echo "no packages."; \
2019-07-02 21:28:49.136629 +0000 build-fedora4: ..exit 0; \
2019-07-02 21:28:49.136636 +0000 build-fedora4: .fi; \
2019-07-02 21:28:49.136645 +0000 build-fedora4: .make -s -f Makefile.generic DIST=fc30 PACKAGE_SET=vm \
2019-07-02 21:28:49.136654 +0000 build-fedora4: ..COMPONENT=`basename qubes-src/app-u2f` \
2019-07-02 21:28:49.136662 +0000 build-fedora4: ..SNAPSHOT_REPO=current-testing \
2019-07-02 21:28:49.136670 +0000 build-fedora4: ..TARGET_REPO=current \
2019-07-02 21:28:49.136679 +0000 build-fedora4: ..UPDATE_REPO=/home/user/builder-r4.1/$repo_basedir/current/vm/fc30 \
