2020-11-19 13:37:20.886326 +0000 > starting log
2020-11-19 13:37:20.886662 +0000 build-fedora4: > starting build with log
2020-11-19 13:37:20.886675 +0000 build-fedora4: >> make args: update-repo-templates-itl
2020-11-19 13:37:20.886682 +0000 build-fedora4: >> MAKEFLAGS=
2020-11-19 13:37:20.886690 +0000 build-fedora4: >> COMPONENTS=linux-template-builder
2020-11-19 13:37:20.886696 +0000 build-fedora4: >> DISTS_VM=
2020-11-19 13:37:20.886703 +0000 build-fedora4: >> DIST_DOM0=fc32
2020-11-19 13:37:20.886711 +0000 build-fedora4: >> qubes-builder 70590751e9e71340c1d4d954031c83ebfab304a2
2020-11-19 13:37:20.886742 +0000 build-fedora4: >> qubes-builder/qubes-src/linux-template-builder 4d8c03b9a88693fb74435d8d3dde09ea02641bb7
2020-11-19 13:37:20.886750 +0000 build-fedora4: !! build_timestamp_debian-10
2020-11-19 13:37:20.886757 +0000 build-fedora4: !! build_timestamp_debian-10-minimal
2020-11-19 13:37:20.886764 +0000 build-fedora4: !! build_timestamp_fedora-32
2020-11-19 13:37:20.886771 +0000 build-fedora4: !! build_timestamp_fedora-32-minimal
2020-11-19 13:37:20.886778 +0000 build-fedora4: !! build_timestamp_fedora-32-xfce
2020-11-19 13:37:20.886785 +0000 build-fedora4: !! build_timestamp_whonix-gw-15
2020-11-19 13:37:20.886792 +0000 build-fedora4: !! build_timestamp_whonix-ws-15
2020-11-19 13:37:20.886805 +0000 build-fedora4: ec563f40f35d77c4abeb3e3de669675f169b227a7becc81faab32e18a6d9a73f0f2ed2afcca41e877fcceb0b8719979375cccb793782774304afb05cd26d9746  build_timestamp_debian-10
2020-11-19 13:37:20.888253 +0000 build-fedora4: bff81b480ce88ecfcafa8af741c41d9387bbe14c8d3764f9680c143d606f86280aaffc0f22c6065792a5ff7cb6e5069fd78713bcfad4f8045a1ffd2a1acec3f6  build_timestamp_debian-10-minimal
2020-11-19 13:37:20.888288 +0000 build-fedora4: ec563f40f35d77c4abeb3e3de669675f169b227a7becc81faab32e18a6d9a73f0f2ed2afcca41e877fcceb0b8719979375cccb793782774304afb05cd26d9746  build_timestamp_fedora-32
2020-11-19 13:37:20.890456 +0000 build-fedora4: 1fa8a2018e21c68d92e7d5d6fb26a1d78ad957917baa5c6fa499b29bb2d5816254e903e21f10989a68199c4bb00f544cf7b21a25d3662d3e903fdb72f14af84b  build_timestamp_fedora-32-minimal
2020-11-19 13:37:20.890495 +0000 build-fedora4: 1fa8a2018e21c68d92e7d5d6fb26a1d78ad957917baa5c6fa499b29bb2d5816254e903e21f10989a68199c4bb00f544cf7b21a25d3662d3e903fdb72f14af84b  build_timestamp_fedora-32-xfce
2020-11-19 13:37:20.892064 +0000 build-fedora4: efb21708f42d8a327781c9edc34aecf1f37e56cb4378cb7e0bf31c31003d41fc0830cf15efbb584f5516d4e8f7ec31a7ad34604d38ba17f8767ca482d00401cf  build_timestamp_whonix-gw-15
2020-11-19 13:37:20.893436 +0000 build-fedora4: efb21708f42d8a327781c9edc34aecf1f37e56cb4378cb7e0bf31c31003d41fc0830cf15efbb584f5516d4e8f7ec31a7ad34604d38ba17f8767ca482d00401cf  build_timestamp_whonix-ws-15
2020-11-19 13:37:20.994649 +0000 build-fedora4: ================================================================================
2020-11-19 13:37:20.994699 +0000 build-fedora4:                            B U I L D   I N F O                                  
2020-11-19 13:37:20.994713 +0000 build-fedora4: Items in red indicate it was automatically generated by configuration file(s)
2020-11-19 13:37:20.994723 +0000 build-fedora4: Items in white indicate it was automatically removed by configuration file(s)
2020-11-19 13:37:20.994733 +0000 build-fedora4: ================================================================================
2020-11-19 13:37:20.994740 +0000 build-fedora4: DISTS_VM:
2020-11-19 13:37:20.998801 +0000 build-fedora4:     
2020-11-19 13:37:21.001302 +0000 build-fedora4: DISTS_ALL:
2020-11-19 13:37:21.004446 +0000 build-fedora4:      dom0-fc32,
2020-11-19 13:37:21.004480 +0000 build-fedora4: DIST_DOM0:
2020-11-19 13:37:21.008166 +0000 build-fedora4:      fc32,
2020-11-19 13:37:21.008201 +0000 build-fedora4: BUILDER_PLUGINS:
2020-11-19 13:37:21.012127 +0000 build-fedora4:      builder-rpm, builder-debian, mgmt-salt, linux-yum, release-configs, builder-github,
2020-11-19 13:37:21.012162 +0000 build-fedora4: COMPONENTS:
2020-11-19 13:37:21.017045 +0000 build-fedora4:      linux-template-builder,
2020-11-19 13:37:21.018164 +0000 build-fedora4: GIT_REPOS:
2020-11-19 13:37:21.022799 +0000 build-fedora4:      qubes-src/linux-template-builder, .,
2020-11-19 13:37:21.022833 +0000 build-fedora4: TEMPLATE:
2020-11-19 13:37:21.025792 +0000 build-fedora4:     
2020-11-19 13:37:21.031519 +0000 build-fedora4: TEMPLATE_FLAVOR_DIR:
2020-11-19 13:37:21.033818 +0000 build-fedora4:     
2020-11-19 13:37:21.036753 +0000 build-fedora4: TEMPLATE_ALIAS:
2020-11-19 13:37:21.040572 +0000 build-fedora4:      stretch:stretch+standard, stretch+gnome:stretch+gnome+standard,
2020-11-19 13:37:21.040613 +0000 build-fedora4:      stretch+minimal:stretch+minimal+no-recommends, buster:buster+standard, buster+gnome:buster+gnome+standard,
2020-11-19 13:37:21.040626 +0000 build-fedora4:      buster+minimal:buster+minimal+no-recommends, bullseye:bullseye+standard,
2020-11-19 13:37:21.040637 +0000 build-fedora4:      bullseye+gnome:bullseye+gnome+standard, bullseye+minimal:bullseye+minimal+no-recommends,
2020-11-19 13:37:21.040647 +0000 build-fedora4:      whonix-gateway-14:stretch+whonix-gateway+minimal+no-recommends,
2020-11-19 13:37:21.040656 +0000 build-fedora4:      whonix-workstation-14:stretch+whonix-workstation+minimal+no-recommends,
2020-11-19 13:37:21.040665 +0000 build-fedora4:      whonix-gateway-15:buster+whonix-gateway+minimal+no-recommends,
2020-11-19 13:37:21.040674 +0000 build-fedora4:      whonix-workstation-15:buster+whonix-workstation+minimal+no-recommends,
2020-11-19 13:37:21.042373 +0000 build-fedora4: TEMPLATE_LABEL:
2020-11-19 13:37:21.046406 +0000 build-fedora4:      fc30:fedora-30 fc31:fedora-31 fc32:fedora-32 fc33:fedora-33 fc30+minimal:fedora-30-minimal
2020-11-19 13:37:21.046445 +0000 build-fedora4:      fc31+minimal:fedora-31-minimal fc32+minimal:fedora-32-minimal fc33+minimal:fedora-33-minimal
2020-11-19 13:37:21.046459 +0000 build-fedora4:      fc30+xfce:fedora-30-xfce fc31+xfce:fedora-31-xfce fc32+xfce:fedora-32-xfce fc33+xfce:fedora-33-xfce
2020-11-19 13:37:21.046470 +0000 build-fedora4:      stretch:debian-9 stretch+standard:debian-9 stretch+xfce:debian-9-xfce buster:debian-10
2020-11-19 13:37:21.046481 +0000 build-fedora4:      buster+standard:debian-10 buster+xfce:debian-10-xfce bullseye:debian-11 bullseye+standard:debian-11
2020-11-19 13:37:21.046491 +0000 build-fedora4:      bullseye+xfce:debian-11-xfce stretch+whonix-gateway+minimal+no-recommends:whonix-gw-14
2020-11-19 13:37:21.046500 +0000 build-fedora4:      stretch+whonix-workstation+minimal+no-recommends:whonix-ws-14
2020-11-19 13:37:21.046509 +0000 build-fedora4:      buster+whonix-gateway+minimal+no-recommends:whonix-gw-15
2020-11-19 13:37:21.046519 +0000 build-fedora4:      buster+whonix-workstation+minimal+no-recommends:whonix-ws-15 centos7:centos-7
2020-11-19 13:37:21.046529 +0000 build-fedora4:      centos7+minimal:centos-7-minimal centos7+xfce:centos-7-xfce centos8:centos-8
2020-11-19 13:37:21.046537 +0000 build-fedora4:      centos8+minimal:centos-7-minimal centos8+xfce:centos-8-xfce
2020-11-19 13:37:21.081673 +0000 build-fedora4: > running make
2020-11-19 13:37:21.111553 +0000 build-fedora4: Makefile:895: target 'post-update-repo-templates-itl' does not exist
2020-11-19 13:37:21.111592 +0000 build-fedora4: for dist in fc32 ; do \
2020-11-19 13:37:21.111603 +0000 build-fedora4: .repo_base_var="LINUX_REPO_${dist}_BASEDIR"; \
2020-11-19 13:37:21.111612 +0000 build-fedora4: .if [ -n "${!repo_base_var}" ]; then \
2020-11-19 13:37:21.111620 +0000 build-fedora4: ..repo_basedir="${!repo_base_var}"; \
2020-11-19 13:37:21.111626 +0000 build-fedora4: .else \
2020-11-19 13:37:21.111634 +0000 build-fedora4: ..repo_basedir="qubes-src/linux-yum/r4.1"; \
2020-11-19 13:37:21.111640 +0000 build-fedora4: .fi; \
2020-11-19 13:37:21.111648 +0000 build-fedora4: .repos_to_update="$repos_to_update $repo_basedir"; \
2020-11-19 13:37:21.111654 +0000 build-fedora4: done; \
2020-11-19 13:37:21.111660 +0000 build-fedora4: pkgset_dist= ; \
2020-11-19 13:37:21.111667 +0000 build-fedora4: for dist in fc32; do \
2020-11-19 13:37:21.111674 +0000 build-fedora4: .pkgset_dist="$pkgset_dist dom0/$dist"; \
2020-11-19 13:37:21.111696 +0000 build-fedora4: done; \
2020-11-19 13:37:21.111703 +0000 build-fedora4: for dist in ; do \
2020-11-19 13:37:21.111711 +0000 build-fedora4: .pkgset_dist="$pkgset_dist vm/$dist"; \
2020-11-19 13:37:21.111716 +0000 build-fedora4: done; \
2020-11-19 13:37:21.111725 +0000 build-fedora4: for repo in `echo $repos_to_update|tr ' ' '\n'|sort|uniq`; do \
2020-11-19 13:37:21.111732 +0000 build-fedora4: .[ -z "$repo" ] && continue; \
2020-11-19 13:37:21.111741 +0000 build-fedora4: .[ -x "$repo/../update_repo-templates-itl.sh" ] || continue; \
2020-11-19 13:37:21.111750 +0000 build-fedora4: .(cd $repo/.. && ./update_repo-templates-itl.sh r4.1 $pkgset_dist); \
2020-11-19 13:37:21.111755 +0000 build-fedora4: done
2020-11-19 13:37:21.129113 +0000 build-fedora4: r4.1/templates-itl
2020-11-19 13:37:21.136032 +0000 build-fedora4: which: no mkmetalink in (/usr/local/sbin:/usr/local/bin:/usr/sbin:/usr/bin:/home/user/.local/bin:/home/user/bin:/home/user/builder-r4.1-dom0/qubes-src/builder-rpm/tools)
2020-11-19 13:37:21.137255 +0000 build-fedora4: --> Processing repo: r4.1/templates-itl...
2020-11-19 13:37:21.233517 +0000 build-fedora4: Done.
2020-11-19 13:37:21.247011 +0000 build-fedora4: ~/builder-r4.1-dom0/qubes-src/linux-yum ~/builder-r4.1-dom0/qubes-src/linux-yum
2020-11-19 13:37:21.252071 +0000 build-fedora4: Syncing r4.1...
2020-11-19 13:37:25.921663 +0000 build-fedora4: sending incremental file list
2020-11-19 13:37:26.767603 +0000 build-fedora4: .d..t...... templates-itl/
2020-11-19 13:37:26.767652 +0000 build-fedora4: .d..t...... templates-itl/rpm/
2020-11-19 13:37:26.767663 +0000 build-fedora4: <f..t...... templates-itl/rpm/.gitignore
2020-11-19 13:37:26.767677 +0000 build-fedora4: .              6 100%    0.00kB/s    0:00:00  .              6 100%    0.00kB/s    0:00:00 (xfr#1, to-chk=0/3)
2020-11-19 13:37:29.736389 +0000 build-fedora4: --> Processing repo: r4.1/templates-itl...
2020-11-19 13:37:29.914615 +0000 build-fedora4: 13:37:31: posix_spawn avoided (fd close requested) 
2020-11-19 13:37:29.939139 +0000 build-fedora4: 13:37:31: posix_spawn avoided (fd close requested) 
2020-11-19 13:37:29.960075 +0000 build-fedora4: 13:37:31: posix_spawn avoided (fd close requested) 
2020-11-19 13:37:29.989071 +0000 build-fedora4: 13:37:31: posix_spawn avoided (fd close requested) 
2020-11-19 13:37:29.989112 +0000 build-fedora4: 13:37:31: posix_spawn avoided (fd close requested) 
2020-11-19 13:37:31.068533 +0000 build-fedora4: Done.
2020-11-19 13:37:31.088840 +0000 build-fedora4: ~/builder-r4.1-dom0/qubes-src/linux-yum
2020-11-19 13:37:31.091298 +0000 build-fedora4: Makefile:796: update target 'update-repo-templates-itl' due to: post-update-repo-templates-itl
2020-11-19 13:37:31.091332 +0000 build-fedora4: true
2020-11-19 13:37:31.095113 +0000 build-fedora4: > done
2020-11-19 13:37:31.095152 +0000 > closing log
