2020-01-31 19:33:14.382242 +0000 > starting log
2020-01-31 19:33:14.383267 +0000 build-fedora4: > starting build with log
2020-01-31 19:33:14.383299 +0000 build-fedora4: >> make args: DISTS_VM= DIST_DOM0=fc25 BUILD_LOGS_URL= manager-dom0-fc25=https://github.com/QubesOS/build-logs/tree/master/build-fedora4/log_2020-01-31_19-32-28 GIT_URL_manager=https://github.com/QubesOS/qubes-manager sign-all update-repo-current-testing
2020-01-31 19:33:14.383311 +0000 build-fedora4: >> MAKEFLAGS=
2020-01-31 19:33:14.383320 +0000 build-fedora4: >> COMPONENTS=manager
2020-01-31 19:33:14.383327 +0000 build-fedora4: >> DISTS_VM=
2020-01-31 19:33:14.383335 +0000 build-fedora4: >> DIST_DOM0=
2020-01-31 19:33:14.383344 +0000 build-fedora4: >> qubes-builder 4588539a5a26328acf179b463c1c325a201f0797
2020-01-31 19:33:14.383351 +0000 build-fedora4: ?? rpmdb/Basenames
2020-01-31 19:33:14.383358 +0000 build-fedora4: ?? rpmdb/Conflictname
2020-01-31 19:33:14.383366 +0000 build-fedora4: ?? rpmdb/Dirnames
2020-01-31 19:33:14.383373 +0000 build-fedora4: ?? rpmdb/Enhancename
2020-01-31 19:33:14.383380 +0000 build-fedora4: ?? rpmdb/Filetriggername
2020-01-31 19:33:14.383387 +0000 build-fedora4: ?? rpmdb/Group
2020-01-31 19:33:14.383394 +0000 build-fedora4: ?? rpmdb/Installtid
2020-01-31 19:33:14.383401 +0000 build-fedora4: ?? rpmdb/Name
2020-01-31 19:33:14.383408 +0000 build-fedora4: ?? rpmdb/Obsoletename
2020-01-31 19:33:14.383416 +0000 build-fedora4: ?? rpmdb/Packages
2020-01-31 19:33:14.383423 +0000 build-fedora4: ?? rpmdb/Providename
2020-01-31 19:33:14.383430 +0000 build-fedora4: ?? rpmdb/Recommendname
2020-01-31 19:33:14.383437 +0000 build-fedora4: ?? rpmdb/Requirename
2020-01-31 19:33:14.383444 +0000 build-fedora4: ?? rpmdb/Sha1header
2020-01-31 19:33:14.383451 +0000 build-fedora4: ?? rpmdb/Sigmd5
2020-01-31 19:33:14.383458 +0000 build-fedora4: ?? rpmdb/Suggestname
2020-01-31 19:33:14.383465 +0000 build-fedora4: ?? rpmdb/Supplementname
2020-01-31 19:33:14.383473 +0000 build-fedora4: ?? rpmdb/Transfiletriggername
2020-01-31 19:33:14.383481 +0000 build-fedora4: ?? rpmdb/Triggername
2020-01-31 19:33:14.383488 +0000 build-fedora4: ?? rpmdb/__db.001
2020-01-31 19:33:14.383495 +0000 build-fedora4: ?? rpmdb/__db.002
2020-01-31 19:33:14.383502 +0000 build-fedora4: ?? rpmdb/__db.003
2020-01-31 19:33:14.383514 +0000 build-fedora4: 0e0dc29702af2c4512d9e8223c1660373fa7a3f1996369d90d430aefd1b7ec279724abcd60c3e59ed7f0d30e8ca2ddef6eee71d11427f3ed404c32f307e24bee  rpmdb/Basenames
2020-01-31 19:33:14.383527 +0000 build-fedora4: eaa9eea3d46df9d5801c6e804c2fac47102cc9cf7bc623d9f9b6b9963785cf32a5113749f20b5cff508f6d1bddecbe21f39012bab93745d0316cce6204caf6b9  rpmdb/Conflictname
2020-01-31 19:33:14.383540 +0000 build-fedora4: d5c585d72887699083560a700609746a9baffb0f3578added9d42e058dfe76533b5b2c9e66f2d60d907b1844fdb41c03325f9288eb2b6b473ac731869d35abba  rpmdb/Dirnames
2020-01-31 19:33:14.383553 +0000 build-fedora4: 8890b7ed9eef9e578d4fc4a02626c3ff9eaf558aaaf9fd4a2781202512038ac96deedc95671793801cb84865cf4b1826bcbc81359d0b18ecb4abecb68ca38af4  rpmdb/Enhancename
2020-01-31 19:33:14.383566 +0000 build-fedora4: 1949ebc2d95acbf94f8974e84876feff55e61aa127a9ca1fc76a04a0bdc5a75dbc49e391a6a9836fa1bc37753d250ad669d6c53cc7c4a8bf8ae4a76ded7c4381  rpmdb/Filetriggername
2020-01-31 19:33:14.383579 +0000 build-fedora4: bbb8222d139e1d7134ecb9882c2bec2fc60f0407a1fc51f67830fe67ecf32479feed34830454d370f6f76e5d47260bb07eefaa29988188b88c95e9b116efecc3  rpmdb/Group
2020-01-31 19:33:14.383592 +0000 build-fedora4: fe0375a49617d7ba19a3cd0874b5b297f8908429340796a6d6ec0a095a02b91bfac415a5bcd0649333f8cf501caa59a52f86185c44b50b4563e06f768a561e37  rpmdb/Installtid
2020-01-31 19:33:14.383604 +0000 build-fedora4: 9490dbeb98191d45b3b950a3dd3b161091f26b3855544bf27a090e72ae6bf626ccb7e220be66d1b3eaaaef1dccfe585c1ca68e29fda543454bd3d6dffbdac3fd  rpmdb/Name
2020-01-31 19:33:14.383617 +0000 build-fedora4: 9b319e0a5a9c16262763e28545413467cea9103e59364d7389736262c1c2453f0816036f6ed1589f2833dc607d6acdcd0fede7582443711dfee64ea5bbd10cfb  rpmdb/Obsoletename
2020-01-31 19:33:14.383630 +0000 build-fedora4: a0a952ef7147f9d64e785f43e6004d36d6f6eea681998235266d5925293a44a719d536ec077d734c707afaaefe71d4dafa5ecd7d4f8fb4ebdcf957921f7cc562  rpmdb/Packages
2020-01-31 19:33:14.383649 +0000 build-fedora4: 4ec5d460a3bbfe8a93502581d2bc0156f2ad56536bb54845aa25d44dd92f6712a22057250ee97c7787d609279f7f4c83dcf3bb50b63e87184411963ce8611fbf  rpmdb/Providename
2020-01-31 19:33:14.383662 +0000 build-fedora4: 249e9e056f6ee64823df0652e9d880494d511230c8122c8be0257a4b81e99a5a582bf1205c68c7b8816cfd10648b1813dc2cecb4ad0ec41e6b42c2a476d3de1f  rpmdb/Recommendname
2020-01-31 19:33:14.383675 +0000 build-fedora4: a9dd2321719f0266d275a377b922b7147278ce81168d920bdc4d506f94198879fc06ba8cd8324f333652e66069eda3b85d5e1c41b8b382f5ca813386d83f395e  rpmdb/Requirename
2020-01-31 19:33:14.383688 +0000 build-fedora4: 8ca7278d2bc8b3d9d827cdd996302d865832528ff87d71d12b3721cda38b7ef72fa327936e818a5d13748b1841395da4aa3ed4ccd827734dd07c4972f5d05792  rpmdb/Sha1header
2020-01-31 19:33:14.383700 +0000 build-fedora4: 7bb4c320a15a4c7cd34fd0ac674b95243686b37521ae0e7ad3b174eb9fc63737a0acdded1cea7a8a78b17b80699cb489184423f57f0f24a338f47a51c1ed3ae5  rpmdb/Sigmd5
2020-01-31 19:33:14.383713 +0000 build-fedora4: 0b2a8db3091c70f84fbe68a95a4d3b31a8005e56991afd957e694518c97e99ae58a0bcbbc79033d7a6998e6f0efd30ce99ae65d4dc10afb291211474c9515655  rpmdb/Suggestname
2020-01-31 19:33:14.383726 +0000 build-fedora4: e5a38c874b93378f1f6c66bbc27cae49f533634153e64289a2646da0510406893d75524bacbf6c2fa22199f239e8d0ff185fe3771a6401a1fd32996d6cfe2649  rpmdb/Supplementname
2020-01-31 19:33:14.383740 +0000 build-fedora4: a93ce0dc832e4d85f676e9419c744c29f303b51376268d0dcdc778509f9ddf8b499d0212ccaaa53b0f206f0b6f14fea9aa3e190ee71fd99a3b2472d282340603  rpmdb/Transfiletriggername
2020-01-31 19:33:14.383753 +0000 build-fedora4: acac296dcd741667a82e243377080149561c65a0f6e55b19c6bc8804521c563db14c18a1605f6fd6efe4a6ceed438fccc683b580a71900514767b65e4e1f836c  rpmdb/Triggername
2020-01-31 19:33:14.383766 +0000 build-fedora4: 822f186736bec507bf70d891a794a688268ead591053a0bd55f177d747f66ed43e4b9a9dd5f9ef213bd75b00a5c4c434ea7126ad7e6ae0d466776414cadde570  rpmdb/__db.001
2020-01-31 19:33:14.383778 +0000 build-fedora4: 4d33c7fbce6f30dd8fd0b3c5993771772f9cab98a443d2f94d0ed1c377d513cde9cb0d6978aa3d551fb9d0a83c9192a0c0e103676d803f63fdcae1383b93e7de  rpmdb/__db.002
2020-01-31 19:33:14.383791 +0000 build-fedora4: dae10ea2fe6e3c367eb53af6da1e0ad3b0bfdc7b5fb9eb8775f8afb8ee42b93ab1bee4fe638e23389639e41e9d94a402d71541aadbe520d30ea576524372ee71  rpmdb/__db.003
2020-01-31 19:33:14.383810 +0000 build-fedora4: >> qubes-builder/qubes-src/manager cb8ccf1e484e61b29ce17e2e44663767d4ce2c5d
2020-01-31 19:33:14.383820 +0000 build-fedora4: !! pkgs/dom0-fc25/noarch/qubes-manager-4.0.27-1.fc25.noarch.rpm
2020-01-31 19:33:14.383830 +0000 build-fedora4: !! pkgs/dom0-fc25/noarch/qubes-manager-4.0.28-1.fc25.noarch.rpm
2020-01-31 19:33:14.383855 +0000 build-fedora4: !! pkgs/dom0-fc25/noarch/qubes-manager-4.0.40-1.fc25.noarch.rpm
2020-01-31 19:33:14.383866 +0000 build-fedora4: !! pkgs/dom0-fc25/noarch/qubes-manager-4.0.41-1.fc25.noarch.rpm
2020-01-31 19:33:14.383874 +0000 build-fedora4: !! pkgs/dom0-fc25/qmgr.spec.list
2020-01-31 19:33:14.383883 +0000 build-fedora4: !! pkgs/dom0-fc25/x86_64/qubes-manager-4.0.17-1.fc25.x86_64.rpm
2020-01-31 19:33:14.383898 +0000 build-fedora4: b18a0c163de8fe365177f7c971a734698d4829697eb6e4938a790018cfcd70c84ace4e4d212f4ed94188ecb1818c0e9e8d6624c7614008f00bb0eac1c7f67a6b  pkgs/dom0-fc25/noarch/qubes-manager-4.0.27-1.fc25.noarch.rpm
2020-01-31 19:33:14.383913 +0000 build-fedora4: 7971b1007fae625b2ea271cd5252421109f017f34812240af9949fbc9de62c90bfacbbc12083cdbde740c1f4f4067ebb5f578dd59ecebce8e2c5f9f5c5c7d37f  pkgs/dom0-fc25/noarch/qubes-manager-4.0.28-1.fc25.noarch.rpm
2020-01-31 19:33:14.383928 +0000 build-fedora4: c0ca1b7881cf867d2f268dd13db8984604aeef8b21d2766a5cbd540bc0c0541e120dd1b78cdcf6f339ea5ae77e3d17fbf3f5e6b7dddf6221f2e42f531df4cdf7  pkgs/dom0-fc25/noarch/qubes-manager-4.0.40-1.fc25.noarch.rpm
2020-01-31 19:33:14.383943 +0000 build-fedora4: 8b3e1fa5828655929d2844c17325dae51822cc5aeb6ee2f1ab24fb87ad15aa226f12cebafe27d184f06c174576d9456a5ed87af894960c425b062ec8b5257607  pkgs/dom0-fc25/noarch/qubes-manager-4.0.41-1.fc25.noarch.rpm
2020-01-31 19:33:14.383962 +0000 build-fedora4: 1c8a05bc705a8dc1b356b2b7fcd5f5a783b464eda6b30c724a613cfe991ad6f847dcbbd2d46f4d8d0d085e3cbd68888c454eb433f9ce8eab1f1067832d7eb1a2  pkgs/dom0-fc25/qmgr.spec.list
2020-01-31 19:33:14.383978 +0000 build-fedora4: 3e62e9ff35978d25c6ea4eee00aaa250532fd834f1184ebe1ed853e1d8c254d363a3aa99c16aa8d8bad7067777adaac8a5f102ab4a54ae027f047941264646ef  pkgs/dom0-fc25/x86_64/qubes-manager-4.0.17-1.fc25.x86_64.rpm
2020-01-31 19:33:14.383989 +0000 build-fedora4: ================================================================================
2020-01-31 19:33:14.383999 +0000 build-fedora4:                            B U I L D   I N F O                                  
2020-01-31 19:33:14.384009 +0000 build-fedora4: Items in red indicate it was automatically generated by configuration file(s)
2020-01-31 19:33:14.384019 +0000 build-fedora4: Items in white indicate it was automatically removed by configuration file(s)
2020-01-31 19:33:14.384029 +0000 build-fedora4: ================================================================================
2020-01-31 19:33:14.384036 +0000 build-fedora4: DISTS_VM:
2020-01-31 19:33:14.384044 +0000 build-fedora4:     
2020-01-31 19:33:14.384051 +0000 build-fedora4: DISTS_ALL:
2020-01-31 19:33:14.384058 +0000 build-fedora4:      dom0-fc25,
2020-01-31 19:33:14.384065 +0000 build-fedora4: DIST_DOM0:
2020-01-31 19:33:14.384438 +0000 build-fedora4:      fc25,
2020-01-31 19:33:14.385239 +0000 build-fedora4: BUILDER_PLUGINS:
2020-01-31 19:33:14.386076 +0000 build-fedora4:      builder-rpm, builder-debian, mgmt-salt, linux-yum, release-configs, builder-github,
2020-01-31 19:33:14.387312 +0000 build-fedora4: COMPONENTS:
2020-01-31 19:33:14.387521 +0000 build-fedora4:      manager,
2020-01-31 19:33:14.388711 +0000 build-fedora4: GIT_REPOS:
2020-01-31 19:33:14.388950 +0000 build-fedora4:      qubes-src/manager,
2020-01-31 19:33:14.390155 +0000 build-fedora4: TEMPLATE:
2020-01-31 19:33:14.390355 +0000 build-fedora4:     
2020-01-31 19:33:14.391546 +0000 build-fedora4: TEMPLATE_FLAVOR_DIR:
2020-01-31 19:33:14.391908 +0000 build-fedora4:     
2020-01-31 19:33:14.393109 +0000 build-fedora4: TEMPLATE_ALIAS:
2020-01-31 19:33:14.393485 +0000 build-fedora4:      jessie:jessie+standard, jessie+gnome:jessie+gnome+standard,
2020-01-31 19:33:14.393514 +0000 build-fedora4:      jessie+minimal:jessie+minimal+no-recommends, stretch:stretch+standard, stretch+gnome:stretch+gnome+standard,
2020-01-31 19:33:14.393529 +0000 build-fedora4:      stretch+minimal:stretch+minimal+no-recommends, buster:buster+standard, buster+gnome:buster+gnome+standard,
2020-01-31 19:33:14.393542 +0000 build-fedora4:      buster+minimal:buster+minimal+no-recommends, bullseye:bullseye+standard,
2020-01-31 19:33:14.393554 +0000 build-fedora4:      bullseye+gnome:bullseye+gnome+standard, bullseye+minimal:bullseye+minimal+no-recommends,
2020-01-31 19:33:14.393565 +0000 build-fedora4:      whonix-gateway:jessie+whonix-gateway+minimal+no-recommends,
2020-01-31 19:33:14.393574 +0000 build-fedora4:      whonix-workstation:jessie+whonix-workstation+minimal+no-recommends,
2020-01-31 19:33:14.393585 +0000 build-fedora4:      whonix-gateway-14:stretch+whonix-gateway+minimal+no-recommends,
2020-01-31 19:33:14.393595 +0000 build-fedora4:      whonix-workstation-14:stretch+whonix-workstation+minimal+no-recommends,
2020-01-31 19:33:14.393604 +0000 build-fedora4:      whonix-gateway-15:buster+whonix-gateway+minimal+no-recommends,
2020-01-31 19:33:14.393614 +0000 build-fedora4:      whonix-workstation-15:buster+whonix-workstation+minimal+no-recommends,
2020-01-31 19:33:14.393624 +0000 build-fedora4:      whonix-gateway:jessie+whonix-gateway+minimal+no-recommends,
2020-01-31 19:33:14.393633 +0000 build-fedora4:      whonix-workstation:jessie+whonix-workstation+minimal+no-recommends,
2020-01-31 19:33:14.394828 +0000 build-fedora4: TEMPLATE_LABEL:
2020-01-31 19:33:14.395144 +0000 build-fedora4:      fc25:fedora-25 fc29:fedora-29 fc30:fedora-30 fc31:fedora-31 fc29+minimal:fedora-29-minimal
2020-01-31 19:33:14.395178 +0000 build-fedora4:      fc30+minimal:fedora-30-minimal fc31+minimal:fedora-31-minimal fc29+xfce:fedora-29-xfce
2020-01-31 19:33:14.395192 +0000 build-fedora4:      fc30+xfce:fedora-30-xfce fc31+xfce:fedora-31-xfce wheezy:debian-7
2020-01-31 19:33:14.395204 +0000 build-fedora4:      wheezy+standard:debian-7 jessie:debian-8 jessie+standard:debian-8 stretch:debian-9
2020-01-31 19:33:14.395216 +0000 build-fedora4:      stretch+standard:debian-9 buster:debian-10 buster+standard:debian-10 bullseye:debian-11
2020-01-31 19:33:14.395227 +0000 build-fedora4:      bullseye+standard:bullseye-11 jessie+whonix-gateway+minimal+no-recommends:whonix-gw
2020-01-31 19:33:14.395237 +0000 build-fedora4:      jessie+whonix-workstation+minimal+no-recommends:whonix-ws
2020-01-31 19:33:14.395247 +0000 build-fedora4:      stretch+whonix-gateway+minimal+no-recommends:whonix-gw-14
2020-01-31 19:33:14.395256 +0000 build-fedora4:      stretch+whonix-workstation+minimal+no-recommends:whonix-ws-14
2020-01-31 19:33:14.395266 +0000 build-fedora4:      buster+whonix-gateway+minimal+no-recommends:whonix-gw-15
2020-01-31 19:33:14.395276 +0000 build-fedora4:      buster+whonix-workstation+minimal+no-recommends:whonix-ws-15 centos7:centos-7
2020-01-31 19:33:14.395286 +0000 build-fedora4:      centos7+minimal:centos-7-minimal centos7+xfce:centos-7-xfce
2020-01-31 19:33:14.395296 +0000 build-fedora4:      jessie+whonix-gateway+minimal+no-recommends:whonix-gw
2020-01-31 19:33:14.395306 +0000 build-fedora4:      jessie+whonix-workstation+minimal+no-recommends:whonix-ws
2020-01-31 19:33:14.408923 +0000 build-fedora4: > running make
2020-01-31 19:33:14.419802 +0000 build-fedora4: Makefile:266: target 'sign.dom0.fc25.manager' does not exist
2020-01-31 19:33:14.419890 +0000 build-fedora4: if [ -n "manager" -a "0" -ne 0 ]; then BRANCH=release4.0; branch_var="BRANCH_manager"; [ -n "${!branch_var}" ] && BRANCH="${!branch_var}"; pushd qubes-src/manager > /dev/null; CURRENT_BRANCH=`git symbolic-ref --short HEAD 2>/dev/null || git describe --tags --exact-match HEAD`; if [ "$BRANCH" != "$CURRENT_BRANCH" ]; then echo "-> ERROR: Wrong branch $branch_var=$CURRENT_BRANCH (expected $BRANCH)"; exit 1; fi; popd > /dev/null; fi
2020-01-31 19:33:14.419908 +0000 build-fedora4: SIGN_KEY=5817A43B283DE5A9181A522E1848792F9E2795E9; \
2020-01-31 19:33:14.419919 +0000 build-fedora4: sign_key_var="SIGN_KEY_${DIST%%+*}"; \
2020-01-31 19:33:14.419930 +0000 build-fedora4: [ -n "${!sign_key_var}" ] && SIGN_KEY="${!sign_key_var}"; \
2020-01-31 19:33:14.419940 +0000 build-fedora4: if [ "manager" = linux-template-builder ]; then
2020-01-31 19:33:14.419952 +0000 build-fedora4: export TEMPLATE_NAME=$(MAKEFLAGS= make -s -C qubes-src/linux-template-builder DIST=fc25 template-name)
2020-01-31 19:33:14.419960 +0000 build-fedora4: fi
2020-01-31 19:33:14.419974 +0000 build-fedora4: if [ -r qubes-src/manager/Makefile.builder ]; then \
2020-01-31 19:33:14.419984 +0000 build-fedora4: .make --no-print-directory -f Makefile.generic \
2020-01-31 19:33:14.419991 +0000 build-fedora4: ..DIST=fc25 \
2020-01-31 19:33:14.419999 +0000 build-fedora4: ..PACKAGE_SET=dom0 \
2020-01-31 19:33:14.420006 +0000 build-fedora4: ..COMPONENT=manager \
2020-01-31 19:33:14.420014 +0000 build-fedora4: ..SIGN_KEY=$SIGN_KEY \
2020-01-31 19:33:14.420021 +0000 build-fedora4: ..sign || exit 1; \
2020-01-31 19:33:14.420029 +0000 build-fedora4: elif [ -d qubes-src/manager/rpm ]; then \
2020-01-31 19:33:14.420038 +0000 build-fedora4: .# Old mechanism supported only for RPM
2020-01-31 19:33:14.420048 +0000 build-fedora4: FILE_LIST=""; for RPM in qubes-src/manager/rpm/*/*.rpm; do \
2020-01-31 19:33:14.420057 +0000 build-fedora4: ..if ! qubes-src/installer-qubes-os/rpm_verify $RPM > /dev/null; then \
2020-01-31 19:33:14.420066 +0000 build-fedora4: ...FILE_LIST="$FILE_LIST $RPM" ;\
2020-01-31 19:33:14.420073 +0000 build-fedora4: ..fi ;\
2020-01-31 19:33:14.420081 +0000 build-fedora4: .done ; \
2020-01-31 19:33:14.420089 +0000 build-fedora4: .if [ -n "$FILE_LIST" ]; then \
2020-01-31 19:33:14.420108 +0000 build-fedora4: ..echo "--> Signing..."; \
2020-01-31 19:33:14.420117 +0000 build-fedora4: ..RPMSIGN_OPTS=--digest-algo=sha256; \
2020-01-31 19:33:14.420125 +0000 build-fedora4: ..if [ -n "$SIGN_KEY" ]; then \
2020-01-31 19:33:14.420134 +0000 build-fedora4: ...RPMSIGN_OPTS="--key-id=$SIGN_KEY"; \
2020-01-31 19:33:14.420141 +0000 build-fedora4: ..fi; \
2020-01-31 19:33:14.420150 +0000 build-fedora4: ..setsid -w rpmsign "$RPMSIGN_OPTS" --addsign $FILE_LIST </dev/null ;\
2020-01-31 19:33:14.420157 +0000 build-fedora4: .fi; \
2020-01-31 19:33:14.420164 +0000 build-fedora4: fi
2020-01-31 19:33:14.426342 +0000 build-fedora4: + ERR_OUTPUT=/dev/stderr
2020-01-31 19:33:14.426465 +0000 build-fedora4: + '[' 2 -lt 2 ']'
2020-01-31 19:33:14.426719 +0000 build-fedora4: ++ basename qubes-src/manager/rpm_spec/qmgr.spec.in
2020-01-31 19:33:14.427745 +0000 build-fedora4: + [[ xqmgr.spec.in == \x\.\i\n ]]
2020-01-31 19:33:14.427781 +0000 build-fedora4: + '[' -r qubes-src/manager/rpm_spec/qmgr.spec.in ']'
2020-01-31 19:33:14.427978 +0000 build-fedora4: ++ mktemp --tmpdir tmp.XXXXXX.spec
2020-01-31 19:33:14.428781 +0000 build-fedora4: + tmp_spec=/tmp/tmp.4x0qa7.spec
2020-01-31 19:33:14.428978 +0000 build-fedora4: ++ dirname /home/user/builder-r4.0-dom0/qubes-src/builder-rpm/scripts/query-spec
2020-01-31 19:33:14.429820 +0000 build-fedora4: + /home/user/builder-r4.0-dom0/qubes-src/builder-rpm/scripts/generate-spec qubes-src/manager/rpm_spec/qmgr.spec.in /tmp/tmp.4x0qa7.spec
2020-01-31 19:33:14.430955 +0000 build-fedora4: + '[' 2 -lt 2 ']'
2020-01-31 19:33:14.430985 +0000 build-fedora4: + '[' -z qubes-src/manager ']'
2020-01-31 19:33:14.431000 +0000 build-fedora4: + cp qubes-src/manager/rpm_spec/qmgr.spec.in qubes-src/manager/rpm_spec/qmgr.spec.in.tmp
2020-01-31 19:33:14.432575 +0000 build-fedora4: + read -r ver
2020-01-31 19:33:14.432607 +0000 build-fedora4: + '[' x = x ']'
2020-01-31 19:33:14.432624 +0000 build-fedora4: + sed -i 's|@VERSION@|4.0.41|g' qubes-src/manager/rpm_spec/qmgr.spec.in.tmp
2020-01-31 19:33:14.434417 +0000 build-fedora4: + vnum=1
2020-01-31 19:33:14.434456 +0000 build-fedora4: + read -r ver
2020-01-31 19:33:14.434638 +0000 build-fedora4: + '[' -e qubes-src/manager/rel ']'
2020-01-31 19:33:14.434662 +0000 build-fedora4: + grep -q @REL@ qubes-src/manager/rpm_spec/qmgr.spec.in.tmp
2020-01-31 19:33:14.435739 +0000 build-fedora4: + sed -i -e s:@BACKEND_VMM@:xen:g qubes-src/manager/rpm_spec/qmgr.spec.in.tmp
2020-01-31 19:33:14.437556 +0000 build-fedora4: + grep -q @CHANGELOG@ qubes-src/manager/rpm_spec/qmgr.spec.in.tmp
2020-01-31 19:33:14.438947 +0000 build-fedora4: ++ dirname /home/user/builder-r4.0-dom0/qubes-src/builder-rpm/scripts/generate-spec
2020-01-31 19:33:14.439845 +0000 build-fedora4: + /home/user/builder-r4.0-dom0/qubes-src/builder-rpm/scripts/generate-changelog qubes-src/manager qubes-src/manager/rpm_spec/qmgr.spec.in.tmp
2020-01-31 19:33:14.594677 +0000 build-fedora4: + cat qubes-src/manager/rpm_spec/qmgr.spec.in.tmp
2020-01-31 19:33:14.595468 +0000 build-fedora4: + rm -rf qubes-src/manager/rpm_spec/qmgr.spec.in.tmp
2020-01-31 19:33:14.596982 +0000 build-fedora4: + '[' '%{SOURCE0}' = '%{SOURCE0}' ']'
2020-01-31 19:33:14.597148 +0000 build-fedora4: ++ dirname /home/user/builder-r4.0-dom0/qubes-src/builder-rpm/scripts/query-spec
2020-01-31 19:33:14.597956 +0000 build-fedora4: + /home/user/builder-r4.0-dom0/qubes-src/builder-rpm/scripts/../tools/spectool --list-files --source 0 /tmp/tmp.4x0qa7.spec
2020-01-31 19:33:14.640194 +0000 build-fedora4: + rm -f /tmp/tmp.4x0qa7.spec
2020-01-31 19:33:14.643163 +0000 build-fedora4: /home/user/builder-r4.0-dom0/qubes-src/builder-rpm/Makefile.rpmbuilder:177: target 'sign-prep' does not exist
2020-01-31 19:33:14.643201 +0000 build-fedora4: if [ -n "qubes-gpg-client-wrapper" ]; then \
2020-01-31 19:33:14.643216 +0000 build-fedora4: .mkdir -p /home/user/builder-r4.0-dom0/keyrings/rpmdb; \
2020-01-31 19:33:14.643232 +0000 build-fedora4: .qubes-gpg-client-wrapper --armor --export "5817A43B283DE5A9181A522E1848792F9E2795E9" > "/tmp/key_5817A43B283DE5A9181A522E1848792F9E2795E9"; \
2020-01-31 19:33:14.643257 +0000 build-fedora4: .rpmkeys --dbpath=/home/user/builder-r4.0-dom0/keyrings/rpmdb --import "/tmp/key_5817A43B283DE5A9181A522E1848792F9E2795E9"; \
2020-01-31 19:33:14.643268 +0000 build-fedora4: fi
2020-01-31 19:33:14.651283 +0000 build-fedora4: + ERR_OUTPUT=/dev/stderr
2020-01-31 19:33:14.651322 +0000 build-fedora4: + '[' 2 -lt 2 ']'
2020-01-31 19:33:14.651576 +0000 build-fedora4: ++ basename qubes-src/manager/rpm_spec/qmgr.spec.in
2020-01-31 19:33:14.651712 +0000 build-fedora4: + [[ xqmgr.spec.in == \x\.\i\n ]]
2020-01-31 19:33:14.651734 +0000 build-fedora4: + '[' -r qubes-src/manager/rpm_spec/qmgr.spec.in ']'
2020-01-31 19:33:14.651898 +0000 build-fedora4: ++ mktemp --tmpdir tmp.XXXXXX.spec
2020-01-31 19:33:14.652724 +0000 build-fedora4: + tmp_spec=/tmp/tmp.0sLLgv.spec
2020-01-31 19:33:14.653034 +0000 build-fedora4: ++ dirname /home/user/builder-r4.0-dom0/qubes-src/builder-rpm/scripts/query-spec
2020-01-31 19:33:14.653743 +0000 build-fedora4: + /home/user/builder-r4.0-dom0/qubes-src/builder-rpm/scripts/generate-spec qubes-src/manager/rpm_spec/qmgr.spec.in /tmp/tmp.0sLLgv.spec
2020-01-31 19:33:14.654866 +0000 build-fedora4: + '[' 2 -lt 2 ']'
2020-01-31 19:33:14.654890 +0000 build-fedora4: + '[' -z qubes-src/manager ']'
2020-01-31 19:33:14.655074 +0000 build-fedora4: + cp qubes-src/manager/rpm_spec/qmgr.spec.in qubes-src/manager/rpm_spec/qmgr.spec.in.tmp
2020-01-31 19:33:14.656274 +0000 build-fedora4: + read -r ver
2020-01-31 19:33:14.656301 +0000 build-fedora4: + '[' x = x ']'
2020-01-31 19:33:14.656406 +0000 build-fedora4: + sed -i 's|@VERSION@|4.0.41|g' qubes-src/manager/rpm_spec/qmgr.spec.in.tmp
2020-01-31 19:33:14.657947 +0000 build-fedora4: + vnum=1
2020-01-31 19:33:14.657981 +0000 build-fedora4: + read -r ver
2020-01-31 19:33:14.658252 +0000 build-fedora4: + '[' -e qubes-src/manager/rel ']'
2020-01-31 19:33:14.658279 +0000 build-fedora4: + grep -q @REL@ qubes-src/manager/rpm_spec/qmgr.spec.in.tmp
2020-01-31 19:33:14.659231 +0000 build-fedora4: + sed -i -e s:@BACKEND_VMM@:xen:g qubes-src/manager/rpm_spec/qmgr.spec.in.tmp
2020-01-31 19:33:14.660752 +0000 build-fedora4: + grep -q @CHANGELOG@ qubes-src/manager/rpm_spec/qmgr.spec.in.tmp
2020-01-31 19:33:14.661946 +0000 build-fedora4: ++ dirname /home/user/builder-r4.0-dom0/qubes-src/builder-rpm/scripts/generate-spec
2020-01-31 19:33:14.662626 +0000 build-fedora4: + /home/user/builder-r4.0-dom0/qubes-src/builder-rpm/scripts/generate-changelog qubes-src/manager qubes-src/manager/rpm_spec/qmgr.spec.in.tmp
2020-01-31 19:33:14.813941 +0000 build-fedora4: + cat qubes-src/manager/rpm_spec/qmgr.spec.in.tmp
2020-01-31 19:33:14.814773 +0000 build-fedora4: + rm -rf qubes-src/manager/rpm_spec/qmgr.spec.in.tmp
2020-01-31 19:33:14.816181 +0000 build-fedora4: + '[' '%{SOURCE0}' = '%{SOURCE0}' ']'
2020-01-31 19:33:14.816394 +0000 build-fedora4: ++ dirname /home/user/builder-r4.0-dom0/qubes-src/builder-rpm/scripts/query-spec
2020-01-31 19:33:14.817266 +0000 build-fedora4: + /home/user/builder-r4.0-dom0/qubes-src/builder-rpm/scripts/../tools/spectool --list-files --source 0 /tmp/tmp.0sLLgv.spec
2020-01-31 19:33:14.859591 +0000 build-fedora4: + rm -f /tmp/tmp.0sLLgv.spec
2020-01-31 19:33:14.970406 +0000 build-fedora4: /home/user/builder-r4.0-dom0/qubes-src/builder-rpm/Makefile.rpmbuilder:191: update target 'sign' due to: sign-prep
2020-01-31 19:33:14.970450 +0000 build-fedora4: cd qubes-src/manager && for pkg in pkgs/dom0-fc25/noarch/qubes-manager-4.0.41-1.fc25.noarch.rpm ; do \
2020-01-31 19:33:14.970465 +0000 build-fedora4: .if [ "${pkg##*.}" = "buildinfo" ]; then \
2020-01-31 19:33:14.970483 +0000 build-fedora4: ../home/user/builder-r4.0-dom0/qubes-src/builder-rpm/scripts/update-rpmbuildinfo "$pkg" | qubes-gpg-client-wrapper --clearsign --local-user 5817A43B283DE5A9181A522E1848792F9E2795E9 > "$pkg".tmp && \
2020-01-31 19:33:14.970494 +0000 build-fedora4: ..mv -f "$pkg".tmp "$pkg"; \
2020-01-31 19:33:14.970503 +0000 build-fedora4: .elif ! rpm -K $pkg | grep -qi pgp; then \
2020-01-31 19:33:14.970516 +0000 build-fedora4: ..setsid -w rpmsign  --digest-algo=sha256 --key-id=5817A43B283DE5A9181A522E1848792F9E2795E9 --addsign $pkg </dev/null || exit 1; \
2020-01-31 19:33:14.970535 +0000 build-fedora4: .fi; \
2020-01-31 19:33:14.970543 +0000 build-fedora4: done
2020-01-31 19:33:14.977969 +0000 build-fedora4: + ERR_OUTPUT=/dev/stderr
2020-01-31 19:33:14.978006 +0000 build-fedora4: + '[' 2 -lt 2 ']'
2020-01-31 19:33:14.978924 +0000 build-fedora4: ++ basename qubes-src/manager/rpm_spec/qmgr.spec.in
2020-01-31 19:33:14.979268 +0000 build-fedora4: + [[ xqmgr.spec.in == \x\.\i\n ]]
2020-01-31 19:33:14.979295 +0000 build-fedora4: + '[' -r qubes-src/manager/rpm_spec/qmgr.spec.in ']'
2020-01-31 19:33:14.979387 +0000 build-fedora4: ++ mktemp --tmpdir tmp.XXXXXX.spec
2020-01-31 19:33:14.980189 +0000 build-fedora4: + tmp_spec=/tmp/tmp.Yh1Iix.spec
2020-01-31 19:33:14.980290 +0000 build-fedora4: ++ dirname /home/user/builder-r4.0-dom0/qubes-src/builder-rpm/scripts/query-spec
2020-01-31 19:33:14.981006 +0000 build-fedora4: + /home/user/builder-r4.0-dom0/qubes-src/builder-rpm/scripts/generate-spec qubes-src/manager/rpm_spec/qmgr.spec.in /tmp/tmp.Yh1Iix.spec
2020-01-31 19:33:14.982057 +0000 build-fedora4: + '[' 2 -lt 2 ']'
2020-01-31 19:33:14.982082 +0000 build-fedora4: + '[' -z qubes-src/manager ']'
2020-01-31 19:33:14.982095 +0000 build-fedora4: + cp qubes-src/manager/rpm_spec/qmgr.spec.in qubes-src/manager/rpm_spec/qmgr.spec.in.tmp
2020-01-31 19:33:14.983363 +0000 build-fedora4: + read -r ver
2020-01-31 19:33:14.983394 +0000 build-fedora4: + '[' x = x ']'
2020-01-31 19:33:14.983408 +0000 build-fedora4: + sed -i 's|@VERSION@|4.0.41|g' qubes-src/manager/rpm_spec/qmgr.spec.in.tmp
2020-01-31 19:33:14.985240 +0000 build-fedora4: + vnum=1
2020-01-31 19:33:14.985274 +0000 build-fedora4: + read -r ver
2020-01-31 19:33:14.985285 +0000 build-fedora4: + '[' -e qubes-src/manager/rel ']'
2020-01-31 19:33:14.985296 +0000 build-fedora4: + grep -q @REL@ qubes-src/manager/rpm_spec/qmgr.spec.in.tmp
2020-01-31 19:33:14.986840 +0000 build-fedora4: + sed -i -e s:@BACKEND_VMM@:xen:g qubes-src/manager/rpm_spec/qmgr.spec.in.tmp
2020-01-31 19:33:14.988263 +0000 build-fedora4: + grep -q @CHANGELOG@ qubes-src/manager/rpm_spec/qmgr.spec.in.tmp
2020-01-31 19:33:14.990482 +0000 build-fedora4: ++ dirname /home/user/builder-r4.0-dom0/qubes-src/builder-rpm/scripts/generate-spec
2020-01-31 19:33:15.004388 +0000 build-fedora4: + /home/user/builder-r4.0-dom0/qubes-src/builder-rpm/scripts/generate-changelog qubes-src/manager qubes-src/manager/rpm_spec/qmgr.spec.in.tmp
2020-01-31 19:33:15.655489 +0000 build-fedora4: + cat qubes-src/manager/rpm_spec/qmgr.spec.in.tmp
2020-01-31 19:33:15.657006 +0000 build-fedora4: + rm -rf qubes-src/manager/rpm_spec/qmgr.spec.in.tmp
2020-01-31 19:33:15.659328 +0000 build-fedora4: + '[' '%{SOURCE0}' = '%{SOURCE0}' ']'
2020-01-31 19:33:15.659929 +0000 build-fedora4: ++ dirname /home/user/builder-r4.0-dom0/qubes-src/builder-rpm/scripts/query-spec
2020-01-31 19:33:15.661912 +0000 build-fedora4: + /home/user/builder-r4.0-dom0/qubes-src/builder-rpm/scripts/../tools/spectool --list-files --source 0 /tmp/tmp.Yh1Iix.spec
2020-01-31 19:33:15.776596 +0000 build-fedora4: + rm -f /tmp/tmp.Yh1Iix.spec
2020-01-31 19:33:16.185370 +0000 build-fedora4: pkgs/dom0-fc25/noarch/qubes-manager-4.0.41-1.fc25.noarch.rpm:
2020-01-31 19:33:16.190971 +0000 build-fedora4: Makefile:812: target 'internal-update-repo-current-testing.dom0.fc25.manager' does not exist
2020-01-31 19:33:16.191007 +0000 build-fedora4: repo_base_var="LINUX_REPO_fc25_BASEDIR"; \
2020-01-31 19:33:16.191021 +0000 build-fedora4: if [ "manager" = linux-template-builder ]; then \
2020-01-31 19:33:16.191034 +0000 build-fedora4: .# templates belongs to dom0 repository, even though PACKAGE_SET=vm
2020-01-31 19:33:16.191043 +0000 build-fedora4: repo_base_var="LINUX_REPO_fc25_BASEDIR"; \
2020-01-31 19:33:16.191051 +0000 build-fedora4: fi; \
2020-01-31 19:33:16.191060 +0000 build-fedora4: if [ -n "${!repo_base_var}" ]; then \
2020-01-31 19:33:16.191069 +0000 build-fedora4: .repo_basedir="${!repo_base_var}"; \
2020-01-31 19:33:16.191076 +0000 build-fedora4: else \
2020-01-31 19:33:16.191096 +0000 build-fedora4: .repo_basedir="qubes-src/linux-yum/r4.0"; \
2020-01-31 19:33:16.191104 +0000 build-fedora4: fi; \
2020-01-31 19:33:16.191113 +0000 build-fedora4: if [ -r qubes-src/manager/Makefile.builder ]; then \
2020-01-31 19:33:16.191122 +0000 build-fedora4: .echo -n "Updating qubes-src/manager... "; \
2020-01-31 19:33:16.191130 +0000 build-fedora4: .if [ "0" -eq 1 ]; then \
2020-01-31 19:33:16.191139 +0000 build-fedora4: ..vtag=`git -C qubes-src/manager tag --points-at HEAD --list v*`; \
2020-01-31 19:33:16.191147 +0000 build-fedora4: ..if [ -z "$vtag" ]; then \
2020-01-31 19:33:16.191156 +0000 build-fedora4: ...echo "no version tag"; \
2020-01-31 19:33:16.191163 +0000 build-fedora4: ...exit 0; \
2020-01-31 19:33:16.191170 +0000 build-fedora4: ..fi; \
2020-01-31 19:33:16.191177 +0000 build-fedora4: .fi; \
2020-01-31 19:33:16.191186 +0000 build-fedora4: .if [ "manager" = linux-template-builder ]; then
2020-01-31 19:33:16.191197 +0000 build-fedora4: export TEMPLATE_NAME=$(MAKEFLAGS= make -s -C qubes-src/linux-template-builder DIST=fc25 template-name)
2020-01-31 19:33:16.191204 +0000 build-fedora4: fi
2020-01-31 19:33:16.191223 +0000 build-fedora4: component_packages=$(MAKEFLAGS= make -s -f Makefile.generic DIST=fc25 PACKAGE_SET=dom0 COMPONENT=`basename qubes-src/manager` UPDATE_REPO=/home/user/builder-r4.0-dom0/$repo_basedir/current-testing/dom0/fc25 get-var GET_VAR=PACKAGE_LIST); \
2020-01-31 19:33:16.191234 +0000 build-fedora4: .if [ -z "$component_packages" ]; then \
2020-01-31 19:33:16.191242 +0000 build-fedora4: ..echo "no packages."; \
2020-01-31 19:33:16.191249 +0000 build-fedora4: ..exit 0; \
2020-01-31 19:33:16.191256 +0000 build-fedora4: .fi; \
2020-01-31 19:33:16.191265 +0000 build-fedora4: .make -s -f Makefile.generic DIST=fc25 PACKAGE_SET=dom0 \
2020-01-31 19:33:16.191273 +0000 build-fedora4: ..COMPONENT=`basename qubes-src/manager` \
2020-01-31 19:33:16.191281 +0000 build-fedora4: ..SNAPSHOT_REPO=current-testing \
2020-01-31 19:33:16.191289 +0000 build-fedora4: ..TARGET_REPO=current-testing \
2020-01-31 19:33:16.191300 +0000 build-fedora4: ..UPDATE_REPO=/home/user/builder-r4.0-dom0/$repo_basedir/current-testing/dom0/fc25 \
2020-01-31 19:33:16.191313 +0000 build-fedora4: ..SNAPSHOT_FILE=/home/user/builder-r4.0-dom0/repo-latest-snapshot/current-testing-dom0-fc25-`basename qubes-src/manager` \
2020-01-31 19:33:16.191325 +0000 build-fedora4: ..BUILD_LOG_URL=https://github.com/QubesOS/build-logs/tree/master/build-fedora4/log_2020-01-31_19-32-28 \
2020-01-31 19:33:16.191333 +0000 build-fedora4: ..update-repo || exit 1; \
2020-01-31 19:33:16.191343 +0000 build-fedora4: elif make -C qubes-src/manager -n update-repo-current-testing >/dev/null 2>/dev/null; then \
2020-01-31 19:33:16.191352 +0000 build-fedora4: .echo "Updating qubes-src/manager... "; \
2020-01-31 19:33:16.191362 +0000 build-fedora4: .DIST=fc25 UPDATE_REPO=/home/user/builder-r4.0-dom0/$repo_basedir/current-testing/dom0/fc25 \
2020-01-31 19:33:16.191372 +0000 build-fedora4: .make -s -C qubes-src/manager update-repo-current-testing || exit 1; \
2020-01-31 19:33:16.191379 +0000 build-fedora4: else \
2020-01-31 19:33:16.191388 +0000 build-fedora4: .echo -n "Updating qubes-src/manager... skipping."; \
2020-01-31 19:33:16.191395 +0000 build-fedora4: fi; \
2020-01-31 19:33:16.191401 +0000 build-fedora4: echo
2020-01-31 19:33:16.211820 +0000 build-fedora4: Updating qubes-src/manager... + ERR_OUTPUT=/dev/stderr
2020-01-31 19:33:16.211856 +0000 build-fedora4: + '[' 2 -lt 2 ']'
2020-01-31 19:33:16.214351 +0000 build-fedora4: ++ basename qubes-src/manager/rpm_spec/qmgr.spec.in
2020-01-31 19:33:16.217405 +0000 build-fedora4: + [[ xqmgr.spec.in == \x\.\i\n ]]
2020-01-31 19:33:16.217442 +0000 build-fedora4: + '[' -r qubes-src/manager/rpm_spec/qmgr.spec.in ']'
2020-01-31 19:33:16.217454 +0000 build-fedora4: ++ mktemp --tmpdir tmp.XXXXXX.spec
2020-01-31 19:33:16.218617 +0000 build-fedora4: + tmp_spec=/tmp/tmp.iPqWi4.spec
2020-01-31 19:33:16.220834 +0000 build-fedora4: ++ dirname /home/user/builder-r4.0-dom0/qubes-src/builder-rpm/scripts/query-spec
2020-01-31 19:33:16.220884 +0000 build-fedora4: + /home/user/builder-r4.0-dom0/qubes-src/builder-rpm/scripts/generate-spec qubes-src/manager/rpm_spec/qmgr.spec.in /tmp/tmp.iPqWi4.spec
2020-01-31 19:33:16.224669 +0000 build-fedora4: + '[' 2 -lt 2 ']'
2020-01-31 19:33:16.224702 +0000 build-fedora4: + '[' -z qubes-src/manager ']'
2020-01-31 19:33:16.224716 +0000 build-fedora4: + cp qubes-src/manager/rpm_spec/qmgr.spec.in qubes-src/manager/rpm_spec/qmgr.spec.in.tmp
2020-01-31 19:33:16.234548 +0000 build-fedora4: + read -r ver
2020-01-31 19:33:16.234581 +0000 build-fedora4: + '[' x = x ']'
2020-01-31 19:33:16.234596 +0000 build-fedora4: + sed -i 's|@VERSION@|4.0.41|g' qubes-src/manager/rpm_spec/qmgr.spec.in.tmp
2020-01-31 19:33:16.239414 +0000 build-fedora4: + vnum=1
2020-01-31 19:33:16.239447 +0000 build-fedora4: + read -r ver
2020-01-31 19:33:16.239459 +0000 build-fedora4: + '[' -e qubes-src/manager/rel ']'
2020-01-31 19:33:16.239471 +0000 build-fedora4: + grep -q @REL@ qubes-src/manager/rpm_spec/qmgr.spec.in.tmp
2020-01-31 19:33:16.242833 +0000 build-fedora4: + sed -i -e s:@BACKEND_VMM@:xen:g qubes-src/manager/rpm_spec/qmgr.spec.in.tmp
2020-01-31 19:33:16.246828 +0000 build-fedora4: + grep -q @CHANGELOG@ qubes-src/manager/rpm_spec/qmgr.spec.in.tmp
2020-01-31 19:33:16.248912 +0000 build-fedora4: ++ dirname /home/user/builder-r4.0-dom0/qubes-src/builder-rpm/scripts/generate-spec
2020-01-31 19:33:16.256002 +0000 build-fedora4: + /home/user/builder-r4.0-dom0/qubes-src/builder-rpm/scripts/generate-changelog qubes-src/manager qubes-src/manager/rpm_spec/qmgr.spec.in.tmp
2020-01-31 19:33:16.919910 +0000 build-fedora4: + cat qubes-src/manager/rpm_spec/qmgr.spec.in.tmp
2020-01-31 19:33:16.922163 +0000 build-fedora4: + rm -rf qubes-src/manager/rpm_spec/qmgr.spec.in.tmp
2020-01-31 19:33:16.974850 +0000 build-fedora4: + '[' '%{SOURCE0}' = '%{SOURCE0}' ']'
2020-01-31 19:33:16.977126 +0000 build-fedora4: ++ dirname /home/user/builder-r4.0-dom0/qubes-src/builder-rpm/scripts/query-spec
2020-01-31 19:33:16.977168 +0000 build-fedora4: + /home/user/builder-r4.0-dom0/qubes-src/builder-rpm/scripts/../tools/spectool --list-files --source 0 /tmp/tmp.iPqWi4.spec
2020-01-31 19:33:17.070132 +0000 build-fedora4: + rm -f /tmp/tmp.iPqWi4.spec
2020-01-31 19:33:17.107683 +0000 build-fedora4: + ERR_OUTPUT=/dev/stderr
2020-01-31 19:33:17.107721 +0000 build-fedora4: + '[' 2 -lt 2 ']'
2020-01-31 19:33:17.107735 +0000 build-fedora4: ++ basename qubes-src/manager/rpm_spec/qmgr.spec.in
2020-01-31 19:33:17.111938 +0000 build-fedora4: + [[ xqmgr.spec.in == \x\.\i\n ]]
2020-01-31 19:33:17.111978 +0000 build-fedora4: + '[' -r qubes-src/manager/rpm_spec/qmgr.spec.in ']'
2020-01-31 19:33:17.113366 +0000 build-fedora4: ++ mktemp --tmpdir tmp.XXXXXX.spec
2020-01-31 19:33:17.113400 +0000 build-fedora4: + tmp_spec=/tmp/tmp.qaa0gI.spec
2020-01-31 19:33:17.116115 +0000 build-fedora4: ++ dirname /home/user/builder-r4.0-dom0/qubes-src/builder-rpm/scripts/query-spec
2020-01-31 19:33:17.116154 +0000 build-fedora4: + /home/user/builder-r4.0-dom0/qubes-src/builder-rpm/scripts/generate-spec qubes-src/manager/rpm_spec/qmgr.spec.in /tmp/tmp.qaa0gI.spec
2020-01-31 19:33:17.122088 +0000 build-fedora4: + '[' 2 -lt 2 ']'
2020-01-31 19:33:17.122126 +0000 build-fedora4: + '[' -z qubes-src/manager ']'
2020-01-31 19:33:17.122141 +0000 build-fedora4: + cp qubes-src/manager/rpm_spec/qmgr.spec.in qubes-src/manager/rpm_spec/qmgr.spec.in.tmp
2020-01-31 19:33:17.124404 +0000 build-fedora4: + read -r ver
2020-01-31 19:33:17.124436 +0000 build-fedora4: + '[' x = x ']'
2020-01-31 19:33:17.124451 +0000 build-fedora4: + sed -i 's|@VERSION@|4.0.41|g' qubes-src/manager/rpm_spec/qmgr.spec.in.tmp
2020-01-31 19:33:17.131788 +0000 build-fedora4: + vnum=1
2020-01-31 19:33:17.131821 +0000 build-fedora4: + read -r ver
2020-01-31 19:33:17.131834 +0000 build-fedora4: + '[' -e qubes-src/manager/rel ']'
2020-01-31 19:33:17.131867 +0000 build-fedora4: + grep -q @REL@ qubes-src/manager/rpm_spec/qmgr.spec.in.tmp
2020-01-31 19:33:17.135237 +0000 build-fedora4: + sed -i -e s:@BACKEND_VMM@:xen:g qubes-src/manager/rpm_spec/qmgr.spec.in.tmp
2020-01-31 19:33:17.140139 +0000 build-fedora4: + grep -q @CHANGELOG@ qubes-src/manager/rpm_spec/qmgr.spec.in.tmp
2020-01-31 19:33:17.146399 +0000 build-fedora4: ++ dirname /home/user/builder-r4.0-dom0/qubes-src/builder-rpm/scripts/generate-spec
2020-01-31 19:33:17.153757 +0000 build-fedora4: + /home/user/builder-r4.0-dom0/qubes-src/builder-rpm/scripts/generate-changelog qubes-src/manager qubes-src/manager/rpm_spec/qmgr.spec.in.tmp
2020-01-31 19:33:17.861597 +0000 build-fedora4: + cat qubes-src/manager/rpm_spec/qmgr.spec.in.tmp
2020-01-31 19:33:17.862064 +0000 build-fedora4: + rm -rf qubes-src/manager/rpm_spec/qmgr.spec.in.tmp
2020-01-31 19:33:17.879757 +0000 build-fedora4: + '[' '%{SOURCE0}' = '%{SOURCE0}' ']'
2020-01-31 19:33:17.884005 +0000 build-fedora4: ++ dirname /home/user/builder-r4.0-dom0/qubes-src/builder-rpm/scripts/query-spec
2020-01-31 19:33:17.884045 +0000 build-fedora4: + /home/user/builder-r4.0-dom0/qubes-src/builder-rpm/scripts/../tools/spectool --list-files --source 0 /tmp/tmp.qaa0gI.spec
2020-01-31 19:33:18.013339 +0000 build-fedora4: + rm -f /tmp/tmp.qaa0gI.spec
2020-01-31 19:33:18.058872 +0000 build-fedora4: + ERR_OUTPUT=/dev/stderr
2020-01-31 19:33:18.058910 +0000 build-fedora4: + '[' 2 -lt 2 ']'
2020-01-31 19:33:18.058954 +0000 build-fedora4: ++ basename qubes-src/manager/rpm_spec/qmgr.spec.in
2020-01-31 19:33:18.063295 +0000 build-fedora4: + [[ xqmgr.spec.in == \x\.\i\n ]]
2020-01-31 19:33:18.063332 +0000 build-fedora4: + '[' -r qubes-src/manager/rpm_spec/qmgr.spec.in ']'
2020-01-31 19:33:18.063345 +0000 build-fedora4: ++ mktemp --tmpdir tmp.XXXXXX.spec
2020-01-31 19:33:18.065518 +0000 build-fedora4: + tmp_spec=/tmp/tmp.51ds3q.spec
2020-01-31 19:33:18.065554 +0000 build-fedora4: ++ dirname /home/user/builder-r4.0-dom0/qubes-src/builder-rpm/scripts/query-spec
2020-01-31 19:33:18.071012 +0000 build-fedora4: + /home/user/builder-r4.0-dom0/qubes-src/builder-rpm/scripts/generate-spec qubes-src/manager/rpm_spec/qmgr.spec.in /tmp/tmp.51ds3q.spec
2020-01-31 19:33:18.072653 +0000 build-fedora4: + '[' 2 -lt 2 ']'
2020-01-31 19:33:18.072687 +0000 build-fedora4: + '[' -z qubes-src/manager ']'
2020-01-31 19:33:18.072701 +0000 build-fedora4: + cp qubes-src/manager/rpm_spec/qmgr.spec.in qubes-src/manager/rpm_spec/qmgr.spec.in.tmp
2020-01-31 19:33:18.074398 +0000 build-fedora4: + read -r ver
2020-01-31 19:33:18.074431 +0000 build-fedora4: + '[' x = x ']'
2020-01-31 19:33:18.074446 +0000 build-fedora4: + sed -i 's|@VERSION@|4.0.41|g' qubes-src/manager/rpm_spec/qmgr.spec.in.tmp
2020-01-31 19:33:18.078946 +0000 build-fedora4: + vnum=1
2020-01-31 19:33:18.078982 +0000 build-fedora4: + read -r ver
2020-01-31 19:33:18.078995 +0000 build-fedora4: + '[' -e qubes-src/manager/rel ']'
2020-01-31 19:33:18.079007 +0000 build-fedora4: + grep -q @REL@ qubes-src/manager/rpm_spec/qmgr.spec.in.tmp
2020-01-31 19:33:18.083362 +0000 build-fedora4: + sed -i -e s:@BACKEND_VMM@:xen:g qubes-src/manager/rpm_spec/qmgr.spec.in.tmp
