2017-03-27 12:21:39.432269 +0000 > starting log
2017-03-27 12:21:39.433992 +0000 build-debian3: > starting build with log
2017-03-27 12:21:39.434025 +0000 build-debian3: >> make args: update-repo-current
2017-03-27 12:21:39.434044 +0000 build-debian3: >> MAKEFLAGS=
2017-03-27 12:21:39.434059 +0000 build-debian3: >> COMPONENTS=core-agent-linux
2017-03-27 12:21:39.434072 +0000 build-debian3: >> DISTS_VM=
2017-03-27 12:21:39.434083 +0000 build-debian3: >> DIST_DOM0=
2017-03-27 12:21:39.434097 +0000 build-debian3: >> qubes-builder 2548dc6d3d44cd04d121643b5f3c7dcc28650776
2017-03-27 12:21:39.434112 +0000 build-debian3: >> qubes-builder/qubes-src/core-agent-linux 550b8f2dcdf33c082a09db872c1d939789a546b9
2017-03-27 12:21:39.434128 +0000 build-debian3: ================================================================================
2017-03-27 12:21:39.434143 +0000 build-debian3:                            B U I L D   I N F O                                  
2017-03-27 12:21:39.434158 +0000 build-debian3: Items in red indicate it was automatically generated by configuration file(s)
2017-03-27 12:21:39.434172 +0000 build-debian3: Items in white indicate it was automatically removed by configuration file(s)
2017-03-27 12:21:39.434187 +0000 build-debian3: ================================================================================
2017-03-27 12:21:39.434198 +0000 build-debian3: DISTS_VM:
2017-03-27 12:21:39.434210 +0000 build-debian3:      jessie+standard, stretch, jessie
2017-03-27 12:21:39.434221 +0000 build-debian3: DISTS_ALL:
2017-03-27 12:21:39.434233 +0000 build-debian3:      jessie, stretch,
2017-03-27 12:21:39.434244 +0000 build-debian3: DIST_DOM0:
2017-03-27 12:21:39.434254 +0000 build-debian3:     
2017-03-27 12:21:39.434265 +0000 build-debian3: BUILDER_PLUGINS:
2017-03-27 12:21:39.434277 +0000 build-debian3:      builder-debian, mgmt-salt, builder-github,
2017-03-27 12:21:39.434288 +0000 build-debian3: COMPONENTS:
2017-03-27 12:21:39.434299 +0000 build-debian3:      core-agent-linux,
2017-03-27 12:21:39.434310 +0000 build-debian3: GIT_REPOS:
2017-03-27 12:21:39.434321 +0000 build-debian3:      qubes-src/core-agent-linux,
2017-03-27 12:21:39.434331 +0000 build-debian3: TEMPLATE:
2017-03-27 12:21:39.434341 +0000 build-debian3:     
2017-03-27 12:21:39.434352 +0000 build-debian3: TEMPLATE_FLAVOR_DIR:
2017-03-27 12:21:39.434362 +0000 build-debian3:     
2017-03-27 12:21:39.434372 +0000 build-debian3: TEMPLATE_ALIAS:
2017-03-27 12:21:39.434388 +0000 build-debian3:      wheezy:wheezy+standard, wheezy+gnome:wheezy+gnome+standard, wheezy+minimal:wheezy+minimal+no-recommends,
2017-03-27 12:21:39.434405 +0000 build-debian3:      jessie:jessie+standard, jessie+gnome:jessie+gnome+standard, jessie+minimal:jessie+minimal+no-recommends,
2017-03-27 12:21:39.434416 +0000 build-debian3: TEMPLATE_LABEL:
2017-03-27 12:21:39.434431 +0000 build-debian3:      jessie+standard:debian-8, jessie+standard:jessie, fc20:fedora-20 fc21:fedora-21 fc22:fedora-22
2017-03-27 12:21:39.434448 +0000 build-debian3:      fc23:fedora-23 fc20+minimal:fedora-20-minimal fc21+minimal:fedora-21-minimal fc23+minimal:fedora-23-minimal
2017-03-27 12:21:39.434462 +0000 build-debian3:      wheezy:debian-7 wheezy+standard:debian-7 jessie:debian-8
2017-03-27 12:21:39.434473 +0000 build-debian3: > running make
2017-03-27 12:21:39.434487 +0000 build-debian3: Makefile:699: target 'internal-update-repo-current.vm.jessie.core-agent-linux' does not exist
2017-03-27 12:21:39.434500 +0000 build-debian3: repo_base_var="LINUX_REPO_jessie_BASEDIR"; \
2017-03-27 12:21:39.434512 +0000 build-debian3: if [ -n "${!repo_base_var}" ]; then \
2017-03-27 12:21:39.434525 +0000 build-debian3: .repo_basedir="${!repo_base_var}"; \
2017-03-27 12:21:39.434535 +0000 build-debian3: else \
2017-03-27 12:21:39.434547 +0000 build-debian3: .repo_basedir="qubes-src/linux-deb/r3.1"; \
2017-03-27 12:21:39.434558 +0000 build-debian3: fi; \
2017-03-27 12:21:39.434570 +0000 build-debian3: if [ -r qubes-src/core-agent-linux/Makefile.builder ]; then \
2017-03-27 12:21:39.434583 +0000 build-debian3: .echo -n "Updating qubes-src/core-agent-linux... "; \
2017-03-27 12:21:39.434604 +0000 build-debian3: .if [ "0" -eq 1 ]; then \
2017-03-27 12:21:39.434619 +0000 build-debian3: ..vtag=`git -C qubes-src/core-agent-linux tag --points-at HEAD --list v*`; \
2017-03-27 12:21:39.434631 +0000 build-debian3: ..if [ -z "$vtag" ]; then \
2017-03-27 12:21:39.434656 +0000 build-debian3: ...echo "no version tag"; \
2017-03-27 12:21:39.434667 +0000 build-debian3: ...exit 0; \
2017-03-27 12:21:39.434678 +0000 build-debian3: ..fi; \
2017-03-27 12:21:39.434688 +0000 build-debian3: .fi; \
2017-03-27 12:21:39.434712 +0000 build-debian3: .component_packages=$(MAKEFLAGS= make -s -f Makefile.generic DIST=jessie PACKAGE_SET=vm COMPONENT=`basename qubes-src/core-agent-linux` UPDATE_REPO=/home/user/builder-r3.1/$repo_basedir/current/vm/jessie get-var GET_VAR=PACKAGE_LIST); \
2017-03-27 12:21:39.434725 +0000 build-debian3: .if [ -z "$component_packages" ]; then \
2017-03-27 12:21:39.434737 +0000 build-debian3: ..echo "no packages."; \
2017-03-27 12:21:39.434748 +0000 build-debian3: ..exit 0; \
2017-03-27 12:21:39.434758 +0000 build-debian3: .fi; \
2017-03-27 12:21:39.434771 +0000 build-debian3: .make -s -f Makefile.generic DIST=jessie PACKAGE_SET=vm \
2017-03-27 12:21:39.434784 +0000 build-debian3: ..COMPONENT=`basename qubes-src/core-agent-linux` \
2017-03-27 12:21:39.434796 +0000 build-debian3: ..SNAPSHOT_REPO=current-testing \
2017-03-27 12:21:39.434808 +0000 build-debian3: ..TARGET_REPO=current \
2017-03-27 12:21:39.434821 +0000 build-debian3: ..UPDATE_REPO=/home/user/builder-r3.1/$repo_basedir/current/vm/jessie \
2017-03-27 12:21:39.434839 +0000 build-debian3: ..SNAPSHOT_FILE=/home/user/builder-r3.1/repo-latest-snapshot/current-testing-vm-jessie-`basename qubes-src/core-agent-linux` \
2017-03-27 12:21:39.434850 +0000 build-debian3: ..BUILD_LOG_URL= \
2017-03-27 12:21:39.434862 +0000 build-debian3: ..update-repo-from-snapshot || exit 1; \
2017-03-27 12:21:39.434877 +0000 build-debian3: elif make -C qubes-src/core-agent-linux -n update-repo-current >/dev/null 2>/dev/null; then \
2017-03-27 12:21:39.434890 +0000 build-debian3: .echo "Updating qubes-src/core-agent-linux... "; \
2017-03-27 12:21:39.434904 +0000 build-debian3: .make -s -C qubes-src/core-agent-linux update-repo-current || exit 1; \
2017-03-27 12:21:39.434914 +0000 build-debian3: else \
2017-03-27 12:21:39.434927 +0000 build-debian3: .echo -n "Updating qubes-src/core-agent-linux... skipping."; \
2017-03-27 12:21:39.434937 +0000 build-debian3: fi; \
2017-03-27 12:21:39.434947 +0000 build-debian3: echo
2017-03-27 12:21:39.492261 +0000 build-debian3: Updating qubes-src/core-agent-linux... Makefile.generic:179: target 'update-repo-date-check' does not exist
2017-03-27 12:21:39.492317 +0000 build-debian3: if ! [ -r /home/user/builder-r3.1/repo-latest-snapshot/current-testing-vm-jessie-core-agent-linux ]; then \
2017-03-27 12:21:39.492340 +0000 build-debian3: .echo "`tput bold`*** Packages weren't uploaded to current-testing! ***`tput sgr0`"; \
2017-03-27 12:21:39.492353 +0000 build-debian3: .exit 1; \
2017-03-27 12:21:39.492366 +0000 build-debian3: fi
2017-03-27 12:21:39.495167 +0000 build-debian3: cat: /home/user/builder-r3.1/repo-latest-snapshot/current-testing-vm-jessie-core-agent-linux: No such file or directory
2017-03-27 12:21:39.498247 +0000 build-debian3: cat: /home/user/builder-r3.1/repo-latest-snapshot/current-testing-vm-jessie-core-agent-linux: No such file or directory
2017-03-27 12:21:39.501260 +0000 build-debian3: cat: /home/user/builder-r3.1/repo-latest-snapshot/current-testing-vm-jessie-core-agent-linux: No such file or directory
2017-03-27 12:21:39.549316 +0000 build-debian3: cat: /home/user/builder-r3.1/repo-latest-snapshot/current-testing-vm-jessie-core-agent-linux: No such file or directory
2017-03-27 12:21:39.552490 +0000 build-debian3: cat: /home/user/builder-r3.1/repo-latest-snapshot/current-testing-vm-jessie-core-agent-linux: No such file or directory
2017-03-27 12:21:39.556067 +0000 build-debian3: tput: No value for $TERM and no -T specified
2017-03-27 12:21:39.557864 +0000 build-debian3: tput: No value for $TERM and no -T specified
2017-03-27 12:21:39.558299 +0000 build-debian3: *** Packages weren't uploaded to current-testing! ***
2017-03-27 12:21:39.558550 +0000 build-debian3: Makefile.generic:179: recipe for target 'update-repo-date-check' failed
2017-03-27 12:21:39.558573 +0000 build-debian3: make[1]: *** [update-repo-date-check] Error 1
2017-03-27 12:21:39.559297 +0000 build-debian3: Makefile:699: recipe for target 'internal-update-repo-current.vm.jessie.core-agent-linux' failed
2017-03-27 12:21:39.559321 +0000 build-debian3: make: *** [internal-update-repo-current.vm.jessie.core-agent-linux] Error 1
2017-03-27 12:21:39.559977 +0000 > closing log
