2017-03-27 12:20:42.185824 +0000 > starting log
2017-03-27 12:20:42.187691 +0000 build-debian3: > starting build with log
2017-03-27 12:20:42.187726 +0000 build-debian3: >> make args: update-repo-current
2017-03-27 12:20:42.187743 +0000 build-debian3: >> MAKEFLAGS=
2017-03-27 12:20:42.187763 +0000 build-debian3: >> COMPONENTS=gui-agent-linux
2017-03-27 12:20:42.187776 +0000 build-debian3: >> DISTS_VM=
2017-03-27 12:20:42.187793 +0000 build-debian3: >> DIST_DOM0=
2017-03-27 12:20:42.187808 +0000 build-debian3: >> qubes-builder 2548dc6d3d44cd04d121643b5f3c7dcc28650776
2017-03-27 12:20:42.187830 +0000 build-debian3: >> qubes-builder/qubes-src/gui-agent-linux 8ab665b59d9501394801cd721602caaf02b1dc9f
2017-03-27 12:20:42.283626 +0000 build-debian3: ================================================================================
2017-03-27 12:20:42.283687 +0000 build-debian3:                            B U I L D   I N F O                                  
2017-03-27 12:20:42.283707 +0000 build-debian3: Items in red indicate it was automatically generated by configuration file(s)
2017-03-27 12:20:42.283723 +0000 build-debian3: Items in white indicate it was automatically removed by configuration file(s)
2017-03-27 12:20:42.283737 +0000 build-debian3: ================================================================================
2017-03-27 12:20:42.283755 +0000 build-debian3: DISTS_VM:
2017-03-27 12:20:42.286856 +0000 build-debian3:      jessie+standard, stretch, jessie
2017-03-27 12:20:42.287099 +0000 build-debian3: DISTS_ALL:
2017-03-27 12:20:42.290987 +0000 build-debian3:      jessie, stretch,
2017-03-27 12:20:42.291315 +0000 build-debian3: DIST_DOM0:
2017-03-27 12:20:42.294300 +0000 build-debian3:     
2017-03-27 12:20:42.294542 +0000 build-debian3: BUILDER_PLUGINS:
2017-03-27 12:20:42.298491 +0000 build-debian3:      builder-debian, mgmt-salt, builder-github,
2017-03-27 12:20:42.298651 +0000 build-debian3: COMPONENTS:
2017-03-27 12:20:42.301979 +0000 build-debian3:      gui-agent-linux,
2017-03-27 12:20:42.302253 +0000 build-debian3: GIT_REPOS:
2017-03-27 12:20:42.304566 +0000 build-debian3:      qubes-src/gui-agent-linux,
2017-03-27 12:20:42.304801 +0000 build-debian3: TEMPLATE:
2017-03-27 12:20:42.307253 +0000 build-debian3:     
2017-03-27 12:20:42.307671 +0000 build-debian3: TEMPLATE_FLAVOR_DIR:
2017-03-27 12:20:42.309957 +0000 build-debian3:     
2017-03-27 12:20:42.310162 +0000 build-debian3: TEMPLATE_ALIAS:
2017-03-27 12:20:42.312427 +0000 build-debian3:      wheezy:wheezy+standard, wheezy+gnome:wheezy+gnome+standard, wheezy+minimal:wheezy+minimal+no-recommends,
2017-03-27 12:20:42.312475 +0000 build-debian3:      jessie:jessie+standard, jessie+gnome:jessie+gnome+standard, jessie+minimal:jessie+minimal+no-recommends,
2017-03-27 12:20:42.312726 +0000 build-debian3: TEMPLATE_LABEL:
2017-03-27 12:20:42.315006 +0000 build-debian3:      jessie+standard:debian-8, jessie+standard:jessie, fc20:fedora-20 fc21:fedora-21 fc22:fedora-22
2017-03-27 12:20:42.315052 +0000 build-debian3:      fc23:fedora-23 fc20+minimal:fedora-20-minimal fc21+minimal:fedora-21-minimal fc23+minimal:fedora-23-minimal
2017-03-27 12:20:42.315070 +0000 build-debian3:      wheezy:debian-7 wheezy+standard:debian-7 jessie:debian-8
2017-03-27 12:20:42.315952 +0000 build-debian3: > running make
2017-03-27 12:20:42.333800 +0000 build-debian3: Makefile:699: target 'internal-update-repo-current.vm.jessie.gui-agent-linux' does not exist
2017-03-27 12:20:42.333858 +0000 build-debian3: repo_base_var="LINUX_REPO_jessie_BASEDIR"; \
2017-03-27 12:20:42.333883 +0000 build-debian3: if [ -n "${!repo_base_var}" ]; then \
2017-03-27 12:20:42.333906 +0000 build-debian3: .repo_basedir="${!repo_base_var}"; \
2017-03-27 12:20:42.333925 +0000 build-debian3: else \
2017-03-27 12:20:42.333948 +0000 build-debian3: .repo_basedir="qubes-src/linux-deb/r3.1"; \
2017-03-27 12:20:42.333967 +0000 build-debian3: fi; \
2017-03-27 12:20:42.333993 +0000 build-debian3: if [ -r qubes-src/gui-agent-linux/Makefile.builder ]; then \
2017-03-27 12:20:42.334017 +0000 build-debian3: .echo -n "Updating qubes-src/gui-agent-linux... "; \
2017-03-27 12:20:42.334053 +0000 build-debian3: .if [ "0" -eq 1 ]; then \
2017-03-27 12:20:42.334080 +0000 build-debian3: ..vtag=`git -C qubes-src/gui-agent-linux tag --points-at HEAD --list v*`; \
2017-03-27 12:20:42.334102 +0000 build-debian3: ..if [ -z "$vtag" ]; then \
2017-03-27 12:20:42.334123 +0000 build-debian3: ...echo "no version tag"; \
2017-03-27 12:20:42.334142 +0000 build-debian3: ...exit 0; \
2017-03-27 12:20:42.334161 +0000 build-debian3: ..fi; \
2017-03-27 12:20:42.334179 +0000 build-debian3: .fi; \
2017-03-27 12:20:42.334230 +0000 build-debian3: .component_packages=$(MAKEFLAGS= make -s -f Makefile.generic DIST=jessie PACKAGE_SET=vm COMPONENT=`basename qubes-src/gui-agent-linux` UPDATE_REPO=/home/user/builder-r3.1/$repo_basedir/current/vm/jessie get-var GET_VAR=PACKAGE_LIST); \
2017-03-27 12:20:42.334255 +0000 build-debian3: .if [ -z "$component_packages" ]; then \
2017-03-27 12:20:42.334276 +0000 build-debian3: ..echo "no packages."; \
2017-03-27 12:20:42.334297 +0000 build-debian3: ..exit 0; \
2017-03-27 12:20:42.334318 +0000 build-debian3: .fi; \
2017-03-27 12:20:42.334343 +0000 build-debian3: .make -s -f Makefile.generic DIST=jessie PACKAGE_SET=vm \
2017-03-27 12:20:42.334361 +0000 build-debian3: ..COMPONENT=`basename qubes-src/gui-agent-linux` \
2017-03-27 12:20:42.334375 +0000 build-debian3: ..SNAPSHOT_REPO=current-testing \
2017-03-27 12:20:42.334387 +0000 build-debian3: ..TARGET_REPO=current \
2017-03-27 12:20:42.334401 +0000 build-debian3: ..UPDATE_REPO=/home/user/builder-r3.1/$repo_basedir/current/vm/jessie \
2017-03-27 12:20:42.334417 +0000 build-debian3: ..SNAPSHOT_FILE=/home/user/builder-r3.1/repo-latest-snapshot/current-testing-vm-jessie-`basename qubes-src/gui-agent-linux` \
2017-03-27 12:20:42.334433 +0000 build-debian3: ..BUILD_LOG_URL= \
2017-03-27 12:20:42.334457 +0000 build-debian3: ..update-repo-from-snapshot || exit 1; \
2017-03-27 12:20:42.334486 +0000 build-debian3: elif make -C qubes-src/gui-agent-linux -n update-repo-current >/dev/null 2>/dev/null; then \
2017-03-27 12:20:42.334512 +0000 build-debian3: .echo "Updating qubes-src/gui-agent-linux... "; \
2017-03-27 12:20:42.334538 +0000 build-debian3: .make -s -C qubes-src/gui-agent-linux update-repo-current || exit 1; \
2017-03-27 12:20:42.334556 +0000 build-debian3: else \
2017-03-27 12:20:42.334580 +0000 build-debian3: .echo -n "Updating qubes-src/gui-agent-linux... skipping."; \
2017-03-27 12:20:42.334598 +0000 build-debian3: fi; \
2017-03-27 12:20:42.334616 +0000 build-debian3: echo
2017-03-27 12:20:42.398563 +0000 build-debian3: Updating qubes-src/gui-agent-linux... Makefile.generic:179: target 'update-repo-date-check' does not exist
2017-03-27 12:20:42.398629 +0000 build-debian3: if ! [ -r /home/user/builder-r3.1/repo-latest-snapshot/current-testing-vm-jessie-gui-agent-linux ]; then \
2017-03-27 12:20:42.398681 +0000 build-debian3: .echo "`tput bold`*** Packages weren't uploaded to current-testing! ***`tput sgr0`"; \
2017-03-27 12:20:42.398703 +0000 build-debian3: .exit 1; \
2017-03-27 12:20:42.398722 +0000 build-debian3: fi
2017-03-27 12:20:42.401658 +0000 build-debian3: cat: /home/user/builder-r3.1/repo-latest-snapshot/current-testing-vm-jessie-gui-agent-linux: No such file or directory
2017-03-27 12:20:42.404839 +0000 build-debian3: cat: /home/user/builder-r3.1/repo-latest-snapshot/current-testing-vm-jessie-gui-agent-linux: No such file or directory
2017-03-27 12:20:42.407785 +0000 build-debian3: cat: /home/user/builder-r3.1/repo-latest-snapshot/current-testing-vm-jessie-gui-agent-linux: No such file or directory
2017-03-27 12:20:42.453314 +0000 build-debian3: cat: /home/user/builder-r3.1/repo-latest-snapshot/current-testing-vm-jessie-gui-agent-linux: No such file or directory
2017-03-27 12:20:42.456283 +0000 build-debian3: cat: /home/user/builder-r3.1/repo-latest-snapshot/current-testing-vm-jessie-gui-agent-linux: No such file or directory
2017-03-27 12:20:42.460494 +0000 build-debian3: tput: No value for $TERM and no -T specified
2017-03-27 12:20:42.462622 +0000 build-debian3: tput: No value for $TERM and no -T specified
2017-03-27 12:20:42.463073 +0000 build-debian3: *** Packages weren't uploaded to current-testing! ***
2017-03-27 12:20:42.463325 +0000 build-debian3: Makefile.generic:179: recipe for target 'update-repo-date-check' failed
2017-03-27 12:20:42.463345 +0000 build-debian3: make[1]: *** [update-repo-date-check] Error 1
2017-03-27 12:20:42.464062 +0000 build-debian3: Makefile:699: recipe for target 'internal-update-repo-current.vm.jessie.gui-agent-linux' failed
2017-03-27 12:20:42.464086 +0000 build-debian3: make: *** [internal-update-repo-current.vm.jessie.gui-agent-linux] Error 1
2017-03-27 12:20:42.464727 +0000 > closing log
